6.424405783300000277e-05 2.870951767050000002e-24 2.084047597959999968e-44 4.668739112179999817e-01 8.951608115880000482e-22 2.751594737320000039e-01 1.058792789359999980e-08 3.351796022179999775e-27 3.643098867870000340e-02 2.214713717260000103e-01
1.722784858460000043e-12 2.669765067789999780e-01 2.446009635889999922e-01 1.353402232900000062e-15 1.846199336159999871e-01 3.038025960149999816e-01 4.141887356209999875e-45 1.304528186270000012e-49 4.682443770869999853e-22 7.269972078299999774e-78
1.174860450229999959e-21 2.749414740559999813e-21 5.696855467630000197e-06 3.429062638170000124e-10 6.019050678509999530e-01 3.978261878920000272e-01 2.285271194519999882e-40 4.599867274710000244e-26 2.630470589490000095e-04 5.045477822699999908e-31
3.123545377420000099e-39 3.923057996089999886e-19 1.091473748270000048e-09 8.982350433530000298e-22 2.032986253129999830e-18 3.819372131109999846e-01 2.455223489959999814e-07 4.876784932759999774e-03 6.186247483739999720e-02 5.513232805050000129e-01
1.358706411149999960e-01 8.835176652210000178e-24 2.758318278510000221e-01 5.689780590999999703e-23 3.003913131420000160e-01 2.879062178919999937e-01 1.103060338759999923e-80 6.903791416530000315e-15 2.509418055429999812e-15 1.402902104379999879e-69
1.820941739839999907e-01 7.879122979260000288e-30 6.635490538160000402e-11 3.687305958750000112e-01 6.111713563779999994e-23 1.044920030849999986e-39 1.082045527049999983e-01 1.429797073149999961e-20 3.402874255050000185e-01 6.832518654020000148e-04
3.296596521550000204e-20 2.209897038250000187e-53 1.112927420520000053e-32 6.390240318380000053e-38 3.854753227709999938e-47 7.573378124740000649e-12 1.148294977560000080e-16 6.792066685419999869e-04 5.998406182040000312e-01 3.994801751200000028e-01
1.270368262929999980e-57 3.179060946860000117e-44 4.667083671219999785e-01 3.707263442520000011e-48 1.349813608199999921e-11 1.506603173530000062e-01 9.170113978000000162e-69 3.675181014659999876e-24 3.826313155109999919e-01 1.325832562690000086e-49
1.093023554730000009e-09 5.600568721799999978e-16 4.369579217510000113e-01 4.401124223730000229e-01 4.576746900550000136e-02 1.680610323569999966e-18 1.679915424519999874e-07 5.924196977990000312e-08 7.138901885640000500e-02 5.772939686740000305e-03
2.332568456340000096e-01 2.018357930389999855e-43 6.761073151959999888e-40 2.541958645449999849e-03 3.130221661730000000e-20 5.316376447710000006e-10 3.128610198079999909e-48 4.528537673410000283e-96 7.642011951889999821e-01 1.972310727160000127e-48
3.870496253490000038e-01 2.522870213289999879e-40 4.860520042099999993e-01 1.442958318270000085e-33 4.489197223170000167e-29 1.397500880350000048e-46 7.988765903999999895e-25 1.268983678629999889e-01 2.577091199100000000e-09 1.560719458289999999e-25
1.465465393499999942e-03 7.038647703000000136e-52 2.433842457769999912e-01 4.437111396820000270e-22 1.080657517350000064e-29 9.145884289519999321e-46 2.062845889780000137e-18 3.079590846440000140e-01 4.471912041860000020e-01 5.768093855969999850e-16
3.409835000560000017e-06 5.373578557989999793e-19 4.408261528910000226e-01 7.498277881720000104e-31 3.949015911359999614e-06 5.591664882579999718e-01 8.546966968209999836e-88 8.095136132330000635e-43 1.997342269119999951e-20 1.310508803709999930e-126
3.578754326299999821e-78 7.337738209130000300e-01 5.333717455640000150e-54 5.147460868220000143e-22 8.212302214830000289e-12 2.662261790789999805e-01 7.070385854890000330e-34 5.263124700999999619e-68 3.913610974770000117e-63 2.776943489399999845e-35
4.386765679790000094e-01 3.712753857730000062e-49 5.403475203850000019e-01 4.209005239040000257e-31 3.799528699560000306e-39 8.701092597739999424e-52 3.965094450179999789e-19 2.097584097740000028e-02 7.065860031719999753e-08 9.829931771880000022e-26
1.426109681359999958e-08 2.391972296109999944e-16 7.732597567049999528e-41 9.999999857360000188e-01 2.656537511839999981e-27 2.906585994809999950e-39 2.711593661589999801e-12 9.226595216910000238e-88 7.111617167020000051e-31 2.752626268000000013e-32
4.989340127309999580e-34 3.626144173409999902e-37 2.025965254570000080e-19 1.588637053160000096e-32 3.016663529350000178e-28 1.777534871010000017e-01 1.144093553829999933e-16 3.527550032499999766e-01 4.670355149589999755e-01 2.455994689800000078e-03
1.790835280570000076e-01 1.775685124459999986e-01 1.142996750809999999e-05 3.215710859059999760e-01 5.429313247159999779e-03 3.163319347899999912e-01 3.189290825310000199e-16 4.682160160150000061e-53 4.195587121029999667e-06 3.549274733199999878e-41
4.430128930219999761e-01 4.246450795890000304e-09 5.506814590040000068e-01 4.164820157710000058e-32 6.254012551210000152e-03 1.299828274729999948e-11 5.133836600599999952e-76 5.163116345970000001e-05 1.434465110280000095e-49 4.243358795420000087e-89
3.974864647409999948e-18 1.487083351000000045e-14 5.863036553409999874e-23 1.056587293419999910e-43 2.463675368280000025e-05 6.629680142449999591e-01 2.621215898439999911e-77 3.370073490009999895e-01 7.210628845640000222e-49 2.928955340090000111e-49
6.658181535070000336e-09 1.912491070140000062e-22 4.401270961709999840e-13 4.747309286110000248e-01 2.016430379209999957e-01 1.830422491860000112e-01 2.792973780520000002e-30 4.844249025040000229e-29 1.405837776230000058e-01 8.773452937759999502e-20
1.085748786009999925e-05 5.444999331700000056e-01 1.892237906160000110e-47 4.640904119259999937e-04 5.718605299109999755e-07 2.552280922089999835e-36 1.696381385840000134e-11 5.336965861080000123e-02 7.070230794970000170e-80 4.016548884419999799e-01
5.445754215799999964e-03 8.038824164869999935e-12 2.696931114460000001e-01 4.400012253470000217e-03 3.787276674589999947e-01 3.468556214049999731e-20 1.043977994760000063e-04 6.255185508810000338e-04 3.283431174850000023e-01 1.266042078219999957e-02
3.744105942539999732e-01 3.636912012090000312e-02 1.412020728650000001e-01 1.531719718479999937e-02 4.231319565380000092e-01 2.598776588659999899e-08 4.214604492909999732e-06 1.122955053310000040e-12 9.564818310999999296e-03 1.326432670460000042e-10
7.959202776329999951e-01 4.666768045510000023e-04 7.682256552849999739e-27 2.036093824159999899e-01 3.061072638949999963e-14 2.891592777039999758e-38 3.663146150120000044e-06 2.683004089719999871e-39 7.390770071490000097e-29 4.774297898270000181e-18
1.083200609750000062e-52 2.552702930279999839e-06 7.873694273479999675e-08 5.670892685189999650e-03 3.354105151560000109e-01 1.377657052539999878e-07 2.391224083959999913e-01 1.637240535449999880e-47 4.197889980589999959e-01 4.416498292199999864e-06
2.470030111359999995e-37 4.076988589209999958e-01 5.888715210909999630e-03 1.267227385770000000e-50 2.643830377490000090e-38 4.306907809089999821e-17 6.303753593760000361e-05 5.863493883320000100e-01 1.636748725179999881e-38 3.467828745970000021e-28
9.174856929320000238e-15 1.307195052080000004e-10 2.778493477590000177e-28 3.279765869490000103e-20 2.959768511870000021e-33 9.555531658299999911e-45 1.956699151759999922e-01 6.396674199870000521e-01 2.430231696680000066e-42 1.646626647059999948e-01
4.748846994490000251e-01 4.885845306630000051e-01 3.653076988810000092e-02 2.615865090319999889e-16 1.311878211889999961e-19 3.059245154369999990e-14 8.396355412250000469e-19 1.246026835530000086e-46 5.197735494449999975e-23 7.266690019650000301e-64
1.738706683450000068e-01 1.446702633670000071e-01 2.706831875029999973e-06 3.386772866109999947e-01 1.674570562399999883e-05 3.427623126839999812e-01 3.153371664899999774e-17 1.455678334400000017e-52 1.645542538080000050e-08 3.009568720030000162e-41
4.856109400899999984e-01 2.014520227209999878e-23 2.146808568059999922e-01 4.461262588189999851e-07 1.531037065120000040e-01 7.708401250350000260e-08 3.219241781339999963e-34 1.066115559120000062e-05 1.465933122259999999e-01 1.116656758010000072e-20
3.003767968779999816e-06 2.839159869140000122e-36 1.118860212869999985e-15 1.245996468880000045e-27 6.839711091800000162e-43 5.064285762600000089e-26 3.877743899530000093e-01 1.342553647309999987e-01 1.773104651190000047e-01 3.006567764279999833e-01
2.870521369410000267e-42 4.530932521339999797e-01 2.628971538400000191e-28 1.631421276550000069e-38 9.835041764000000323e-20 5.469067478660000203e-01 1.900059649330000020e-39 3.765667442409999945e-40 1.805958436290000114e-57 1.331858373180000078e-60
4.819200612879999606e-16 8.879573779110000453e-02 1.406262576800000003e-61 2.943308211289999976e-01 3.182357539899999800e-31 1.801652948630000089e-09 6.168734392789999577e-01 6.056829170570000248e-84 3.337708348189999954e-30 9.496317955140000739e-18
1.118379062589999958e-42 1.986547915459999924e-33 4.166345500719999775e-42 1.396858712320000020e-21 4.972443339049999571e-44 1.271464646950000031e-11 3.171060409890000265e-01 7.326787192580000128e-41 5.402898377349999448e-01 1.426041212630000110e-01
1.373334126659999948e-17 5.804880410869999927e-37 1.659642989200000029e-01 1.780463059599999879e-26 2.418534368969999914e-03 7.111632535949999889e-01 1.354402999460000088e-84 1.037889690630000084e-43 1.204539131159999971e-01 6.084289576029999819e-81
1.159506029059999971e-01 3.346998934349999840e-37 1.326061050390000039e-10 6.825099851249999741e-08 3.852682834339999918e-01 1.325917359259999942e-02 6.596033114789999836e-58 5.759224756309999530e-20 4.855218716829999837e-01 8.850681805589999999e-35
1.832303446319999973e-01 2.246087047110000056e-04 2.795113526119999969e-01 4.649129980869999845e-01 7.212038370100000428e-02 1.677375556430000116e-07 1.813263516679999942e-09 3.894702130269999964e-12 1.427086946140000082e-07 1.148858869840000003e-13
4.471333544189999640e-18 5.269458518109999821e-36 6.666664951449999821e-01 2.612037305710000140e-69 1.983349354020000006e-22 2.065926786349999894e-41 1.393032746690000024e-73 3.333335048550000179e-01 4.046250969160000047e-40 4.099916193940000065e-73
4.671596618529999823e-17 1.322339157890000072e-14 1.834846270969999911e-37 1.515350938519999886e-04 3.105329712919999846e-02 5.502846928529999682e-01 5.045631744960000112e-22 1.325508306729999996e-15 2.742566059670000195e-13 4.185104749240000088e-01
7.582478029900000298e-11 3.742594282899999736e-02 3.836199000409999949e-01 1.536657146339999907e-21 5.789540941609999658e-01 9.529822924810000522e-10 1.765198668589999946e-28 6.194067749769999453e-08 3.477132026089999840e-24 9.445451659039999768e-37
2.878133149709999738e-14 7.539388609670000241e-01 2.078752608399999924e-01 2.950757802290000031e-13 3.818587819290000102e-02 1.779680658829999953e-30 5.374008838250000509e-41 3.223732234000000098e-69 1.141816832619999968e-42 1.035358997290000089e-96
1.363156212329999949e-13 2.912090102770000244e-01 9.145695671529999992e-26 3.613016608149999809e-01 3.474893289079999947e-01 6.278656734559999933e-13 1.031007046580000058e-19 1.263717551410000083e-49 8.737053488239999810e-27 1.203033631020000075e-24
2.537404287260000052e-11 5.643423346890000074e-03 9.976508594599999651e-08 5.706166008600000305e-14 6.080263881040000502e-10 1.977118980289999939e-01 2.441270283739999936e-01 2.752772906670000186e-01 2.349678338650000074e-05 2.772167624010000164e-01
9.416883102709999333e-22 1.079128846029999999e-07 1.651598621959999885e-04 1.706840478819999953e-22 3.922121129509999803e-22 4.419442468890000253e-01 5.397890315240000403e-01 2.898625705790000027e-10 1.810145349519999905e-02 2.677862715649999913e-11
6.551463701569999541e-16 4.278761371389999679e-02 3.817444237300000043e-01 4.087429184690000096e-53 4.040550972939999995e-57 1.031819217079999937e-10 5.753516581700000021e-01 1.163042829169999977e-04 2.040114730130000057e-21 1.432620281029999895e-34
2.826212874419999910e-01 5.518343528570000156e-12 6.206522199020000387e-16 2.648776435019999931e-01 1.166960018520000082e-25 2.992226161750000169e-16 1.712958113299999918e-01 1.504857077289999870e-63 2.812052577199999903e-01 3.400217371270000041e-24
3.542818627230000049e-07 1.024574800539999966e-16 5.538163337360000327e-01 5.494755851100000221e-06 5.485939804559999820e-05 1.849893692829999874e-30 1.896738503579999992e-03 2.327131030010000151e-05 3.959556116059999992e-02 4.046073868530000173e-01
2.103059715700000103e-11 2.756665217319999957e-08 1.418795588820000058e-06 1.529620610590000081e-43 5.384102959840000304e-21 5.700708555739999461e-01 2.463634672389999928e-34 4.299276980430000172e-01 5.741789463839999675e-31 3.937642946550000127e-50
2.052457594900000028e-41 3.547744192909999851e-28 4.135005800609999745e-11 7.368176625279999646e-53 5.373473476220000284e-49 4.885575929520000193e-01 4.722591273020000126e-12 6.792319402450000393e-09 5.114424002090000032e-01 2.444306317229999939e-19
3.283180082549999802e-06 3.265719681249999901e-56 1.607698933230000034e-35 7.200608271970000418e-01 1.508680071860000000e-18 5.381098021200000442e-26 1.730693119400000095e-33 2.457538678429999985e-55 2.799358896229999782e-01 1.241285829190000117e-19
8.586427976129999748e-53 1.735317481320000039e-09 3.897439014950000207e-82 3.341174895979999725e-05 4.694789173059999987e-01 3.031196802169999821e-10 9.386924368409999484e-33 2.905635315480000072e-27 2.725689131630000005e-58 5.304876689070000539e-01
8.745565530599999436e-20 2.752536611070000028e-01 4.304225282070000080e-20 4.853258076750000208e-15 2.954197163830000195e-01 3.687597496569999800e-01 1.728511709159999919e-25 6.056687285259999831e-02 8.358166338729999675e-41 8.204529037540000374e-17
6.171960398789999580e-01 3.239632568410000246e-02 1.286542464089999962e-21 4.793476788770000018e-04 3.485136809399999967e-31 2.475445802970000091e-29 3.499282867579999734e-01 3.668861634080000200e-82 6.867948376839999563e-22 1.278788356390000033e-41
3.219918718729999907e-01 6.780066882330000322e-01 5.073122874800000452e-16 1.189747193190000067e-30 3.971867098759999793e-53 8.729018352759999953e-07 5.669916843360000147e-07 2.611642812189999943e-26 3.202472103609999931e-25 3.289384559330000132e-42
3.393686949079999926e-05 9.790779207770000796e-07 3.648136021930000150e-22 5.798179588749999835e-01 6.606701257189999818e-28 1.648000902649999982e-27 4.201471251780000138e-01 2.264599556080000126e-91 6.614854918430000050e-15 8.846024435109999606e-34
4.537481241940000132e-01 3.947174338429999866e-24 2.131498786809999935e-01 4.585988261030000218e-17 1.783104105599999933e-01 2.822544154950000233e-07 2.549090175709999925e-39 1.701773337120000059e-03 1.530895309739999932e-01 9.600300274929999517e-27
2.522544817060000111e-01 4.124196023640000119e-16 1.886626757300000068e-02 1.520707028499999891e-01 3.125270769159999712e-02 1.370308416939999986e-58 1.202047261859999944e-04 4.708388418600000236e-01 1.794304693879999932e-17 7.459679359380000374e-02
4.802755350160000082e-11 3.375954878960000238e-01 2.457607708450000039e-01 1.155675851690000111e-103 6.746514527060000316e-50 4.166437402939999757e-01 2.032699928860000014e-52 9.174758119359999572e-10 8.089054572380000367e-62 6.398766677489999611e-161
3.624464993289999746e-10 1.701614224519999931e-19 1.340016238450000111e-10 4.909759433059999734e-01 1.842804034030000038e-01 2.009870524969999961e-01 1.113806979440000003e-30 7.901385616129999511e-27 1.237566002970000023e-01 5.461918883430000263e-20
2.364576143449999976e-100 1.044228585140000026e-01 4.399621657370000164e-33 1.269598128450000001e-35 2.364392410109999818e-13 2.376886256409999969e-30 6.834762745319999791e-10 4.632512784910000070e-01 2.026387179459999941e-79 4.323258623119999866e-01
1.971000864050000034e-05 1.370330177669999961e-18 6.811095458279999742e-09 9.455673664359999920e-21 8.345811902409999414e-28 8.189666939680000091e-02 2.871686733699999901e-06 5.324329422819999991e-01 3.856477996650000128e-01 1.495922745259999944e-10
1.565497866610000019e-03 1.725575630719999864e-01 6.449733862479999477e-30 2.928542064859999960e-02 3.529573683580000127e-20 5.210662814230000439e-01 2.755252369110000044e-01 1.063320755590000056e-39 7.787205599940000588e-11 2.788337541740000116e-14
5.067307933679999765e-01 2.054670293299999950e-01 2.032775008460000048e-10 7.772466382190000375e-34 8.386443862290000543e-36 6.047964546289999639e-03 8.000570414150000483e-15 2.817542125520000051e-01 8.058422089550000281e-28 5.728465948039999777e-37
2.634049715100000025e-08 5.146915825410000034e-01 4.853083911170000264e-01 2.816438341799999731e-32 6.175354948469999569e-14 1.956198502330000196e-12 7.355952354840000149e-54 5.175986930200000243e-43 5.424595453809999864e-45 3.494141888920000059e-121
2.196708696369999869e-60 2.005602911750000144e-03 1.154521252979999923e-25 3.953469930949999885e-13 8.209447735099999477e-01 1.770496235779999983e-01 1.853425744139999990e-27 2.037340252580000089e-63 1.924717762230000037e-20 2.630721933019999795e-28
2.379697460580000035e-01 4.828775688810000256e-25 2.108693621050000133e-01 9.100133071660000621e-73 3.048576698479999856e-123 9.484899805500000942e-16 5.511337599379999563e-01 2.201563159670000117e-05 5.116266993379999790e-06 1.884133730709999928e-41
6.963435163210000286e-74 7.499153701270000472e-01 2.041852812250000115e-28 7.498064854639999877e-26 1.550923683269999961e-17 2.500846246000000273e-01 5.273351418869999640e-09 1.361022061070000073e-33 1.008108194499999975e-29 5.358189618889999808e-14
1.082652107419999937e-53 2.392407275780000021e-54 4.274974817559999828e-26 1.588345951710000031e-08 4.694958744380000049e-01 1.914273340149999929e-50 1.162466141449999920e-34 8.135458720540000253e-25 9.482387776559999098e-13 5.305041096779999910e-01
3.012766958699999877e-12 4.705319339909999772e-33 1.677856654519999923e-33 1.065302386919999894e-22 7.480041940289999815e-39 7.406271911739999991e-01 3.415861174970000044e-21 2.208163987889999840e-37 2.593728088230000117e-01 8.808705629350000751e-25
1.361962378549999852e-20 5.050660498330000157e-98 4.052217508099999826e-38 3.915401074470000035e-32 2.836087921910000166e-41 8.029638728580000493e-37 3.112097116020000176e-32 2.292437282229999821e-03 1.992929314670000007e-01 7.984146312509999843e-01
8.217648862180000277e-03 2.054353608409999914e-19 5.755825127670000096e-01 9.034675710840000545e-32 4.103814654460000155e-01 7.644675103680000430e-06 1.350208674920000032e-69 5.810728249609999584e-03 3.018373033619999777e-20 7.788555048790000027e-58
6.208955016380000025e-01 3.715821468939999872e-01 7.863731124459999813e-05 3.996740494199999862e-03 3.446973662069999830e-03 1.462754682859999974e-21 1.894177948629999941e-17 1.387267617390000006e-14 1.101037078319999926e-27 4.155441413739999857e-26
3.870496173619999980e-01 1.959437281769999989e-38 4.860519959940000079e-01 5.128004312730000458e-32 5.710914902690000072e-29 6.938026671960000164e-46 3.556448125560000009e-24 1.268983762529999892e-01 1.039072620059999937e-08 2.179090839099999986e-24
4.459944053889999815e-01 3.485029859480000291e-30 2.733077337730000048e-20 5.525073777940000541e-01 1.678374941400000023e-23 1.095963598060000027e-35 1.322753186519999958e-06 5.883400723519999971e-36 1.496894063019999941e-03 7.208907751110000389e-13
1.000000000000000000e+00 2.482072905890000047e-45 1.802476385800000008e-29 1.715628326670000003e-28 4.098657407769999916e-39 7.922879338140000004e-51 3.303418826549999969e-49 1.018082063540000041e-30 1.634657960610000018e-23 4.711785530820000119e-50
6.154900947050000408e-53 8.813797269349999557e-28 2.539607961029999861e-01 2.117246239669999973e-17 5.488299100829999722e-01 7.859628298509999413e-11 3.037248513319999841e-22 4.993501432169999494e-10 1.972088227869999988e-01 4.704500724159999864e-07
4.249647772130000188e-04 1.900107045920000066e-35 4.637905234680000151e-05 8.782489662600000135e-02 3.233533660630000250e-01 4.153949512950000049e-37 3.432619292869999801e-22 3.220162798810000115e-01 9.790720390929999462e-02 1.684269096919999986e-01
7.190424075400000392e-01 6.996606674170000469e-29 1.593858108579999952e-10 1.613713785219999928e-24 1.071818138149999974e-04 1.179477077699999930e-33 1.950962079940000004e-74 2.808504104869999907e-01 6.838891948419999543e-41 6.459458033860000152e-49
2.451336177999999988e-10 8.012333291420000689e-49 4.158294786700000165e-26 2.017938959199999905e-14 4.975488189550000220e-20 3.409583583369999888e-14 3.273586253090000189e-29 6.649281100330000083e-01 1.078261610029999928e-02 3.242892736210000182e-01
7.544888655830000382e-06 9.681394395360000292e-08 6.000072848180000307e-01 8.362569360349999676e-16 1.695924958200000074e-32 1.495782707610000123e-32 3.999850734770000193e-01 2.920421495699999962e-32 2.079067658510000015e-12 6.062093008830000190e-33
8.260891520939999766e-05 1.542963250359999927e-01 3.105334699009999732e-11 2.061099652989999934e-20 1.041415758249999942e-26 4.815684572160000010e-01 3.640526088000000104e-01 6.570175394770000345e-20 1.284966204660000088e-12 1.429724341800000076e-26
2.489870975099999981e-02 3.487848222059999883e-09 6.646664371869999421e-02 2.396796523239999800e-47 1.341505127220000071e-54 2.557352832660000058e-12 2.929213763729999753e-01 6.157132658899999722e-01 7.771589209950000280e-10 8.253007966280000137e-26
4.962088092419999622e-12 2.669720099619999898e-01 2.445916145170000111e-01 4.894942228839999821e-17 1.846277513579999974e-01 3.038086241579999736e-01 6.652854589659999895e-46 2.682255568650000056e-49 4.977309113269999989e-24 1.040121659519999941e-79
4.661492896319999741e-34 2.195208762049999979e-25 1.847255648030000008e-03 4.311390934809999852e-45 5.724563490169999862e-23 4.290007567249999876e-01 2.496527954900000057e-31 5.691519875680000062e-01 5.923210569989999765e-11 2.874492454379999830e-29
2.003554427669999846e-42 4.530932521620000264e-01 1.570707771940000088e-28 1.896764456480000125e-39 6.296002771570000291e-21 5.469067478379999736e-01 3.923535755850000127e-41 1.138651972620000051e-39 5.983270492770000159e-56 4.933080153160000303e-62
1.751324780420000071e-45 5.117165584949999735e-01 4.747784992349999844e-01 9.712332748080000055e-89 1.128520807359999955e-51 1.756861116569999915e-12 7.734578180569999884e-08 1.350486492289999958e-02 9.281587388300000790e-40 1.524532857880000080e-45
7.194256228799999965e-35 2.957969961720000250e-35 7.698248911619999930e-34 1.732626434700000051e-01 8.834156956140000410e-24 1.407690467300000069e-37 6.751455920500000485e-02 2.659974223700000088e-86 7.592215493120000325e-01 1.248013342890000033e-06
2.287235447149999930e-17 2.500764198490000090e-17 2.724344356789999977e-01 3.445535779199999928e-56 7.935429987770000645e-61 2.111507425530000093e-02 1.793089189289999996e-01 1.938172416389999930e-01 3.333243294980000049e-01 1.215979738280000052e-23
1.116207650399999974e-18 2.825565773790000032e-15 5.733899778799999846e-40 1.838080998029999972e-04 5.572224059929999735e-05 5.640586076710000230e-01 4.356278705959999885e-22 2.203305625470000074e-15 2.780151716359999859e-14 4.357018619879999832e-01
1.132318323980000041e-11 8.995971532890000624e-09 1.495284518579999945e-06 2.553585993549999938e-42 2.660980100789999899e-21 5.700708366019999751e-01 3.539447731119999965e-34 4.299276591060000041e-01 5.517071886040000250e-33 3.745919608240000212e-51
1.857877689770000007e-01 6.552361673609999890e-40 4.989952861040000372e-10 1.688580754089999969e-01 4.926877872090000147e-21 3.697036194459999831e-137 9.951015141980000533e-02 1.671586224660000113e-17 3.494038324180000234e-13 5.458440036949999685e-01
2.405920046100000050e-23 4.775504994750000446e-87 3.380551572330000032e-01 9.424444464920000240e-31 3.613967055999999969e-06 6.526451131400000286e-51 2.317669102120000096e-78 6.619355715560000242e-01 5.657244694259999669e-06 2.202618394570000132e-27
1.710930057289999917e-01 6.704344801469999844e-04 2.921670877870000127e-01 4.815792774379999974e-01 5.449018973260000287e-02 1.979883209729999998e-09 4.149761892869999829e-11 5.545247606920000391e-10 2.257339633160000121e-09 1.341572859989999949e-14
1.790239010580000067e-01 1.341215385390000063e-03 2.833595308460000184e-01 4.705537980280000143e-01 6.572149258510000258e-02 4.025870051049999796e-09 3.410037002769999899e-10 4.137715762239999815e-10 5.731694707259999724e-08 7.035715968759999605e-14
1.478589319689999938e-02 1.359257318959999905e-03 1.510900645579999965e-02 1.180622957579999938e-01 2.622046239670000056e-01 9.581084431760000014e-71 2.590803435099999774e-01 2.597487541829999746e-01 1.963067834070000104e-31 6.964982561040000686e-02
1.733394766059999972e-15 6.833628341109999615e-01 1.240166266700000091e-47 8.034927114089999895e-19 2.159276351129999872e-48 3.585922675520000002e-25 3.166371658889999829e-01 6.682511224679999790e-65 5.990845140969999661e-49 2.342359977119999968e-34
6.661908083109999831e-07 2.570083785370000085e-32 1.484166872619999920e-52 5.240486987479999734e-12 4.967790459150000208e-48 4.885574940819999989e-01 1.204487380180000027e-11 2.262351309430000011e-48 5.114418397090000346e-01 7.360988516359999827e-14
9.981056889010000510e-36 1.120436067550000010e-10 5.898751282119999653e-22 6.793310570539999871e-01 3.206647295289999922e-01 4.213304332539999604e-06 7.890614351429999448e-21 2.914305292879999993e-53 4.924765736100000034e-13 2.483133057569999946e-18
1.526176695189999879e-36 1.639622855560000125e-45 1.356767413729999967e-39 6.204644732169999924e-29 2.593048939709999834e-01 4.601343616549999904e-01 7.807220200169999980e-94 2.805607443740000262e-01 2.219319831850000044e-26 1.315925066320000014e-14
2.269715402600000050e-21 1.885922109269999938e-02 2.416779068690000200e-78 6.338036190960000260e-01 8.835632265119999738e-27 6.680303791950000147e-12 3.344277029459999939e-01 6.660501585310000358e-47 1.117723268960000043e-43 1.290945685879999957e-02
2.433956580109999900e-19 6.096743001509999926e-01 1.628069376219999923e-18 1.055907230890000041e-45 1.425289761809999924e-10 8.383589473889999963e-09 9.994603241610000020e-48 3.903256913229999903e-01 9.399231331459999698e-66 2.090636157749999874e-49
5.389303675160000271e-88 1.373129775020000017e-11 9.505594813959999251e-03 1.541626971899999906e-37 9.824764546219999318e-15 6.867259127260000318e-01 2.497252655099999885e-01 1.029230544120000084e-05 6.614636475620000108e-03 4.741829815439999735e-02
3.219527269629999799e-01 6.779011191239999734e-01 3.113348106909999924e-16 1.984897423040000037e-31 6.068595805519999954e-53 6.885602938259999695e-05 7.729788392989999399e-05 8.667603351810000313e-27 5.369262228359999761e-25 2.179900217079999982e-42
1.073483962080000041e-35 3.319694890329999975e-49 1.967319284070000152e-68 1.000000000000000000e+00 2.675269822940000126e-30 7.134697276790000092e-43 6.135061270409999925e-21 6.824863641039999695e-124 4.415070889649999782e-16 1.695429409229999998e-16
1.634632389569999944e-59 8.066017742730000063e-27 2.242281494629999975e-57 1.119685001430000004e-18 3.172957837730000060e-41 1.334192883339999944e-20 2.661176487620000031e-01 4.442891364240000318e-64 7.805399413439999794e-13 7.338823512380000524e-01
4.459953224289999740e-01 6.433392310709999999e-31 8.748177968620000554e-21 5.525086100270000244e-01 7.896739696980000654e-24 1.856726663429999900e-36 1.324341750520000098e-06 4.960187954010000261e-39 1.494743199829999970e-03 2.384494365419999831e-12
5.290466233699999687e-01 5.147521487299999986e-101 1.730933065179999961e-22 1.071014344190000079e-08 7.250198291909999950e-16 1.644871218609999920e-58 1.569183697379999983e-42 1.320552543989999932e-02 2.863416120910000084e-01 1.714062283879999871e-01
7.016756594209999642e-03 1.011217098899999957e-19 5.762287378760000411e-01 2.209069672540000199e-31 4.109452306770000063e-01 1.064739186759999933e-05 1.253540541180000044e-68 5.798627460959999980e-03 3.432016374869999839e-19 1.309615370959999919e-56
5.012348705379999769e-01 1.549401159570000100e-23 6.652037013680000080e-05 3.282677143379999947e-14 1.639693974349999972e-01 2.416483265040000050e-01 2.118239138010000026e-57 2.707233524300000013e-18 9.308088515199999802e-02 4.938507935539999843e-40
2.627275046970000139e-01 3.096803749059999796e-17 2.861659609659999992e-01 1.203604156310000071e-21 6.252130019760000198e-15 2.292024013839999985e-01 2.503148686159999936e-29 4.741205296850000212e-29 2.219041329529999884e-01 1.301732757290000066e-52
4.156095600760000376e-12 1.319329199629999975e-03 9.207019623900000385e-11 2.222546248489999988e-32 4.023493561649999739e-32 1.490939125659999882e-17 4.990734119510000233e-01 4.996072587529999942e-01 2.154947485479999973e-25 3.625658890839999951e-14
3.939877157980000155e-01 2.870509682749999954e-34 1.622951489920000066e-30 6.060119902720000340e-01 7.649984182790000118e-23 2.788238735489999806e-23 3.345586004299999816e-26 3.640171622590000156e-56 2.939302914929999981e-07 1.661378762929999931e-26
2.308487599079999952e-01 1.245562192319999923e-25 2.031089218019999920e-01 8.635123090689999816e-20 5.841732437669999801e-54 1.965022671500000119e-45 5.478768190139999827e-01 5.593785859699999686e-42 1.816549927609999865e-02 4.678037356929999803e-36
1.137402435870000060e-07 1.979380538349999948e-33 1.148224813910000089e-06 6.603547678739999972e-19 1.089408324239999941e-48 1.006901044079999956e-48 4.244697604680000014e-01 1.824911105320000040e-42 5.755289775670000552e-01 1.634812035049999951e-26
6.530246902329999647e-06 2.286347049330000010e-55 9.471587974399999688e-24 1.694233502849999962e-01 6.019149653099999941e-01 1.334296414449999964e-17 3.582236773359999737e-55 5.243322880690000207e-09 2.286507784229999951e-01 4.370492165840000218e-06
1.532518928579999912e-27 9.024022705769999466e-25 3.931023132639999888e-09 1.862524510899999952e-25 6.732774717749999693e-01 3.267175658309999786e-01 5.719523333199999853e-56 2.295211679449999956e-25 4.958462479299999580e-06 1.790726238259999877e-42
5.634736433970000125e-01 9.842159930499999598e-03 2.251420853119999947e-24 5.090001009010000031e-51 3.827461927130000206e-94 1.363764358150000022e-01 2.903077608569999968e-01 1.905650894479999923e-22 2.628974592890000126e-28 7.508764187730000175e-47
6.754042240859999824e-01 1.679349500670000042e-11 1.054655157850000003e-27 3.231023265819999990e-01 1.763207529079999885e-25 2.282455993370000035e-48 1.493449314560000001e-03 1.054490781750000003e-48 1.659347687109999898e-28 2.801175513220000142e-23
2.605411324119999960e-39 3.643762399279999991e-58 3.110857799599999751e-01 1.108810821290000057e-30 2.611876059620000246e-01 1.134358012350000062e-10 4.035670957179999640e-68 9.743527580699999635e-02 3.302913381579999919e-01 3.658229713189999828e-23
9.256992984100000099e-02 1.840820714340000147e-14 1.312928817619999976e-15 3.755095435390000065e-15 2.405554988710000006e-27 1.016588503140000059e-04 3.273381755920000136e-01 7.682587913309999947e-03 2.012431132249999921e-01 3.710645345790000160e-01
1.000000000000000000e+00 1.160511719440000043e-53 1.409560277140000023e-28 9.062404118649999862e-27 1.720117566349999969e-56 4.981742064230000069e-58 2.914740224239999886e-38 4.295627674830000232e-44 8.005962086529999846e-24 2.959311457549999982e-60
2.022765851699999991e-10 5.888537900550000481e-01 4.165031909699999843e-07 2.271543525729999797e-09 4.111457909680000244e-01 3.658940624400000068e-37 1.560157813990000038e-26 8.434711085420000087e-23 3.054033327440000052e-50 7.821985543979999896e-44
3.320987691319999689e-67 1.000000000000000000e+00 1.068315959270000030e-43 4.239452897279999909e-70 7.396844003960000588e-48 9.443322547429999730e-26 4.331863535130000202e-39 1.219881011520000034e-57 1.168943650549999976e-126 2.263916771679999968e-94
2.164070872769999991e-53 2.787493347939999938e-55 6.121986945319999744e-26 9.429848962239999702e-09 4.694958777179999987e-01 1.161046690110000088e-49 6.941919454909999979e-35 3.350993230400000197e-25 7.502996702940000181e-13 5.305041128520000537e-01
3.363883866480000262e-01 2.653269331559999777e-01 4.218244777620000020e-39 3.279020347559999772e-04 2.427711891140000083e-09 3.121803424439999900e-22 2.860111519900000091e-11 3.146810057969999797e-01 6.579510681269999853e-51 8.327576990849999694e-02
3.247050496999999805e-26 4.296519547010000222e-26 3.609609261840000117e-10 1.964356442799999821e-21 6.096900592889999970e-01 3.903096807900000020e-01 8.744927593299999884e-60 8.181920322290000271e-22 2.595606062160000231e-07 2.709730874270000046e-37
1.622169091320000078e-22 4.101943810059999751e-01 1.111765141030000095e-37 3.658132740240000084e-25 9.348624021150000248e-05 3.083683751780000082e-17 5.520786523969999805e-47 5.897121327530000512e-01 2.880841725759999905e-102 8.592251304699999677e-29
9.265981529330000253e-05 1.547221132319999970e-01 1.430884261699999970e-13 2.155790662050000001e-20 1.711330213559999891e-32 4.813657029310000057e-01 3.638195240220000182e-01 1.980656997539999813e-21 1.269490313810000000e-14 4.639680345569999832e-24
1.162708666119999965e-48 7.470884914610000099e-39 5.252440973999999908e-41 3.726113149099999911e-01 2.883728094549999985e-29 2.941833189630000109e-42 1.971231716169999926e-01 5.340591039349999562e-113 4.299945185919999968e-01 2.709948804289999836e-04
1.227632217279999986e-33 2.901504672340000011e-35 8.901953700169999337e-06 4.910141753050000311e-18 5.353381420639999888e-01 3.012711836900000175e-31 1.174181225459999942e-38 4.646529556349999757e-01 1.382257809570000067e-14 3.473324456110000229e-10
1.329621987749999922e-43 9.055068063180000258e-15 1.011953686240000052e-46 8.999473689959999629e-15 1.000000000000000000e+00 4.247962645959999971e-40 3.422305981880000143e-56 7.032901162519999615e-33 4.203875566210000224e-91 2.634503528769999999e-33
6.997105671179999764e-02 1.401695787960000013e-07 8.078865983519999526e-44 1.293196348589999989e-01 5.787985410040000001e-35 3.650822834810000250e-01 4.356268835400000095e-01 8.478150771209999133e-56 1.238414497419999944e-09 1.274718928680000106e-13
5.243482324950000245e-02 3.283328353930000110e-01 1.698259856659999900e-01 1.678129109469999880e-01 1.829722009220000078e-04 2.068648051699999992e-04 9.771602237650000939e-07 6.595688129599999586e-34 2.812026305790000236e-01 5.867547138650000179e-26
1.245118307910000095e-40 3.299753374360000104e-31 1.190922004819999970e-11 6.707658207369999718e-56 1.961554323809999877e-48 4.885426863990000035e-01 1.854438837789999968e-12 4.971267936369999631e-09 5.114573086160000281e-01 6.138698207779999892e-19
7.696765599070000339e-55 2.970360196060000030e-43 4.090056938740000290e-09 1.626823841699999882e-45 5.490203516370000253e-21 5.573888040659999987e-01 6.647225442119999968e-34 4.255110814070000025e-01 1.710011043640000117e-02 2.368165441609999963e-14
1.954090992889999934e-01 6.517371257330000254e-18 7.767634853979999820e-04 3.792891216290000113e-53 2.012956556829999867e-98 1.215648629819999881e-16 8.038141368240000473e-01 2.122717706569999904e-12 3.997828880700000055e-10 9.285102494609999453e-40
6.169281800459999871e-28 5.714375733450000050e-01 1.742384065870000008e-45 1.671749539880000164e-08 2.184602293740000033e-12 2.033290391340000037e-15 1.714913214949999921e-06 2.079510027249999931e-20 5.529742912209999921e-38 4.285606950229999823e-01
2.826211217740000059e-01 5.331042736650000185e-11 1.419783157229999923e-15 2.648771623510000062e-01 2.796238094139999929e-26 9.219426994829999445e-16 1.712963528639999955e-01 4.639331870230000007e-61 2.812053629580000269e-01 7.031329322609999911e-25
4.938246443479999819e-21 2.751936667439999762e-01 1.521715822970000039e-21 3.772120891140000333e-15 2.945731091630000020e-01 3.682403798580000109e-01 6.010096834920000127e-27 6.199284423540000338e-02 1.971264534450000098e-40 6.304672798659999651e-18
1.493979161599999944e-23 4.080445518100000307e-02 5.942603332100000468e-01 1.880057343729999946e-21 2.475060228790000039e-01 1.319142843280000058e-33 8.797040672579999901e-16 1.174291887299999948e-01 9.226170230029999874e-37 2.623575162239999861e-18
1.227342702819999992e-01 6.391848893099999485e-01 3.602088709769999881e-11 2.380808369580000028e-01 3.939543009319999992e-16 2.560958385399999977e-35 3.414059120909999905e-09 1.761162464619999995e-75 1.238871520069999942e-24 2.021318787049999882e-47
1.377502146109999956e-14 7.980097869200000467e-12 7.030651451459999646e-14 3.452242937109999965e-01 7.100312321559999751e-02 3.651727929899999947e-01 1.522778996349999952e-19 8.018789736749999629e-61 2.185997900760000001e-01 2.767088123690000066e-28
4.335896422160000097e-41 3.507882466319999781e-01 1.687135841089999915e-28 2.738102581370000130e-16 6.492117533679999664e-01 3.906332406949999829e-13 1.882091201890000073e-41 1.544221788610000025e-52 1.811047141449999970e-52 1.032029522129999985e-46
5.198987087330000182e-58 2.152855521189999954e-01 2.116501475679999911e-01 2.095126204390000093e-39 1.275179704380000069e-21 4.136273615109999913e-01 1.593022214510000090e-01 1.347173485169999999e-04 1.406242136370000061e-14 3.699856189649999699e-12
3.219903463550000122e-01 6.780046158310000237e-01 1.221696671099999992e-15 1.799415431430000096e-30 4.429024691119999597e-53 9.456000714879999700e-07 4.092213874650000065e-06 4.019400581289999861e-27 1.335740611039999913e-25 8.355045134049999711e-42
2.685165506069999916e-03 2.461265415909999912e-34 2.563668788699999812e-01 9.850622992879999595e-02 1.774846837649999935e-04 6.152773807329999768e-52 3.108393495020000064e-13 2.656371083429999724e-01 3.033615254190000134e-03 3.735935174130000092e-01
1.402711529829999991e-14 4.279206814179999790e-02 3.817712794240000207e-01 1.659543960950000037e-53 7.032623470399999541e-57 6.366072306560000339e-10 5.753516994159999509e-01 8.495238122390000486e-05 1.094786618970000030e-21 1.930452925200000131e-35
1.839262302380000066e-09 2.452406098810000033e-23 1.522739524399999929e-13 3.465598933460000142e-01 4.155872905560000219e-01 1.165342466270000025e-03 3.881348957080000205e-30 2.170492694250000100e-32 2.366874717920000037e-01 3.265836153460000190e-22
9.362574012339999752e-02 2.723313417549999825e-13 2.784113558599999897e-14 1.847058219519999839e-15 2.925066224919999966e-21 6.663279097020000411e-05 3.273281623829999987e-01 6.066706927030000342e-03 2.014186093130000133e-01 3.714941484620000178e-01
4.284908022649999872e-43 9.145203957039999487e-15 5.777399672570000101e-08 2.436894938620000062e-01 3.244302038469999983e-01 1.792315622960000081e-15 4.193355551730000401e-03 4.812101571860000008e-32 2.080916058929999923e-01 2.195952830710000137e-01
8.865430132230000402e-35 2.810305798300000157e-02 9.765920273430000601e-34 1.280185827760000090e-22 2.737961338249999978e-23 2.297754580859999990e-51 2.740938186469999982e-01 4.046839583419999942e-01 3.604517376039999840e-75 2.931191650280000061e-01
4.694076416790000233e-02 1.169827692040000041e-75 1.749157623349999850e-05 3.629948347830000188e-16 2.151542353729999928e-19 6.157762590840000526e-67 4.335070105829999809e-35 5.818518094279999664e-01 3.711899348259999898e-01 1.706237185880000092e-12
1.787584136719999896e-72 2.496706103380000041e-01 3.950107139410000005e-39 1.734920365329999908e-18 1.373756713220000015e-08 7.503293759239999527e-01 1.634067483539999970e-18 2.819474645390000089e-46 1.187502073729999933e-35 1.604210401269999999e-19
2.816396958120000051e-09 3.521108391800000097e-31 3.016518725440000206e-25 5.552634593930000362e-01 1.550291915310000068e-17 1.273318016060000009e-80 9.174598075280000250e-08 5.814347648440000122e-21 9.159327131159999474e-23 4.447364460450000112e-01
4.645601039119999776e-01 2.237269878410000079e-01 2.463483687480000105e-33 2.814224548379999913e-01 1.460382832180000072e-19 4.666746098949999912e-52 3.029045340960000166e-02 2.394275394680000156e-45 2.220614615910000142e-45 8.755011887940000705e-18
1.292437898319999945e-01 5.964831683380000214e-40 3.080517829969999931e-48 6.219550586380000009e-09 4.725632665809999820e-19 3.855593296370000145e-01 2.594820600590000219e-26 4.299594237759999625e-15 2.100184974800000104e-01 2.751783768320000267e-01
7.312294452090000481e-43 1.863096542109999862e-15 1.226825046149999932e-01 1.402725216660000095e-81 3.816839877070000193e-35 2.611496442630000248e-01 6.993052851600000507e-26 6.161678511229999877e-01 1.658900341639999942e-18 1.195953989759999899e-41
5.226055969989999833e-32 5.494206807820000110e-19 2.105585240259999925e-03 2.218710124309999996e-05 3.502276404790000131e-01 9.086998357060000069e-13 2.623782917749999752e-13 3.508932620840000025e-12 5.411986609619999777e-01 1.064459262130000028e-01
