1.659945255160000008e-34 3.785369669820000116e-01 8.600626416599999701e-50 1.049229132849999961e-30 3.277220469339999775e-01 1.381420255040000100e-01 1.728087846090000056e-18 1.250065586820000019e-01 1.519809868219999948e-57 3.059240189769999937e-02
1.038119641459999957e-19 9.503421773650000231e-32 7.543226900180000083e-01 4.632945467099999938e-40 3.189690102249999933e-05 1.535257748259999944e-01 8.645305083650000306e-24 8.234192656069999746e-04 9.129621898980000427e-02 3.436964238700000208e-23
1.205983117609999987e-23 1.967096705470000040e-01 4.049580361599999789e-01 5.553562834470000295e-22 6.047860176340000282e-02 2.717784599020000025e-01 1.545763728670000153e-08 1.425757248919999945e-08 4.999423110109999810e-09 6.607519691200000600e-02
3.403850267830000195e-38 1.445144723929999977e-05 2.916548506579999965e-30 5.170325648089999504e-01 3.698135581960000119e-03 1.487546236850000037e-01 4.591369534699999928e-08 3.287091922359999807e-01 8.514678821819999841e-20 1.790986326940000083e-03
5.789457529579999634e-18 2.418562778430000115e-01 2.623943953399999751e-01 1.200344370629999961e-30 1.087844342080000054e-01 3.627849683619999849e-02 1.570474788840000138e-14 1.154918153459999948e-40 3.506863957729999814e-01 2.177835297349999934e-23
5.337054462680000066e-32 9.134983229569999807e-02 1.191525047360000056e-19 1.709299127689999920e-01 3.401228464940000222e-22 1.159410217400000047e-15 4.017182565970000008e-01 6.239413506939999784e-17 4.870030586529999761e-02 2.873016924730000254e-01
4.160206509169999942e-44 7.304734524920000029e-22 4.259660020180000221e-51 1.377898633259999894e-01 4.128609828639999876e-21 4.714126166340000257e-01 4.171351501320000014e-51 2.299571051519999892e-03 8.514826232439999532e-02 3.033496866639999734e-01
4.704249902580000080e-03 1.874053190190000027e-21 1.447099392649999954e-07 4.858100904000000225e-73 2.174768952929999968e-85 4.498082961029999938e-01 4.417082737440000166e-33 3.759386879390000144e-09 5.454873055250000213e-01 1.236293256000000005e-35
4.998461880850000195e-04 3.920745019520000004e-26 2.933139240820000128e-29 5.657170900430000189e-41 4.934205630889999971e-06 2.027620132940000057e-24 6.334920565439999818e-01 1.612882505619999887e-16 3.656850861789999740e-01 3.180768835920000045e-04
2.068836003720000027e-33 5.305684490559999800e-01 2.199257653340000188e-15 1.638224766630000106e-47 3.780359231949999842e-38 4.694315507869999959e-01 1.273047997639999920e-37 1.267978190599999958e-20 9.317942646129999650e-12 1.483054783929999875e-10
9.248986729249999983e-02 6.554032731960000518e-14 1.295569747199999894e-03 3.409329171900000177e-01 9.078072388580000074e-36 1.950816738490000121e-52 3.856157218539999652e-06 3.452969811140000094e-59 5.652777896130000146e-01 6.313998862330000157e-27
2.672059004949999816e-01 6.324072527740000060e-01 2.143431089100000203e-09 2.037216586530000097e-05 1.344526343019999993e-39 5.070097643969999956e-21 9.996561586289999524e-02 3.358023838430000201e-28 4.008565592790000096e-04 5.519607944250000104e-15
2.415864462120000177e-18 2.337790804170000037e-41 4.063029445279999763e-01 1.206167811239999928e-101 3.534993745800000174e-34 2.157292596450000044e-01 1.081878362509999942e-64 9.319225358490000366e-35 3.779677958279999972e-01 2.306440087049999961e-76
1.241810562899999930e-06 7.346897646359999969e-61 3.438500926940000202e-01 4.957650142399999946e-57 2.741569856969999774e-01 1.389647821089999916e-02 9.132211934669999767e-29 3.680952015880000205e-01 1.239530127959999915e-21 1.854075907579999932e-64
4.745838185869999948e-01 4.881707138659999723e-01 2.625639268159999772e-04 2.130568744869999924e-05 4.396546194949999597e-68 2.007468044420000171e-31 3.694289302619999799e-02 3.284862155699999965e-46 1.870490654560000063e-05 3.612993340539999819e-31
2.090531257379999964e-35 7.467037957850000685e-02 3.710323077179999878e-23 7.343228895580000044e-33 2.797071137409999908e-01 6.394562977599999619e-25 4.801406802479999958e-01 1.622145389239999965e-18 4.966946703840000188e-48 1.654818264319999899e-01
1.487233706079999967e-18 2.141483162129999979e-02 2.932868544219999886e-38 4.209568802830000039e-02 1.027116246060000031e-29 6.364193942470000032e-01 1.021649974100000016e-10 7.706419819239999913e-02 1.123997224270000072e-08 2.230058765690000055e-01
4.960007593760000222e-01 3.846867964649999870e-04 1.529102334930000032e-03 4.545905628740000122e-52 1.059477646069999998e-09 4.915482630790000140e-01 3.307356704130000121e-09 7.338365005419999641e-04 1.595650860899999897e-06 9.801751894779999266e-03
6.034041105509999688e-15 3.850274021799999780e-01 6.149725978200000220e-01 1.212198584570000062e-26 9.475066280410000716e-31 1.069058659350000010e-32 1.119046688080000012e-17 9.389877487059999586e-102 1.579896554109999905e-31 3.358343992670000036e-67
1.669688137070000013e-31 7.896323511770000292e-63 3.286440642399999913e-07 3.883151920069999687e-33 1.286334071499999898e-01 3.783508109350000037e-01 3.372944089859999936e-91 2.149018871620000130e-36 4.930154532709999926e-01 5.573778124690000224e-84
1.278163004070000105e-47 2.911548057989999938e-01 1.401105158979999878e-17 5.213106096939999984e-30 5.535817317050000409e-19 3.903604010589999951e-01 1.675205390700000074e-24 1.056936752789999959e-08 4.118203386189999929e-22 3.184847825720000247e-01
4.294158981800000330e-02 1.277906049830000029e-03 1.637451952179999892e-01 4.307383385940000142e-01 3.612046591249999938e-01 5.217702041619999598e-09 2.341684495500000139e-05 6.888909548079999434e-05 1.778910414020000094e-26 3.694837263040000216e-11
1.361953101020000056e-01 2.130789581859999861e-43 2.244685035179999928e-35 3.942848684159999744e-39 4.015827509999999978e-29 1.284858878289999991e-38 1.269637897670000000e-14 2.099739996630000040e-09 5.681329166969999456e-01 2.956717711019999917e-01
3.383976811080000036e-01 2.897356200069999832e-01 2.410784262210000084e-02 1.600074809170000153e-17 2.374423840969999977e-01 3.914423541869999626e-09 6.653597840380000100e-18 6.413173064500000292e-19 1.391460182039999985e-06 1.103150767909999996e-01
3.428130088810000253e-01 2.927954556899999838e-01 1.816946198309999858e-02 2.539823613109999808e-04 2.419057265700000070e-01 5.856328642910000185e-30 3.723177446140000228e-05 1.893485050339999907e-33 2.012112278109999974e-07 1.040249315289999976e-01
2.149116788509999876e-02 7.827407332490000382e-18 5.103561515410000292e-17 6.913719492420000218e-73 4.496366601359999944e-67 9.556479685620000356e-20 9.250535547790000532e-11 7.411281267749999513e-01 8.272954262799999765e-09 2.373806969739999939e-01
5.102613139329999908e-02 8.238589946490000597e-20 3.920905691730000031e-01 5.557762503959999822e-01 4.189071347780000314e-18 1.373504263010000034e-06 1.087963519189999971e-03 1.771201483269999863e-05 3.328623179099999825e-18 9.656516691989999934e-51
4.583896487990000057e-28 4.852057251689999684e-53 4.948048526669999924e-26 9.999999998890000130e-01 1.105511927299999950e-10 6.291624363009999935e-56 1.448479834910000093e-15 9.305894314289999265e-43 1.761233280760000125e-21 4.074974444090000235e-41
4.040518481180000183e-18 2.014191486230000050e-01 7.985808507030000003e-01 5.576895627549999611e-12 1.497131912060000087e-40 6.567026057119999764e-14 5.533606010199999546e-10 1.146909548459999942e-10 1.003698442930000021e-36 4.423718474250000254e-26
1.794315498329999952e-19 2.291264873219999885e-04 6.125750806549999927e-01 9.036669083130000751e-18 9.518476338029999625e-14 1.780114062860000124e-01 3.020670612960000165e-09 2.086783835749999871e-01 9.155613703589999427e-06 4.968443620669999458e-04
3.526824359120000240e-18 7.968837264779999874e-01 2.031162735220000126e-01 1.438459704230000099e-28 1.337463953579999982e-24 3.579017567459999792e-16 1.569058433740000024e-23 1.779818987280000013e-63 1.450986213519999931e-27 6.333562731140000351e-49
2.630101158229999903e-01 8.972964032549999267e-09 4.742440208190000390e-28 2.464821323810000020e-01 1.106301137399999913e-19 3.219693282520000138e-06 1.084816154650000050e-18 2.479788450310000114e-01 5.585519919969999831e-09 2.425256725140000069e-01
3.580638977500000108e-22 1.315698050059999976e-51 5.418466542619999604e-01 6.713623298150000081e-25 1.779568807039999881e-02 4.382056662400000135e-01 2.347424318240000074e-30 2.151991427439999861e-03 2.830439031640000008e-14 6.640880413380000352e-59
9.360197095259999733e-25 4.208376559099999970e-01 2.315116330729999996e-17 2.391678015519999859e-10 5.186563828519999997e-09 4.125066967820000186e-10 6.799128428959999989e-09 5.791623314520000232e-01 3.125459729210000297e-104 2.282362876909999909e-18
2.038757348560000073e-04 8.258678532870000061e-03 1.369210646669999985e-34 1.965614022119999928e-20 1.258227090289999937e-21 2.780728263800000266e-01 7.446882643599999583e-11 5.067477840440000048e-01 1.320359215920000096e-09 2.067168339129999977e-01
2.149802958950000108e-16 4.913313550510000360e-19 2.959730397900000032e-01 5.978489931119999862e-110 2.554144020869999998e-54 6.887135220510000044e-01 1.624821547199999953e-59 1.130195878470000055e-33 1.531343815869999972e-02 2.265248051990000195e-47
5.400465654179999663e-37 5.400413040539999709e-01 4.815122000450000026e-19 1.025877535780000052e-55 3.040342385809999837e-33 4.599586959449999957e-01 7.857401104740000544e-42 1.136767019680000096e-31 1.401390344690000037e-12 5.387621827950000019e-14
5.648265690940000321e-23 6.084705527599999497e-01 3.913641006820000046e-01 6.507237016519999866e-24 2.397676646439999839e-40 1.653465572700000012e-04 7.998856678639999585e-24 3.172478981499999997e-16 2.990478850140000028e-36 1.517101361700000018e-26
3.157742300929999857e-01 5.601843277419999911e-41 1.828956481499999925e-02 1.380055386689999895e-22 7.020710433860000038e-69 5.654795250490000222e-50 1.169615836459999960e-30 1.185056067089999964e-69 6.659362050920000220e-01 2.514739753560000001e-70
3.992133400630000028e-24 8.303341519549999825e-36 4.172026202580000303e-30 1.214018001639999896e-41 6.068087993880000308e-01 3.931588789939999828e-01 6.150320076060000194e-56 3.232073591300000141e-05 8.815121176419999883e-10 5.235158099819999959e-13
4.222680585909999729e-01 1.509912810680000156e-08 8.143424548019999321e-02 1.329946036579999917e-30 5.330446198779999895e-02 2.251425610320000048e-01 6.457129725159999765e-35 6.377035412800000429e-14 1.193767011510000059e-01 9.847395665979999380e-02
3.321867804490000187e-01 6.544334076820000304e-28 6.650599952129999659e-01 4.722985785609999748e-41 5.910435320790000281e-08 3.413078798589999755e-26 2.752998114500000183e-03 1.671194566570000093e-07 1.218555113670000034e-43 1.680522760909999935e-32
9.817626052599999903e-07 8.436324739470000407e-20 3.399838389390000271e-01 8.159845695340000104e-30 9.688886465920000524e-02 8.178217748899999938e-07 8.329853347710000191e-17 1.050471299349999971e-01 1.219847951439999995e-01 3.360935717379999743e-01
8.196387691890000570e-08 2.039189018319999885e-74 1.077987739890000027e-42 7.823740035359999825e-16 5.712588011110000252e-01 2.199419009119999933e-33 6.815708774899999941e-15 2.720016509540000051e-03 4.260211002340000275e-01 1.819108250239999990e-10
4.269913522609999901e-01 1.348732892999999997e-38 9.779389817419999272e-21 4.452850059879999866e-17 4.201575211470000015e-01 5.478007422249999838e-14 1.382387726339999977e-03 1.507293431810000084e-01 7.393956841259999952e-04 5.216251999489999944e-19
5.068636354220000181e-03 2.468350758240000118e-26 4.328421665430000065e-01 5.538692020669999660e-01 1.280429829869999948e-26 2.744824350229999829e-13 1.510797541499999926e-03 6.709197494170000137e-03 8.047567631889999448e-20 1.403530457120000040e-49
8.352986366869999869e-24 5.975393014400000036e-01 4.021745871119999927e-01 2.172769193129999773e-19 3.864192660029999977e-49 1.636792051120000057e-05 4.047840536519999875e-21 2.697435273439999790e-04 1.114323571959999906e-37 7.438392144890000407e-20
5.708108429910000448e-01 2.586932079459999893e-15 1.021988624840000095e-18 7.355232556190000178e-11 2.343132654869999926e-21 1.490948808910000042e-28 1.126020106779999926e-11 8.418004849060000227e-19 7.661553223649999545e-04 4.284230016019999754e-01
1.238698087619999935e-16 3.876031405029999877e-01 5.855801126719999833e-02 6.009475493860000623e-11 1.147641165699999989e-11 5.538388481589999746e-01 6.102391669919999602e-26 3.568867566749999871e-36 9.881553581830000258e-36 7.979772712270000583e-62
4.374733283720000007e-15 1.141867637810000016e-08 2.756311545619999763e-20 2.399271772169999928e-01 1.100080235619999980e-14 6.493485696190000045e-01 6.292479380590000114e-10 7.161887053759999344e-02 3.910376770619999887e-02 1.602872193049999898e-06
1.726115057810000139e-24 5.986945730270000210e-01 5.839005023780000185e-33 7.735753333020000275e-67 7.548910901399999898e-09 7.299068764259999967e-09 1.405669206490000051e-16 3.175977762220000031e-16 1.173844240399999987e-34 4.013054121249999828e-01
9.669864942970000004e-102 5.254360495750000161e-32 4.865432904089999740e-91 4.671740139480000018e-32 6.981375054499999733e-01 2.287309975300000053e-21 1.056881035149999975e-52 4.806992690360000146e-11 1.610357973740000062e-70 3.018624945019999783e-01
1.279676242430000110e-01 6.574702250659999853e-23 8.447073820630000542e-06 8.219968183210000161e-47 5.895080735259999871e-01 2.825158551529999840e-01 2.687047579240000154e-15 3.883782351889999839e-12 7.176996544520000162e-19 6.434755253460000362e-46
4.554864508709999815e-01 4.677170522579999767e-01 9.552631178150000624e-03 4.614709788790000038e-31 1.568940343609999969e-22 2.124982579759999951e-25 6.724386569229999500e-02 6.610381742340000349e-26 2.221216716490000164e-36 5.582468333360000062e-22
1.380080796730000142e-23 2.809672160809999951e-13 6.383495008380000169e-01 3.595340045300000065e-01 2.035783390320000056e-03 8.070747123430000618e-05 4.777431883029999829e-13 3.769993289820000226e-09 6.092459568540000433e-50 1.995694498709999925e-55
9.646674346830000185e-07 4.954936497849999899e-01 6.020714788830000196e-09 1.987480489810000169e-31 2.617174148299999951e-22 2.145391895400000094e-21 1.373158314250000067e-01 3.671055240289999855e-01 1.943100505959999983e-54 8.402407259149999774e-05
7.067336491679999719e-20 5.126307024099999721e-01 1.396679664990000021e-02 2.812823122050000262e-17 3.564882461479999965e-40 1.125346369269999980e-01 3.189307266449999822e-60 1.021757576270000030e-35 3.608678640140000060e-01 5.965966061219999629e-17
5.070289668680000306e-01 1.618023805010000102e-11 4.266077853859999599e-22 2.199092980879999853e-02 2.032620506990000162e-21 1.978206175059999922e-52 7.275025165109999525e-02 6.019749720660000515e-42 3.275705264599999833e-02 3.654727990100000157e-01
1.332774938299999982e-12 2.644932528729999860e-42 5.653306700889999536e-01 1.765630769520000001e-31 2.606930545389999838e-26 4.346693299100000130e-01 5.906321522310000161e-55 5.129662370300000528e-32 1.262863368860000056e-31 0.000000000000000000e+00
5.103001917019999612e-38 5.105900549930000309e-01 1.391305479989999999e-08 4.260321519489999920e-22 3.029531080169999835e-01 1.292326669759999956e-02 1.212988773600000008e-12 7.258213269809999499e-10 1.283460470010000062e-15 1.735335556519999878e-01
3.886240411329999755e-02 8.538264671590000522e-27 1.781037125270000052e-22 4.649678158600000222e-01 9.034658312899999932e-02 1.736746335740000145e-21 1.201596055429999925e-06 4.036048375519999953e-01 5.209061963300000237e-17 2.217157749340000188e-03
5.090202580730000100e-08 8.593255357339999985e-06 6.070511268120000325e-17 3.706116281030000237e-01 4.121197348209999818e-14 5.155627368659999599e-01 1.166833702420000049e-02 9.177537044249999324e-05 1.020568784610000057e-01 1.803993736320000045e-11
1.329722202460000002e-01 9.000822094830000555e-28 2.147310873610000135e-04 2.385898721250000078e-42 5.713194335010000069e-01 2.954420102850000007e-01 7.966355797180000455e-16 5.160488152460000240e-05 4.695600263919999939e-17 6.217395749230000438e-42
2.170014953880000065e-17 4.037026817780000054e-01 1.086460915180000042e-01 1.680975731749999869e-01 3.195528506740000219e-01 8.028547822659999520e-07 6.424170018000000569e-14 1.237078847519999974e-40 4.638221146010000125e-39 3.558375315689999964e-68
1.210078892570000044e-17 1.838698925460000011e-19 1.000000000000000000e+00 2.255664926560000111e-20 1.206548917529999942e-24 7.858638597170000415e-22 1.985839223819999850e-14 1.013310343920000020e-19 5.591977894339999609e-38 8.292158482770000257e-50
1.516390845530000120e-10 9.914793223000000781e-22 8.529155735909999675e-03 2.479866893529999823e-59 1.901993731420000000e-01 1.496603351630000078e-01 9.438810339179999231e-31 1.708568352389999989e-01 2.429092419849999962e-01 2.378450585830000075e-01
2.686968918889999780e-01 1.276199533890000071e-01 3.408641438859999788e-04 4.451372704730000018e-01 1.830325465019999882e-48 1.581903500919999983e-01 7.365318011480000221e-09 1.466264760710000031e-05 7.083112324249999774e-17 5.716319813030000128e-37
8.938424393990000797e-06 4.865032322589999630e-15 4.795602064949999743e-01 4.944894393030000109e-29 2.589489143619999835e-10 1.986246377090000043e-02 1.957758039699999932e-18 5.005683910510000389e-01 1.421285919380000079e-64 5.033950396030000005e-48
2.161205665300000054e-10 6.017157795399999732e-39 4.221431013279999800e-30 2.656030000499999908e-42 4.527738382889999972e-29 8.179180879439999668e-14 1.281277723610000086e-29 1.605592540540000113e-01 6.425186454360000410e-02 7.751888811860000450e-01
7.010639861179999556e-57 5.092801439629999692e-19 2.080790047289999974e-34 4.410200239150000254e-55 4.072878456149999994e-57 1.000000000000000000e+00 2.519261591410000007e-86 1.717095403840000034e-23 4.465402800339999663e-40 2.328040211150000126e-47
1.939474631950000102e-20 1.449473395719999987e-19 2.441753181860000185e-78 1.261141557270000131e-04 2.957618569589999802e-01 9.228875692330000546e-02 7.716903560040000484e-32 1.258387878159999930e-03 7.640579824560000239e-05 6.104884782849999691e-01
3.462720652950000076e-19 3.652271535869999752e-04 3.607228435400000044e-01 3.203918990489999896e-21 2.294690520470000041e-28 2.902221088260000248e-01 2.621813918610000168e-61 1.183470589999999871e-38 3.486898204800000234e-01 6.486475393089999963e-21
2.483018839849999955e-26 1.409084674589999864e-01 4.972336474599999834e-01 2.456757479519999993e-05 1.515399303949999900e-10 4.433052908550000007e-39 3.618333173550000170e-01 1.613649298989999951e-59 5.600508183320000384e-44 5.314297514519999838e-39
9.465482925040000217e-02 3.210735217780000122e-15 1.124528891139999973e-03 3.404799490520000194e-01 3.467260991709999963e-35 6.072211594729999741e-51 5.839305008039999965e-06 3.787595425890000134e-59 5.637348535020000329e-01 1.397052764989999931e-26
6.823773099020000582e-14 7.705714045899999531e-01 8.091994751300000457e-39 8.575307917580000359e-51 3.139386384420000149e-19 3.612045205690000116e-42 2.243586417360000085e-01 4.243860921759999991e-25 2.988434757019999900e-79 5.069953674439999815e-03
1.015793895469999986e-17 4.634234175720000071e-01 1.384807528199999971e-01 1.205364252290000021e-01 1.001595291999999953e-19 1.434596665190000072e-24 2.624746271840000137e-26 1.131832342539999936e-60 2.775594043790000076e-01 4.340697389390000078e-15
5.335357003899999784e-01 1.761958238040000122e-07 2.158080720040000081e-19 2.009879179999999998e-50 8.836419515889999737e-17 5.203409814880000095e-02 2.714308074579999841e-07 1.669415116960000153e-02 1.393553984969999942e-03 3.963420486800000031e-01
5.366733971510000464e-10 1.891296540479999960e-39 6.364623891479999403e-39 5.663340500899999587e-19 3.267755812199999998e-01 1.264738007550000083e-63 9.347405252920000518e-02 4.491317222030000128e-42 3.378772031380000151e-01 2.418731625760000004e-01
9.413704455290000441e-19 3.928683336029999973e-01 1.244265354360000048e-01 2.235668598370000038e-01 2.577090070379999820e-01 3.899248858889999984e-41 9.868448165229999482e-15 4.452219037949999802e-138 1.429264086749999947e-03 9.503138655469999431e-22
7.741492622239999927e-34 3.778201747450000237e-35 8.995472229620000563e-42 3.493628223540000133e-01 3.670471784000000071e-01 8.748670453340000214e-25 3.897573874299999886e-25 6.421572653069999859e-34 2.835899992450000018e-01 8.374574448640000739e-18
2.787066251310000090e-04 6.069117459139999792e-18 5.477064444020000034e-01 5.520644716319999742e-03 8.768383498579999667e-46 1.585797983919999961e-31 4.464942041259999939e-01 2.457918256229999900e-19 1.310726081069999991e-10 5.211741978529999615e-31
2.025157179500000071e-01 1.297424339079999989e-01 2.476059333030000161e-10 2.025283764659999965e-29 3.117984699439999851e-25 4.555755290699999849e-01 1.504942576419999954e-16 2.121663188239999998e-01 3.554014426269999833e-59 9.706508485899999384e-28
2.048621256769999829e-03 2.450167499610000038e-36 2.468539795680000166e-07 5.619739629340000375e-01 3.226986422060000050e-21 1.178146558360000103e-19 2.451437069029999981e-25 2.034015845150000091e-27 4.359771689549999940e-01 1.471504214110000060e-55
6.156159028710000245e-20 2.540718556379999741e-32 7.590047114619999924e-01 2.920459555610000085e-39 1.097474443960000011e-05 1.687229909409999895e-01 3.469297528359999898e-23 9.377917993839999600e-04 7.132353105340000221e-02 3.553864400669999983e-23
3.010570818390000147e-05 4.893258608969999712e-15 1.361346696870000097e-09 2.099854649590000011e-01 6.409480944539999725e-02 3.594471211399999921e-01 2.698158932170000024e-02 5.801338901410000293e-09 3.394609022630000195e-01 1.687044215389999996e-26
2.882475968229999820e-21 1.273673758999999918e-52 5.418403893719999642e-01 1.201109260040000048e-24 1.812605518700000085e-02 4.385620547010000148e-01 1.073896150119999915e-30 1.471500739989999983e-03 3.724267592029999936e-14 1.713759741229999938e-60
7.999441291000000120e-01 8.940366034340000265e-76 6.512673547590000343e-19 1.153390621920000074e-24 3.478739365399999911e-21 6.816393992099999674e-10 3.406607391509999969e-30 2.000558702190000093e-01 1.683157475709999890e-27 3.117748050899999945e-99
3.015363019899999775e-01 2.587513544040000169e-02 3.328804135529999913e-23 2.669694767310000188e-50 8.540679939450000563e-48 2.894661718059999921e-05 2.979671675869999773e-11 2.563112732050000231e-01 2.267594400740000016e-08 4.162483200420000196e-01
2.074661428069999869e-01 4.606414333589999716e-02 2.322672441250000179e-06 3.101309225239999856e-01 3.239424772940000150e-36 4.361440308760000106e-01 6.887607037319999963e-10 1.924370959309999881e-04 3.034448487969999965e-14 1.339900982550000038e-25
1.289500816030000035e-72 5.313168426160000013e-27 3.291417461149999849e-25 4.653958208650000222e-05 5.313710536829999720e-01 4.685822479410000074e-01 1.031722054429999970e-55 1.576381483690000097e-07 6.197287404249999807e-15 1.156228636240000055e-09
6.475320479009999567e-17 3.876040980470000230e-01 5.855448494990000280e-02 1.058857731849999957e-11 2.115935077320000041e-12 5.538414169900000017e-01 2.280305641250000195e-25 8.518080848800000487e-37 2.309319256160000159e-36 3.687279351409999788e-64
1.745540920929999899e-33 8.941638716390000415e-09 5.206522404409999658e-56 4.169189308049999799e-03 4.961824680729999906e-48 3.185918760370000074e-112 2.931549243930000048e-01 2.041871466150000038e-46 3.077209446490000064e-73 7.026758773579999673e-01
2.930487385869999844e-06 4.234507005829999948e-01 1.384125162720000125e-10 1.414934348559999944e-02 8.944148733760000286e-34 1.926162728329999964e-22 7.800703871880000076e-14 5.948157997249999972e-37 5.623970228929999760e-01 2.412923854399999875e-09
1.211665126049999989e-24 5.980940144490000110e-01 4.018895283030000098e-01 4.502251637289999980e-10 1.505668267299999949e-05 9.099357616109999800e-19 1.400114925510000000e-06 1.979283686450000022e-24 5.263252977729999715e-39 6.073746779139999790e-23
2.480741119000000093e-24 5.980742683919999525e-01 4.018649335789999943e-01 1.422900063970000076e-10 5.606816172319999783e-06 8.432883371630000124e-19 5.519107094060000007e-05 1.743344562899999972e-24 5.328455345659999953e-38 1.317919481559999902e-22
1.297088390259999950e-14 4.113779300989999770e-48 2.458336042580000155e-34 2.829875828110000047e-01 3.655761775969999794e-02 1.483112070869999909e-116 6.578282854710000294e-01 4.428394880600000190e-47 5.554253554069999536e-10 2.262651340279999909e-02
1.214597696110000005e-04 9.645606560049999892e-09 4.978522066259999934e-01 3.184260834369999994e-08 4.840128323450000120e-05 1.436677969200000058e-07 1.438678786750000093e-03 5.005390683779999961e-01 2.842603411619999890e-55 2.203000027940000085e-33
5.528561636140000186e-68 2.740331535070000268e-01 1.347818939390000050e-38 1.758335789440000009e-14 1.168051352349999944e-16 7.259668464890000061e-01 8.998088061089999310e-37 1.303867829360000008e-14 3.345073052910000127e-42 4.103673727189999599e-12
3.528565009440000309e-18 2.795618940649999828e-01 3.752169229650000168e-13 1.874860869920000093e-56 2.786445326409999858e-08 5.427325328160000073e-02 1.201805613910000033e-11 3.776006717770000187e-01 4.052165789990000206e-33 2.885641529999999899e-01
2.653789174219999997e-54 1.016541160470000034e-16 2.163056448959999897e-26 1.400893863369999929e-14 4.239135684140000193e-01 5.755877403119999958e-01 1.219819868619999915e-71 4.723425455749999922e-42 4.986912739729999940e-04 7.939108374019999647e-20
3.604705664819999766e-46 1.754895538699999952e-02 1.860421025739999975e-39 4.146901482679999770e-13 5.221282973559999707e-01 1.526639300160000071e-13 2.783660045019999973e-01 1.814488447189999965e-01 9.058917493509999671e-85 5.078980355779999728e-04
4.956268244929999955e-01 1.145311605920000022e-54 2.404002141729999834e-02 3.099583164500000180e-24 4.803320488319999804e-01 4.261564634570000069e-09 1.942402455520000140e-46 1.964526614790000024e-20 1.100995866869999992e-06 1.047797764119999968e-63
2.665074889169999905e-01 7.877384097740000192e-64 6.058144461009999850e-24 6.945361867629999785e-78 8.066149912800000138e-34 2.825929531990000187e-01 2.587939661259999965e-46 4.508863787149999802e-01 1.317916920810000078e-05 1.662652047939999974e-45
4.644143816719999944e-20 4.086463410370000219e-05 5.485092093569999827e-01 1.239088702290000038e-01 1.771074606240000028e-23 3.181458168860000213e-01 1.733565278739999992e-14 9.395238894739999305e-03 3.798135080030000101e-47 7.627029593470000239e-41
9.322546047019999232e-50 3.990435103580000087e-01 2.901559958789999845e-39 2.664829839439999834e-49 1.760592695890000149e-08 3.726210826389999811e-18 7.566603670659999199e-12 2.580590958630000025e-13 3.804172820899999994e-83 6.009564720279999550e-01
9.217052933499999240e-71 6.227310999229999781e-80 1.480969086159999889e-113 2.527278998259999933e-20 9.484491459860000217e-16 1.515342402050000026e-39 3.536410633180000268e-51 5.103232054459999611e-01 3.452192788359999854e-35 4.896767945539999833e-01
7.401527375920000098e-13 7.705952125530000085e-01 5.282046094840000407e-40 5.643152580780000185e-50 3.980711565389999794e-18 3.388252719129999802e-41 2.249715215549999980e-01 1.413271359410000020e-24 3.163842527719999910e-80 4.433265891830000076e-03
1.295708006810000028e-33 3.217077296299999896e-06 7.705064831749999863e-36 1.776140977319999870e-01 8.927265303099999630e-24 6.104768094970000243e-45 4.255725996250000074e-10 7.979199075790000065e-62 4.335930960389999811e-01 3.887895887260000016e-01
4.584781464170000313e-19 4.795907278569999828e-03 3.586146207459999791e-01 7.609479351789999632e-21 1.251547824830000094e-28 2.876335824580000256e-01 2.075337865770000034e-60 1.732556099009999975e-38 3.489558895179999953e-01 2.219549594090000108e-20
3.907040851630000043e-32 4.275579587449999751e-05 1.736509621740000078e-02 1.004708983320000030e-13 3.699728927250000021e-01 3.131076756269999972e-15 1.015829785830000048e-26 2.595701529690000156e-57 6.126192552610000286e-01 1.168974697780000011e-17
1.092723979120000030e-15 4.804911164239999977e-01 1.610151050760000035e-01 1.133233653429999980e-58 8.108077280069999809e-104 3.584937785000000265e-01 3.294228153129999953e-56 1.143052596530000028e-34 4.421393680929999665e-27 2.141324079139999914e-55
7.686332284210000353e-05 1.083801997309999979e-37 6.642822767700000191e-04 5.984396718860000020e-01 3.336710225119999888e-37 1.566413301960000149e-08 5.726236650799999931e-29 2.264132137350000074e-01 1.744059531159999898e-01 7.034579043720000134e-36
3.074933440399999724e-39 4.454677758030000101e-01 4.853158647429999678e-11 9.668240733909999466e-09 2.114406283580000101e-01 1.014639004900000004e-17 2.354422106409999882e-01 1.005846040019999938e-20 2.594125106349999897e-14 1.076493754809999953e-01
3.668704163689999904e-05 7.809272795009999588e-03 3.763443739619999895e-01 7.965213982749999588e-02 2.311917471639999997e-68 4.170730420669999876e-21 5.361575262400000152e-01 1.327535105160000004e-10 6.705953402620000139e-13 7.179064058859999640e-19
3.018681447150000106e-05 4.808494175390000125e-01 1.592021381209999920e-06 1.180394848049999990e-03 1.316539527249999992e-77 2.619874081640000052e-17 1.626854503980000033e-01 3.552311725050000257e-01 1.578398561599999875e-13 2.178587376240000069e-05
2.867259801230000106e-58 2.884576975559999812e-01 2.142665668720000002e-11 9.777509517109999183e-07 3.488320422250000274e-01 7.270062494929999579e-08 2.706037651840000125e-32 4.393457591880000009e-36 2.067902207570000012e-02 3.420301876699999855e-01
1.066366075730000029e-01 4.077313193789999917e-26 3.480431880189999892e-11 2.018507995749999970e-88 1.488330491719999926e-01 3.265667411809999865e-01 1.531002129129999932e-35 1.437221997419999920e-03 3.257975424089999961e-01 9.072883763330000240e-02
7.403823048739999726e-16 3.206650222849999898e-01 1.609857562030000133e-01 2.015340399240000135e-01 2.127871865759999914e-18 3.168151815870000054e-01 1.651806573170000021e-19 1.970328676780000068e-20 1.367909950509999890e-35 1.901847446010000073e-54
1.338623830610000017e-08 5.333279148589999963e-01 1.655611723500000085e-13 1.122468351950000003e-32 1.065811659000000011e-18 1.058971589109999996e-46 4.666720717549999731e-01 4.297735985459999836e-61 6.178098342330000143e-49 1.528751191649999957e-28
2.418262043230000100e-07 3.644584484180000139e-01 9.538091075049999726e-15 1.695582325910000058e-28 4.903677043519999777e-31 1.252378714969999973e-01 3.336897528870000026e-09 1.865562837680000077e-10 5.103031601490000124e-01 2.745864127800000107e-07
2.467320012470000188e-43 3.344782375320000096e-47 2.521148326970000026e-39 5.966598149080000191e-01 2.384211228709999923e-10 9.409005630680000044e-17 1.490769856330000008e-31 2.629405036570000020e-01 1.403619659239999928e-01 3.771527250810000260e-05
1.429525561420000057e-16 7.955652447840000363e-01 2.044051597600000103e-01 4.004374217089999779e-09 1.919514539640000100e-33 1.058612122919999962e-54 2.959145139130000117e-05 5.317905971919999642e-111 1.250788028809999898e-35 1.269418875489999920e-55
5.148792317300000311e-05 1.960323491149999900e-13 5.414477146870000368e-01 4.306929322360000045e-34 1.525323491140000067e-03 9.760893192439999968e-29 4.569754738979999731e-01 4.486869876619999890e-27 2.509033739540000050e-43 3.081129285480000135e-32
7.129153523320000407e-02 1.661246403249999894e-41 5.890648433289999986e-01 1.358722079439999997e-25 1.250617431269999968e-01 4.016323171139999770e-11 1.493405857210000077e-12 2.145818782689999926e-01 1.039139058839999922e-49 1.750476070910000095e-65
9.026121543449999805e-13 1.425843481020000075e-39 1.276463303770000066e-31 2.179799639359999860e-42 3.878093334310000125e-29 2.774523588029999861e-16 1.396865782339999887e-29 1.711428518470000104e-01 5.718491042380000056e-02 7.716722377289999546e-01
2.511191005889999949e-32 5.279078970869999801e-05 3.125550682350000109e-01 6.638178047070000254e-01 3.084918037499999929e-03 2.048941823000000051e-02 2.201239949860000107e-32 6.470999781340000124e-27 4.613878142529999803e-26 1.941013262149999937e-33
7.973547438919999592e-37 2.217239391640000086e-16 1.638085714350000005e-03 1.701953156649999952e-20 6.381112630959999941e-03 3.732668255659999934e-01 7.425107055349999638e-36 1.835821270820000035e-06 3.820033752379999870e-01 2.367087650290000123e-01
3.801989047859999850e-26 1.975236308139999842e-21 4.025771704900000247e-01 4.568840994059999994e-01 1.405387301029999980e-01 8.025229908100000569e-14 1.590497688729999933e-31 8.524922988550000391e-40 6.419337459379999843e-21 6.753863426870000497e-54
6.616561288339999600e-27 2.114972767299999890e-01 1.187721342259999945e-02 5.986324499629999685e-02 1.153331537950000003e-32 4.156112705830000142e-01 2.447495371779999889e-20 3.011509942669999829e-01 5.396582359290000427e-62 1.682573284229999995e-35
1.163787163149999970e-14 1.307680695549999941e-16 2.170105726120000016e-32 2.852613247070000147e-49 2.889785404550000063e-53 4.166907352189999697e-27 2.875889476699999791e-07 5.103231446829999962e-01 8.734487325639999960e-30 4.896765677280000006e-01
6.558905389960000431e-27 1.482584683240000008e-28 2.684628210369999922e-21 2.731920135909999825e-01 1.525294042500000002e-03 1.611411895279999897e-39 6.210361755340000362e-05 8.948964247119999503e-25 6.138943610770000170e-01 1.113262276719999971e-01
1.692019224909999855e-05 3.092808900539999782e-22 1.009703075319999949e-01 3.989630390399999791e-39 6.459421977220000111e-01 2.549475398839999764e-35 1.641154517349999891e-04 3.068917507360000076e-28 2.515454218229999928e-01 1.361037278650000047e-03
5.635424341170000296e-30 1.890170820299999832e-05 4.563708700069999779e-04 3.422750260290000068e-01 7.746336522100000233e-02 4.793315785469999812e-01 1.004450560649999999e-07 1.004546571800000038e-01 1.130408427930000050e-25 9.348077565670000035e-18
4.985730926870000079e-01 4.997333501360000096e-01 1.693416044410000088e-03 1.131931133320000011e-44 1.358169783589999979e-12 1.405921687410000062e-07 4.097552821799999999e-11 4.985949880059999976e-10 1.026906822800000008e-32 1.942564109569999932e-14
8.702541472780000743e-19 2.705220420620000222e-22 2.942191817119999912e-36 9.601310738230000791e-22 1.465511926030000112e-72 6.311483134900000014e-01 3.052466710939999920e-38 3.688338124960000020e-01 1.787401333049999864e-05 3.461968123899999825e-19
1.869172757439999987e-10 1.159763245839999896e-06 1.059954053510000050e-26 2.395951211429999950e-01 2.839541238390000100e-08 6.639715995849999608e-01 1.345251522089999921e-03 2.092530706520000054e-03 8.094192630869999350e-02 1.205238238930000060e-02
4.592861364599999771e-04 5.853633773260000087e-10 1.021346131499999976e-01 5.951203753379999961e-01 1.256686869380000012e-47 2.335504831649999770e-10 1.833024471799999874e-02 2.839554798380000133e-01 6.930692823979999765e-29 2.287695883420000044e-41
2.130132909130000017e-07 2.373110514299999938e-04 1.666696403029999940e-01 1.430014611850000117e-01 4.104227703109999958e-01 6.629187528700000373e-05 9.574259612329999811e-14 2.796023122619999968e-01 3.690931888479999884e-39 4.436249954229999755e-14
8.879813867000000116e-24 5.975784444820000374e-01 4.023192492150000077e-01 1.552204892860000059e-18 2.695445054629999887e-48 1.121325681210000018e-05 8.040034629359999637e-22 9.109304618810000617e-05 8.204446317400000619e-39 5.690988921339999661e-20
1.277803555719999873e-01 6.549746011269999875e-24 1.040590405019999957e-05 6.720200180739999979e-49 5.895348940669999926e-01 2.826743444450000031e-01 3.046625826599999961e-15 1.192777099400000054e-11 8.867830962840000431e-19 5.288990965369999972e-48
6.665246792400000286e-01 5.039882620139999622e-75 5.665186087279999897e-22 6.355331934840000493e-35 1.349574348980000088e-34 1.249074520080000016e-70 1.465765723150000038e-28 1.523306421900000106e-48 3.334753207600000269e-01 1.354138875970000086e-35
8.123265345109999697e-06 4.107390367879999620e-18 5.488080325530000358e-01 6.614120235769999560e-32 1.333456341640000035e-06 8.376665523180000142e-31 4.511825107260000189e-01 1.367067908980000017e-15 2.402849436769999928e-43 1.768224002209999926e-30
2.260876395249999948e-01 1.541748282630000036e-02 1.582948188650000088e-09 9.324308901400000023e-101 1.899738599519999894e-27 6.054612413590000353e-01 1.170804592210000015e-18 2.689576840670000052e-02 3.118307221429999804e-15 1.261378663000000122e-01
2.031779077910000116e-03 3.279867720989999906e-53 3.529693874020000122e-01 9.548124357490000205e-54 3.842603002359999964e-01 1.312463063900000051e-18 1.487988068430000074e-21 1.638060670830000002e-07 2.607383694779999983e-01 4.913251998989999713e-17
1.033709625760000007e-08 4.594583002370000322e-55 2.504715456639999838e-01 6.858015907200000327e-14 3.704896730630000290e-18 1.074266748999999979e-02 2.780831473170000164e-22 4.293907907999999773e-01 3.093949857080000032e-01 8.201905257800000283e-60
2.336047301850000030e-23 5.219696794549999601e-12 6.382683245569999997e-01 3.586913034700000003e-01 2.979933867160000204e-03 6.043356014199999899e-05 1.383638361989999949e-12 4.539355962459999699e-09 2.842520400719999888e-49 1.723849192269999900e-54
1.214206175980000027e-08 1.795072962510000092e-01 2.215643429489999988e-07 2.511776792279999948e-01 6.878359999299999707e-46 2.133322696299999951e-13 3.873178947979999762e-13 7.857665609149999977e-13 2.099511390000000088e-01 3.593636518119999734e-01
1.615862679120000020e-02 1.277027607339999974e-24 4.243388765080000069e-01 5.538080484199999765e-01 3.007450087909999885e-26 2.385342914539999932e-12 9.719372222859999383e-05 5.597254555909999749e-03 9.879328085119999728e-21 1.434228777950000092e-50
2.353916493830000151e-02 2.910600199689999945e-01 3.297485099259999995e-14 4.251444466660000206e-75 1.002363832230000030e-10 3.782465903860000034e-01 1.977194786840000098e-11 1.271362893460000071e-06 1.955052963810000183e-18 3.071529532230000137e-01
1.817235650839999929e-09 2.097084494799999810e-40 2.110170333809999930e-42 2.611209347970000136e-02 3.653506743709999949e-01 1.459330285979999941e-23 4.442875783249999952e-10 2.700833650639999917e-01 2.250631878809999931e-01 1.133906769429999933e-01
6.434924135549999689e-10 2.293779117269999961e-10 4.391149140119999953e-24 3.319373732310000130e-49 1.417357689140000054e-39 2.765618996659999949e-16 1.658455474969999885e-04 4.954354576710000013e-01 1.061000400950000074e-21 5.043986959080000165e-01
1.371734247029999960e-18 3.509471458980000118e-63 4.321652525939999744e-52 5.803993699699999675e-01 2.561455899619999865e-01 1.137818916050000043e-87 1.634550400679999904e-01 2.635421576309999981e-22 6.272539905090000316e-38 7.883121142949999613e-14
9.706047285950000327e-12 4.578290209850000014e-01 4.515151204119999949e-18 2.678609311960000183e-01 8.509173773890000081e-26 3.013872405040000120e-32 4.009008991550000234e-09 1.185112738160000079e-43 2.693476330680000252e-01 4.962410732690000249e-03
7.560044157250000638e-49 7.916511225320000313e-44 3.008627573870000183e-18 3.094082635939999845e-36 1.334527226320000046e-14 7.394929721420000490e-01 2.720572802670000084e-51 2.605070278580000065e-01 2.872890160020000092e-36 3.804420132699999949e-42
4.465627913589999962e-32 3.201837128439999963e-51 7.295388241849999777e-55 7.793869055440000239e-09 1.793334150650000106e-10 9.127961778949999764e-110 2.973215256039999921e-01 9.599626363290000293e-42 1.799599722370000045e-17 7.026784664230000255e-01
3.986305546740000189e-05 4.569951114250000025e-05 4.114830021609999777e-01 2.781637029820000200e-03 4.917795067579999735e-02 1.332908477500000084e-28 1.643714416779999965e-01 3.069334099980000081e-16 1.099178573070000007e-16 3.721004058890000077e-01
3.383819565339999804e-71 2.347244011399999912e-07 1.241901140149999966e-36 5.344962074640000060e-02 1.033127278420000079e-02 6.900145531589999548e-01 9.829326149480000440e-62 3.332468334099999823e-25 6.404652872630000460e-10 2.462043179450000008e-01
1.010352150010000033e-01 1.064191506909999999e-21 2.380708256720000162e-08 2.285306014740000058e-01 1.028134809010000106e-34 3.713623446470000200e-01 5.367888560959999989e-39 1.405253582870000024e-09 2.990718136659999971e-01 4.072474018329999799e-35
1.241773428210000019e-17 1.962982417480000075e-01 3.793820706860000241e-08 9.096010289889999729e-07 4.436085778489999725e-12 6.952548823640000188e-03 2.600401215859999837e-01 1.504344095419999933e-03 1.824482035970000082e-01 3.527555926059999791e-01
