5.061263894919999629e-18 3.516487620149999907e-53 9.838488589240000300e-44 2.705806249890000272e-29 7.424227985540000447e-14 7.083590348259999868e-57 1.376144824439999926e-12 5.296609147569999454e-01 4.701914400150000173e-01 1.476452267350000108e-04
5.000707061629999783e-01 1.193099596679999979e-19 4.881681295469999698e-13 1.620250465460000112e-67 1.230962125479999980e-28 4.999292938359999883e-01 3.201337259440000246e-66 5.083064710740000308e-22 1.173626110279999928e-28 4.325135150849999845e-18
5.795717740389999539e-01 1.694437246250000074e-42 9.915520589699999644e-28 3.845254479390000006e-50 4.074595607850000025e-24 1.648718270160000154e-11 2.025316743229999891e-56 1.165941948080000019e-23 1.378775976270000061e-05 4.204144381850000167e-01
9.205063414489999915e-14 1.814326517189999955e-47 2.243254493160000110e-35 4.667583732020000148e-24 1.252549575020000091e-10 4.727500835709999692e-45 3.055661511549999780e-11 5.154609633369999777e-01 4.531105043609999772e-01 3.142853214639999837e-02
1.000000000000000000e+00 6.636802131229999677e-65 6.671468137869999878e-25 1.651594006029999919e-46 1.000161753920000048e-58 3.540437180279999895e-31 3.581060809299999888e-96 4.839617293990000330e-102 4.985827672650000100e-23 2.550442087689999914e-43
3.972138755399999832e-01 2.256548127149999974e-26 1.259153655559999924e-16 3.209939487879999974e-09 2.065691406699999810e-18 1.316503688799999934e-24 4.341461227430000180e-01 1.686399984849999978e-01 1.056940227870000016e-11 1.188277743759999971e-11
3.922028000879999814e-66 1.239413387349999983e-29 8.865386101169999564e-45 3.995192537259999901e-23 7.500036190600000152e-01 1.613207617069999977e-130 1.258627868859999893e-10 2.499963808139999966e-01 3.972595214569999787e-15 2.389704270299999919e-31
4.793725651849999880e-01 1.143757380249999985e-35 3.518496638239999863e-02 4.962813735969999907e-36 4.853590584499999916e-01 8.248871982300000304e-10 1.362393454359999904e-71 7.406894581690000133e-14 8.340915720390000381e-05 5.201994088419999963e-21
5.449135916149999703e-01 1.791006934789999913e-12 6.347299138060000300e-16 3.992077795940000028e-17 7.361127806610000228e-28 2.705955648660000048e-18 3.434530375589999740e-01 2.700787994089999880e-02 6.145159877579999799e-05 8.456403928420000438e-02
1.467524410689999975e-02 1.292481873410000071e-14 1.332443824789999965e-03 5.041229051269999601e-35 2.308053824050000091e-01 3.041185870020000250e-13 1.227951771719999952e-40 2.358149388699999904e-01 5.173719904750000431e-01 3.172878556459999922e-10
3.767106434540000062e-17 4.740743283839999878e-01 2.296187209720000066e-01 2.963069506439999778e-01 3.468216827750000315e-14 4.740770770840000090e-25 6.415273927760000439e-19 4.051696699309999930e-40 2.621625330980000025e-14 3.177000660320000126e-37
9.727981158340000079e-18 4.035738016060000157e-25 1.241770699029999871e-07 1.862277024690000005e-01 5.015881244900000383e-15 8.615236154670000383e-28 1.306353406460000077e-08 3.924561448099999866e-15 8.137721602899999906e-01 3.534125681230000167e-19
6.931879705429999650e-01 1.068649811919999891e-25 3.064847800020000235e-01 1.432639430859999951e-61 4.706364603940000034e-26 3.272494542610000150e-04 3.943114527190000096e-119 3.900980025189999739e-43 1.386260387330000028e-27 1.245000080469999929e-43
1.880685461970000119e-04 1.745451831560000173e-18 8.933181632990000007e-15 1.125733300900000015e-53 3.245082170870000052e-19 6.670615453429999953e-01 3.830290846800000104e-38 3.327503859570000166e-01 2.196804289179999841e-28 1.537894960809999937e-10
1.879398478390000016e-01 1.320474392960000093e-54 1.993604295130000092e-01 6.126997226479999892e-01 3.083958056250000072e-35 1.068130739240000013e-14 9.326942099069999639e-37 8.319738520829999990e-51 1.150036824700000040e-23 2.047146867890000031e-60
2.153992077430000041e-01 1.455533196099999873e-07 3.261403086289999820e-21 9.853186086469999602e-33 8.852411204069999994e-58 2.162688718840000135e-02 3.094994776469999764e-01 1.196051557229999979e-01 1.201812555270000019e-18 3.338691261460000059e-01
2.085617616459999879e-01 0.000000000000000000e+00 6.540987718089999990e-21 3.400449911959999710e-02 6.384672021480000126e-01 1.502538151589999990e-60 1.863379911410000026e-26 4.707084182560000204e-13 1.189665370850000042e-01 5.260325271519999855e-34
3.842438710839999882e-01 1.867101256500000156e-15 1.193307957810000042e-01 7.271872397680000439e-16 3.247139865949999981e-04 2.764440596880000101e-01 7.924168976599999995e-19 2.196565594590000059e-01 1.207442445259999990e-30 2.907133418980000086e-22
6.932016620740000246e-01 3.719144323229999881e-30 3.067724912059999753e-01 4.345536022720000065e-14 3.372253773850000003e-76 2.584671991240000075e-05 6.928936416349999816e-64 2.552326500550000108e-150 5.228897402359999984e-13 1.144676772509999970e-49
4.398193615389999755e-01 6.607319538930000009e-07 1.019705888300000002e-01 1.411453249520000091e-10 4.582093885390000065e-01 2.189064828730000030e-10 1.663214188560000067e-37 4.536804994629999577e-44 6.398757673790000319e-19 4.295956987779999938e-29
5.295674274830000083e-01 2.742313869999999950e-40 1.630880871599999849e-17 3.904512900469999771e-11 4.732808510929999851e-02 1.872073124030000016e-11 1.240500715129999980e-12 2.554670678040000253e-01 9.025604948720000064e-08 1.676373292889999922e-01
2.396475298589999979e-16 2.216659585659999990e-05 4.621130302949999751e-19 2.066907833959999996e-01 8.617176365110000554e-26 2.925239510659999875e-01 5.007630989360000173e-01 1.083857115040000079e-28 1.134350259880000065e-27 6.052393199769999817e-12
1.037499469780000025e-04 1.729387744900000023e-01 4.843475513440000277e-08 6.091079841380000331e-02 5.368555257710000417e-01 8.664973808510000042e-02 1.425413645230000081e-01 3.353217845070000203e-10 3.732145223570000262e-51 4.617939425710000190e-17
9.750871191859999962e-30 6.262715693649999471e-01 3.951139985580000359e-18 7.708253018140000470e-32 2.091332118260000043e-12 1.640059221619999874e-20 1.371257571839999995e-37 2.535619749309999783e-28 3.737283484410000023e-01 8.219171712419999588e-08
8.501520979860000170e-25 6.972264991400000111e-01 7.115952016480000077e-05 3.027018035640000049e-01 5.923264437039999614e-12 9.359080162380000298e-19 5.377690597960000113e-07 7.598313526910000346e-20 3.060531451400000163e-22 3.726702203049999981e-33
6.178207902419999666e-13 8.506056627080000303e-27 8.381177769910000044e-17 1.850963081629999903e-23 1.130978267440000025e-02 3.296259743189999813e-01 8.817087557520000706e-24 6.590642430059999723e-01 1.067895837669999978e-42 7.164452956589999476e-14
2.473173142879999883e-03 2.352226500610000066e-24 1.402416311409999949e-01 4.939409783720000169e-01 1.267688750849999949e-21 3.633255220630000060e-01 1.852443240769999943e-05 1.422196997599999958e-09 1.694261411150000021e-07 9.990182809440000285e-18
7.568889362090000446e-11 1.598874925150000070e-01 5.273120657710000238e-14 2.707758265840000123e-01 1.488870364549999967e-24 1.656506844449999930e-18 4.264854955419999927e-01 2.909479433819999959e-28 1.428511066139999952e-01 7.866826454449999424e-08
1.084236341399999957e-21 1.467835406959999950e-18 5.218350323329999929e-01 8.496381098580000832e-03 9.603220359730000337e-14 4.696685865660000236e-01 3.252509971079999959e-15 1.978483713329999801e-12 9.848163394810000185e-46 8.562228519340000357e-52
3.641967977600000239e-01 2.414264650930000127e-20 6.256913891679999340e-02 3.766834134789999784e-13 8.170285612670000197e-02 3.261492869470000167e-01 1.486480817899999967e-18 1.653819202500000085e-01 3.707183903480000021e-33 1.789465669680000086e-25
1.064440216820000002e-12 2.270814231579999837e-21 6.277214397880000009e-17 1.113149947089999904e-34 2.589343426170000108e-68 2.844011661490000219e-20 1.969921350719999978e-52 9.779514681480000575e-68 9.999999999990000221e-01 5.832569495280000165e-19
3.481324169770000108e-91 4.783707286109999731e-04 5.001917692050000496e-13 2.912577453030000194e-03 4.293300521319999841e-01 1.537191358140000013e-32 3.804905400920000069e-01 1.867884595940000059e-01 4.214714363830000282e-21 2.216307493690000060e-38
3.162047182650000177e-01 5.309786032660000400e-23 2.553382306979999905e-01 1.328524935490000017e-32 3.544043383320000067e-03 2.632748808179999900e-01 1.523109025229999929e-39 1.616381268369999902e-01 1.947830130599999949e-14 1.122550681289999954e-21
1.975868624730000160e-58 3.279195969070000105e-01 2.005404372160000051e-14 2.201147103270000125e-41 1.074324730119999932e-40 6.170899765929999635e-03 6.518910771489999891e-18 6.659095033270000519e-01 2.042646860209999845e-15 9.789531918260000199e-18
9.605849495779999429e-39 2.392796601140000121e-63 2.657855032140000080e-23 3.254143148849999675e-30 2.500036211519999774e-01 6.624159590689999379e-70 1.868485920050000073e-35 7.499963788479999671e-01 4.789851054449999993e-16 4.563610904000000236e-45
6.046805142519999787e-01 6.570949222309999867e-31 3.588387554630000087e-02 3.438406716650000046e-63 2.913003825659999935e-01 1.531819534899999909e-04 4.220925146310000194e-140 9.323650474579999857e-18 6.798204568280000193e-02 7.808913564119999950e-18
6.359610167520000079e-01 1.927889754269999882e-83 6.153381774270000034e-19 6.690108879099999680e-13 3.168140924799999758e-01 2.577591943849999756e-38 2.008245514160000074e-40 5.902755342830000084e-21 4.722489076699999677e-02 1.475714393899999938e-20
8.865779320910000785e-06 2.613440091629999898e-26 2.233007338520000078e-07 2.611759177699999879e-01 5.437583860059999982e-05 3.124842015100000037e-01 4.946523373629999990e-07 8.027450325669999859e-03 3.907557181229999732e-01 2.749275270000000118e-02
2.271990375869999922e-10 1.054261073000000021e-01 5.564444192499999886e-01 3.380800073940000150e-01 5.657936446549999630e-20 4.946582848440000236e-05 1.980652201189999918e-37 8.799646150709999552e-86 2.743772558190000036e-36 4.549496924020000075e-45
7.045313609479999905e-26 8.171261805670000655e-02 3.412688330319999752e-23 1.121141254480000006e-39 4.031793950809999805e-01 2.689470555429999935e-26 4.190281147729999784e-25 1.779826959439999995e-02 1.108153518099999971e-02 4.862281820870000271e-01
5.860811539250000285e-09 3.098745064910000124e-01 5.682082098550000275e-05 1.112158963809999984e-11 2.460830988390000085e-01 3.086317625430000100e-01 8.492581711599999578e-40 1.821399850020000139e-36 1.353508388939999862e-01 2.966540254840000041e-06
1.794846171300000036e-37 2.677430098259999823e-13 3.973336983300000280e-27 6.828293419439999328e-86 1.202290907970000075e-115 1.000000000000000000e+00 7.856104482190000155e-70 4.950065639190000220e-58 5.169180429979999619e-65 9.103014938470000635e-42
4.924881898110000186e-06 2.754517277460000191e-01 7.101404587299999469e-23 7.390015916039999579e-15 3.019128419239999750e-01 3.497850870570000104e-01 4.095131690949999764e-02 3.774057085760000162e-03 1.482403168889999980e-57 2.812004439600000044e-02
3.408775627549999838e-11 4.464645379030000027e-01 3.552023625779999932e-12 1.555164630349999925e-11 4.275966479780000107e-01 2.300324787919999943e-24 2.224796419689999832e-02 1.036908498139999940e-01 1.452105061310000004e-13 5.362911023749999719e-11
1.411239932039999867e-01 1.524949862409999933e-02 2.969403952549999892e-01 5.122532128580000036e-24 7.080176810870000364e-15 8.730152440680000408e-08 1.168984478450000041e-15 5.466768099779999446e-01 9.215636048329999607e-06 1.422665024660000083e-12
7.335849929250000326e-30 1.920913572759999910e-01 5.300757074940000146e-01 6.911852017220000054e-17 8.641053667189999709e-26 1.533402964169999894e-06 7.411115054829999846e-09 2.778313944160000215e-01 2.784985518079999886e-17 1.274263054579999983e-29
8.740363147449999524e-21 1.606672262019999964e-01 1.234383804209999991e-02 2.332987038230000146e-23 3.288522707549999685e-14 4.318402518290000158e-02 1.466036534670000017e-18 3.438815915949999802e-01 4.399233183469999919e-01 6.308731096589999756e-10
2.086328443840000127e-35 5.750342917920000518e-01 2.178997920560000089e-13 6.314139820200000173e-10 3.254924353060000275e-01 1.024170499619999979e-23 4.532601503249999890e-08 4.739676696050000222e-06 9.946778438589999605e-02 7.028817028930000336e-07
1.847594914609999861e-02 1.439923014109999923e-67 2.677504314660000273e-01 1.272917921029999972e-04 2.248055282130000102e-08 1.478495468930000029e-17 6.261605313719999798e-60 3.042003575199999854e-49 7.136463051150000458e-01 1.849493211959999906e-37
1.029859828790000071e-17 1.855106589950000012e-36 1.882584589080000109e-09 1.782708701670000070e-42 3.095544448499999990e-01 4.877955219259999953e-36 1.288500820590000001e-52 3.094073761039999870e-01 3.810381771640000137e-01 1.891731948919999891e-25
5.953695534490000256e-07 9.247282902129999189e-34 8.717577956859999787e-28 4.587137704430000065e-19 5.420557729139999926e-11 2.084158141910000165e-36 3.511380286380000155e-09 2.889593819579999723e-01 3.603249441429999811e-01 3.507150749640000065e-01
1.456781465009999973e-59 2.403586327909999946e-31 9.023155749909999287e-81 4.591016701459999707e-40 1.413355367230000089e-13 4.644300443250000320e-71 7.062071982060000167e-05 1.822368047419999915e-01 3.284755576760000114e-15 8.176925745380000388e-01
7.497016872549999711e-01 2.717826244920000004e-21 6.511885529620000293e-13 1.504891522560000139e-17 2.475357135910000060e-14 1.164220858659999972e-04 5.876909387749999765e-09 2.496754191180000082e-01 2.120103502680000032e-08 5.064444623140000080e-04
4.105585713799999830e-21 4.448173285540000244e-01 4.582795774689999990e-01 1.652570549550000024e-12 4.686528678570000001e-26 9.310726473480000125e-05 2.977965452909999838e-06 9.680700874559999836e-02 7.723148926939999549e-16 3.057568558789999889e-25
8.846476335410000378e-21 4.404428466329999847e-01 5.199427196720000088e-01 3.086691072449999960e-34 6.452698255090000503e-33 5.318977838019999654e-03 2.856037400020000170e-22 3.372896008040000143e-02 5.664957763579999989e-04 1.350597474870000038e-18
1.411861577829999960e-43 2.728470024090000057e-01 1.088186199199999982e-20 2.769440941939999874e-54 2.358940685519999862e-44 2.592662712039999762e-01 3.605849160230000090e-21 4.678855092079999833e-01 3.146982687430000053e-15 1.217178489529999919e-06
8.729283434070000763e-06 2.998042309730000136e-03 4.373319867850000153e-01 2.703587036980000143e-03 4.352913174470000035e-01 1.379000401759999939e-02 7.369262864750000089e-36 1.189652258199999933e-47 1.078763331200000009e-01 3.747693540430000306e-14
5.545737602370000377e-19 1.018941235830000038e-06 3.592313000079999989e-23 6.427428094599999531e-01 1.417039986950000039e-38 5.111330668929999955e-09 3.572561664880000154e-01 2.190682126809999859e-45 5.742446303569999503e-48 4.247759992119999894e-22
9.320947822810000372e-16 6.688660327559999780e-37 9.999999999990000221e-01 8.851426454880000207e-29 1.870628480489999868e-29 1.149093557740000010e-12 4.091553693359999739e-79 1.912916211780000081e-54 5.154942620059999950e-20 1.069823488309999901e-65
4.442042087470000097e-04 7.348293089489999745e-34 6.739830483430000419e-35 1.267391501559999917e-66 2.391919741860000140e-45 3.198915446739999925e-25 2.467808538119999844e-50 6.267005976120000365e-26 4.188170857340000053e-01 5.807387100569999516e-01
1.848276100699999843e-27 7.676427343440000016e-10 9.561369521540000095e-17 3.788085384650000109e-01 7.938132001089999923e-04 7.072550995869999677e-03 2.007628451350000065e-01 3.848935944949999680e-08 1.004585657649999936e-12 4.125622129459999843e-01
3.663524407900000113e-01 1.824491047599999918e-117 2.141446086279999914e-07 4.549559368409999971e-01 1.786914080310000041e-01 2.571134898149999857e-41 3.192912202909999873e-24 1.928042287259999902e-10 2.496411573440000059e-20 1.916782837729999995e-55
3.314077298559999774e-01 1.983713826169999916e-01 8.267579067810000570e-02 2.856698283350000098e-43 1.073109780940000063e-20 1.182116848300000106e-03 2.654324580280000155e-29 3.703300332239999881e-01 1.603294228970000151e-02 4.486474140280000176e-09
1.856948842999999946e-02 7.887716766769999610e-12 2.677060164280000154e-01 9.777885217180000161e-05 1.008227468839999940e-46 7.799734219879999526e-15 1.967679548730000076e-13 6.019567456559999912e-40 7.136267162820000287e-01 2.830407642769999968e-27
1.176657841069999980e-08 2.523822568929999932e-21 3.067665911960000269e-01 3.852480725640000131e-42 3.079734902750000031e-59 6.932333970370000431e-01 9.124209677339999694e-92 5.119959942130000348e-78 2.058460213680000078e-32 3.340375894570000151e-55
3.862600782349999909e-18 5.667720997180000254e-03 6.244175665620000000e-26 1.113611698959999949e-41 4.064117192859999922e-02 3.744241076209999797e-01 6.995673601569999539e-36 7.420869215309999773e-17 8.001948980789999694e-35 5.792669994529999755e-01
2.247528676329999914e-42 2.912560212210000210e-19 6.565587462090000104e-01 5.078022944780000159e-02 1.416328924229999982e-10 1.545121637560000044e-37 1.117394527939999934e-06 2.926599068069999920e-01 5.407646738479999889e-19 4.355614076269999876e-63
5.139910387609999663e-37 6.402047508869999997e-18 3.937886644699999744e-12 1.841220424089999913e-46 5.949457539819999585e-16 6.671886636889999833e-01 6.842695549080000495e-44 3.328113345300000026e-01 1.771270566750000013e-09 5.362156473399999878e-12
3.125040302609999950e-13 3.365082071890000058e-28 5.569179014569999689e-38 1.299209723270000052e-04 3.392456446750000132e-01 2.525084033879999806e-15 2.624917164860000041e-01 4.681172865110000373e-12 4.847166025139999914e-38 3.981327178619999962e-01
1.180474869380000041e-01 5.594688644959999792e-57 1.951729080619999945e-01 1.169101557279999971e-39 5.973377391599999919e-01 8.564726557129999689e-14 1.883382913450000004e-86 1.658633275269999920e-09 8.944186418060000310e-02 1.721818579509999979e-29
6.853393303069999740e-48 1.684286439849999969e-65 9.997119508590000337e-82 7.856308667870000022e-17 5.100207639339999766e-01 3.053332167130000017e-136 4.899774040370000194e-01 1.832023180120000015e-06 5.979740265869999927e-12 2.176448157170000109e-13
1.517404747540000091e-04 2.295818830599999916e-01 2.169150849350000021e-01 1.150011223959999986e-06 2.544802474710000095e-01 7.133481626360000001e-03 1.393678207380000066e-48 8.977478022189999799e-66 2.917364124210000131e-01 2.044547273500000047e-13
1.366497291340000031e-01 3.138507823680000142e-01 1.811822700349999981e-12 1.542334005210000108e-28 4.003902402300000250e-96 9.912706876559999880e-02 1.578261752439999880e-17 3.796637778989999963e-39 4.502523327319999935e-01 1.200869979650000008e-04
1.652893108310000017e-16 4.740746251310000159e-01 2.296173826279999941e-01 2.963079922399999844e-01 4.238268179750000032e-14 9.131294547210000753e-25 1.338789787020000106e-19 3.865793122539999770e-41 4.034880119799999878e-14 3.749010167120000014e-38
3.432146261929999873e-18 1.531008780540000144e-08 2.238611128839999932e-12 9.414947624010000422e-11 4.799787828079999962e-26 6.560910636169999865e-08 2.958253042019999834e-01 1.539185685829999942e-02 6.563845706149999959e-01 3.239818730880000136e-02
1.904254315129999869e-17 4.930906881800000141e-01 1.595941641430000113e-01 3.473151476740000132e-01 1.758295243519999938e-12 5.183932442560000219e-24 1.710406530029999940e-18 8.140951766410000387e-35 3.583170547460000043e-13 4.012726859000000301e-37
5.254556238049999939e-01 1.534916484960000104e-36 5.760231706659999473e-17 7.058573231719999995e-11 5.305346647070000032e-02 2.031604439039999930e-14 4.012474052770000318e-11 2.493689851969999871e-01 1.488897304460000101e-06 1.721204355200000036e-01
3.358393400640000137e-01 2.651770384579999943e-05 1.201513369790000001e-24 1.461269443569999916e-04 7.406581483390000439e-16 7.117418036690000370e-33 4.339302268169999977e-01 3.570453360859999940e-28 9.303782165950000317e-09 2.300577791669999872e-01
1.115169531510000062e-01 3.422369641920000038e-01 8.420083022480000003e-15 1.193802322840000069e-01 2.654152096679999952e-44 4.317020187399999959e-27 1.419942776899999937e-15 9.905387786449999918e-107 4.268658503719999775e-01 1.411747394919999988e-14
2.570754549689999724e-01 1.496436055589999953e-16 2.469254429569999874e-23 1.893905194770000022e-01 1.847828982660000008e-01 4.387685301400000175e-55 2.327945778319999992e-01 4.864116031360000310e-16 1.359360322269999866e-01 2.051722853589999930e-05
4.000930418319999833e-23 4.429083689009999936e-01 4.870592006330000112e-01 2.124834750099999982e-14 1.085905196319999924e-27 2.827457135880000194e-03 8.958459024150000518e-06 6.719601487069999657e-02 8.928128472379999976e-21 6.744478952499999601e-25
1.411672301519999942e-25 4.865799994040000000e-20 5.137677158700000302e-01 3.023593099829999834e-17 2.733488226350000092e-02 1.087804466589999963e-01 2.150732784660000094e-29 3.501169107529999991e-01 4.445434633010000244e-08 6.910809790560000732e-21
8.860998007409999652e-31 3.343530877149999969e-01 2.844338376150000181e-01 3.136901117970000152e-01 6.752288574489999362e-02 6.029914882389999519e-32 1.356418926069999962e-08 2.798791610540000137e-12 6.356069857839999386e-08 4.212859319480000004e-35
5.000707061629999783e-01 1.545824143710000015e-18 2.563136127000000044e-13 2.387924406810000128e-67 7.113917251349999747e-29 4.999292938359999883e-01 6.165439143460000404e-67 4.563694694460000141e-22 1.468183370710000071e-28 2.424093514460000048e-18
6.002329934129999600e-01 4.366296127839999767e-75 3.072910146560000169e-06 2.691418710599999820e-01 1.306220626160000120e-01 3.094144546169999957e-36 1.772584677519999891e-25 1.649421566829999876e-17 2.205812625749999996e-13 2.557643656950000173e-43
3.167289413120000230e-01 7.292030298600000275e-22 2.572772102420000095e-01 7.536277929070000515e-32 1.443753931150000081e-03 2.614679297490000165e-01 1.249729783760000048e-38 1.630821647659999873e-01 5.210003175740000118e-16 3.765519304599999888e-20
1.003790488150000061e-30 2.312892203459999881e-12 6.985544647529999818e-01 4.137661821039999750e-08 1.541877503940000107e-13 2.456108785470000055e-01 9.125260868679999995e-09 5.583460619580000311e-02 9.824988683900000600e-37 1.054791837920000080e-39
2.299462301990000124e-01 1.891471145769999847e-08 1.525487328120000096e-04 3.939746780970000266e-18 1.355857904649999945e-02 1.920662678999999819e-12 2.163987119720000012e-18 7.378871612880000264e-01 1.842660724250000034e-02 2.885457439460000078e-05
1.236171994109999950e-39 3.210814364030000053e-22 2.556360081149999797e-01 5.113877543830000215e-17 5.610096818330000124e-02 7.345449217370000514e-30 1.018323219760000019e-28 2.000653262800000110e-01 4.881976974219999765e-01 2.025290080449999893e-36
1.451495719679999998e-23 8.030988122939999863e-02 7.619243944559999497e-20 4.716433603000000047e-39 4.084244743189999749e-01 7.049828076219999596e-20 2.555578739210000101e-25 1.172133430830000003e-02 6.929045282419999709e-03 4.926152648609999907e-01
1.297853378020000052e-02 9.970858030119999822e-68 2.722892200049999989e-01 8.844622841460000537e-05 7.718312716949999911e-09 2.747449343199999787e-20 1.234312390900000081e-61 1.826156092780000106e-50 7.146437922680000110e-01 7.908500939829999864e-39
8.614753628030000267e-72 9.843962996339999537e-14 2.478585951450000112e-61 1.953405170500000002e-22 2.175676717439999997e-26 4.790968142900000390e-38 7.159997305259999667e-01 2.916613846639999935e-11 3.083288587250000138e-20 2.840002694450000087e-01
1.260607252959999912e-03 1.343200847360000110e-25 2.973801307620000075e-13 5.725132047330000473e-01 2.342163066669999946e-06 8.315676446099999544e-20 1.204969619879999944e-34 1.938004697389999953e-63 4.262238458500000049e-01 5.914279621019999787e-13
7.795092934310000064e-17 1.839064489839999963e-06 4.384628913090000162e-21 1.184067699400000030e-39 7.229194743950000278e-72 3.138082933959999987e-03 4.039542855049999814e-25 3.378045026280000098e-31 6.980970517200000280e-01 2.987630262820000215e-01
2.243749972170000185e-16 9.529984928819999832e-05 1.593617127280000079e-22 6.972063264809999650e-42 3.925558707240000101e-72 2.911520764100000193e-03 1.168737797109999990e-23 1.737162698789999927e-28 6.981294826210000526e-01 2.988636967659999977e-01
2.340353121849999873e-30 4.059470772809999906e-01 5.668231521450000366e-50 1.059587199339999983e-22 7.505809085149999982e-86 1.740672508239999880e-21 5.940526559700000098e-01 6.082168840519999807e-52 2.018134729700000007e-32 2.667490962919999768e-07
9.616907848050000535e-41 3.024071868329999789e-17 6.446837442679999829e-03 8.247945743159999724e-07 2.731217726780000193e-15 6.632111679359999901e-01 1.711566667519999994e-09 3.303411681149999723e-01 3.841797424060000086e-54 1.112823868429999926e-55
6.294539261949999873e-17 5.150946255510000067e-40 6.277858311699999768e-11 5.864657026439999915e-41 3.094655072890000191e-01 1.271762805939999948e-36 2.982016817100000025e-55 3.095122917099999982e-01 3.810222009379999886e-01 6.652276352550000030e-28
2.811626476949999898e-01 7.482013780860000047e-36 2.876200986490000154e-19 1.225005734390000079e-13 3.284129727929999801e-06 4.833537619859999690e-02 1.775519948110000010e-10 3.085194320169999949e-01 2.089315115639999895e-20 3.619792597829999958e-01
3.617780242490000187e-01 2.082717384269999832e-49 3.525162415570000015e-31 9.156802866039999607e-09 4.617827507719999836e-01 1.411460499420000001e-48 3.785566115629999959e-40 4.192979648799999927e-63 1.764392158220000062e-01 2.892716837160000135e-15
2.846473278549999878e-03 1.799920576260000078e-11 9.198485990990000479e-23 4.647458885980000399e-31 4.601658605339999950e-48 4.379415898949999694e-08 3.433826207769999916e-01 3.718576596109999799e-01 2.121100963169999806e-12 2.819132025189999835e-01
1.510668667469999971e-18 4.476938761859999838e-01 4.970313814130000174e-01 4.314320963820000160e-02 9.207433424269999668e-04 1.121078942109999914e-02 4.987049045100000248e-17 1.724422633369999901e-24 2.224967152990000101e-22 8.965124841759999436e-28
1.065783250520000031e-01 8.366307906990000332e-23 2.531588778320000011e-02 2.304246030630000020e-35 3.658390110399999950e-01 1.459672980800000019e-01 1.370160919440000089e-47 3.547703574330000054e-01 1.529116813329999989e-03 3.797998214820000045e-09
6.998469613309999996e-32 1.246510839190000019e-17 6.740622257859999467e-01 1.200365193439999974e-06 9.881220661829999451e-11 2.498090059679999864e-01 2.442725192640000049e-10 7.612756753780000607e-02 4.003317003630000004e-41 2.896672827559999997e-47
7.919824331510000240e-28 2.329214470849999899e-34 2.961696047980000043e-57 4.013026674809999681e-49 8.085080628679999504e-41 5.745249386780000207e-34 1.534184101100000013e-10 3.533631042459999816e-01 1.789655035200000085e-17 6.466368956000000390e-01
2.066402648260000061e-143 4.515780347269999626e-21 8.356708088789999935e-98 1.733312316740000024e-38 1.103346961130000027e-07 3.581508744550000093e-86 2.344396353250000065e-01 7.655602543409999461e-01 2.009911315759999987e-76 2.462919982019999991e-22
1.897329616400000006e-17 1.974233323369999927e-08 2.368265495060000028e-12 2.189204888609999977e-10 8.509142648680000151e-26 5.320278829849999765e-08 2.925450719430000013e-01 1.901991320890000087e-02 6.557472745689999494e-01 3.268766711240000261e-02
2.867286257580000108e-01 1.243890918560000061e-24 7.647979069130000111e-31 3.232599848180000013e-01 1.034897397360000013e-02 9.868869091100000148e-70 3.796623412790000041e-01 4.735337877890000155e-19 1.023130426649999929e-08 6.393998822430000050e-08
2.686028623099999900e-04 2.316079270380000110e-01 2.203420035820000122e-01 7.385948469559999783e-07 2.534028330579999877e-01 2.978128678469999825e-03 6.302898414589999641e-49 4.877264546940000003e-66 2.913997661850000198e-01 7.615361822940000004e-13
4.999962140070000061e-01 4.999943009169999786e-01 8.403191481399999246e-09 9.652255704910000250e-22 7.337065137599999682e-06 1.159638921179999967e-27 6.825628500400000430e-36 6.178319969799999584e-35 2.139607359479999947e-06 8.765865667829999627e-14
4.069948462720000115e-13 1.398760220669999975e-36 6.125865744299999749e-01 6.420282554859999976e-19 1.208131792510000052e-01 2.406448538920000030e-11 7.632677196199999559e-58 1.133389032769999971e-20 2.666002462950000096e-01 5.611198597400000309e-27
1.655380061570000061e-62 8.935140296959999395e-02 2.291090348459999984e-05 5.287518018510000140e-01 1.914142713750000002e-01 5.556040211030000009e-02 5.650824539250000333e-02 7.839096539760000149e-02 4.920984894749999759e-86 2.959066465020000117e-58
5.431905954190000552e-01 2.225840608259999898e-12 2.518686724289999898e-18 4.169827412220000056e-18 1.551541267309999974e-28 6.161503684959999784e-15 3.247093676919999838e-01 5.137928135340000257e-02 1.300449627730000097e-06 8.071945508399999691e-02
7.367839789369999765e-28 8.484223682760000385e-02 4.597026525999999835e-01 4.870004017609999697e-06 2.273333419740000202e-22 7.524810649640000480e-05 3.309728673849999803e-01 1.244021250770000059e-01 3.457770471030000285e-30 1.831774132090000051e-36
1.018313164199999977e-24 1.267882513680000101e-01 3.439041165060000016e-01 5.069597221719999714e-08 3.790433290579999978e-11 3.661684346680000202e-05 2.600267488929999847e-07 5.292704601250000085e-01 2.443973153640000138e-07 6.434979426099999871e-15
7.146525041390000003e-06 7.527193654610000463e-20 6.004968724990000288e-40 2.562878245300000009e-21 3.965062389019999820e-16 1.076958462230000056e-46 1.498789006190000049e-27 1.216128822500000037e-51 2.278331203160000040e-01 7.721597331589999946e-01
7.474769961509999949e-02 2.370792665400000068e-02 7.804667827370000228e-11 1.069288452000000103e-28 3.467435208340000075e-01 1.464359923880000081e-01 5.549721712490000047e-45 8.070373670500000525e-27 4.365885134649999975e-10 4.083648599949999958e-01
8.013047488139999669e-27 2.454324809080000178e-04 6.943991333989999459e-01 4.014994724360000042e-12 6.499885919870000127e-19 9.736427063330000241e-24 9.610696054969999624e-09 9.448345113959999431e-02 2.108719733659999984e-01 2.956840292180000161e-30
1.215625047880000004e-01 6.616432293129999656e-03 1.340742691959999951e-03 4.453731093950000230e-07 1.084284780150000045e-46 4.635359611269999902e-02 4.447423175119999961e-01 7.767548242819999741e-16 3.793838104719999826e-01 1.507570506780000059e-07
6.360020496039999749e-01 9.337217556470000084e-78 7.747880831949999664e-19 5.136269986489999827e-13 3.168340699680000094e-01 1.041515538160000061e-38 1.295594861310000005e-37 2.833875413200000054e-20 4.716388042729999924e-02 9.944880450910000565e-17
3.448484287869999824e-34 4.126664298199999588e-09 1.003672010540000076e-17 8.414184664369999880e-08 4.335303956609999898e-01 2.223887869480000120e-33 4.081689825100000002e-01 1.583005335600000119e-01 1.566722735180000037e-44 1.679932062789999934e-36
1.324752237590000048e-01 1.701598143479999890e-07 1.571159160709999919e-02 3.101075211970000245e-01 5.087635099589999754e-39 2.874902722970000182e-13 7.423384389049999567e-03 2.534013213989999894e-23 5.342821088870000068e-01 4.261376772480000212e-18
2.384818207140000090e-01 4.147112345530000168e-15 2.734413782960000100e-30 9.556850448610000356e-24 4.488740007829999962e-129 7.483083331169999575e-01 4.102511435429999615e-15 1.628977697579999925e-65 2.820281495480000141e-16 1.320984616869999920e-02
6.854819978830000480e-38 2.857859991170000097e-15 2.305017896370000074e-05 9.939274687500000324e-27 3.949373164610000232e-22 8.346457307979999740e-01 5.092466969789999913e-23 1.653312190229999923e-01 6.649317118690000045e-32 4.218325319150000009e-40
1.112554612189999906e-12 6.532013726929999734e-30 8.366294809340000454e-40 1.521513715709999891e-04 3.392297252209999781e-01 1.675935183560000043e-16 2.624756245920000230e-01 9.344573181389999970e-13 1.365219828420000075e-39 3.981424988130000120e-01
1.134672203610000085e-09 1.797492556050000025e-03 8.353989688480000667e-15 6.703829666989999936e-01 6.137369476659999433e-23 2.566034990159999918e-01 7.121597524459999384e-02 6.334655799859999595e-29 1.660994902979999923e-17 6.535015419020000653e-08
6.738808217180000670e-02 1.211107500729999981e-02 3.904358590279999880e-12 3.224024632599999996e-30 3.489724592369999878e-01 1.579816068890000091e-01 5.344103564779999785e-45 7.123552807049999372e-27 6.190628128699999534e-11 4.135467766279999902e-01
3.682214167899999779e-02 2.088719133190000132e-01 3.732908601180000058e-11 5.361847405499999830e-01 2.022600283099999975e-25 2.178663829730000112e-01 1.183928185900000003e-07 1.285373636679999984e-41 6.190662912299999809e-07 2.540839824259999804e-04
2.900245387760000121e-27 7.601178121379999751e-23 4.351741274729999942e-01 9.543224707179999392e-16 1.056583652769999965e-01 1.640778208170000085e-01 2.364966078820000101e-29 2.950896862249999808e-01 2.079589665759999907e-10 2.584791802890000098e-25
2.228840426270000006e-29 3.868056157659999781e-04 2.880566103699999900e-37 3.926330447539999872e-62 1.144992840360000041e-38 3.141239780039999924e-10 4.622683858090000415e-16 7.916822130330000151e-01 8.353190157649999950e-33 2.079309810370000011e-01
5.460474557140000407e-01 8.810214164219999787e-08 1.328413712430000059e-24 8.680230200749999847e-02 1.332792202770000070e-10 3.701923597160000046e-10 3.575969039740000133e-01 1.621381396570000046e-30 2.082408165230000055e-33 9.553249699219999377e-03
2.674192333809999877e-01 7.102620416169999618e-02 1.159634595359999991e-34 6.665632233519999661e-17 3.581298153839999972e-39 1.589220032210000022e-01 7.529556745350000256e-10 1.755059563669999872e-55 1.893564953179999912e-47 5.026325584830000359e-01
2.143358475059999879e-01 1.648179524809999870e-04 2.161741397209999971e-01 8.549250938310000399e-24 5.227764364599999770e-15 1.809197494230000097e-04 6.071089151379999904e-16 5.691442457800000021e-01 2.929172831309999940e-08 1.097632880769999955e-15
3.322317584019999802e-25 2.374882299380000061e-01 1.012001829839999927e-08 2.508775636900000142e-65 1.133179578609999990e-32 2.203643963509999970e-01 3.476589151260000162e-48 3.060893132669999895e-09 5.421472803119999906e-01 8.021685851309999895e-08
1.591261852380000065e-16 6.740972190739999503e-132 3.950345254300000053e-02 2.005124323109999936e-30 7.386824615000000538e-01 7.085548503129999822e-31 2.172755458409999950e-76 2.218140859570000012e-01 1.478691807899999952e-16 1.237400708469999883e-69
3.615820127609999934e-01 3.010061807320000103e-106 2.862677399470000133e-16 3.430950867279999818e-12 4.617558641660000074e-01 2.537638744599999925e-44 1.333541656630000054e-43 5.700666575210000237e-21 1.766621230690000044e-01 2.593849784410000023e-27
5.047707730949999703e-45 7.974365427549999541e-09 4.401204774660000263e-01 1.587543891970000101e-03 1.923702385349999992e-20 6.353409594480000476e-13 1.786727465949999871e-01 3.796192240719999944e-01 3.055592125919999766e-36 7.088234304660000552e-57
7.194811255349999642e-75 6.456224484350000514e-01 3.770818841369999927e-38 2.550892359440000218e-44 5.936923167200000155e-17 1.440824958119999897e-22 1.358168139469999934e-15 3.179381981320000272e-01 1.549597565290000076e-10 3.643935327810000208e-02
2.185981981569999994e-20 1.267572848690000087e-01 9.711427013069999850e-03 4.420618447470000369e-22 1.615681773430000093e-13 8.110172063289999844e-02 2.093930256439999996e-18 3.431147307560000193e-01 4.393148360140000097e-01 7.141732638619999572e-10
7.494351270310000146e-01 2.411267757700000039e-20 8.812654581709999456e-11 2.191066385459999915e-16 1.974886327219999955e-14 5.891875381350000166e-04 1.431544305600000015e-08 2.494555586999999963e-01 3.620586321459999869e-08 5.200761219170000000e-04
2.148916810959999895e-19 3.416706466980000134e-01 1.244537395240000038e-01 3.449610715759999779e-01 6.708579458089999662e-15 1.889145422029999966e-01 2.126626609229999958e-19 7.699095285180000345e-42 6.111127655960000014e-45 3.692276031160000193e-39
1.558992698480000008e-38 5.002018101930000293e-01 3.993166783909999692e-27 2.115921902119999871e-113 6.393313335239999838e-148 4.997981898070000262e-01 1.672498572639999917e-51 3.918687704140000211e-26 1.365059260640000078e-35 2.277113740180000107e-20
2.514342260679999774e-01 1.010898120470000046e-20 2.609038799170000101e-06 1.254180139489999991e-32 2.487102456560000008e-01 2.485459393120000027e-01 6.050386937950000404e-40 2.513038055879999733e-01 4.679664754690000242e-07 2.706371042170000176e-06
4.536293611299999778e-02 2.702251235420000119e-01 2.787789951200000063e-26 9.168424964270000404e-38 6.136219768730000392e-14 4.229291067979999985e-01 1.174871834720000006e-27 8.023168839770000649e-24 7.457547058289999543e-55 2.614828335470000265e-01
1.254072283850000136e-01 7.410218682679999916e-24 4.379018550459999881e-01 1.405079488240000083e-15 3.287396842029999960e-02 7.600929979449999596e-02 3.808176001160000177e-22 3.278076483540000030e-01 6.244996183309999563e-28 1.709926233169999917e-26
1.369169958200000119e-20 4.413300472769999816e-01 5.207182661639999655e-01 1.659331996940000004e-35 5.151969064479999896e-33 4.229571925599999969e-03 2.690780045399999796e-25 3.360968477989999953e-02 1.124298537880000063e-04 1.306200983350000060e-18
1.987437557050000049e-28 4.928377285290000201e-19 7.988407060579999832e-28 6.106146818979999447e-01 4.593614376699999696e-02 2.312434272599999763e-16 7.307699406840000023e-02 2.924730307310000223e-11 1.506806413079999989e-13 2.703721802380000261e-01
1.812631803519999994e-29 1.920805851949999865e-01 5.300737710349999743e-01 1.333859776269999976e-15 4.962488309040000147e-26 1.033656537100000012e-05 1.140159712180000034e-07 2.778351931890000182e-01 1.585682407419999875e-17 5.502274093659999722e-29
5.305697009509999784e-01 1.175699004439999957e-38 7.721269372129999238e-18 1.315719850580000109e-10 4.590776177929999785e-02 3.256116742589999756e-13 8.612563978739999680e-13 2.569538411830000202e-01 2.807450350889999867e-06 1.665658885029999980e-01
2.898753077060000000e-33 6.821430994100000273e-10 2.808915915329999786e-16 1.317014704850000080e-07 4.335229228670000046e-01 1.259601607659999967e-36 4.081611183819999766e-01 1.583158263670000065e-01 7.814592729939999820e-42 4.715861105399999958e-37
2.998527790089999812e-01 6.312582453039999670e-40 1.276788973710000043e-20 1.690732918999999926e-04 6.158813544629999481e-04 5.302543943650000428e-04 1.042101129179999995e-02 5.535626919499999632e-01 1.295637411200000071e-23 1.348483087079999920e-01
3.971108879489999749e-35 2.554423088789999907e-01 1.119243919660000064e-35 7.209969611819999931e-20 4.259855788749999981e-54 3.104227966849999992e-19 7.445576788890000408e-01 1.282625634950000031e-28 4.242624459779999734e-23 1.223128579450000059e-08
8.238200473789999950e-21 4.157853540570000041e-05 3.789459168170000257e-26 3.765865410520000123e-01 1.300249352679999921e-13 7.341219146260000296e-39 9.433327046110000805e-06 8.281465099049999741e-37 6.232969376600000500e-01 6.550942536719999907e-05
1.064074470670000050e-01 1.738377321729999920e-28 1.010818176549999918e-05 3.271880863829999999e-49 3.042487058930000154e-01 3.172101955959999997e-01 1.069452886939999985e-63 1.745869295059999937e-01 9.753541271729999906e-02 1.201039891570000011e-06
2.065594375190000089e-22 2.340380657479999870e-16 2.272518667140000146e-74 3.986368816079999767e-35 4.242842043590000103e-38 1.156262508819999988e-41 7.956007971599999840e-01 5.839792987319999724e-16 2.649723601200000110e-55 2.043992028399999883e-01
1.475737967029999889e-70 7.168921485949999450e-01 2.697448572460000105e-35 8.163194717090000486e-23 6.296608483219999759e-38 2.671067234290000137e-20 2.831078514049999995e-01 3.754266075410000280e-15 8.577410261570000020e-72 1.619013566219999895e-34
8.852493035410000558e-31 6.649097961230000339e-09 4.685497766420000260e-28 2.394829158009999916e-30 6.891815820100000156e-01 1.177876914069999940e-48 3.466653090910000104e-20 7.132318450329999974e-04 3.101051616270000255e-01 1.786885812570000085e-08
1.088791927759999985e-22 1.481642857340000055e-12 4.325956274539999868e-01 7.980122190069999428e-05 5.673217538260000303e-01 1.716638509969999983e-13 9.152329502480000598e-39 2.436137890109999920e-43 2.817496619299999841e-06 7.306649708350000219e-31
5.803651664169999762e-04 1.082679180320000079e-31 9.083689901789999248e-22 7.415302034710000102e-14 2.502557459650000091e-07 4.156118161019999966e-30 1.657610318220000046e-07 2.889356339449999922e-01 3.598385713059999991e-01 3.506450135659999745e-01
