1.710171492450000050e-07 8.836153745209999712e-39 8.612353228329999924e-44 8.719490604420000619e-40 1.207903792640000057e-01 1.135785209029999980e-65 5.088155194200000286e-01 5.274949411429999595e-28 3.703939302989999738e-01 2.782943811249999991e-71
1.280677885690000017e-01 1.596533885349999959e-01 2.132825290200000001e-01 2.496877410920000091e-12 4.416483857109999964e-70 1.176962886910000033e-01 3.384040225050000141e-28 3.533051989379999857e-40 1.345378314960000004e-06 3.812986598040000175e-01
5.664105458299999452e-01 1.376730711489999870e-01 8.952525395959999649e-19 1.498296464029999984e-36 1.179846707150000046e-66 2.959093128509999726e-01 2.808789544789999779e-20 2.345444367480000034e-33 2.014494024470000008e-08 7.050025697520000079e-06
1.411105964849999937e-14 8.582349923699999924e-23 7.352909795490000447e-17 4.618913335699999697e-33 6.229765487950000018e-21 3.885063867829999795e-01 6.114936132170000205e-01 4.695304272760000110e-49 4.693647970139999917e-18 1.082056348250000051e-60
4.772797077400000032e-01 3.982154235219999645e-37 2.087618427969999968e-01 1.675194200390000117e-07 5.738332039570000307e-63 5.882729797329999677e-02 2.687608311420000077e-57 9.783459583679999618e-103 2.551309839709999805e-01 1.440102977159999955e-13
1.282959362599999931e-01 5.434443730779999641e-07 1.275497221000000125e-01 1.305976996819999926e-39 1.951713210910000063e-23 1.750522254569999991e-01 4.460534494799999750e-01 4.548395872460000275e-21 1.230481232580000056e-01 3.104799951960000027e-28
3.657000475129999773e-13 4.730234951529999830e-05 6.767064253849999766e-03 4.204883085669999814e-23 9.931856172870000554e-01 6.421479339960000228e-10 4.918357197500000116e-20 1.546693443339999909e-08 2.813122739680000047e-55 5.741115989140000209e-48
5.440055961330000356e-01 4.240651011790000195e-04 7.292659865950000238e-04 4.548410727750000215e-01 1.489447441740000037e-21 3.836644174719999852e-12 1.164468308549999988e-21 1.237549636140000070e-33 2.246803729450000103e-20 3.970992834489999741e-26
6.519777861060000290e-35 2.291658459449999895e-86 6.691643050829999976e-20 1.806916054269999961e-01 5.926169596679999935e-05 6.203407232759999767e-13 3.686464108220000035e-02 1.077262000989999970e-56 7.823844917940000476e-01 7.274471465839999456e-42
5.727046462510000380e-01 9.289681995620000660e-03 3.489050731059999966e-01 3.279251704870000175e-41 2.372287537899999759e-13 1.046698721239999929e-87 6.823194424459999798e-15 6.887781290910000020e-02 2.227857385299999884e-04 5.095825770789999800e-50
4.154418089680000346e-58 1.238235527739999962e-43 6.893519788619999478e-01 5.061524447739999542e-07 6.403801715040000064e-02 2.466094969289999994e-01 9.925604464810000357e-43 8.909395794590000121e-10 6.435999733959999926e-45 1.532453218340000132e-11
1.675738797970000027e-01 3.124157297240000056e-19 5.061073545669999563e-01 2.820645896449999949e-11 2.140526493409999897e-01 1.700280898620000029e-09 1.122660812740000069e-01 1.107110054170000043e-34 3.329206252700000204e-08 2.850208662279999898e-58
3.836082948030000161e-01 6.795690716809999597e-16 5.724335914479999898e-01 4.395755844230000292e-02 9.367233427310000007e-63 9.586227779309999910e-15 1.169706865149999899e-59 1.077485167830000021e-61 1.270163517719999961e-07 4.282896371519999953e-07
4.543281545080000046e-23 8.120680645400000669e-18 8.396409939919999196e-28 4.987928653229999898e-01 1.816280091529999980e-35 3.860438485529999776e-04 1.189690870199999924e-03 3.073602525050000170e-30 4.192734217689999743e-09 4.996313957649999860e-01
5.953578614879999620e-01 1.727761826950000084e-12 2.903743901400000077e-02 3.477711931790000155e-01 6.032124193450000557e-20 2.783350631690000021e-02 3.970055806219999969e-23 1.034933993000000031e-50 2.591953619690000087e-22 8.556095858629999887e-34
1.736562010599999945e-19 5.928094759239999477e-14 3.470381397439999839e-23 6.600985925750000482e-48 3.759621830810000003e-34 2.418029455959999903e-23 3.990187369889999780e-01 1.065016757070000016e-03 5.999134280079999604e-01 2.818246074229999964e-06
5.641602664299999459e-01 2.700204201570000055e-33 5.578744294329999584e-59 2.306761932550000059e-15 1.261561472599999900e-01 1.619839468719999967e-02 2.934851916230000191e-01 3.056491800509999847e-89 8.494883518989999780e-37 7.369414545489999661e-106
3.545543879370000040e-01 5.281328151169999846e-02 4.038832124470000044e-08 1.941420376709999951e-01 8.418885029579999633e-28 6.948368270959999790e-53 1.650379889969999972e-28 7.985419220249999578e-10 2.434753208060000118e-01 1.550149308880000021e-01
4.280629769500000070e-01 3.115131084619999984e-22 5.719370230000000443e-01 4.172996950830000081e-11 9.647215717220000544e-83 7.834284641390000066e-12 1.595429313690000097e-84 3.346561977239999835e-98 1.365973754039999963e-16 2.218986990329999897e-17
7.169552425030000050e-09 4.507594001650000212e-27 2.994753701530000201e-01 1.146736391529999954e-01 3.426943234749999958e-15 4.711234703750000197e-01 2.916787698629999910e-57 6.299619996580000437e-31 7.952402710389999531e-17 1.147275131500000017e-01
6.666526885569999950e-01 3.332357563950000268e-01 6.897126124979999874e-63 2.775600336480000002e-89 1.532203328819999882e-44 1.481498244120000043e-12 1.115550470170000057e-04 2.959790163899999879e-21 1.654909162200000041e-22 1.900060815540000041e-30
4.585092712749999909e-15 7.529665643760000206e-14 3.962389683150000230e-48 1.201057060529999971e-21 3.427057252190000153e-02 3.971607359100000068e-01 1.422571839929999936e-02 2.839206693770000012e-01 3.033341185029999941e-19 2.704223037919999961e-01
2.133973306589999918e-08 6.300770253740000576e-20 3.624994179269999899e-21 1.598682874729999981e-01 4.101590604850000044e-01 1.332340109270000051e-16 1.283585793369999927e-18 1.056482621380000076e-06 3.184364038200000143e-09 4.299715710359999776e-01
1.832703245780000066e-28 1.089975548750000004e-29 4.119844740529999827e-01 6.906982098119999635e-14 1.840031217040000057e-13 2.159729469190000028e-71 1.647114820479999986e-52 5.879512711259999858e-01 6.147229001290000373e-05 2.782530836120000095e-06
1.719312763009999960e-32 1.892679901209999972e-36 4.119609090540000129e-01 2.417350370959999854e-11 5.168577848629999625e-12 2.185960446479999913e-64 9.064601345629999139e-53 5.877994947510000179e-01 1.752058210969999969e-05 2.220755842140000025e-04
1.394095037439999921e-13 4.998756234169999813e-01 1.231236708150000055e-47 1.191978916429999979e-04 3.434428014230000139e-18 6.811555970609999827e-27 4.999043025670000251e-01 9.381564973290000521e-05 1.162393797689999944e-20 7.060475094270000290e-06
4.465994883129999627e-21 1.325326045049999961e-04 5.465632493559999578e-06 3.271309475529999844e-01 9.939477636989999840e-76 6.727310542100000124e-01 5.778686307939999598e-29 5.735675134380000223e-77 1.689320192559999966e-44 9.622771832680000229e-28
6.813695771980000132e-78 2.755576746959999781e-50 2.244271404929999991e-01 5.955441341330000050e-34 1.563307641209999972e-04 7.754118177359999864e-01 2.620512033430000161e-06 2.090495560300000143e-06 9.461746064450000115e-27 5.175931984439999831e-30
1.253557783669999912e-24 7.361701683779999783e-01 1.815051251210000050e-01 1.995368293699999906e-17 3.961222660689999711e-111 1.351487873919999914e-19 1.512608239300000047e-67 8.974634643040000377e-33 1.583537946799999989e-37 8.232470650159999515e-02
2.678360630730000080e-01 4.409548345939999781e-01 4.275014009819999762e-05 2.392500084440000058e-14 6.182564594600000579e-45 1.531984765990000025e-02 4.190386628870000071e-17 2.592118962910000000e-23 4.908156216020000389e-04 2.753556889120000184e-01
4.254086291690000188e-01 2.202721703589999856e-17 5.677717219040000485e-01 7.907886518429999747e-49 2.270577959980000061e-29 7.893894402949999920e-57 6.853609263139999613e-34 1.350435669799999886e-32 6.819648926279999954e-03 9.276281427929999534e-59
1.853855289979999961e-60 2.350079177179999884e-27 2.909332535930000115e-20 1.050862946619999932e-05 9.345567609639999773e-01 8.253333333820000431e-58 1.640832768180000045e-25 6.543273040670000151e-02 7.264430190309999630e-55 3.577213796990000194e-31
5.208814700440000090e-12 2.252088759820000119e-01 1.477562533519999888e-01 1.146915290100000012e-01 1.265850324400000123e-63 4.620447418449999955e-01 4.580735471249999605e-28 9.395942463359999800e-40 1.938704345590000146e-20 5.029859980609999864e-02
1.898170096050000097e-32 1.528246868420000126e-01 2.195731067639999862e-17 5.421051747020000314e-10 6.462268069119999551e-19 6.166124499300000102e-55 3.677354598440000233e-01 4.794398527720000192e-01 1.686805582169999911e-24 6.143717666149999763e-25
1.648846392359999913e-27 1.071982508500000042e-19 3.227431310210000047e-18 1.729349119499999921e-01 4.334093007690000277e-01 1.235278865390000067e-77 3.936557699170000202e-01 1.736404168739999868e-08 2.324889564880000231e-16 1.928092995189999878e-48
5.932686016979999977e-01 1.209171039679999941e-02 3.946392731389999908e-01 4.147661335850000252e-07 3.574709441260000222e-54 7.746007879870000065e-38 6.645564883349999756e-55 1.192148276589999933e-36 5.790053944790000063e-15 1.266093091099999962e-13
1.000000000000000000e+00 4.259981253529999852e-31 1.430397694629999944e-50 8.802098296089999242e-74 2.671702241829999950e-45 7.046723717409999721e-62 2.744257384099999928e-43 3.315202112960000240e-69 6.762878423029999552e-24 1.336890449479999914e-83
3.715996935059999728e-01 6.284003064940000272e-01 2.994684180300000066e-43 8.290268771629999740e-79 4.405678089359999792e-53 2.068214513979999886e-26 1.304502892880000092e-24 3.919141108250000250e-32 1.845958662049999915e-31 2.790297078830000036e-40
8.321841046089999972e-29 1.700768466200000065e-19 3.542157440300000015e-01 1.993362645960000124e-01 8.284613311629999379e-30 2.473673491030000116e-01 8.330648652499999916e-90 9.762118043419999944e-29 2.689798161429999977e-55 1.990806422710000023e-01
8.918758017430000126e-29 1.923281677660000103e-32 1.086433992299999911e-03 2.792504788590000064e-02 4.830550626880000253e-01 4.141478657510000177e-30 3.077087223419999814e-21 1.429437571119999972e-01 2.502264438399999791e-01 9.476325448160000109e-02
2.136952754820000133e-01 2.234393786230000211e-06 1.505311363770000035e-02 5.108675718080000344e-02 4.514386235260000278e-08 7.326602414159999697e-57 9.524057080520000012e-56 1.455698678390000000e-01 2.737043718760000011e-08 5.745926789530000356e-01
4.480474231319999882e-30 1.398305926329999893e-01 1.080537049629999996e-01 4.875506356479999970e-02 1.314502628720000084e-143 2.900028758699999916e-58 8.513525068429999541e-60 2.984755055329999755e-38 1.019783864120000058e-24 7.033606388390000186e-01
9.195451321019999398e-12 7.861629794400000234e-15 1.450955092879999888e-51 8.569902453000000485e-33 1.523550904889999885e-14 7.639252157219999582e-16 2.393484390329999987e-10 3.331523794630000257e-01 2.151807214889999907e-11 6.668476202669999520e-01
2.665194808670000133e-92 2.862508608630000065e-105 2.613318960070000060e-12 5.217670160070000396e-01 4.782327836959999745e-01 4.747454611470000493e-10 9.637086407889999270e-21 5.153317819119999516e-16 9.621305049980000399e-17 1.998202718719999868e-07
1.058426774439999918e-64 6.749468166970000254e-84 4.639057871109999786e-05 6.465159677980000241e-01 4.963076892309999620e-03 1.542565668220000029e-32 7.864979205680000529e-02 1.695034177679999974e-25 2.698247726740000130e-01 2.612562279089999919e-36
4.930299100220000017e-75 2.898080893449999865e-11 4.616103893810000192e-01 1.747917553270000035e-01 2.103064035350000029e-35 3.635977094569999846e-01 1.458054910270000044e-07 9.092572796689999587e-17 4.310014537009999727e-53 2.646523791140000138e-19
4.131366003589999808e-21 6.731153321399999667e-01 3.551065225160000144e-02 7.812165278309999671e-73 6.022178971079999938e-41 9.792139994100000293e-86 4.301172684970000227e-22 2.913740156080000254e-01 1.727906131020000110e-21 8.639131997969999304e-49
9.240979195220000196e-36 1.277440413079999970e-30 1.699119506869999907e-01 1.983048564440000050e-01 2.834096649219999819e-01 4.238081138409999759e-37 6.496299286909999825e-26 3.483735279069999913e-01 1.178932607999999981e-11 2.810704194049999916e-11
6.111043915039999774e-01 5.989017032000000493e-08 2.594611424409999905e-03 3.743345343860000063e-01 7.203184549900000294e-25 1.196640279609999941e-02 7.183754834410000427e-30 1.063243168690000038e-51 2.088975598429999869e-25 8.967989776920000532e-27
1.194254996740000006e-08 1.117196587720000007e-15 3.417259069749999933e-01 1.481620490040000127e-01 2.836788962230000211e-01 1.743048475530000037e-08 2.264331184249999962e-01 8.086615551939999514e-34 7.064891118970000355e-18 9.048973849749999956e-57
4.595548803519999836e-01 1.181726613579999974e-29 5.148445626310000267e-52 7.352493284579999929e-71 2.991950470589999859e-03 4.170830074790000049e-113 4.353934215730000112e-02 4.989166464950000042e-15 4.939138270199999736e-01 1.054944255719999948e-79
4.226346962609999975e-27 2.635489734930000150e-37 1.819563559530000108e-33 1.511059499879999901e-35 2.658369469529999959e-02 1.854174008089999881e-01 3.422126629269999776e-01 2.301005333810000053e-01 1.779271166270000037e-01 3.775859156119999727e-02
2.032257776100000015e-06 1.703951951899999957e-46 5.452304189740000019e-32 4.279567578330000233e-01 1.913099270819999932e-21 1.477060472419999967e-04 5.324015894490000278e-20 2.363738299400000085e-73 5.718935038619999967e-01 2.308953367380000218e-16
6.658107630120000322e-20 2.949599931299999931e-13 5.499655248560000320e-01 3.073287814070000309e-08 2.187704167079999925e-23 1.665661138159999932e-109 5.816328781020000341e-25 3.636356740989999947e-01 8.639877031140000274e-02 9.341824678280000080e-17
5.259195412300000123e-57 6.367231775460000139e-03 6.985837853049999824e-01 2.654741858900000118e-07 4.034368225970000037e-44 2.950454469520000234e-01 1.298954769969999880e-13 7.996088705040000089e-11 6.448837539180000015e-44 3.270413747370000145e-06
1.189019001380000008e-24 3.526605082340000252e-01 1.692555972889999944e-13 2.776061546990000144e-33 2.344793032100000121e-45 7.490473573680000121e-130 1.515181619769999877e-14 6.473394914619999829e-01 3.039058612229999791e-10 3.945637158469999825e-28
3.612920440549999834e-01 3.291077385210000039e-01 7.857003412439999312e-06 5.428890327629999710e-26 1.398286064240000027e-11 3.233301637919999916e-29 4.558310541109999904e-91 3.095923061479999849e-01 1.536064557680000043e-38 5.425925378850000028e-08
1.311398752809999901e-01 2.049657648440000050e-17 1.430644451810000069e-13 1.100248310749999958e-01 4.092406029860000127e-01 4.060027649029999790e-03 1.019257040890000041e-20 2.481244930269999947e-13 4.825978159710000074e-06 3.455298370309999867e-01
5.547192190689999423e-20 2.002684676549999928e-10 5.151990380550000026e-01 4.848009617440000030e-01 1.319025535180000086e-75 5.830991452640000447e-13 4.830093009960000221e-89 2.482664226879999958e-70 4.262509333099999837e-56 2.498412736889999998e-16
1.304486373350000061e-01 2.949905821430000019e-01 2.105417060139999980e-06 6.069873166300000153e-64 9.409509512659999739e-33 2.017810138919999956e-05 1.037727995770000022e-01 8.150013077599999193e-12 4.707656974180000065e-01 1.287355777489999988e-20
3.255834650959999960e-34 8.298955585779999578e-14 1.092227550440000047e-56 2.352585914279999949e-06 2.420436478259999913e-01 4.793124327270000262e-01 1.068474540589999938e-01 1.774377105410000072e-02 4.217932242739999730e-40 1.540503417490000082e-01
4.481317288839999913e-01 8.664248351029999661e-40 4.622140240570000051e-27 1.703767972680000076e-01 2.480563064070000039e-03 3.789030827020000158e-01 1.078280812580000015e-04 6.505868116999999723e-90 1.642807509239999985e-15 1.470155865100000040e-74
1.248303830110000089e-44 3.496103470930000251e-48 1.467450866989999936e-02 4.224113716199999757e-01 1.777654504309999914e-15 4.635637272859999781e-41 2.771285186409999818e-16 4.607969588039999961e-20 5.629141197100000493e-01 2.237778810220000034e-17
3.732246859259999966e-09 3.131925096350000262e-42 6.264598879039999790e-01 4.546412175870000206e-08 1.442494321930000035e-05 2.586227487730000107e-01 9.885043440730000579e-09 4.418791849760000045e-60 1.149028792990000047e-01 2.926175264970000008e-50
3.481838746999999698e-33 3.521439818259999854e-01 3.513463795519999877e-01 2.504219088509999912e-18 3.413156157910000123e-273 1.588648669990000113e-23 1.471814180840000019e-103 5.577965116819999994e-51 7.587075306240000337e-57 2.965096386220000269e-01
2.795094012959999950e-07 3.838890894029999750e-09 5.342293673180000359e-53 6.547475718550000624e-33 6.770069280060000279e-16 2.581561724009999974e-20 3.456936899579999769e-10 3.331764341299999765e-01 1.637824768980000006e-10 6.668232820120000293e-01
5.136374407840000163e-22 4.442927199369999708e-12 4.225203033080000004e-01 2.098923549360000029e-01 3.673795390119999893e-01 7.758026843579999549e-14 2.078027396329999883e-04 8.883047495470000255e-22 1.859843074780000080e-39 1.054355687629999991e-59
1.171155329979999941e-30 4.492772545200000023e-01 2.520405487380000151e-30 4.276946031109999935e-01 3.709094877600000299e-27 3.413455596820000034e-22 7.953811817140000388e-09 5.932133498300000109e-06 1.657331794109999965e-29 1.230222022809999982e-01
1.516824755810000092e-01 3.232421682530000237e-08 4.510303664320000220e-85 6.478767762489999757e-34 1.423010213900000043e-02 1.974058058010000061e-01 3.532837817200000230e-01 2.344635444959999870e-01 5.117931632530000303e-17 4.893425793870000151e-02
6.121739750379999734e-01 1.275979363810000045e-01 1.138019465559999911e-18 2.556302664589999996e-01 4.596137352229999647e-03 1.601935478869999923e-15 1.684769076490000091e-06 2.062070179979999883e-19 7.902424046679999578e-30 2.294941886450000005e-35
1.041569629830000029e-61 3.915471645900000139e-130 1.942947061190000015e-130 2.546782580810000217e-75 9.999999999949999996e-01 2.806188909270000162e-52 4.752847908460000103e-12 1.875393625580000076e-44 5.907578977670000386e-39 5.951185093380000559e-110
1.951516552679999905e-01 1.949822590960000046e-01 2.487727198259999939e-01 9.638285490920000320e-21 1.716968245309999944e-16 9.499199834510000483e-19 3.264982610589999967e-86 2.147793162789999905e-04 4.269584072009999921e-35 3.608785864940000088e-01
2.514685394900000056e-09 5.290374615289999971e-02 5.796876760329999767e-01 5.297232891699999961e-51 8.376858542359999682e-52 2.213674337709999884e-01 8.575063641560000226e-10 1.147862685439999978e-15 1.460411109950000008e-01 2.967593881020000138e-08
9.108181366130000247e-59 4.231888682089999721e-45 6.909253607580000400e-01 4.289687590710000029e-07 5.519075768929999903e-02 2.538834512790000275e-01 8.169053886990000171e-42 1.302789375329999997e-09 2.433131216379999947e-44 2.518866707089999960e-12
3.618643190640000173e-01 1.201348461720000080e-02 1.655564395460000122e-05 1.797685234680000069e-27 8.374077556439999308e-12 3.409609629739999848e-99 1.130893077999999960e-14 3.583765156020000120e-01 2.677291250650000176e-01 8.924069128860000155e-35
8.588225792700000429e-18 3.829041919499999934e-17 6.112778434260000004e-01 2.977514310230000223e-45 6.885305824179999546e-13 1.407600853379999960e-37 3.008293209900000169e-61 3.887221565730000217e-01 1.217078615359999932e-26 9.552059253889999716e-20
3.504198262750000126e-01 1.890493583470000016e-30 1.146746562500000051e-38 2.758607602340000242e-01 3.429455117549999664e-05 1.411382301820000008e-12 1.174248240870000015e-01 4.231769983639999954e-44 2.562602948509999923e-01 5.310940204889999668e-27
4.483617874260000219e-42 1.932203013330000154e-96 1.557058109889999941e-14 1.700894709029999870e-08 2.493489993359999934e-01 1.192065822880000042e-01 1.857689553709999903e-20 5.720035418699999517e-26 6.314404400259999717e-01 3.961341940499999920e-06
1.170737708680000033e-08 3.500655542100000127e-43 6.273053846680000101e-01 4.235610575880000293e-51 1.466260950580000068e-04 2.588612636279999935e-01 4.028055107079999780e-46 3.046748887520000168e-14 1.136867135660000055e-01 3.352492573520000243e-10
4.976733907000000320e-33 7.016253191760000569e-111 4.561864744959999614e-03 4.531986582830000171e-15 3.913964532170000066e-01 6.040416656449999477e-01 4.009905947289999677e-24 8.876207470230000025e-61 1.639291004109999840e-08 2.343998865930000161e-50
4.704842577880000242e-60 1.880140539100000081e-03 7.011979264400000078e-01 7.847274346610000100e-09 9.604938587600000485e-47 2.969218143330000226e-01 8.011434100479999485e-08 1.598924373649999928e-09 6.996961010729999799e-46 2.912739860039999943e-08
3.048057672450000047e-02 4.740083805670000094e-01 7.343072627779999558e-23 4.668250318170000246e-01 2.748817807310000028e-02 4.765918308829999955e-65 4.177606630309999911e-11 1.197832776230000002e-03 3.899859791139999724e-15 6.831851070679999599e-22
8.433812453929999752e-76 1.336070072499999956e-53 4.064374111240000031e-01 1.469065769000000021e-01 2.146105691909999946e-01 2.320454427850000001e-01 1.484960493380000011e-36 3.226595294180000097e-19 8.032681391910000306e-53 8.316755909120000159e-22
1.239100777980000068e-01 1.630302488940000016e-01 2.137498281499999875e-01 1.517915135939999887e-11 2.761700082499999893e-70 1.220484600950000054e-01 3.925180781619999735e-29 1.692653025900000077e-39 2.335953654960000007e-06 3.772590490930000096e-01
6.871376291809999648e-02 1.286245480019999902e-50 3.999930257089999966e-14 3.950270204529999774e-01 5.247940769619999795e-22 5.362592166170000452e-01 7.024668734739999924e-23 2.886464070529999839e-174 1.184956827550000016e-11 1.307584926759999956e-64
1.458987348850000149e-11 2.247829090100000038e-01 1.487325880410000079e-01 1.142123307629999973e-01 6.771655777469999560e-66 4.623603740089999858e-01 4.460816983509999870e-29 3.471199551929999896e-40 3.894426127099999964e-21 4.991179816199999703e-02
4.444812484720000261e-77 4.092097961239999588e-56 3.957350421709999903e-32 1.000000000000000000e+00 3.515722229900000082e-58 2.877103767710000010e-40 1.867024353239999917e-63 2.533462088299999755e-75 2.659940751059999961e-65 3.797380646529999927e-32
5.300643986519999877e-10 3.729025783019999807e-08 4.118691540619999601e-06 4.469691713340000205e-02 2.559244738509999784e-01 2.170691616210000172e-81 2.666265138500000242e-01 2.459915754089999906e-01 1.867563632450000011e-01 1.867826494289999947e-34
1.708128194840000016e-14 4.360022601620000066e-05 4.228148605550000050e-01 2.096144309799999883e-01 3.658064296360000189e-01 5.517117485760000269e-18 1.720678603349999961e-03 2.963642795810000171e-20 3.050989793129999929e-37 1.154974602000000087e-58
7.003119083470000326e-18 2.000152190239999986e-07 9.723683986979999791e-03 4.202708570059999864e-31 1.545253367840000051e-10 4.662938309249999858e-01 1.468666937609999886e-10 5.239822847289999919e-01 1.694028836739999925e-18 4.201054255599999688e-11
6.091207622040000214e-01 3.400695175740000248e-08 6.523101771720000303e-03 3.714639739839999955e-01 7.724575467580000422e-24 1.289212803399999996e-02 1.407170454689999886e-29 3.145479602709999738e-51 4.796855660970000112e-25 1.378243235320000137e-26
6.134238716149999706e-28 1.241468734069999956e-25 8.743957000189999735e-50 8.463822148860000527e-54 1.749598144420000112e-01 1.705824778800000037e-21 2.757616946429999882e-01 5.492784909140000504e-01 1.089892755170000025e-23 2.548584207410000279e-29
4.434681331990000253e-01 5.103358343339999982e-08 8.530062272369999532e-02 3.706721119689999786e-07 5.474584743139999845e-04 4.706833638869999947e-01 2.578632373720000162e-39 1.885918248450000086e-17 2.470425399389999878e-26 1.053755258789999953e-11
7.205813280530000420e-03 4.929937707009999781e-01 1.740148720530000082e-01 2.243155391250000169e-59 3.152568870959999881e-29 1.332976675570000083e-12 5.622933602299999686e-04 2.884295738789999997e-10 3.252232503149999898e-01 1.295441738819999934e-24
6.822155098549999644e-03 4.933995224100000132e-01 1.736508002909999959e-01 2.424885339279999860e-58 4.829384304819999828e-29 6.375712498399999931e-14 4.338008924649999873e-04 6.049132418780000209e-09 3.256937152589999829e-01 8.970136017679999965e-24
6.599057558869999738e-49 1.161376511150000032e-42 8.358997541260000370e-06 1.266642340399999950e-14 1.278347081350000077e-03 3.336335426009999772e-01 4.563402834969999822e-02 1.776040731440000076e-01 1.631444242410000078e-01 2.786972255849999858e-01
4.759662714500000100e-30 4.483434678409999874e-01 1.201348608440000016e-26 4.271286761229999840e-01 1.865826963640000032e-23 8.462224597000000050e-18 2.232143190980000048e-05 1.562528365320000094e-04 1.449848654500000030e-27 1.243492817669999972e-01
2.987948181060000041e-01 5.252981277899999857e-02 2.239531505410000123e-01 5.810141594409999775e-15 3.374043796319999844e-01 4.794186698850000015e-39 8.731768797069999755e-02 1.508367968340000124e-07 1.342220125689999927e-10 1.548390445939999930e-47
5.146501709580000306e-01 9.588075263589999897e-02 2.884605749400000082e-67 3.851381859130000021e-42 3.205296277050000023e-28 7.343948255329999807e-28 3.885377131569999754e-01 1.491235046260000026e-06 9.114674723969999962e-04 1.840454200349999904e-05
4.962423021210000118e-01 3.688657533119999972e-35 2.485581824620000107e-26 1.689611988339999909e-24 7.664512640149999910e-03 4.960931852389999785e-01 4.644953319419999932e-32 1.900328305430000020e-37 2.279891956530000004e-14 2.183275933429999842e-24
2.135957397509999907e-27 1.234374913280000058e-29 1.269182572719999930e-22 3.384755005149999828e-22 2.553914051050000134e-21 2.658681465069999850e-11 5.998963971230000247e-01 2.559341644760000080e-17 4.001036019309999747e-01 9.192835273549999963e-10
1.910554275009999880e-47 1.324925045980000071e-43 1.131744059029999979e-13 5.001228771060000078e-01 1.606876400490000047e-26 6.780054250510000734e-24 2.376505506749999968e-80 4.854439584399999788e-25 9.288364866089999812e-38 4.998771228939999922e-01
6.401331907340000034e-09 4.966901411890000203e-18 8.084566785830000438e-45 7.258380118989999907e-01 1.773532096689999990e-02 6.717606612860000501e-30 2.564266607330000225e-01 1.247193591309999982e-26 8.176665352609999444e-20 8.320125180609999796e-35
3.162189423400000013e-28 6.649669286770000243e-01 1.059940120300000077e-05 2.567815157180000085e-01 2.320192773729999985e-47 7.824076251790000602e-02 2.938551972270000139e-30 3.092357423299999788e-28 1.215321558779999958e-46 1.936863999020000084e-07
1.495809676839999968e-07 8.150151200480000414e-08 1.483966138249999887e-44 6.386588998110000680e-89 1.177267214259999895e-28 5.313000682220000296e-62 4.805080843110000055e-01 2.924810251350000168e-01 2.270106594709999925e-01 5.532957825619999918e-29
4.756249496490000299e-97 8.089674158710000172e-53 2.118948370979999947e-98 1.033929540690000027e-45 3.229295198750000151e-01 9.876550169350000656e-28 3.813429848889999807e-01 2.957274952360000042e-01 1.194176772759999990e-66 1.995603719099999864e-36
3.566384694679999856e-01 1.609215052790000100e-02 1.073733605409999992e-04 8.951100335270000739e-28 6.950343870250000013e-12 8.892890791839999625e-99 1.010046663789999906e-15 3.548621997220000046e-01 2.722998069149999978e-01 1.651507380940000027e-35
1.338123077879999900e-01 7.486601426239999648e-34 3.420744219099999817e-02 3.116252883049999969e-37 4.143770958160000184e-01 1.876070802600000031e-01 8.461021168169999904e-18 7.017791854839999650e-22 2.299960739459999959e-01 5.087803094549999898e-31
1.952795943689999980e-01 1.948701444319999865e-01 2.487166377660000038e-01 1.708118323440000085e-20 3.918569100209999931e-17 4.806917117539999851e-19 1.302013916310000077e-84 2.021136681000000135e-04 8.932085704119999405e-34 3.609315097649999915e-01
7.958688011959999781e-16 2.679879007300000107e-42 5.024929006189999825e-01 4.549069822639999903e-32 4.195293725589999655e-03 1.849475107849999928e-03 4.899064477179999919e-39 1.848714548909999959e-05 2.430010493599999988e-01 2.484427940420000092e-01
3.713053901530000145e-01 6.282722229949999626e-01 4.223868520329999987e-04 6.721841494150000188e-23 1.680255181130000041e-50 2.726182392100000139e-95 1.919587170720000010e-78 6.224359431280000202e-33 1.831651306410000030e-31 2.429254636550000087e-42
6.110469170750000141e-52 3.920474940349999993e-01 1.028377411730000001e-18 7.172441035020000674e-05 2.027347052129999927e-26 6.074020747489999872e-01 7.341493622780000236e-34 4.107137107600000053e-04 4.232034581700000121e-116 6.799309401999999441e-05
1.376096052309999929e-01 2.833998813420000040e-01 3.013300293309999992e-03 1.581077770260000119e-60 1.879964542690000035e-34 4.413161529279999683e-03 1.096336746010000002e-01 4.426518706280000014e-09 4.619303725769999813e-01 7.539590928400000057e-17
8.767722363910000409e-36 2.963166241699999870e-01 4.496773202059999863e-01 1.012301240789999973e-07 1.705424138029999950e-19 1.513121836539999899e-03 2.524914844160000005e-01 1.348140881399999894e-06 3.328134098950000053e-39 1.785483744020000097e-21
3.544277446509999821e-27 6.474309467130000550e-01 1.199632182270000047e-04 1.515650908819999987e-28 2.084745443790000017e-14 6.320853578430000334e-30 3.193254016489999736e-01 3.312368841970000227e-02 1.634088804839999949e-35 1.099209854320000048e-50
1.317600363510000039e-01 2.774438386390000017e-08 3.893159707989999725e-08 8.074646315279999720e-84 3.408921500580000030e-15 3.186299726260000131e-01 1.461613221190000025e-10 3.709318166900000269e-01 1.786781075109999950e-01 3.849311007119999890e-13
3.443646278210000244e-01 2.023355690459999894e-14 1.030813252719999969e-17 2.607006591119999970e-08 1.467998073480000082e-02 6.970173349079999904e-38 7.271558084240000102e-30 1.970251300439999909e-02 3.840429026460000228e-02 5.828485621050000232e-01
3.739527538800000153e-11 1.214511808220000054e-04 7.006529008540000047e-01 5.082495503590000237e-04 2.986686286640000132e-01 1.997396273530000038e-22 4.876969019880000248e-05 2.284081455310000040e-11 1.385122502490000067e-25 1.904008936539999916e-42
1.301497419659999877e-01 1.471601152029999924e-05 1.772563372410000115e-01 1.258103877269999975e-17 1.108638908840000076e-09 1.211352034909999929e-62 1.009058398860000066e-11 1.771365244710000064e-01 5.154426791920000417e-01 3.123850239809999911e-22
6.663379700670000183e-01 1.839885830380000053e-32 9.812803886489999176e-19 2.454229426140000069e-03 7.341839974789999907e-14 3.312078004730000247e-01 1.532540530260000066e-11 2.667830728569999917e-76 1.916026472690000003e-11 1.271875287330000067e-48
1.401212476840000095e-56 1.681254571089999834e-27 7.733198804529999564e-16 1.087524809289999979e-23 1.560477912340000051e-01 5.184683976680000139e-01 6.021751249599999883e-02 2.652662986020000169e-01 5.272793327550000430e-44 3.521525731750000194e-27
4.232213063699999944e-01 2.233974718890000044e-20 5.644920020789999660e-01 6.043758439569999898e-46 3.695700613459999733e-24 5.282027828440000016e-43 1.869249263329999958e-25 1.339777604780000066e-31 1.228669155119999946e-02 4.974503628649999878e-54
5.988720315900000063e-04 2.871930561249999786e-04 1.440958012930000063e-09 8.062839952860000365e-09 1.176228177980000031e-63 3.006413167680000197e-11 6.973605079280000179e-20 3.304022504070000002e-40 3.989748772789999953e-01 6.001390480989999832e-01
1.180350518899999980e-49 2.450510154940000141e-08 4.668243888359999734e-17 5.000941118530000118e-01 4.290243505239999736e-82 4.810358439910000221e-25 4.952949057760000297e-40 5.636316231749999820e-31 3.855383048569999804e-44 4.999058636420000146e-01
1.527863704069999939e-01 2.455504120550000040e-09 1.258309020849999950e-86 1.546616769189999897e-35 1.302158182879999994e-02 2.035908866549999974e-01 3.485549925729999887e-01 2.422717569189999920e-01 4.462378443019999747e-18 3.977440916189999703e-02
1.496682433410000068e-06 3.924851158420000208e-01 1.698010500579999901e-21 4.205565609460000106e-41 7.626400240029999619e-24 6.074881751680000219e-01 2.245018545320000051e-30 6.224635570170000461e-08 2.785137802180000003e-31 2.515006105699999964e-05
1.493924108859999988e-01 2.758909400960000147e-01 3.981161795249999741e-24 4.796659623699999850e-45 1.930392908899999951e-22 1.165322405199999967e-01 3.811332967160000067e-24 5.350314195269999934e-04 1.595236276409999961e-19 4.576493770780000192e-01
2.680480172220000050e-20 9.487754765530000744e-09 9.682115670080000199e-08 7.747057585629999563e-33 3.335725208619999802e-66 6.726930518929999936e-01 2.494242111959999995e-71 3.311859666750000124e-31 1.464213194669999948e-43 3.273068417980000144e-01
5.242774376449999973e-24 8.489804186939999830e-01 2.428004100460000230e-38 9.731054462650000120e-05 3.226208353999999831e-09 1.357410527769999931e-01 1.518121475750000039e-02 1.746549369029999949e-22 1.253381100180000091e-74 6.714315567169999750e-37
6.599916789329999833e-26 4.127175179630000148e-06 1.613387104370000058e-23 2.020262692889999889e-22 6.378175446760000206e-24 7.888660703139999635e-66 5.719711580559999620e-01 4.280247147690000031e-01 1.399056662069999963e-13 1.507876395200000127e-26
1.989512555399999946e-04 2.722175438099999837e-16 5.848660060839999848e-12 9.405751717609999950e-42 1.866650759180000128e-51 7.857846975869999806e-01 5.649103840710000092e-43 2.388130010000000133e-27 1.683395407420000118e-10 2.140163509830000088e-01
4.395858809229999950e-14 3.155861812650000139e-44 2.381884834159999911e-51 1.340687481939999964e-42 5.616088162749999851e-27 1.594796022499999910e-01 8.450297951619999552e-20 7.490090110899999883e-30 2.481909528419999900e-01 5.923294449089999691e-01
6.083987392940000343e-15 1.196359922150000005e-01 4.227823818209999751e-01 2.972932030370000122e-17 3.603869331560000072e-19 4.667126352370000106e-03 4.529114530519999793e-01 3.046552866499999837e-06 5.347727931569999840e-12 9.493110751270000278e-13
3.890179528439999874e-16 9.129768198760000597e-06 5.494448925489999747e-01 8.230820598669999560e-09 5.906710790019999790e-25 2.438696638010000007e-128 4.782456866259999932e-27 3.634861740009999731e-01 8.705979545120000329e-02 1.860825603649999908e-17
4.314420939979999869e-01 2.305029031180000007e-02 3.513017651879999775e-24 3.319332426750000176e-01 2.087489108189999887e-01 1.187540728439999983e-09 4.825461009130000214e-03 1.303931455279999994e-30 4.004097858280000241e-44 2.720180842979999914e-56
4.465982828549999728e-01 1.932753464469999852e-36 2.717519150969999959e-30 1.705980139799999906e-01 2.392753530420000090e-03 3.768996440140000015e-01 3.511305620940000094e-03 4.052484467390000398e-90 8.585798510660000046e-18 7.382610620439999979e-73
2.092530009959999939e-42 1.647911821220000017e-01 3.130496934620000116e-01 1.042393419320000042e-01 5.659572348899999882e-16 5.753708649529999664e-02 3.603826879309999787e-01 8.058004757360000751e-09 8.593460235470000372e-50 8.131629385469999991e-26
4.802123829709999974e-74 1.041404929909999972e-27 6.497920938849999705e-20 2.488136494540000021e-01 4.665068598200000248e-04 5.195855957239999895e-05 1.681687520689999997e-06 6.652101337360000199e-01 1.731992906160000158e-36 8.545606970319999385e-02
2.233972332490000075e-21 6.733324590679999888e-01 3.467308180369999687e-02 1.311462209659999956e-75 4.968109784810000387e-40 1.653834928180000070e-85 5.683619628630000181e-21 2.919944591279999835e-01 2.647379450629999970e-21 2.167255366870000094e-49
1.591641342310000057e-06 3.351378980390000064e-46 1.503457493209999934e-31 4.279526814749999852e-01 1.456793504520000088e-21 1.528709398770000043e-04 2.462861906209999886e-20 7.434024703990000701e-74 5.718928559429999892e-01 2.064098242740000108e-16
5.532604229180000316e-47 1.888234107969999978e-42 2.973308402079999838e-13 5.001246819500000385e-01 1.352637705799999942e-20 2.868978746729999952e-20 1.963361311239999976e-70 4.119090657069999764e-21 5.355026317409999729e-37 4.998753180500000171e-01
3.583982296139999893e-57 6.836032778779999607e-13 5.147329884910000208e-01 2.146625253839999960e-16 5.036471601209999857e-65 4.157031770609999906e-68 1.048399174440000037e-24 2.456306513540000135e-03 1.274651616619999931e-09 4.828107037200000118e-01
4.568789921549999966e-01 2.559340782680000204e-01 1.042375536700000008e-22 1.153940764200000052e-01 7.286619655510000474e-16 9.161039069150000368e-83 2.195146559500000177e-18 2.608873254770000070e-03 1.691834993499999884e-01 4.805520963050000255e-07
1.042651155390000014e-39 5.295014701250000080e-44 6.779409349030000137e-47 3.778807703250000194e-33 5.359053710899999828e-46 1.046587056299999946e-19 8.118030856459999570e-39 7.496571097739999645e-25 1.704875733779999883e-19 1.000000000000000000e+00
1.974271156160000084e-35 1.975274135509999963e-07 9.343693755979999131e-13 4.353265235939999811e-01 3.505143881339999924e-69 5.646732788770000289e-01 4.047756664179999867e-27 1.153901635460000048e-50 8.281021892599999642e-54 8.729088740199999946e-16
1.093010014179999980e-56 5.241348365559999646e-03 6.992397887329999673e-01 5.669442241399999907e-08 2.463116845130000127e-42 2.955135405830000006e-01 6.285907629019999371e-11 1.015963167969999936e-10 7.965811273060000279e-44 5.265459386609999754e-06
2.456185661149999991e-02 5.218896320949999446e-01 2.594205173060000070e-49 6.676398631210000283e-55 4.499354167030000080e-04 4.418647450090000262e-01 8.902161626419999345e-09 1.123382196610000008e-02 4.289876357740000081e-46 4.476775114639999571e-25
6.338864340959999852e-75 1.997612672920000163e-12 4.616123764030000132e-01 1.747869034619999873e-01 2.835670251069999957e-33 3.635986157930000129e-01 2.104340274170000039e-06 7.264854769039999552e-17 1.068535643359999938e-52 1.100889839430000036e-18
7.372188608480000349e-01 2.299784364090000092e-27 4.604801479499999842e-63 1.270770856529999997e-26 1.210219603599999929e-17 5.281942110870000113e-67 2.768895009189999917e-13 2.548803162470000213e-29 2.627811391520000206e-01 4.410075577580000262e-31
3.556430222100000088e-77 1.331997625739999966e-69 2.978131490769999999e-18 2.907690015200000144e-01 7.092309982960000037e-01 4.125936645810000139e-20 1.273089683839999979e-17 1.835895255590000112e-10 1.559143876000000054e-23 6.318222036240000238e-13
3.885254113480000049e-01 2.311135938650000035e-04 2.274166828139999901e-71 1.524309161120000010e-24 3.411984115610000115e-25 1.822998541979999957e-15 6.112434750570000519e-01 2.013282543449999919e-20 2.452105253340000084e-16 8.370893671340000429e-13
5.255155209870000258e-100 7.336296727820000160e-59 3.124504117389999891e-16 3.209852041250000244e-07 2.286160110269999934e-01 4.815168099800000157e-01 1.155615922749999996e-01 2.256467425899999837e-02 6.793579729439999521e-20 1.517405914739999861e-01
1.312239201230000095e-03 2.992114432089999838e-18 4.088971445940000060e-01 7.159969163399999578e-31 5.625117475230000386e-01 2.727886868159999992e-02 6.540293803090000057e-21 2.877751946950000178e-15 3.795992387460000011e-13 7.850889929409999984e-28
1.278988135990000077e-04 5.714119844920000357e-01 1.052250497490000004e-15 2.215355081120000110e-04 1.109221899450000070e-25 4.282378220759999743e-01 7.589570160219999765e-07 1.085837383149999981e-24 3.730477208939999886e-14 1.534109740849999909e-10
1.216673089820000027e-33 4.178330122679999797e-47 5.654308371009999768e-26 8.522178120949999928e-34 1.138826938689999936e-02 1.945879560850000134e-01 3.501929423010000098e-01 2.390232827359999868e-01 1.655627073229999913e-01 3.924484216839999734e-02
5.944006601020000273e-65 7.074941986579999705e-26 1.034165283360000045e-10 1.355200247840000047e-33 2.319208517830000158e-47 1.677361470989999960e-50 6.370132114130000219e-50 6.668012424579999875e-01 2.546544727479999883e-26 3.331987574379999817e-01
1.559248281650000012e-01 1.698449498099999873e-04 7.575209948290000106e-02 2.328600250399999976e-36 6.216148837179999997e-01 4.920897218500000193e-22 8.517136165989999335e-24 1.465383436840000109e-01 3.127368518330000215e-23 1.055466089280000027e-33
9.821914870879999022e-10 9.706632487659999642e-02 6.275868858049999959e-07 3.589804469780000229e-01 3.083228169880000147e-01 2.356297825760000075e-01 9.077646772469999619e-38 1.248353732439999922e-11 6.561212558300000463e-60 1.017509840530000040e-16
1.252805572419999902e-01 1.127568023640000049e-05 1.427722651509999996e-01 3.698731816400000195e-36 3.496355910010000024e-25 1.696166079720000108e-01 4.533958753740000014e-01 1.725094961080000111e-21 1.089234185800000004e-01 1.192174270999999968e-26
