7.884470290289999533e-35 2.573360387719999888e-25 3.304944477839999968e-46 2.117789264859999894e-48 1.275165685130000041e-42 8.139400017730000737e-31 1.720128447050000009e-01 2.032411421379999930e-03 8.245189916570000443e-01 1.435752216720000011e-03
3.491233288229999963e-08 6.145393398220000335e-07 1.684008124109999949e-01 7.037989774280000166e-01 1.277995607100000097e-01 5.337693568220000268e-13 1.444451116699999974e-96 1.273382030619999984e-17 5.172839545180000020e-45 1.359387475900000062e-49
6.827519979569999980e-36 9.747136320050001056e-07 2.926382290219999849e-01 2.439106778039999979e-01 9.717997081179999495e-23 1.840365543740000018e-18 1.879396897000000064e-32 4.634501184609999824e-01 2.943394174089999974e-27 4.374922038220000013e-36
8.068819259610000315e-63 5.954219162830000099e-14 2.985262885140000122e-15 1.155293476870000030e-01 5.574349513089999546e-53 5.747280514440000462e-29 3.590572788370000046e-01 5.254128589440000274e-01 5.145320609060000430e-07 5.088401025040000004e-17
2.051083734370000012e-16 5.849147909809999657e-01 6.295423412610000270e-08 4.150851460650000213e-01 5.069498824490000291e-19 1.935296782949999902e-25 1.358861810079999925e-71 1.776139879139999919e-18 1.524171176899999963e-26 1.845794738780000055e-36
2.412309233280000153e-10 4.544717971589999905e-01 3.596249996360000059e-17 3.923131870459999752e-15 2.068152067620000062e-02 2.126919504459999957e-16 9.242673455650000014e-04 1.755068570549999982e-05 4.306450841060000093e-23 5.239048638919999723e-01
3.140821970450000033e-44 4.049833736640000078e-50 3.864337745699999902e-29 1.174848311359999957e-09 2.871271504020000009e-15 1.917756978670000152e-77 5.228522607519999754e-01 1.363315109360000113e-25 4.771477380720000050e-01 1.114970643950000006e-12
1.360215210009999885e-32 8.595003724069999462e-02 5.921614897610000261e-01 2.512282069620000099e-02 1.230758720699999961e-21 8.215229821970000383e-26 8.236087609380000014e-30 2.967656523020000270e-01 1.734368327059999908e-18 5.195944248300000461e-26
1.420106329670000039e-03 4.733544651489999811e-01 6.704224469629999335e-24 4.136687594769999873e-24 5.885189203619999795e-11 4.501312560539999842e-06 9.084796622690000085e-42 5.240378663110000224e-01 3.724842515039999836e-09 1.183057114030000015e-03
3.939716696740000040e-08 1.079561209420000017e-32 4.563048532369999855e-01 8.052813184649999874e-22 3.528842269979999979e-08 2.385844578940000134e-83 6.508422352599999813e-20 2.817522964939999989e-28 5.436950720769999634e-01 1.676697907439999962e-41
1.257076800360000047e-03 5.111838835269999493e-01 2.130218220539999985e-01 1.229519698730000010e-08 1.552614754330000069e-01 2.439931354499999885e-03 1.168357984589999954e-01 3.992022664910000025e-18 2.508909987060000052e-27 7.660716756630000353e-11
3.389362621589999812e-34 5.678668721659999585e-01 2.982461565100000267e-01 1.137994509019999987e-66 1.063660603960000075e-77 1.114358656280000107e-16 1.338724826780000043e-01 1.448864519000000031e-05 7.818009689560000450e-36 6.660612204079999467e-48
4.243913656949999808e-04 3.240263157739999954e-06 4.500907313199999926e-01 5.494816370509999492e-01 6.642314056970000409e-17 6.194330331879999815e-34 2.193152453849999900e-117 6.534189660930000372e-44 2.118494228020000118e-37 6.551246525000000138e-67
3.761610725530000001e-11 3.720783840879999914e-48 3.409368633240000115e-36 7.382778747220000160e-01 1.804533752170000005e-01 5.672743005510000042e-14 2.896126105060000109e-98 1.579058917850000106e-17 8.126875002370000101e-02 6.421852144990000027e-15
2.333464871300000021e-01 7.615287472799999735e-01 2.281464487760000106e-29 9.354333486059999598e-50 3.194100529379999851e-20 7.839974461920000114e-21 5.124765551030000151e-03 2.231166665380000053e-50 5.254534686730000006e-42 3.966254389979999695e-11
2.669494090799999775e-01 4.453597955119999552e-16 1.316104743379999981e-29 7.096670589590000384e-30 3.390287742370000079e-01 2.988998320039999803e-12 6.560096035549999953e-30 1.601720756180000094e-01 2.215085969870000168e-05 2.338275902030000075e-01
9.393980939909999878e-28 2.243106352110000035e-01 5.172893268830000172e-11 5.802599750529999906e-02 9.128860370889999532e-32 1.208011835400000061e-31 3.462148513489999857e-01 2.381324300790000127e-07 3.714482454560000257e-01 3.229433263400000309e-08
6.607440399030000133e-01 7.836111439029999771e-34 1.277641212739999888e-22 1.954342428990000027e-09 3.392421716490000017e-01 2.736303565620000008e-50 7.794541764010000272e-107 1.077808972669999953e-38 1.378649382479999942e-05 2.562192122859999800e-31
6.133329536939999731e-08 6.848862902140000486e-01 3.151136484529999948e-01 2.382900138230000071e-14 1.510611617709999934e-49 5.176671268869999910e-23 4.073499865399999779e-65 6.077228595540000414e-64 7.985491886939999879e-55 2.114123555279999997e-86
9.652562359170000089e-37 1.716472324040000108e-23 2.222897616160000038e-25 1.000000000000000000e+00 6.202367729879999730e-34 7.250078903949999848e-47 2.044365788499999968e-38 1.167994864739999987e-57 4.597731754830000059e-29 4.893725462150000310e-37
1.226144565090000071e-11 1.820112099719999881e-05 3.061326259480000034e-01 1.026080891179999982e-02 2.637719382170000126e-01 4.087478024330000188e-22 1.539534529250000117e-01 2.658584152930000277e-01 3.947459290930000066e-06 6.101123678469999778e-07
3.093017100950000153e-01 4.516574204100000328e-21 1.339874204530000054e-26 3.632061787339999851e-03 2.273191098160000020e-03 9.386572675080000205e-02 3.097370323320000119e-05 2.563135536359999773e-35 9.281875886800000099e-12 5.908963365560000458e-01
2.240234702539999900e-01 1.049863002530000006e-01 7.573139568010000267e-22 1.233836678720000037e-17 4.577172107290000125e-01 1.080763185360000061e-11 8.103597113830000378e-25 7.976498889740000612e-17 7.453276948800000519e-17 2.132730187530000043e-01
9.541903439530000086e-02 6.087070382370000100e-27 5.575147403360000142e-01 1.850829657840000124e-33 1.689329717589999891e-01 8.335411493409999959e-04 3.336303322259999745e-07 1.764177585330000131e-01 8.816201968159999725e-04 4.769644422299999628e-15
6.669275192579999789e-01 2.533570807329999910e-29 8.214680929480000608e-28 1.328011719579999955e-45 3.330724801100000132e-01 1.237270694269999912e-15 9.116081469130000540e-11 1.139550891479999953e-32 4.645128219160000109e-20 5.409678294340000066e-10
8.698307787209999541e-12 6.133357437089999519e-35 6.149197738050000222e-11 1.652872498580000035e-28 3.133458061109999915e-01 5.705267016379999648e-26 5.082144705100000070e-30 4.706794590219999797e-01 2.159747347969999953e-01 1.061136322370000012e-17
1.269627656120000065e-45 4.775617628470000264e-01 2.423667601529999818e-31 2.729245300540000252e-01 2.507614841989999780e-50 1.374509588020000062e-01 1.120627481759999960e-01 1.566003368429999915e-24 5.373729111409999959e-45 1.214888928879999901e-10
8.086662419689999866e-60 6.779233045320000310e-06 3.991594919519999697e-45 8.117602180319999329e-09 1.577401531890000074e-45 4.465041628020000042e-01 5.534872085180000401e-01 1.160084618680000020e-23 5.720689977600000261e-67 1.841328512829999896e-06
4.809657683149999863e-01 5.574951600530000125e-06 9.958716712260000381e-02 2.985444642799999770e-01 1.208970253300000047e-01 2.056919914059999971e-15 1.914078428440000025e-18 1.150149866679999997e-44 1.036627401480000049e-44 2.654868195420000066e-30
1.614385170569999917e-02 3.830219627739999900e-17 1.188770588359999973e-07 4.999803191969999783e-01 4.838757102199999771e-01 9.336193072149999578e-41 3.790415951350000117e-47 5.204794112450000181e-43 8.155138327079999577e-25 1.798708689129999939e-38
1.423208086670000014e-25 2.806170201179999935e-01 7.040786927309999887e-01 2.958365333070000188e-51 1.551310602559999946e-67 2.930586783960000081e-18 1.530428226909999988e-02 4.882570501160000225e-09 1.236249016040000006e-25 2.083102723139999946e-44
3.883513143739999795e-12 1.364430585659999975e-46 7.725394105750000187e-30 6.964426210059999310e-52 9.028398860929999555e-17 5.091315111149999754e-25 5.228522610360000211e-01 1.397143575159999968e-25 4.771477389580000006e-01 1.853117106430000065e-12
4.196241853300000083e-42 1.851836074910000055e-45 1.830382198670000062e-34 1.000000000000000000e+00 2.902911013280000269e-26 3.391476594709999837e-47 1.222137363430000032e-77 4.714068836719999953e-49 1.811549413539999896e-32 5.347809741969999860e-45
6.417251260179999972e-02 8.998171498730000046e-55 3.343968272190000161e-12 1.600202747469999944e-29 1.063738324970000059e-07 1.331645421610000076e-14 3.221010887360000186e-01 4.359484940670000035e-23 6.137262922849999747e-01 1.953678711029999838e-21
2.204006770249999883e-33 2.521502450380000079e-35 6.438067428119999842e-45 1.354411512719999911e-46 6.460160070030000150e-28 5.978759979460000085e-36 5.523167258819999814e-02 4.809210037829999893e-07 8.079282037380000059e-01 1.368396427520000014e-01
5.457833508830000270e-30 1.523064183790000054e-29 7.272471976679999450e-01 2.727528014419999813e-01 1.072096027129999960e-19 8.409929922539999868e-65 2.850063757480000037e-80 1.788955223669999994e-16 8.893314465830000376e-10 2.958975339570000072e-61
8.606478315709999850e-08 3.511713821290000093e-01 2.012330365660000009e-01 7.023912626370000109e-09 3.500075960069999856e-06 8.923869193679999565e-30 2.870985887379999828e-04 5.043916064580000053e-03 4.422607547360000169e-01 2.187508579749999935e-07
1.216413763540000019e-02 1.680893510709999988e-04 5.229973696420000540e-01 3.799870596549999727e-20 9.856922595140000382e-03 1.596855641689999897e-02 4.383429305100000062e-01 5.019938482580000314e-04 1.995669309109999961e-21 1.191407506430000079e-12
4.879852482890000297e-08 4.961614299839999798e-01 1.334707253269999949e-01 1.717628546580000082e-01 8.410244282710000472e-04 1.977639168039999895e-01 7.581203312219999809e-19 1.060628185729999999e-33 2.243336836329999859e-51 1.021951557069999987e-22
3.686659101689999906e-42 1.510559875370000068e-37 4.251094012490000129e-14 1.289913554309999877e-01 2.764023469140000062e-17 1.188471499699999935e-19 1.429508116450000032e-12 2.449263848359999884e-01 6.260822597299999792e-01 1.539205847160000059e-12
5.040277359629999517e-04 1.051550284019999998e-26 6.414689122540000454e-01 3.270105874549999810e-23 2.028687355140000037e-01 1.539977968019999865e-01 2.449638286150000127e-29 1.160428895320000020e-03 9.879835440819999640e-08 5.853896366520000260e-22
5.555414061819999860e-01 7.925063125240000152e-17 1.677931136790000027e-02 9.507838935020000021e-04 4.119532207659999949e-04 4.263165453359999968e-01 1.261870455530000005e-97 6.760042754109999873e-21 1.395500554030000137e-29 2.335071738309999914e-45
2.237197570790000052e-23 2.591165888099999938e-60 3.264767555399999971e-56 3.698026427120000028e-27 1.000000000000000000e+00 1.929692716689999882e-33 1.743090476809999902e-85 8.932262910160000248e-39 3.984543538879999706e-39 1.898064895689999967e-22
1.169165491470000091e-16 1.556745510019999909e-06 7.713827401549999741e-18 2.877286542990000195e-01 4.465558611370000212e-13 2.413625348940000008e-05 7.208157801339999974e-17 1.371819268730000091e-04 2.576558916430000123e-01 4.544525791310000118e-01
1.268835225309999958e-10 2.424911123969999971e-01 1.254402336210000066e-17 1.304060613570000027e-01 1.794656843870000026e-16 5.324280536980000207e-03 4.231380134130000086e-24 4.482322964250000114e-04 4.796961973659999989e-01 1.416341159199999977e-01
4.157429376980000224e-06 1.735247510300000073e-01 2.036281414970000122e-05 4.484687648289999995e-01 1.521963047430000027e-18 5.742254930309999977e-02 3.205594145940000028e-01 2.764884210610000052e-20 9.075325456260000905e-16 1.282432852210000072e-14
1.815504539219999977e-02 4.438530519580000132e-39 5.721883833469999514e-01 1.918229691559999941e-30 1.492263567240000033e-01 9.894062648029999981e-33 2.603782164569999891e-01 1.771521834699999963e-18 5.199807921339999874e-05 1.139158131700000079e-27
7.394873054209999928e-03 4.461318871739999795e-13 4.464348053239999836e-01 7.712617930349999578e-44 1.164257140499999917e-10 1.455934239189999868e-01 1.098451266899999959e-02 3.895922511739999816e-01 1.337427172340000128e-07 1.834839334300000108e-15
2.247634260029999942e-37 1.605251680829999916e-01 5.439722751129999478e-01 8.638709367829999763e-02 1.917470208559999881e-103 2.135519586400000223e-25 2.091154631259999896e-01 2.938742772990000038e-33 9.944267986309999908e-16 7.650902659710000328e-48
7.129258436090000364e-44 2.103377303439999939e-09 2.511225856679999979e-01 1.087984529700000008e-01 1.571184767660000081e-47 1.885861641449999881e-33 1.710813904880000014e-01 1.094925117340000004e-01 3.595050570359999975e-01 2.690047812079999765e-23
4.657111340290000234e-02 1.514540756960000074e-15 8.901401527470000173e-12 1.503269967010000032e-56 6.193505885939999443e-14 1.074585359270000099e-25 1.196771807220000073e-16 3.508129019499999779e-01 6.026159846380000351e-01 8.447579661720000132e-16
8.881055285210000491e-67 7.705657186440000346e-61 7.316668641530000104e-47 1.054723586319999957e-10 8.459652861119999361e-25 2.873737072959999919e-23 1.922018999790000124e-07 5.675246702439999957e-01 2.936575213340000268e-01 1.388176161149999865e-01
3.296370100730000118e-10 2.324528696039999953e-01 1.013045867230000027e-25 3.572018716640000258e-01 8.497280515869999147e-22 5.526630274859999775e-02 5.213041982209999632e-40 6.984731644909999418e-05 3.039373662929999997e-01 5.107174204420000113e-02
1.000000000000000000e+00 1.561675669960000143e-45 1.391416580099999991e-28 8.998105843480000047e-61 3.179279675310000087e-21 3.305190594720000104e-49 3.635731560030000194e-53 4.722161861840000386e-65 6.123056965360000409e-19 5.170424122389999992e-50
3.087301479109999872e-02 3.573699464440000163e-13 2.492837181720000128e-01 5.675348821240000508e-01 7.547548691500000063e-17 1.977902386949999856e-09 1.523083683500000007e-01 9.205086151189999945e-30 1.458543877660000063e-08 2.317257693220000006e-23
3.849708758170000134e-01 5.878689998400000179e-49 1.105723043070000050e-01 2.083500227150000011e-53 2.142580978739999920e-01 3.736873929730000029e-16 7.574229371730000492e-07 9.216626761610000051e-02 1.980316969629999924e-01 7.705903244999999619e-26
8.730551103429999571e-02 3.188796756450000295e-20 5.949675590259999591e-01 6.789899213449999849e-20 1.449188776210000029e-01 1.899535009850000025e-27 1.728080523190000106e-01 8.906481031039999667e-36 4.429725460879999908e-19 3.434596188179999647e-24
2.751866854660000028e-01 1.624924955239999969e-01 9.805205945369999770e-37 1.003232961099999937e-61 4.506496897459999869e-14 3.902705394270000183e-01 4.644302068600000223e-09 8.158253087889999850e-27 8.032591521010000418e-41 1.720502749389999919e-01
7.174366772399999911e-06 7.631535075610000496e-07 4.504223363980000006e-01 5.495697260820000540e-01 6.041985013500000409e-70 5.358631866450000163e-36 9.978061784289999316e-44 6.044507570850000084e-134 4.837547844529999885e-39 1.063553596190000026e-98
1.046692801500000029e-32 4.539554081170000226e-14 4.063920086169999779e-01 6.776735170740000330e-06 8.284525744290000636e-21 1.961124579729999889e-29 1.680177680129999931e-16 5.936012146479999751e-01 5.970696444539999653e-13 4.242178239710000074e-29
1.380671550309999916e-69 4.788711402419999925e-28 2.507536163939999965e-37 3.879606759940000040e-22 2.675950963119999966e-48 5.126660737099999476e-01 3.982878548620000236e-01 8.904590747070000034e-02 2.244801461520000103e-23 1.639580702200000070e-07
6.570931303689999659e-15 4.911257616710000273e-01 4.058458340680000226e-29 7.738807649720000348e-02 1.616161190170000050e-24 2.027588480109999993e-34 5.158414382990000229e-04 2.873259476239999752e-35 2.207213757409999968e-09 4.309703181860000121e-01
3.866388447490000331e-05 7.958620485200000077e-27 9.826012269899999338e-24 4.031138534090000225e-01 3.801998611530000071e-16 6.996386969419999656e-29 3.599870122659999965e-71 1.156791703040000031e-35 5.968474827070000543e-01 4.586540878399999702e-28
4.497750093309999984e-05 4.573954457739999868e-01 1.750128791239999870e-01 2.207741781489999944e-01 7.562270178080000175e-51 1.111633509329999968e-22 1.467583271550000068e-01 6.315882283400000148e-45 1.419229744380000037e-05 3.462464925859999739e-33
1.135882384110000051e-03 3.728879225599999883e-04 4.626773284710000156e-01 4.432703225579999740e-01 2.443690137330000020e-09 9.254357622000000672e-02 1.006980574249999985e-58 1.097064093139999978e-35 1.142556611929999944e-58 1.960062125660000042e-48
1.593629498239999890e-23 8.099525574929999643e-42 5.960012003799999847e-02 7.278133628640000297e-03 5.454743982199999897e-01 2.348529740820000051e-17 1.462825678699999986e-64 3.876473475589999884e-01 5.538700658699999801e-10 1.067911693780000053e-35
5.250815977489999842e-01 6.093511047089999766e-08 5.011508844640000151e-13 9.531320099269999582e-04 3.733151055479999981e-29 8.996207716559999888e-40 4.739652092189999832e-01 1.691648295030000090e-76 8.622798282479999385e-11 4.922245563969999943e-23
2.520640480220000160e-11 2.253118912489999802e-31 2.994313899719999728e-01 2.848170211909999971e-01 1.520226692250000033e-13 1.527970657720000014e-01 2.506767096779999942e-23 3.261026972840000271e-08 2.629544904300000208e-01 1.383971762330000061e-25
9.284405489820000343e-43 3.469402938099999907e-41 1.038640171940000046e-57 3.432032997980000171e-65 1.078875059210000015e-06 4.500610996460000341e-18 7.476980503000000488e-23 5.948223885769999830e-01 4.978872167039999952e-36 4.051765325480000124e-01
2.415047480170000030e-21 1.014003767540000073e-34 4.500966737869999817e-02 3.137415089319999795e-01 1.786787010209999829e-33 1.450432848369999851e-107 7.276563026410000023e-15 6.330254895179999319e-61 6.412488236890000470e-01 1.283735932879999979e-55
1.891111614000000101e-55 3.611238814540000133e-51 2.531728469360000078e-64 1.141213433139999917e-62 3.299530589709999861e-36 3.312028370149999843e-46 1.902337736149999903e-01 1.096081612349999919e-06 3.576041902780000004e-01 4.521609400250000133e-01
2.959542250940000052e-30 3.416043467260000124e-11 8.487746359979999600e-01 2.714813163239999944e-09 8.874932637900000076e-14 1.154448889490000078e-03 1.500709123639999976e-01 4.179674421250000125e-14 1.752144893450000062e-46 5.464878481879999929e-21
3.014579570350000063e-04 1.972926686560000087e-01 3.865291776770000132e-01 1.554964621939999925e-08 1.659411277270000151e-08 4.158740655170000133e-01 2.484088718999999910e-06 1.139604399079999969e-07 5.355705113540000371e-21 2.649362010609999864e-15
2.767827957129999870e-03 4.973078538440000029e-01 2.214700286309999877e-01 4.022931734600000290e-08 1.427349397690000077e-01 1.511522081500000017e-02 1.206040886719999955e-01 8.586582051609999585e-18 1.570407325340000037e-27 8.192213619510000052e-11
5.563636536410000444e-01 2.902092850279999967e-13 3.561902321790000065e-03 2.754116179780000229e-81 4.548757558789999889e-30 8.569817827460000103e-16 1.783960771810000068e-01 1.136177311589999933e-01 1.480606356960000036e-01 2.091396003910000152e-24
6.815796926280000001e-01 1.518239004899999884e-07 5.595255938990000271e-04 6.576207919750000085e-11 1.030936866700000055e-03 6.198691525099999566e-25 3.168296930219999807e-01 5.209128568450000002e-49 5.665453353860000303e-31 3.162349835830000081e-22
2.234807738420000091e-16 3.528319853810000239e-01 3.586007554559999914e-04 1.570910441020000107e-25 8.031590148629999463e-36 2.902134280449999988e-16 1.406746455880000031e-44 6.468094119799999708e-01 1.883072612260000160e-09 1.139953725390000015e-33
8.217793071340000356e-16 3.187796081429999928e-01 2.707962571399999899e-30 4.576826259250000089e-29 1.022879886679999943e-14 2.474361913890000143e-03 4.033845733380000215e-27 4.450453870569999748e-01 1.066443218730000033e-20 2.337006428860000096e-01
1.465412500930000049e-02 4.743795835479999723e-01 2.908510377649999867e-01 2.425111699859999888e-11 9.253437555599999659e-11 1.003145726649999929e-03 2.191121078349999862e-01 5.021262182300000201e-18 3.158743658070000222e-22 2.167069462420000064e-15
1.747699355860000008e-56 4.230127793089999977e-01 5.231021782589999896e-36 4.957358568419999861e-02 1.698652149529999956e-38 4.511990465389999710e-17 4.150424198859999775e-02 3.624183841179999959e-09 5.155014607330000332e-25 4.859093893950000020e-01
7.183318430489999719e-05 1.917562147109999893e-01 3.897789251020000179e-01 1.495589590629999874e-07 5.110028775689999829e-04 4.178814681219999994e-01 4.062490332640000139e-07 1.949951011109999944e-10 1.207410441669999950e-26 4.116404008339999979e-14
3.958549809129999764e-01 4.573047993669999806e-31 2.748854618139999831e-02 1.724122468259999989e-18 1.010656179420000010e-35 1.583687434020000016e-38 2.821390076610000066e-18 5.190007607430000545e-60 5.766564729059999728e-01 5.248937015600000156e-53
7.861813623440000317e-10 3.158590404530000062e-01 1.592383101759999926e-05 3.227098107340000133e-01 6.505549307749999583e-26 3.058052028609999803e-11 3.614152241660000264e-01 1.655654788720000082e-41 1.005773431439999989e-25 1.384062024909999994e-20
6.244977765300000157e-09 6.250915498059999467e-08 1.685525280400000103e-01 7.038108829960000312e-01 1.276365202099999929e-01 1.426643208649999925e-13 1.227259366859999880e-97 2.687789916519999884e-18 5.472215986140000102e-44 8.900705635140000144e-49
1.734713477609999986e-57 5.832838972499999608e-01 8.457058607900000543e-42 4.167002420620000147e-01 4.837326991609999985e-53 2.172480409979999814e-21 5.257825275489999913e-15 4.961275610519999881e-17 1.001287679640000055e-27 1.586068822579999931e-05
5.421726589939999853e-42 4.366960509069999773e-46 1.377849564379999944e-34 1.000000000000000000e+00 3.030952901619999714e-26 2.442762895469999843e-47 1.800570346820000098e-76 4.973328221460000293e-49 7.673916501519999759e-33 4.452176561759999980e-45
3.030270054970000126e-01 2.954802286650000109e-01 2.522174032810000111e-09 2.883768632200000015e-01 1.203794311399999937e-31 1.128247842450000038e-01 8.419384382549999536e-16 2.244902038379999863e-30 2.911158503459999880e-04 1.405393313039999922e-14
3.728244925660000042e-02 9.575752377810000605e-17 6.627503677419999650e-09 9.864655019760000459e-55 3.301641686250000177e-06 4.957888896789999926e-25 2.011905325339999943e-13 3.529494772369999867e-01 6.097647652369999616e-01 2.644949426229999951e-14
1.460552332599999923e-29 3.215318826540000177e-13 6.143804832920000125e-01 7.151995436989999785e-11 3.788941114659999856e-74 8.833752158349999513e-36 3.856195081909999933e-01 6.838158599379999952e-34 8.445050652600000006e-09 1.448760756780000088e-48
3.020071790799999858e-60 6.265097842200000051e-59 3.840762341550000220e-14 5.742353346370000500e-01 8.645727479380000129e-15 3.019502206640000112e-40 2.841888920119999828e-01 3.948471846459999934e-02 1.020910548870000017e-01 5.621265099930000211e-18
3.151148981310000032e-38 1.605767519869999993e-01 5.439113142350000540e-01 8.644497962309999339e-02 3.021381192289999822e-103 9.471923342179999922e-24 2.090669541550000121e-01 3.975432779020000299e-33 1.206219284319999963e-15 2.357319819639999837e-47
3.351812864169999955e-22 1.825271961270000014e-34 1.037930652129999951e-45 1.469576624780000097e-152 3.206225286209999760e-14 1.385267883469999961e-01 5.095634128379999961e-01 3.510106635240000106e-01 2.799643274120000168e-38 8.991352909090000308e-04
6.037561305730000008e-57 6.100298815650000428e-01 6.031596901360000013e-02 4.485254954960000053e-44 1.375627285579999965e-63 6.729659685490000195e-07 3.190599536090000243e-01 1.059352284669999936e-02 5.052840107339999796e-61 6.604220188770000092e-43
7.520251617469999990e-24 3.473128380880000183e-06 5.688339539679999612e-01 2.288555143829999960e-29 2.870844110140000005e-33 1.554516177399999945e-04 1.243161570600000015e-01 3.066909642260000068e-01 9.111470505780000451e-32 4.846192862790000058e-30
1.599469692280000014e-24 8.598729727389999472e-07 5.688880581849999896e-01 1.106424476479999947e-30 3.872184734840000403e-34 1.794651186729999924e-04 1.239455010949999936e-01 3.069861157289999753e-01 4.231687515459999893e-32 1.007131387119999943e-29
2.541782965839999899e-40 8.244836645439999923e-27 1.149624236500000013e-62 8.660766387239999581e-83 2.069759280549999834e-25 9.999938430579999871e-01 1.592230289609999895e-19 1.199521834620000026e-07 5.000894174720000472e-60 6.036989749660000394e-06
5.654117936129999800e-01 1.499941447480000082e-41 7.017263429979999778e-34 3.764647740720000191e-01 5.710265781380000072e-02 3.740284150979999671e-12 3.228020046960000047e-19 1.981269517859999953e-42 8.348743735439999748e-04 1.859001245940000127e-04
2.153907609780000009e-29 6.229616946990000625e-36 1.876463323670000127e-01 3.259680741450000224e-02 3.722280363900000067e-42 1.488318045590000005e-155 5.710413367080000198e-03 1.223427864329999950e-67 7.740464468509999918e-01 7.953778533060000146e-61
4.168162566900000137e-04 1.828462316170000076e-22 5.275667172499999777e-11 2.440014185910000064e-21 3.083979162689999831e-01 5.527855291730000362e-18 3.781704143610000119e-32 4.733702103410000195e-01 2.178150570800000130e-01 2.388054639479999835e-13
6.269311477159999836e-51 2.098621523239999889e-04 1.580122557139999884e-01 5.196700949800000524e-01 9.654108665359999878e-52 4.169584918060000129e-26 2.907164149099999984e-01 3.138914528620000144e-02 2.226956989530000123e-06 2.586142141649999885e-24
9.680457775209999730e-12 4.115311280239999794e-39 2.558069829410000178e-52 6.462953381339999538e-14 2.611177182780000144e-06 2.264055010359999990e-28 1.498348171719999918e-30 1.115932970600000044e-23 4.120494119259999755e-01 5.879479768869999567e-01
3.833006779989999724e-01 1.757637912070000102e-13 4.253374097049999859e-10 4.867749168150000139e-01 1.904700807479999989e-14 1.299244033109999974e-01 1.045345097849999977e-19 2.107519651169999954e-36 1.449478613050000057e-09 1.725230720410000053e-17
1.785223655969999995e-26 1.471669375499999903e-04 6.484544903650000657e-05 1.598225451879999870e-01 9.839758587419999974e-32 4.479454810860000138e-10 2.884147602960000227e-20 3.225178431230000253e-01 5.174475988540000460e-01 2.934075040960000184e-15
3.821541658209999803e-01 3.961850882660000072e-25 1.230023078669999895e-16 5.883584014039999754e-01 5.771882722269999997e-08 5.247351325440000050e-25 2.948737505550000013e-02 2.564074133960000183e-68 1.148970081900000084e-15 5.984238390139999960e-18
3.467860358249999746e-10 1.838509626920000088e-44 7.934717544169999769e-28 5.150472617880000121e-52 1.100324559440000044e-01 8.834246328850000699e-31 7.069980333589999709e-22 5.191444813440000416e-01 3.708230601420000050e-01 2.223279832110000086e-09
8.732696923329999914e-60 4.850261501730000130e-117 4.962871094779999939e-63 9.301170503520000108e-41 5.287751425969999988e-07 1.337406544969999920e-50 9.600601991769999732e-04 2.942388780199999920e-05 4.118255960330000076e-01 5.871843911049999809e-01
5.563619821890000150e-01 1.071919729689999956e-12 3.440818183709999905e-03 3.058583048099999836e-81 2.144021412229999878e-30 1.721603248680000050e-15 1.783146022140000009e-01 1.137074516449999989e-01 1.481751457669999994e-01 1.845336499470000128e-24
4.543260577029999913e-17 4.531248365169999737e-01 5.771024322140000308e-27 4.653603867769999916e-29 5.969271073399999778e-09 1.108922865009999976e-24 3.027506493250000166e-02 2.024293667329999917e-16 5.116362667329999592e-31 5.166000925820000145e-01
4.659679902040000413e-31 7.022636202619999554e-11 8.486129497519999676e-01 5.914029369589999640e-09 9.729344299049999908e-13 1.927817598630000026e-03 1.494592266620000109e-01 1.612031056299999950e-12 3.190192825780000066e-46 6.672238190719999646e-20
2.601510217989999932e-07 4.724933794740000109e-04 3.974261084660000165e-01 2.057138937230000020e-01 3.963872442620000047e-01 5.609136926590000230e-20 4.498418393610000170e-17 1.337648903089999974e-11 5.445822528779999877e-12 4.691895168940000386e-13
3.266819015770000001e-01 7.048125626439999576e-31 6.733180984230000554e-01 5.968088196079999667e-36 2.517479232869999921e-23 1.051288806169999944e-69 9.166585534599999929e-16 7.475059010440000330e-69 9.504238635769999481e-15 2.225498311050000211e-62
3.084413329569999928e-09 8.756755320450000212e-11 3.510350913120000062e-28 4.042245249659999762e-01 2.257640102979999869e-02 2.604609425380000239e-04 5.303670569080000119e-01 7.982500558390000307e-49 2.393869476870000037e-40 4.257155298140000155e-02
5.037636958900000242e-05 3.480955378180000115e-01 1.395231816940000038e-08 7.112334546730000352e-03 5.553281949660000549e-01 4.807584974070000116e-21 7.216496986249999745e-02 6.919387473510000193e-08 2.043008710350000096e-08 1.724848286129999908e-02
3.916811155939999844e-01 1.716785252420000019e-01 2.352165466329999840e-09 3.599634637409999939e-18 8.017965508339999769e-02 1.819556065399999969e-05 3.564425060459999739e-01 3.812377690830000339e-21 3.528592057550000107e-37 1.211758690490000099e-10
1.148704644520000045e-03 1.043622229819999952e-20 4.548976870909999803e-01 6.606661683149999678e-38 2.709516638290000203e-03 5.944782788830000382e-16 5.412440766070000242e-01 1.501906456069999837e-08 1.797445479090000000e-17 3.200256656800000103e-21
6.902627045020000285e-43 4.645780733129999894e-15 2.257798491520000006e-01 8.488351360489999886e-02 1.720745198580000004e-14 4.840451935490000184e-25 5.584597300009999654e-02 6.334906642430000456e-01 4.844591915839999787e-22 1.577180125490000055e-19
7.961884264489999941e-14 1.286738491950000042e-24 4.383764960059999827e-01 1.798940720649999864e-05 4.077114603240000190e-01 1.081368247690000005e-17 1.039766844120000081e-52 1.093785745499999962e-01 4.451547971320000269e-02 1.626472715390000085e-24
5.509960052560000099e-01 2.383642858719999932e-23 4.143652964140000122e-07 1.807202315010000004e-01 1.356429263709999979e-36 6.998287771819999887e-71 1.590265657640000108e-01 1.106328687719999972e-117 1.092567831140000001e-01 4.504135742350000298e-44
7.766108871389999502e-01 2.103985359270000022e-01 4.869197757690000160e-31 5.225552373790000110e-71 1.092680134260000006e-24 1.015203206760000032e-02 5.387196593020000151e-05 2.009996458059999995e-11 3.108332246869999967e-20 2.784672880059999890e-03
1.512836133560000037e-46 5.525690468920000376e-01 5.327988029220000199e-02 3.923716513409999923e-13 5.215517769100000140e-46 7.123515825140000377e-31 5.119544505350000049e-25 3.941510728159999810e-01 1.920410044439999940e-23 4.099374202620000337e-37
1.963720004910000029e-31 9.019779016140000073e-44 8.876137002099999987e-43 2.814038596030000172e-01 5.169265240350000290e-02 1.419158074760000103e-48 1.755196538759999925e-01 2.794063224700000128e-40 5.465207936609999619e-13 4.913838341169999846e-01
5.366853199029999466e-01 4.325507323100000190e-01 1.254650355909999884e-10 3.670676913440000118e-37 8.750252372820000241e-30 1.638437060929999842e-27 3.076394766170000017e-02 3.126776670120000151e-43 2.345481978030000044e-27 7.007925014410000202e-28
3.401442875860000159e-01 1.709227352580000095e-10 6.745151635740000402e-06 2.408856490559999871e-12 1.212561876950000046e-13 6.598489670889999825e-01 8.589973902480000014e-74 4.144067140590000174e-22 1.316717676910000108e-29 5.667243340780000090e-41
3.028094504289999822e-01 3.292356545350000144e-24 7.921782807250000474e-14 5.632895701860000104e-01 8.972213113810000417e-12 1.339009792739999927e-01 2.255037059720000089e-44 2.177517315200000082e-30 1.014016045249999950e-10 8.870110833329999117e-25
1.653816395250000090e-44 3.159518740799999935e-42 1.255118190979999935e-57 4.967991699330000328e-65 3.521496291830000034e-07 1.486647867069999881e-17 9.017591179070000458e-23 5.948225655519999711e-01 1.189986137900000073e-36 4.051770822979999798e-01
3.748094872129999849e-07 1.435216965499999947e-08 6.230243970630000127e-28 4.157836389599999793e-01 3.955968273569999819e-07 1.192368865790000097e-03 5.244197282539999616e-01 1.284509071879999974e-43 5.385957084990000311e-34 5.860347916240000316e-02
2.507620250730000013e-38 1.055595334700000021e-30 2.463382515539999928e-01 4.311189143120000011e-01 1.431845088489999973e-01 1.979756386459999880e-21 1.522617370910000128e-29 1.793583252850000087e-01 1.292655648260000060e-26 7.729126868099999363e-30
2.570243343320000087e-39 4.825578512590000249e-04 2.079149046709999943e-24 5.336140830710000005e-01 9.235071797409999734e-37 3.203273590979999752e-01 1.455759999800000093e-01 3.095699317879999926e-31 1.493302707129999900e-54 1.985749537249999938e-14
3.508091052149999697e-05 4.662522780860000231e-35 2.818601960109999860e-01 2.777791784579999868e-01 8.191671651779999591e-08 2.253245994639999986e-31 3.141989979700000046e-01 1.580911067170000065e-38 1.261264647329999877e-01 7.316985524189999588e-27
3.404858993459999921e-17 1.086430258349999987e-57 9.280072095000000187e-29 5.658412723870000446e-56 1.221623837339999991e-01 9.224561363260000282e-38 6.346092603100000301e-21 5.139242195590000284e-01 3.639133967000000025e-01 7.380560900570000468e-12
9.663833585740000321e-67 3.554904686959999838e-01 3.136303906369999949e-37 3.433394754639999824e-02 5.465137741609999811e-11 1.797358430909999916e-01 3.752915111570000029e-27 2.687910878829999906e-01 2.786049787000000117e-86 1.616486527290000030e-01
1.539791763749999973e-25 3.733125126549999877e-17 4.070235967089999996e-31 4.157133605780000303e-03 4.798747224050000093e-01 4.303534832840000268e-01 8.424692670540000124e-73 8.561458644609999669e-02 1.227577056729999933e-31 7.425908310559999466e-08
1.025738929000000090e-12 5.946939126479999715e-46 8.397702644609999632e-33 5.233370125930000283e-01 1.108638869409999950e-01 1.004086608030000047e-58 1.477367484210000020e-08 1.514161564489999864e-48 3.657990757390000014e-01 9.951639008629999596e-09
2.669221780439999803e-01 2.657902563230000019e-34 6.406951173310000414e-01 3.886750017289999737e-52 3.346689444339999874e-24 2.669615754820000025e-21 3.015685482929999857e-49 1.228420273760000006e-11 9.238270461290000457e-02 2.884496120540000069e-53
1.592572885770000005e-22 7.820561354379999822e-13 1.974293546779999923e-05 2.082312938739999952e-01 1.979315285439999897e-25 1.396712122889999947e-45 2.694123043039999832e-01 7.702100591309999449e-21 5.223366588860000048e-01 9.696194945250000005e-19
1.665060793310000016e-56 3.893858407160000201e-01 2.173926131979999916e-03 2.613046293479999727e-01 3.468313109080000085e-69 4.596383865629999837e-30 1.341129979590000021e-01 2.127547643240000064e-01 2.678415205319999897e-04 3.446974086450000119e-23
2.755356287199999810e-01 4.182626004129999836e-16 3.456271390849999909e-21 1.724866568420000135e-01 6.845280178500000385e-06 3.019699672089999787e-19 5.519690009180000523e-01 3.971250576959999784e-44 1.710018269889999911e-12 1.868238602849999908e-06
3.447398740090000052e-19 2.147860667239999836e-37 1.385444928590000013e-01 2.569967030720000031e-05 4.557819727649999818e-12 2.576389936269999903e-01 2.332042542960000020e-01 1.997289946829999829e-02 3.506136600749999999e-01 6.532023706980000158e-16
1.795029895420000021e-02 3.300367171949999827e-39 5.723041769929999578e-01 1.101631736850000063e-30 1.493190240870000129e-01 4.448621916800000153e-33 2.603640272200000161e-01 1.487343315709999935e-18 6.247274629839999851e-05 2.266880229590000129e-27
2.534433458840000152e-11 2.327564937150000124e-01 6.183165174609999661e-27 3.573497770230000259e-01 1.379813986310000077e-21 6.605587664860000652e-02 1.851172986140000079e-39 2.638459972049999976e-05 3.099327323869999762e-01 3.387873560090000347e-02
3.736777187140000178e-01 4.415827996370000341e-02 7.160276303150000035e-04 9.861710574260000427e-13 7.212633235239999814e-10 5.814479729699999488e-01 2.099048882779999960e-41 4.237987116469999944e-26 1.646705724890000017e-32 1.755643983639999915e-27
5.805990830380000078e-01 9.821515767819999817e-22 3.763667518040000047e-06 3.069741809759999804e-12 1.528650938999999952e-02 4.041106351309999845e-01 1.478715136050000143e-54 8.770507970080000355e-09 2.399861379469999915e-15 5.653910903539999896e-31
3.816810512029999991e-01 8.216767813649999458e-32 3.199388502949999935e-02 1.798930492220000003e-20 1.300983154940000067e-02 2.729286357120000233e-41 8.593904146680000310e-67 1.054121420150000002e-16 5.733152322190000483e-01 2.041325238249999910e-42
3.632750619039999936e-23 4.604139818220000123e-23 3.679012763789999838e-19 2.851913185509999948e-01 6.815293663260000301e-01 3.327925786100000005e-02 1.408692489720000007e-106 5.726279880959999683e-08 4.198541810570000240e-38 1.189370943299999954e-25
3.208041884620000213e-48 2.181891201950000164e-03 1.672380496559999988e-34 8.130370095319999768e-01 6.598706988990000072e-26 4.496077035410000144e-04 9.952489536230000419e-16 7.346296314159999489e-07 1.879278727290000132e-39 1.843307569329999951e-01
3.199684617469999992e-02 6.901984211759999951e-13 2.481105727690000040e-01 5.675256918340000345e-01 3.124555645519999880e-16 1.813519165070000016e-09 1.523668783749999867e-01 1.233682877199999972e-29 9.033665955590000803e-09 1.144096313349999980e-22
1.169208590739999937e-28 1.631329669059999876e-02 1.086725658589999968e-13 1.044431053950000025e-44 9.699742915069999162e-16 3.300393522889999987e-01 6.528908540050000209e-01 7.564970159540000206e-04 6.598188560109999963e-69 1.173158944569999917e-15
2.573872448589999997e-06 1.840181417729999935e-01 9.255919815750000411e-05 4.457573727929999841e-01 5.575984702530000322e-18 5.015215186079999971e-02 3.199772005020000143e-01 3.628698906869999702e-20 3.950783818430000032e-16 1.075392920000000030e-13
2.773064903140000093e-01 2.948603872899999961e-05 2.979985436490000127e-05 1.215105581900000021e-23 4.174524434939999815e-09 3.859566293780000179e-16 4.369338934660000212e-25 3.231184670700000261e-01 3.995157525479999805e-01 3.033087264229999772e-13
9.551324426019999123e-10 3.506192069490000039e-33 1.388991019399999987e-44 8.736260809310000070e-16 2.145274675520000133e-05 1.771241246050000054e-37 9.020854666870000092e-16 5.079331063420000279e-40 4.120803023879999749e-01 5.878982439100000068e-01
2.331390525899999961e-08 4.651254064180000103e-21 7.000841493520000116e-26 8.120766077650000294e-41 8.147547008599999308e-02 2.785169166590000240e-16 6.631676522419999733e-19 7.354641232549999907e-01 1.341120736160000028e-07 1.830602492329999886e-01
1.009964902779999965e-51 2.004492752549999974e-24 2.503059244189999876e-64 1.383082893800000030e-31 6.114169394209999539e-44 5.926741031850000230e-01 1.257019888219999999e-02 6.749911671809999695e-16 2.280038878709999926e-35 3.947556979330000271e-01
2.811407650180000069e-44 4.919056741589999948e-01 4.426531397099999626e-03 3.028617175250000147e-58 6.408381883800000124e-61 8.887116654800000450e-09 4.442903034549999797e-01 5.937748210109999869e-02 6.438388901619999722e-52 2.028656625469999891e-41
5.429311380069999710e-57 4.139247577650000126e-52 2.081356380899999914e-01 7.362018813870000455e-01 4.980742339340000223e-33 1.914505455600000011e-53 1.259004879040000066e-23 2.144763438520000141e-09 5.566247837840000018e-02 8.141284659499999691e-51
1.621850728649999913e-34 5.006323054059999681e-35 1.499520775969999930e-86 2.170488801300000120e-95 1.879680126849999910e-01 1.245311004720000080e-10 3.795900346770000017e-40 1.669086132669999889e-01 7.638342637929999672e-60 6.451233739230000097e-01
3.336175850149999955e-01 5.278620464070000152e-36 2.620598036450000034e-30 1.090009862399999908e-52 6.663819206450000143e-01 4.943396114440000430e-07 2.859456465689999912e-13 1.120743863030000031e-31 8.195816385519999894e-34 2.729337572380000198e-13
1.794940171449999945e-36 1.244835318759999951e-52 2.821235461560000144e-15 7.691064972950000141e-03 1.011470182049999962e-18 1.425358369940000114e-97 3.423307459930000074e-01 8.564746513839999883e-44 6.499781890339999535e-01 1.628567735459999998e-28
1.928706573399999971e-40 2.906664073270000086e-04 4.677333229849999774e-01 9.561076104809999865e-02 4.794053783760000074e-51 1.501868963569999924e-13 4.363652495590000235e-01 9.143657950529999446e-26 1.097652433819999947e-30 4.375756782780000082e-35
4.774743795209999806e-54 2.080264172140000034e-01 1.427298299810000025e-02 2.888051128339999854e-14 2.016538656800000023e-41 4.276100787499999863e-26 3.219918495139999920e-02 7.455014148359999648e-01 3.324313094730000016e-33 7.527959947900000451e-29
