2.275961147439999825e-06 1.097212600480000029e-15 4.052559972170000079e-29 2.524334775450000067e-51 3.353087310429999955e-86 1.829608912429999887e-02 7.295042237779999494e-01 1.332651715840000000e-86 2.521972547479999771e-01 1.563885896429999980e-07
4.821976272949999706e-18 8.915648686219999487e-11 4.009882690759999924e-01 5.990117308219999881e-01 9.705021723820000164e-12 8.242015308640000047e-19 3.511863908499999941e-64 2.538644351069999988e-12 9.250362621719999939e-13 4.488016116419999589e-28
1.820952934870000151e-02 2.481747144989999849e-17 4.122456887299999842e-20 6.610718386599999663e-01 1.220413795360000058e-14 3.395758245620000003e-29 1.008656678380000002e-17 1.347261069990000039e-33 2.251624618519999877e-08 3.207186094750000271e-01
9.118427514089999519e-02 7.322432753650000276e-100 2.872736444200000018e-36 2.590489584450000202e-25 1.821045643810000094e-16 3.614288174709999768e-75 4.631294835400000056e-38 1.435339816070000059e-86 1.460673157440000001e-48 9.088157248589999737e-01
2.658267972830000159e-01 4.107440375770000096e-01 1.942414078090000107e-01 1.291877185430000130e-01 3.763212821550000174e-08 1.155118923049999985e-09 1.522931161490000034e-20 3.487870285869999709e-33 4.483244867430000333e-28 1.335786652909999963e-22
6.537488313410000362e-03 3.890074540199999760e-14 3.036367188600000084e-34 6.455898231410000422e-33 4.479123884410000089e-01 1.057788650480000030e-02 1.678672129299999911e-26 9.588707378870000126e-10 8.852599273020000184e-23 5.349722357820000385e-01
4.984842703799999830e-01 1.417554222049999999e-40 8.923715415620000217e-17 7.015180919030000089e-04 2.000596642979999973e-22 1.935851977270000145e-30 4.979265626439999815e-01 9.500990325790000868e-19 1.445975403130000036e-03 1.441673480869999939e-03
7.268593552330000485e-01 1.270067525609999922e-28 5.005389877670000446e-10 2.731406442659999878e-01 4.947261209139999658e-55 1.597605976380000110e-57 2.308135027180000161e-96 1.858675319299999992e-36 2.143257220479999917e-19 5.690805525109999929e-39
5.933158371790000496e-01 1.584601310769999873e-10 3.369112400200000127e-36 3.563362661410000181e-46 5.266291930799999778e-03 4.012599253679999811e-01 8.158029112859999946e-16 2.871569145349999986e-14 2.229989594810000136e-39 1.579453633839999940e-04
5.665729612180000485e-01 6.096064159020000405e-16 1.330946506579999944e-18 1.437122859079999887e-04 6.751235922740000406e-56 2.777504564489999828e-01 6.935971831900000491e-11 1.168543273429999904e-59 1.555328699780000046e-01 2.582522295210000165e-25
1.886993434620000132e-01 4.210836340349999955e-19 2.155127465560000011e-01 2.621674099809999994e-10 5.957848135429999470e-01 3.096177451309999811e-06 1.925690541919999921e-58 8.764477486799999652e-21 1.473330863740000060e-71 4.627459951940000047e-59
6.620232191460000415e-01 1.377800824629999960e-19 3.836126650779999718e-15 6.804592809269999507e-39 3.379763180570000136e-01 4.627968536399999972e-07 2.002684325990000169e-46 9.535063889090000493e-39 4.475712124559999704e-74 3.474798912600000197e-24
5.013428530040000372e-06 5.497514547150000201e-11 5.859160481849999824e-01 4.140789383310000127e-01 8.163946036329999749e-50 1.464580637959999977e-17 2.743108262429999901e-79 1.682967830239999982e-53 2.203484830270000019e-27 3.713201904629999698e-68
6.609192281259999488e-35 6.911590419040000391e-12 4.000120365570000169e-01 1.090355432789999946e-07 1.622299798169999901e-22 2.593015204439999932e-22 7.732171048229999902e-26 2.997129941240000101e-10 5.999878541009999733e-01 5.899198818699999777e-19
1.990680460840000155e-03 6.525170834560000133e-01 1.470896467679999944e-03 2.813468242659999897e-30 3.423337354859999904e-01 4.384659159099999799e-09 1.513101207210000000e-56 1.687599744849999951e-03 8.045306384519999216e-40 1.967873743160000074e-20
4.807523314339999581e-22 2.462712192010000104e-12 1.174558770850000002e-50 3.119150122090000042e-23 7.866315693490000338e-10 5.634223399650000186e-01 1.799357388259999885e-02 7.317789185550000461e-08 1.699798716860000062e-05 4.185670141989999982e-01
2.972459519219999846e-01 4.060483488529999881e-12 1.759054034780000071e-07 1.309181019430000033e-13 3.773596987079999816e-36 6.042915808409999699e-40 5.171881024380000048e-15 4.436720652280000125e-25 3.075509976390000122e-01 3.952028745300000256e-01
3.526316493149999757e-20 6.331748178960000528e-01 1.936100926050000169e-15 1.960129705769999904e-10 4.453953122350000436e-81 7.529532524950000128e-08 1.376731705819999937e-35 8.986294995280000505e-27 3.668251066129999960e-01 4.937689613640000129e-56
4.220269833599999828e-14 4.749828937689999919e-01 4.693237316400000192e-01 7.348019593629999533e-14 5.569291058499999808e-02 4.640059471090000103e-07 5.606086359440000257e-44 8.497356708770000287e-30 1.683172162269999863e-61 9.676274880900000353e-47
2.250727441020000068e-30 9.294798708079999144e-28 5.859177027390000125e-01 4.140822967939999932e-01 1.873990998730000078e-25 3.853966313430000263e-48 4.665381200329999820e-10 6.099112114220000110e-29 2.334730926850000215e-16 4.649167093160000369e-34
1.562253403029999950e-05 8.654849167150000458e-10 1.990239113870000151e-27 4.527219977579999832e-01 1.495414917319999916e-16 4.508959609119999938e-19 1.539962288069999955e-10 3.471251825150000046e-18 2.100743246439999989e-01 3.371880540439999852e-01
5.591166298870000254e-166 8.721640382339999886e-02 3.827046933790000126e-10 1.293803269690000040e-42 1.460715749429999941e-27 3.187901115490000053e-17 3.567775944170000213e-01 5.560059748769999866e-01 2.650008433189999976e-08 1.222389050580000083e-37
2.356554929009999910e-01 6.492905585949999836e-02 7.996763451580000160e-18 5.462112973400000231e-03 4.334981317829999771e-36 9.913169245599999852e-10 3.879686876660000245e-13 6.598464934879999522e-01 3.410684378590000260e-02 3.016361951780000089e-27
4.846490188219999738e-07 1.050862843780000093e-12 7.362575339169999870e-15 4.287129606710000096e-01 1.504310755459999935e-11 5.390246837690000348e-01 3.226187089460000323e-02 1.488180337099999924e-17 5.855549635050000318e-22 5.076393188390000195e-33
1.286045780500000018e-53 5.601319670889999838e-09 3.343720740869999711e-27 1.913278471889999848e-21 2.899920793089999819e-12 7.487985654459999862e-01 3.267278854639999917e-05 2.511687561620000175e-01 2.090409384040000093e-34 4.882361199810000119e-67
9.286898532229999337e-02 2.378280642490000141e-24 8.937011997959999954e-57 3.030412313300000183e-14 9.976673883529999425e-33 2.330311975349999890e-31 3.818835722799999801e-44 3.446764841850000205e-01 5.622595416140000468e-01 1.949888786749999991e-04
3.677218334320000191e-26 2.113575651159999924e-20 5.010322948590000269e-01 1.471747492590000019e-34 4.987653834920000029e-01 1.605647603429999996e-45 5.008973960990000187e-46 4.204928132470000107e-07 1.021858913740000036e-26 2.019011562400000132e-04
1.687561714399999972e-60 4.903411248470000101e-75 7.601800178400000052e-20 5.707891647719999650e-74 8.076755509530000321e-01 4.370702661299999933e-68 2.439882480380000094e-09 8.418000682579999401e-34 1.426150055119999991e-52 1.923244466069999881e-01
7.309472026800000345e-33 1.904551899860000008e-01 4.164538418329999936e-01 1.381056288770000017e-04 7.771713419549999738e-13 8.312239387850000055e-08 5.306068473299999608e-50 3.929466916159999879e-01 6.087813546150000412e-06 2.235498289349999963e-36
1.077496836140000038e-19 2.532524550220000004e-01 7.512478191410000561e-02 3.963468890210000151e-01 8.559850455699999632e-16 6.907091897859999801e-08 6.809049189249999699e-41 4.399615881680000312e-02 2.312796461549999905e-01 1.996064223670000008e-24
5.924189029949999963e-01 2.159413100719999974e-11 1.439502715760000023e-02 2.595414932699999901e-09 1.267243968669999989e-04 3.930593428340000139e-01 2.764639789340000147e-16 2.920678642590000155e-60 1.876523786829999877e-46 7.704160914369999664e-24
2.912009738639999984e-02 2.644426963610000182e-12 9.045052605190000435e-06 1.042383617380000035e-23 1.584542577130000014e-15 5.964493498600000054e-02 5.305854256980000461e-01 3.776549786619999849e-01 2.902614805599999879e-03 8.290340682170000059e-05
6.296588753179999644e-28 6.788974430379999464e-32 5.482077412610000255e-01 2.266789544539999923e-01 1.084161979899999937e-15 1.569655393140000100e-48 2.722720245749999965e-28 1.304935236779999912e-19 2.251122168530000078e-01 1.087431714349999957e-06
1.854195242180000116e-35 4.035455968489999817e-17 9.524926276020000524e-17 8.042240819969999572e-39 5.693584125949999545e-19 3.857206062190000062e-01 2.897415549049999883e-03 5.268873315389999892e-14 6.108501610769999646e-01 5.318171548250000095e-04
3.213969833099999951e-01 2.952350463990000293e-23 6.920027590580000614e-33 4.445173289219999578e-47 5.427845339860000289e-59 1.297614582880000034e-07 3.612688552950000099e-04 4.153485574219999661e-33 3.944576470460000039e-01 2.837839710269999816e-01
4.199944681730000129e-01 8.575099868420000048e-19 6.239011315890000131e-02 5.176154186550000480e-01 3.192493969630000036e-97 1.668581058219999948e-28 7.317851565769999492e-71 4.111214713110000233e-94 1.349384483640000019e-11 5.177590438799999691e-55
2.904565098799999912e-01 4.621976977310000012e-01 9.514003141629999974e-17 1.619549277279999921e-01 7.336365207900000222e-36 2.894041396049999859e-11 1.629438405639999977e-04 4.215839610630000013e-34 8.522792079020000133e-02 9.340200372360000507e-13
7.690618418469999646e-10 4.969925419310000092e-01 8.371234234470000356e-08 3.269973892679999827e-01 4.849045127999999927e-02 1.528488303689999903e-07 1.381993175309999976e-10 7.926617046539999778e-05 3.632985577489999951e-02 9.111025810740000508e-02
3.342473639659999957e-15 5.501664995689999919e-13 4.364368506010000148e-01 5.797849148050000095e-03 3.134636698270000243e-01 1.470223048769999981e-29 3.100086939030000096e-81 2.443016304239999936e-01 3.998162048280000320e-62 9.359978569199999759e-71
2.999690753940000010e-03 1.062441953740000026e-28 9.069120076239999480e-07 3.306075156050000130e-01 1.022525733549999908e-46 3.975171392780000074e-16 6.647393989890000299e-01 8.283216730719999719e-53 1.652487739770000042e-03 5.713105162619999644e-21
1.967784284389999985e-26 4.340847242479999868e-01 3.322598109819999688e-08 5.659095425060000073e-01 4.530655622940000029e-29 1.313616638899999942e-08 1.470786988180000046e-14 5.686873755480000346e-06 1.028572668009999997e-11 2.175796364080000077e-54
9.670145210139999314e-37 2.188117409389999934e-01 4.013506956760000133e-01 5.579230845759999488e-04 1.144573743119999998e-15 8.800806659220000550e-08 4.880938383490000092e-54 3.792795521369999867e-01 1.546422792799999902e-10 4.737209090300000112e-43
4.017640241260000156e-49 2.124640948150000055e-06 1.868487941539999952e-25 1.011226249089999946e-01 3.364529962079999943e-34 5.756056709599999418e-14 9.381043763510000308e-15 5.658848224000000426e-01 3.329904280489999757e-01 4.139789673320000136e-48
2.811314672229999756e-01 1.552889529330000043e-14 1.616765610170000089e-01 1.699585603569999963e-13 2.716227455069999963e-02 1.272584522519999997e-05 3.554574441780000149e-01 1.744995317849999950e-01 1.319992985160000014e-11 5.999538765599999663e-05
3.009887458389999826e-01 6.198981027890000260e-10 2.212002097419999980e-01 3.133739977989999999e-30 2.488562007770000119e-21 2.000695743969999885e-01 1.013145539440000040e-10 5.415495429590000209e-14 3.309913321809999811e-04 2.774104779689999800e-01
5.345889807369999730e-09 4.445565088859999860e-41 5.010626456519999827e-01 2.821767232289999815e-35 4.988223048939999793e-01 9.537979971170000919e-22 9.579204303379999511e-48 3.376509952160000007e-24 3.397948059779999975e-30 1.150441083109999987e-04
6.765754939549999559e-04 9.232530157919999934e-16 7.121112888150000097e-09 3.811430227140000238e-01 1.039385425330000001e-02 5.213432690629999922e-01 1.492538125260000009e-15 4.004955024750000096e-13 1.137817947200000027e-02 7.506509188219999407e-02
5.419095254919999993e-01 1.331655357649999903e-12 4.182172583699999815e-19 1.069753139969999961e-05 2.331999315259999928e-02 4.966711095910000123e-02 1.114989426880000031e-05 3.850815229690000008e-01 6.041188672770000036e-23 1.001050868470000014e-18
9.992633602300000570e-03 4.989486479849999831e-09 7.078344846499999843e-01 8.712923705820000270e-07 3.370462876399999727e-17 3.530754247080000345e-24 2.751060010670000056e-01 1.009503472260000005e-45 7.614555479530000586e-14 7.066004398899999699e-03
7.606838750929999504e-01 3.852706703539999732e-65 6.837019813869999775e-05 8.510899570979999435e-22 9.575755030060000087e-49 9.083686962380000589e-51 6.838299008460000359e-22 1.350765762690000116e-88 1.523990400710000140e-11 2.392477546940000033e-01
8.450586452580000074e-02 1.867131002350000078e-14 1.951132830820000038e-57 2.859926028930000147e-26 2.014269516960000037e-60 3.712540034010000101e-01 5.441673050699999958e-01 4.488306700749999898e-54 7.282688409949999997e-05 1.193662851499999934e-10
4.806236022150000190e-09 5.142135999980000086e-61 7.010868231820000326e-27 2.052283686899999959e-01 7.489596603620000063e-07 4.248862633339999708e-49 5.459545092340000183e-01 2.803826896800000086e-49 2.649245239419999743e-26 2.488163683110000135e-01
1.159739782070000024e-08 2.088200194020000122e-01 4.291821087059999873e-01 1.461393234150000053e-12 3.459276297229999872e-33 1.480964619000000015e-12 3.043323481460000202e-01 1.137184354180000059e-33 5.766550575650000038e-02 6.388440263800000150e-09
4.979936046289999702e-48 4.900973142919999970e-11 1.776838209720000093e-22 3.138297366420000239e-54 1.057930800010000077e-58 9.999999999509999737e-01 5.235228495879999848e-49 5.402907555539999541e-35 2.596824882919999814e-34 2.084111061290000157e-80
2.761232823340000094e-21 1.119283807539999985e-32 6.676408935690000268e-01 2.850671746669999884e-22 3.323587982780000227e-01 1.592158161599999994e-08 4.833763829539999994e-18 1.390450147069999947e-34 2.667437463549999934e-21 2.922310690310000065e-07
1.053733042920000060e-18 1.158637376730000040e-17 2.790473371809999981e-39 3.079860119399999786e-14 4.752235842649999975e-15 5.863291810020000439e-01 6.165380964419999898e-10 1.000888068179999945e-06 4.136543450760000185e-01 1.547241728129999851e-05
1.561342287729999929e-24 4.245362322960000157e-01 2.464654394820000059e-05 5.729872082189999549e-01 8.873504993089999645e-20 1.857630352830000080e-10 1.080895136859999964e-13 2.451902347280000057e-03 1.040820569420000047e-08 8.389010304319999975e-44
2.772271151299999969e-36 4.272026995029999941e-01 3.285467816859999803e-31 5.374935394829999603e-51 8.206652384559999923e-15 8.749613240899999700e-09 1.518868993650000064e-24 5.727972917470000036e-01 1.433005091419999944e-55 4.965918669650000197e-48
1.422996069690000035e-51 1.297924843549999999e-24 1.000000000000000000e+00 3.093368545410000268e-36 8.999419077840000086e-56 4.273118103619999862e-39 1.997669805769999953e-72 5.327622587169999679e-59 2.083873039830000127e-40 3.743904146629999924e-78
2.548170838400000138e-01 9.097216024169999819e-30 3.558979207029999773e-27 3.863650423630000108e-01 7.675975444510000615e-09 2.670742619269999959e-15 6.795664927239999931e-04 5.008781385329999937e-56 3.133843209450000134e-15 3.581382996279999786e-01
6.373004073060000474e-23 8.151869827010000476e-26 1.094004248000000051e-13 3.214454737420000141e-07 1.734258706569999919e-01 1.681623859050000006e-55 1.297679165740000000e-05 3.847980933869999953e-01 5.424094830449999774e-14 4.417627377180000092e-01
3.827001719070000064e-04 1.827973363269999874e-01 3.351960447730000237e-01 4.658668608869999715e-23 1.116024488989999925e-14 1.081475830879999975e-17 6.189488011269999522e-14 2.943517482800000127e-06 4.828298347530000416e-06 4.816161469129999761e-01
9.137780433150000103e-02 6.942817064860000079e-15 3.714138105740000251e-01 3.308145843220000096e-14 1.339893112620000109e-38 2.399146078150000139e-01 1.884267584459999867e-01 8.012774756159999538e-52 1.088670183919999979e-01 4.415757661969999780e-10
4.819967591139999894e-11 7.931134530809999794e-17 6.353955707480000159e-01 2.803439698509999854e-46 3.017242092260000175e-01 6.282889245719999738e-02 5.132725116449999691e-05 1.048701300150000000e-66 1.713574625380000106e-52 2.694100435049999766e-10
3.076055046539999796e-31 3.526300512420000128e-09 5.789788138579999854e-01 2.820633057629999829e-01 1.082012507600000062e-01 9.815854694140000135e-18 1.345091030660000054e-81 3.075662609299999878e-02 4.496739839109999964e-23 3.836078768750000088e-41
5.058021510449999749e-37 2.903319341119999933e-20 6.440200632639999820e-48 7.545086405750000003e-01 5.272480513950000446e-38 4.391858236059999770e-32 1.359139959479999915e-12 1.948039083139999878e-05 2.454718790329999956e-01 3.962090155629999826e-27
7.142000158019999774e-03 1.936756420179999916e-13 4.080456206870000102e-01 4.560948665700000089e-53 3.255005317529999914e-02 3.168231031450000068e-01 4.855933461699999903e-24 1.843387776209999926e-06 3.401330015020000073e-22 2.354373794469999948e-01
8.277349824370000330e-35 5.652573476829999985e-13 4.000120795079999958e-01 5.926733125130000148e-09 1.051335754969999945e-24 1.300389203790000111e-22 4.667922579389999751e-23 1.993367593020000000e-10 5.999879143649999858e-01 5.207267156289999946e-18
4.433350280989999548e-19 3.751211835080000021e-33 5.156861869859999709e-108 1.449539442940000092e-14 1.133959300029999964e-26 1.021622074899999989e-51 2.738182556660000155e-02 5.656915323240000459e-01 1.508041896479999939e-03 4.054186002130000244e-01
5.023179609919999744e-05 8.628122703889999686e-27 3.390287189899999776e-01 7.944830926649999736e-03 5.407789463920000334e-77 1.068154132890000083e-37 5.380308736550000004e-27 2.430112128299999899e-78 6.529762182870000320e-01 3.037517371719999820e-26
1.695345434930000074e-10 8.580054279720000753e-46 1.429159024910000102e-78 4.081827543540000083e-65 1.030994300789999989e-31 1.662169027870000074e-34 7.171270496730000055e-01 7.061479035679999693e-27 2.521936249140000064e-33 2.828729501580000139e-01
9.506349189340000605e-24 6.654139674649999864e-09 3.674630198239999812e-01 6.325369735210000233e-01 8.761834618809999955e-13 3.895948391909999960e-20 6.910196497609999911e-37 5.978160894489999781e-15 1.896197278150000113e-37 3.833161109080000020e-73
1.245720059379999944e-15 1.113751302139999971e-12 1.129091073869999962e-01 1.554230432149999904e-15 6.264218361690000458e-01 2.606690564429999801e-01 3.538807442719999991e-36 1.447084227719999924e-43 1.544550658229999959e-40 8.091674225849999544e-26
1.490394127699999904e-01 4.051432672030000171e-19 2.422482386150000000e-01 4.628184335430000033e-10 6.087115772090000432e-01 7.709436643069999946e-07 7.783173961109999762e-60 4.178600162949999714e-21 7.540648807079999869e-71 3.554717065829999959e-60
2.918115338579999786e-07 1.831553514809999820e-12 1.797993383230000060e-45 7.361526095149999565e-28 3.479947105129999906e-46 6.607681453150000550e-01 3.392315621879999910e-01 2.720803941259999964e-45 6.832183361820000164e-10 7.113919129890000111e-13
2.377453965830000129e-23 2.610487201240000075e-09 1.275984301960000032e-02 6.567769326200000035e-02 2.777744898499999726e-01 6.437879413070000112e-01 3.884354607179999846e-13 2.995123524189999701e-08 1.103992120249999957e-32 1.195211386480000052e-55
6.103208623039999559e-01 3.780500288220000060e-01 7.750185662469999532e-30 2.221215218310000062e-11 2.556809621479999913e-33 4.731998057660000167e-20 4.086914087819999962e-14 7.043158786370000047e-06 1.162122235740000072e-02 8.433358455430000484e-07
1.552375936110000076e-01 1.642989452420000076e-10 3.998403697619999623e-40 1.059362147109999933e-24 4.750894698979999942e-01 2.777282245890000043e-02 3.415440492099999781e-01 3.560639978670000175e-04 5.450896360019999921e-34 6.592727399100000030e-10
6.489735008840000037e-17 1.963362217770000163e-09 1.128200578689999983e-01 1.286476618440000029e-08 6.264297264839999713e-01 2.607502008190000220e-01 1.700935474809999917e-18 2.284310404579999986e-44 1.931492507780000040e-72 3.805638915080000081e-61
1.471396262849999914e-01 2.877464893890000117e-32 1.750063569620000092e-04 6.252230926389999467e-23 4.855770952860000156e-01 7.196678112080000281e-26 3.502631621489999958e-01 1.504695719270000121e-39 1.544966269399999964e-40 1.684510992299999982e-02
2.740539296649999734e-01 2.892931861580000230e-23 1.485006994039999861e-01 6.944672710769999885e-18 5.774436091310000130e-01 1.761799539329999942e-06 5.935903584429999754e-101 1.751204115090000112e-20 9.527184313459999369e-41 1.155034509249999995e-26
1.458922126669999890e-45 2.891327990099999967e-01 1.067438454710000068e-01 1.635084286989999885e-35 5.664984571509999751e-83 3.144568206860000099e-08 6.935382508179999575e-22 6.555297900350000099e-28 6.041233240740000454e-01 1.154115857850000116e-47
1.135505697020000071e-11 2.386225617549999881e-37 5.011027336200000182e-01 7.981686427820000191e-26 4.988972663680000252e-01 1.407751135880000058e-22 2.304143147910000094e-28 9.493002606389999184e-25 8.566550732349999452e-56 8.106319404270000006e-27
1.411423908009999897e-17 7.806701278549999660e-13 4.009882691669999777e-01 5.990117308269999885e-01 3.871097178369999973e-13 9.713850873749999421e-20 2.287410595529999930e-65 8.018700738419999904e-14 4.773561973869999831e-12 6.695202371949999923e-28
1.334036941410000066e-01 2.535005171509999748e-13 5.296301440899999768e-01 5.696076601059999690e-19 2.763624804829999832e-06 5.798961574750000026e-36 1.424635333369999917e-23 5.510378093679999980e-18 2.471959842770000020e-23 3.369633981440000037e-01
8.545724809399999883e-27 2.284742169019999852e-31 5.482100948760000314e-01 2.267335844270000067e-01 1.002782068329999922e-15 5.733043872960000115e-47 6.115217705340000180e-27 2.521849648120000198e-19 2.250479864749999892e-01 8.334221834570000633e-06
3.612505633700000147e-19 1.575504095709999962e-03 6.745630532530000334e-01 3.019936743949999934e-48 1.933871248360000069e-25 1.838082436679999837e-12 1.240933571759999977e-42 3.238614426490000198e-01 7.731846016760000345e-19 6.902283093309999419e-21
5.666577279200000206e-01 3.965466745780000339e-15 9.776788857189999992e-60 2.709031936780000112e-36 1.394625455270000053e-49 2.778543926190000235e-01 3.462160461070000254e-11 3.348095064669999973e-15 1.554860626979999993e-01 1.816727923410000024e-06
5.876282923469999808e-01 5.182801830279999797e-39 4.123542225419999929e-01 3.314632594400000252e-33 2.306226464460000156e-13 2.361049145929999991e-22 2.108737884640000041e-27 1.567570275460000088e-44 5.242564630479999979e-32 1.748511060340000043e-05
1.384022179019999991e-11 1.126615427579999944e-82 6.528120878519999865e-17 6.461043702709999836e-01 8.582438105159999498e-18 3.046183796659999987e-47 2.419595574860000098e-01 1.891935239679999960e-60 2.946669810030000136e-11 1.119360722000000002e-01
8.004119476940000158e-03 8.463969245589999735e-10 7.050611518910000486e-01 2.527106862339999899e-07 2.648459307099999942e-18 2.432334139380000035e-24 2.439302290560000086e-01 1.013876334019999919e-46 8.629259568279999329e-12 4.300424601040000322e-02
5.805877842999999654e-22 1.919963638989999947e-31 9.220954261339999904e-106 2.345132154779999994e-42 2.260672294259999937e-01 4.781729239410000198e-14 1.843763099250000093e-01 4.059654503230000211e-01 2.359062004139999946e-31 1.835910103260000037e-01
2.617998603310000005e-01 8.913774903770000204e-04 4.887039562369999667e-03 2.879117494439999980e-01 4.434150758829999983e-01 3.565818696719999844e-26 2.358910687229999865e-27 1.094897288720000006e-03 7.091386414210000285e-35 7.927853884389999749e-26
2.194535967400000065e-01 4.407518669490000046e-14 1.053528649999999905e-06 1.962079747290000065e-01 4.135533175930000138e-01 1.486915051459999915e-01 5.055350365309999701e-08 3.408828197440000148e-39 3.284963894769999838e-16 2.209250170869999849e-02
2.320750109109999959e-01 7.177994992970000487e-14 1.518256510930000126e-07 1.969077811659999955e-01 4.191564802150000157e-01 1.492040358199999972e-01 2.892145751249999934e-07 5.131954374049999934e-41 5.580404858989999720e-15 2.656250848780000035e-03
1.538716787520000048e-49 1.020039977709999966e-23 2.102390780949999833e-68 2.789941089030000070e-68 7.307167704570000089e-01 1.341694165739999908e-12 2.464736139760000027e-18 2.692832295420000133e-01 2.214172047340000177e-62 1.627008794790000102e-25
1.823994593699999987e-100 1.984705982459999962e-01 1.478383853230000045e-01 3.188055046640000232e-45 3.721708454819999865e-35 3.984681702680000029e-11 1.380434656149999866e-29 1.645533552669999899e-01 4.891376611239999783e-01 1.449720534609999975e-35
4.163439013420000001e-01 2.989485634060000167e-31 1.777756464269999855e-08 2.526113399140000132e-14 2.516696842379999998e-52 8.252983940610000275e-13 1.275646606349999934e-01 1.369848546030000083e-88 4.560913600720000183e-01 6.017362740770000301e-08
8.281804036679999619e-07 3.811556811999999850e-01 7.116631290850000451e-61 6.118305666859999698e-06 6.456061225470000291e-18 4.872887409669999599e-06 2.588527629380000042e-02 1.854041722030000091e-03 5.831734721110000130e-01 7.919709299699999663e-03
1.375367004340000111e-10 2.442399469939999819e-28 4.688309879620000198e-04 5.132877045920000159e-01 1.437471633189999927e-27 2.335981553679999869e-56 4.862434642719999922e-01 1.221341941790000049e-55 1.244324581529999943e-14 9.684288519900000649e-12
1.196206159749999934e-38 2.291255255400000001e-09 1.021997561769999955e-20 1.225876577129999995e-49 1.262168905259999908e-18 3.193209235089999876e-01 1.494333548829999969e-01 1.644364226550000045e-15 3.665384073579999735e-02 4.945918785799999773e-01
1.438590307439999933e-67 2.447629473840000000e-03 6.738520002069999792e-01 3.346113851529999858e-13 6.690914464150000067e-25 3.212069987390000078e-17 1.100121532219999971e-03 3.226002487869999991e-01 1.829411356420000149e-15 9.736946182710000300e-55
4.576551348260000096e-01 1.226574154320000029e-21 6.909452918219999945e-08 3.437305955549999755e-14 2.952420603539999784e-50 6.176099436030000166e-41 1.394334707470000068e-28 3.745922231179999895e-23 5.423447719259999467e-01 2.415348120590000054e-08
1.304139895509999882e-63 7.429150075959999925e-10 5.827559194720000058e-01 4.507305167919999781e-22 2.498847667410000037e-16 6.762324900510000053e-21 4.205523199200000207e-29 1.041321148819999987e-01 3.131119649040000064e-01 5.456265796130000143e-19
4.671163004669999996e-05 6.770452821929999514e-17 5.017087334609999658e-71 1.335223177510000006e-14 4.848644049929999817e-26 3.242772718790000175e-01 1.531049877160000072e-01 1.581661460709999955e-23 1.369956276089999946e-02 5.088714660140000179e-01
4.884061202240000128e-26 5.027262238490000423e-59 1.525441975220000039e-62 2.576809802530000158e-24 1.779706001230000135e-26 4.441420252300000077e-43 2.573591466060000110e-01 1.359069995199999881e-01 2.367082112960000040e-01 3.700256425769999913e-01
2.024073568569999881e-06 1.251231744269999931e-11 2.194319403440000088e-44 4.057969863200000286e-27 5.949969445379999992e-46 6.607677739689999941e-01 3.392302016409999843e-01 4.645052577979999926e-45 3.035530464430000039e-10 2.468103042689999847e-13
1.524804824100000067e-01 1.081361555800000053e-11 3.252381174600000155e-36 4.934230056740000166e-24 4.898908899239999837e-01 1.841564197949999843e-02 3.392125246889999834e-01 3.136455572189999807e-07 7.125096739379999609e-29 1.473412761599999884e-07
1.058243935160000016e-24 1.776618130550000068e-06 3.674611397520000100e-01 6.325370836300000521e-01 4.134313821420000141e-14 4.390122944319999848e-17 2.852129063990000076e-39 7.121474376819999900e-14 3.155718364429999991e-39 3.315593716390000215e-76
1.698468092450000078e-01 2.085095603450000058e-17 5.423146726870000170e-03 4.540284581710000156e-01 1.090630586530000057e-01 2.616385272039999932e-01 2.853452922089999990e-17 2.334692754029999898e-35 1.284017688459999933e-43 2.017219285140000013e-39
2.062073097570000074e-06 4.592538398189999760e-01 1.837500483760000081e-01 2.949419524799999914e-01 5.917167289610000068e-49 5.597654761130000399e-06 6.155728317989999991e-34 9.066100397959999925e-28 6.204649959749999888e-02 1.290123941300000001e-39
3.522875504459999892e-44 1.925127737440000055e-37 3.422082866350000252e-01 9.173149227770000194e-18 1.938251373230000067e-03 1.602994082639999897e-61 9.820037242490000043e-33 6.558534619920000086e-01 3.116499392900000099e-18 1.266390916360000050e-13
1.085805982100000082e-03 1.332672078700000005e-11 1.544830151690000109e-16 4.556356932919999880e-02 2.223268718870000105e-01 3.725012008060000213e-01 9.972649329429999381e-05 5.599100761160000128e-24 2.130388088240000016e-07 3.584226124500000110e-01
8.600052954570000421e-05 4.881360148719999797e-13 4.460245944530000055e-04 6.916482710359999404e-20 4.375834110769999952e-01 4.290737666850000243e-01 4.549992049489999940e-60 1.328107971130000065e-01 5.472669983279999872e-15 9.689947986000000829e-13
4.607092759900000001e-01 2.739418969719999855e-14 4.878212488989999992e-14 9.112374199540000617e-12 5.592841018289999855e-02 4.273568798860000184e-02 2.128657531380000075e-30 3.243761936239999977e-01 1.062874580010000039e-05 1.162398034599999991e-01
3.151208240970000099e-04 3.369277573279999844e-55 1.653412610619999869e-51 5.416218091529999556e-01 3.320253185789999728e-01 1.956832461049999894e-35 1.259245914240000042e-01 1.584310583209999988e-47 5.346866569699999739e-36 1.131600205549999975e-04
1.810598621820000152e-17 1.155929705710000005e-01 7.350319195710000247e-23 6.913999479279999694e-01 3.056298625950000073e-61 1.914843043639999987e-10 6.286824494869999835e-07 1.472973809160000095e-17 1.930064526270000025e-01 4.298339356669999846e-44
2.534757416660000128e-26 1.110958097639999942e-16 5.156028337060000188e-01 2.615807338819999856e-45 5.397225944820000330e-25 4.843971662930000033e-01 3.585959784029999926e-13 2.347544866500000029e-42 1.271043017320000066e-20 1.040341557359999944e-23
1.082285609880000017e-51 2.401210092699999835e-09 1.833408594329999883e-45 7.323579956130000437e-88 5.931981794780000416e-34 9.999999975990000456e-01 3.243764961419999940e-25 1.293703283460000039e-36 3.308187475899999814e-55 1.609394563659999935e-49
7.949080561700000436e-01 2.748011290789999840e-10 9.036260777870000023e-13 2.050919435540000113e-01 3.271456781669999888e-24 5.705265917489999755e-51 7.175341965710000284e-43 4.286551666870000008e-19 4.165377006999999940e-17 5.609760289950000234e-15
3.006609905630000258e-11 8.282308154380000223e-36 2.122344917420000178e-03 1.780431181099999954e-02 3.045590081380000202e-01 6.489158693529999761e-26 1.564411274670000039e-10 2.166927203269999880e-01 1.412901011830000053e-01 3.175315134369999792e-01
2.252567225629999970e-07 1.459825426660000144e-11 9.529197257519999784e-03 1.544710511300000116e-23 2.673203297680000201e-01 7.231502477029999598e-01 4.567492385749999841e-32 1.751467670329999920e-46 4.962450731949999784e-57 1.076758158650000072e-30
2.721308492509999890e-31 6.641562885199999711e-01 2.426750007439999984e-04 5.605635787909999714e-09 3.329145420549999845e-01 1.493508672239999862e-08 1.737553254189999979e-31 2.686473883559999890e-03 5.330542414549999790e-20 5.075809548930000249e-24
2.130577619499999956e-65 2.419297331050000125e-05 5.827408918469999533e-01 1.748525056549999952e-22 7.899101527669999843e-26 2.368695443609999914e-15 2.172115230069999914e-26 1.042373143969999999e-01 3.129976007829999851e-01 2.608400863280000270e-26
1.693435497479999998e-18 1.492389420809999945e-31 3.654048747189999950e-107 2.459376783880000086e-12 3.906031184319999990e-26 1.449424141969999953e-50 1.773178934310000107e-02 5.673012494439999553e-01 1.557522833750000016e-03 4.134094383770000047e-01
1.813776002150000106e-74 5.173450294499999685e-08 3.231250400199999762e-01 1.590858887489999988e-15 2.038482590609999867e-01 4.038377527929999868e-27 1.584362904030000019e-01 3.145903587760000009e-01 5.872888093559999622e-12 1.616193827349999889e-17
1.076385521420000052e-33 3.060320097289999985e-64 2.855215718739999919e-43 1.000000000000000000e+00 2.157516728700000196e-34 4.701268210039999602e-87 5.802848943070000273e-43 7.959489563910000514e-37 9.702014002160000055e-26 1.622626072339999869e-39
3.176471969039999833e-73 5.834226800110000320e-17 5.011024022719999804e-01 1.136497453699999957e-07 4.988966874160000176e-01 4.250597551530000225e-44 3.620967809230000095e-07 4.345655684100000211e-07 3.252656641719999884e-22 3.190771233379999900e-24
9.551382667390000186e-35 2.849592280500000294e-20 4.000132975919999945e-01 1.353604976819999979e-08 1.418683969169999952e-18 5.575215835979999638e-31 1.548740801049999885e-26 1.202380221489999930e-12 5.999866888699999512e-01 2.176638862239999930e-13
3.372296387920000194e-01 1.688313867630000109e-20 2.524846629369999872e-71 3.111369467069999770e-20 4.616421677749999726e-24 1.191997185480000044e-03 1.872271943390000071e-18 4.120131731980000017e-02 2.663437467520000101e-01 3.540332999499999911e-01
3.547737586469999899e-13 3.886035099499999838e-32 3.318322710289999820e-29 3.938813050130000049e-01 6.043505807710000122e-01 7.081280151940000134e-70 3.039166435480000082e-37 1.768114210900000038e-03 1.129856306529999935e-28 4.866341197299999610e-12
2.177999719189999946e-26 4.453002178099999681e-02 5.896150416069999451e-20 4.210947956639999878e-01 1.457780982440000095e-01 2.388977012189999805e-13 1.107047446810000002e-01 2.778923396290000070e-01 4.636403326829999878e-15 3.976980323150000189e-17
1.671876391740000063e-12 3.606682998899999774e-18 2.992843043010000037e-01 2.515767832489999933e-12 2.332622766550000211e-06 1.119017146049999939e-01 7.281290167399999951e-06 3.851310581579999801e-22 2.688384144679999976e-01 3.199659527090000233e-01
3.908258025829999815e-01 1.674825053620000060e-11 1.304238377569999969e-08 1.173413461999999992e-03 1.014756849820000057e-43 6.080007707060000044e-01 4.931351776970000331e-21 1.120352862740000044e-49 1.897316354069999975e-10 1.317885399520000042e-32
4.576538709660000204e-01 8.262090336300000609e-30 1.775834601150000060e-06 1.701355922820000082e-13 1.845161354130000033e-47 1.779647508169999907e-52 2.869283539309999985e-34 2.029913097400000217e-28 5.423411619050000354e-01 3.191294695540000202e-06
3.377285641860000021e-01 1.471057650459999994e-19 3.014637806330000003e-01 1.485302587400000090e-04 4.364541952150000196e-35 1.248094084810000078e-66 4.245772216219999937e-21 1.320958984780000008e-31 3.818824622320000179e-04 3.602772424599999801e-01
2.541586231520000019e-17 4.951528267379999873e-14 3.010879350840000024e-01 3.864881570550000334e-40 1.218915227120000028e-01 4.943413386460000086e-02 3.769137100510000232e-26 1.715215081139999931e-01 1.001128081130000023e-09 3.560648992239999755e-01
2.270170247280000180e-25 7.876980377410000017e-18 1.578897107799999977e-01 2.521583609220000022e-01 1.553061614740000040e-01 1.591374046329999908e-07 3.895637223669999871e-01 3.889273806889999990e-02 6.189143005559999758e-03 4.245135846060000195e-09
5.538747756919999883e-03 1.833823696779999958e-16 6.793264081940000078e-09 3.652027122620000177e-01 2.397994496849999851e-02 5.098072349669999781e-01 3.018926344510000033e-15 3.939509180639999837e-14 3.888012081199999914e-02 5.659123244070000253e-02
4.975963880750000283e-09 2.087822526889999974e-01 4.292868462969999799e-01 2.109514252620000073e-12 3.539040144290000059e-34 4.443611978090000240e-13 3.045531418799999890e-01 1.896574434960000098e-34 5.737772157439999937e-02 3.258165089909999746e-08
1.304977273850000006e-15 3.080360786709999965e-03 3.413830877610000147e-01 1.847567228350000009e-10 1.641473854350000047e-07 5.388132160900000071e-12 6.105855669010000388e-54 6.555363871149999522e-01 3.690527782240000158e-49 8.509266146500000445e-65
4.696604108259999547e-22 4.223949645140000265e-11 1.014008176369999951e-02 4.463921727120000306e-06 3.206520505430000001e-01 6.691553259160000211e-01 3.104075874900000069e-36 4.807781264950000048e-05 4.652417347069999867e-15 8.325932769170000037e-22
1.711226396240000112e-05 3.650029860730000242e-01 1.712194220219999912e-24 1.129641640120000040e-02 2.768515243680000145e-97 2.531394269770000246e-04 2.752266009829999927e-36 8.549388457750000283e-37 6.234303458350000104e-01 2.124004398349999896e-57
2.704985824239999770e-41 2.056726320280000031e-05 1.061250777110000003e-13 6.057540417519999831e-01 4.184103764809999904e-23 8.937488634090000682e-16 6.145147458759999987e-22 3.942248660639999791e-01 5.249213025479999588e-07 1.222240476050000027e-42
7.606145273760000266e-05 4.354451683920000105e-34 5.662363425519999494e-01 1.537892823780000022e-02 2.371831845650000060e-06 8.233315414509999888e-57 4.616178126570000157e-51 1.742052982769999925e-05 1.055230319990000091e-06 4.182878201649999905e-01
5.456260842389999661e-21 6.721526046570000398e-32 6.676409388230000186e-01 1.510409516579999954e-21 3.323590524669999824e-01 6.932077835410000224e-09 7.025249350679999689e-19 6.758823645560000171e-35 7.263118630599999438e-21 1.777448942149999920e-09
3.793903720130000042e-09 7.335728804089999654e-29 5.799583861039999732e-38 2.189463008249999953e-01 2.865409735980000150e-01 1.495414266820000002e-49 4.113571746409999713e-15 4.242403455739999774e-01 1.120586210499999984e-14 7.027237620960000153e-02
1.697529946799999909e-09 5.309360180019999716e-41 5.009799276480000341e-01 3.328934371639999997e-35 4.986675799040000134e-01 8.359095563420000012e-22 3.621449347490000046e-48 3.863390915769999690e-24 1.596444032510000066e-30 3.524907498709999921e-04
7.753047888110000145e-04 5.198857803909999742e-01 3.238688237839999889e-40 1.550917058990000131e-11 4.177566119229999808e-54 3.909291023510000377e-06 1.879006547379999947e-01 4.393530120340000346e-31 2.914343507750000173e-01 8.363656215680000317e-17
2.905029654460000027e-02 3.241495135110000047e-12 6.977550839499999930e-07 4.964696995830000127e-24 2.550905094189999955e-15 5.973178486200000220e-02 5.305265205029999764e-01 3.776120565050000155e-01 2.960865379649999830e-03 1.177784473639999940e-04
1.026638063280000047e-04 1.543937004669999880e-11 4.707931799939999890e-63 1.757381590480000050e-17 7.694523100840000368e-28 5.713168639949999887e-21 4.926389374909999946e-22 3.456000554379999867e-01 1.250289163659999980e-01 5.292683643740000443e-01
2.927187806369999801e-66 1.148395177569999892e-31 4.260369663840000067e-39 5.239768728000000233e-90 6.929575194839999730e-01 4.708224396929999881e-25 2.745891173469999780e-01 3.244823412899999759e-02 3.884728789079999948e-38 5.129040168899999991e-06
4.300821668929999952e-01 4.813474539640000013e-38 1.913995086370000036e-33 7.191141482879999820e-19 5.699178331069999492e-01 1.985109056689999989e-25 1.410640958969999966e-19 8.260411400189999772e-36 1.579077687449999874e-73 4.798086904409999955e-23
3.759507752620000397e-12 2.269225213860000207e-50 4.781423664580000329e-03 5.039065432010000345e-01 4.868510100940000041e-45 4.732260429000000171e-70 5.351015823969999596e-34 1.158616805480000009e-67 4.913120028510000181e-01 3.027995678629999973e-08
1.838526608940000005e-21 2.655744502209999847e-33 4.962918470350000126e-107 1.802156264000000127e-42 2.237276514409999861e-01 1.223098995150000046e-14 1.787787413720000051e-01 4.071602559440000157e-01 1.741526922790000112e-30 1.903333512419999873e-01
4.070743667659999883e-60 4.791985748260000004e-15 3.515450452709999932e-32 8.259421653499999801e-23 8.113120750730000654e-08 4.984271835030000264e-01 5.167486527949999900e-08 5.015726836910000541e-01 2.292145990270000091e-21 4.750696490410000436e-38
1.237458649099999926e-02 1.174471609210000055e-36 2.728156486200000259e-07 3.332598625670000203e-01 1.142808644119999989e-37 6.792753475250000030e-23 6.509548647099999696e-01 1.634527957540000107e-55 3.410413415809999873e-03 4.399346533290000079e-14
1.955508389429999883e-01 5.482206145419999956e-33 4.588761645839999903e-01 2.340283049580000052e-01 7.666187732870000104e-02 2.466863847719999926e-58 2.307677505249999867e-19 3.475445354759999772e-02 6.223312198290000139e-19 1.283606395930000064e-04
5.571192173779999646e-01 1.679611071810000015e-74 1.776152419670000086e-65 7.424054478399999842e-20 1.133542342149999925e-03 2.416532576640000147e-52 2.359766462209999816e-40 9.474867675180000537e-45 4.325900483900000263e-51 4.417472402789999752e-01
