2.833236471359999871e-29 1.102544356710000034e-01 1.968990210140000026e-39 7.135592031530000253e-80 4.446437649469999753e-01 4.909613970059999825e-12 3.685211840300000041e-01 7.658061527189999329e-02 1.795732802369999860e-54 7.498771527459999797e-11
6.538077933579999890e-01 1.210688192420000072e-05 3.461800943180000090e-01 5.428493347440000050e-09 1.269835866929999919e-31 2.375440906769999886e-57 1.530234048080000084e-84 2.139284703589999944e-78 5.706402112889999619e-41 1.348584781230000029e-11
7.731571630000000361e-01 2.256518291200000081e-01 3.179686640989999874e-25 3.766773221029999963e-43 3.156354326790000032e-24 3.455210719879999826e-34 3.957936398130000036e-19 1.123608139309999990e-06 3.587297395750000174e-29 1.189884272380000059e-03
1.680966621169999905e-09 2.176028577799999960e-44 1.425276772980000011e-74 6.165515343029999598e-81 1.894149892000000047e-33 3.736411611589999919e-78 2.668507136200000060e-02 3.122314804790000120e-01 1.473237626159999895e-34 6.610834464779999919e-01
2.321337028929999974e-04 2.797622650430000024e-01 6.153625080210000098e-01 1.334214705690000034e-43 2.696815815889999882e-09 1.393984468230000087e-21 9.435073166739999670e-47 8.663052868619999966e-16 1.168093025519999931e-60 1.046430905369999942e-01
7.992562565909999907e-24 4.442818407399999892e-01 3.902374902550000325e-30 5.033933875459999894e-51 8.969585222170000535e-32 1.176644798949999994e-14 7.153419922790000377e-12 7.911888678410000116e-22 4.378448969299999964e-20 5.557181592530000547e-01
4.324050160949999757e-11 2.295499712219999906e-64 1.111655340790000073e-15 1.480459063129999989e-44 1.777726666449999937e-01 7.408492804439999769e-11 4.142803764449999870e-01 2.388617247519999875e-01 1.690852320400000053e-01 6.736252891909999850e-19
4.911109834869999968e-01 1.009263584929999985e-59 1.162710618959999966e-03 1.392044589109999877e-41 2.674212257879999832e-01 2.540188832039999973e-50 7.070877182310000478e-44 2.403050801059999908e-01 3.212745878979999935e-28 1.055693365099999960e-19
1.010126074830000051e-39 2.057071920140000065e-01 1.520596574509999924e-08 1.057863613299999944e-20 1.876504439960000048e-01 7.391483013209999842e-02 4.059784943690000177e-18 8.678899323319999581e-02 6.328998486699999665e-92 4.459385254189999759e-01
1.856052557010000048e-01 1.842014893209999887e-13 9.816276693749999194e-09 2.343841978099999954e-66 5.787383757399999773e-01 1.296357150790000064e-09 4.461700782739999869e-10 2.356533851139999969e-01 2.971815364879999797e-06 7.063724251449999374e-11
3.975597100639999706e-34 1.104544034210000005e-73 3.350154406090000148e-01 1.807524627190000011e-01 1.592936452750000018e-45 2.985937452879999787e-01 3.829209505089999945e-28 1.856383503100000054e-01 1.063605291179999943e-09 9.262636277399999591e-12
2.514823231199999901e-18 1.653966130339999995e-37 8.735806310030000410e-02 1.457967604870000010e-35 2.469033251110000152e-18 1.483362025950000058e-24 1.348673113059999952e-65 9.126419368999999504e-01 2.781562735790000173e-24 1.009745214899999936e-35
3.216166511879999801e-01 2.631571197649999838e-21 6.783832270530000264e-01 4.800602943859999845e-40 1.217590050360000023e-07 3.979855923680000107e-58 8.446783739119999517e-93 5.555101785639999694e-58 2.964875287850000048e-68 4.188631332400000260e-25
3.387019258810000100e-01 1.606392868879999991e-01 7.139273521789999766e-13 3.467025746160000144e-01 8.785670624929999576e-07 7.446015744250000052e-46 1.436232583259999913e-21 1.639171271140000091e-42 2.080245137750000036e-43 1.539553340479999921e-01
4.885368826099999918e-28 4.052736263569999951e-08 4.282427070889999743e-01 9.586256356490000243e-37 6.786885697780000372e-15 4.616349214900000164e-01 2.606228872219999957e-34 1.101223304650000012e-01 2.015946170600000061e-17 4.280564761979999753e-10
2.919701739379999882e-48 9.999999999719999533e-01 1.039031754630000033e-59 3.141283298329999910e-52 3.861188661540000148e-40 4.151396390099999737e-25 1.218336070089999948e-14 3.530491203639999849e-41 5.302239668599999933e-65 2.798153236489999868e-11
2.789140875519999929e-07 4.370659687320000268e-12 1.380041868089999862e-26 3.609060661260000040e-79 4.602768288740000102e-01 2.191067193320000027e-18 5.212789089199999781e-02 4.875822784230000040e-01 1.695418682609999892e-13 1.272289272029999921e-05
2.727365235559999752e-23 2.586749261319999937e-01 1.029686604710000064e-01 6.397587753859999604e-19 6.383564133969999999e-01 3.724186408939999773e-21 7.565584938209999808e-71 2.921285356690000223e-85 6.518528339410000255e-47 4.610078420259999898e-48
2.119476504570000204e-31 2.863278715519999951e-05 7.947270020679999547e-01 2.645720581830000177e-34 5.507412284619999980e-40 8.417509089010000861e-03 2.204166373520000051e-57 1.968268235110000042e-01 2.742475810570000110e-49 3.254492841369999850e-08
2.247373134950000073e-01 9.486254141240000553e-25 3.357997208210000140e-01 1.649710039720000132e-01 1.105964912419999939e-08 1.412659809969999958e-01 3.924181385960000010e-07 1.029626739199999974e-19 2.018507948959999940e-09 1.332255752200000032e-01
5.390001221800000408e-01 4.608157058740000034e-01 1.260718533770000061e-35 1.530078267359999930e-61 3.906801880950000200e-11 1.185057874660000050e-33 2.350512880529999869e-14 1.752959627090000056e-25 1.841719067479999903e-04 1.559263254790000115e-25
7.291278138929999635e-45 1.958561659489999884e-01 5.160888145570000170e-41 3.563918817619999846e-01 4.699567847189999584e-44 4.197396768019999724e-01 2.800310810440000131e-02 8.932764580269999470e-51 9.167382489369999238e-06 1.855281196109999986e-26
8.807909853870000781e-34 5.684308732790000091e-09 5.410047283550000174e-20 2.489828499539999962e-01 5.398809181179999861e-01 2.111332911419999958e-01 2.935102936029999922e-06 1.925856199240000103e-57 3.856592729940000048e-16 5.095106954100000535e-29
9.998014057079999845e-19 1.719526567300000110e-41 3.497482117139999686e-05 4.997374956150000269e-01 1.812683855889999918e-01 7.183035633409999565e-02 4.215424428870000145e-14 2.469690143549999883e-01 1.597732852209999925e-04 1.541710765610000122e-51
9.739335643339999840e-34 4.431656317090000059e-20 9.075334408049999177e-03 3.243764865759999894e-01 1.780025983729999937e-09 6.665481758989999506e-01 1.343498316229999976e-38 4.248180428759999951e-48 1.337046978800000026e-09 1.176174107129999954e-69
1.424762047079999872e-01 4.804830460890000161e-03 1.321481850390000034e-43 8.292359769230000517e-14 6.669462963900000263e-01 4.367026021020000053e-57 1.857652524429999896e-01 4.763912975499999887e-47 7.415997390530000243e-06 1.610269439289999931e-22
4.210369530950000172e-17 5.561352624630000251e-20 2.764411801480000097e-01 4.120240987999999882e-02 5.025739332340000174e-47 4.462012205460000029e-17 1.345119405529999888e-35 5.797983527629999717e-02 2.201031224059999992e-08 6.243765526860000081e-01
2.608717997449999776e-56 8.589581576830000665e-56 2.079268244359999927e-31 3.720338403379999659e-02 5.076123647740000093e-157 3.448137630920000141e-01 8.173336796380000178e-08 1.041036168219999954e-02 1.546428723260000083e-07 6.075722548149999902e-01
7.162198507549999346e-08 9.531995076820000412e-02 4.913034394199999877e-01 4.333045133509999856e-10 1.029170408419999949e-33 1.792920026189999929e-27 5.932207601660000243e-64 2.436796314510000071e-62 4.133765377570000066e-01 1.384009580990000075e-32
4.932778913900000006e-01 4.446314144519999956e-01 6.209069401020000240e-02 5.384014975440000168e-19 1.905037743979999907e-19 4.068171166559999576e-34 2.766284730540000080e-63 3.719134557719999919e-82 1.483015212069999968e-10 8.938536222120000469e-27
2.637863267089999870e-11 9.263992530800000015e-30 3.727980004829999916e-01 1.956033241180000096e-40 2.593623287189999872e-20 4.447670212979999757e-23 4.000268117639999911e-63 6.272019994909999729e-01 7.067330061440000097e-26 1.637995210289999947e-34
1.136617409779999921e-44 6.830509304639999702e-68 3.284826780090000151e-21 7.286488424750000295e-12 1.739616202990000027e-01 3.602445148369999850e-01 3.223025599700000132e-01 2.349192523259999860e-02 1.199993796550000019e-01 3.213532432020000262e-51
6.039105382899999652e-01 5.889038507649999817e-12 6.562034757680000607e-02 2.255863232149999969e-08 8.559267187220000295e-32 4.149308596600000232e-46 4.892818200490000070e-57 1.002770787849999989e-48 9.328476433089999971e-33 3.304690915690000064e-01
3.270616932709999791e-05 9.622280666749999378e-02 1.340086888209999996e-10 2.597288788199999984e-05 2.444592232699999979e-01 2.616206318989999924e-14 2.506021975700000182e-01 1.194616479190000052e-01 2.891954452189999802e-01 1.634806196570000042e-10
7.659131872129999477e-33 3.067934918069999729e-36 8.268636474289999672e-44 1.950343645810000082e-67 5.834670080860000496e-01 9.339774643290000362e-31 3.925162164359999872e-01 2.401677547749999850e-02 4.649355949230000204e-47 1.243848957730000094e-13
6.140310060589999619e-01 7.713850720449999841e-58 2.741774541490000217e-01 2.597780100909999906e-54 1.117915397920000026e-01 1.114666813779999983e-65 2.052402135860000095e-101 3.810617867049999989e-24 3.867207807490000022e-42 1.473651736000000058e-58
2.276999731980000052e-01 1.954036391189999944e-01 8.627297488619999576e-05 5.983194292179999652e-76 4.476325528010000054e-01 6.749835111119999941e-07 3.440327958179999890e-22 1.291768311510000100e-01 5.577198263090000259e-08 1.461413672789999957e-16
3.922617474650000324e-02 3.649029227050000213e-01 4.974153716880000299e-06 1.156213428539999998e-35 2.389126213950000224e-16 1.422433055859999906e-19 2.143513181510000069e-32 1.319196324360000054e-02 5.826739651510000062e-01 4.535109360819999640e-21
3.192947441379999802e-34 4.765750498329999848e-78 4.956459086059999963e-01 4.310716524789999782e-01 1.324933526429999907e-32 1.771360410340000122e-02 2.749578185340000143e-27 5.554490157400000100e-02 2.393323740810000071e-05 1.456987479100000034e-18
9.490990519510000487e-03 5.864548381170000271e-40 6.220720869590000431e-10 1.981841696549999920e-01 3.567169552950000266e-01 7.791917840449999751e-14 2.954092359980000082e-01 1.401986479079999903e-01 2.051398801230000064e-20 2.003124927789999898e-12
1.252502248410000091e-15 3.017791907259999999e-61 8.940708163230000338e-02 5.369573363709999603e-01 3.718866017549999903e-01 3.854977535390000212e-17 5.195935582110000261e-45 2.635364582209999945e-17 1.748980241400000055e-03 9.549685783990000675e-117
4.047772223320000000e-08 2.278027345309999941e-05 3.998967467930000241e-01 6.000804324559999570e-01 4.496375097559999789e-18 3.623262947599999718e-54 1.637671542300000013e-83 1.819212709939999904e-51 1.992098888600000133e-37 4.046877816040000180e-32
4.607438044560000344e-13 4.988498377519999805e-01 1.074085298900000036e-28 5.011465567380000152e-01 2.797808172710000060e-08 4.765975084199999805e-26 3.716581714779999814e-22 4.529883063119999787e-227 3.577531623190000176e-06 1.062675627160000051e-61
9.536520591319999776e-27 1.091558673109999907e-37 3.198030921399999808e-09 2.750037703529999988e-01 1.038332769319999932e-01 2.316383910429999915e-01 1.316679152849999923e-01 8.159181399529999237e-06 1.668817991889999881e-42 2.578484840070000006e-01
2.168776343579999925e-30 3.856905302320000293e-27 4.257951140160000011e-08 5.152491619529999766e-15 4.151750707749999880e-01 2.593863390830000089e-16 4.465755846289999930e-17 2.762287232369999980e-05 1.018607809750000022e-75 5.847972637730000089e-01
1.320376602490000026e-17 3.351069564389999951e-56 2.187305435490000116e-01 1.064756716009999937e-01 1.078479809979999940e-54 1.447328666030000031e-28 2.754915009820000251e-38 6.328001085649999358e-02 1.009051138010000043e-07 6.115136730879999760e-01
1.760433072220000117e-01 3.946299470539999786e-08 2.883983160629999967e-06 1.124410770220000017e-31 6.187645888890000353e-15 6.726629263150000027e-20 1.374482010489999989e-20 2.365421520590000048e-01 5.874116163010000280e-01 9.713070947529999539e-10
4.086283800090000013e-33 8.274182785700000478e-59 2.010540467409999887e-17 5.267546896450000515e-01 1.753357126539999838e-02 2.289816074449999895e-04 6.321724000170000652e-05 4.554194717749999732e-01 6.846672129380000246e-08 5.015135321109999770e-50
1.206429110899999955e-02 3.377277713970000259e-29 3.896321662639999905e-01 1.522565225439999965e-29 1.760950458950000060e-12 1.993761684000000075e-26 6.780906842760000093e-51 5.983035426249999622e-01 3.096287014809999907e-15 6.018933206169999629e-31
2.941239717890000160e-01 6.497216401699999587e-59 6.018964694330000229e-22 9.008130447650000125e-57 3.057997825720000160e-02 1.810501939660000002e-58 3.097328971009999808e-14 6.088133393279999694e-01 4.080986681930000202e-38 6.648271062549999944e-02
3.591829119959999923e-32 4.538053514509999831e-01 4.127894515059999803e-38 4.902477192400000299e-74 4.516377056290000191e-01 3.660563242120000016e-07 6.613615844560000179e-02 2.842041841759999909e-02 3.789551506079999971e-48 2.105393959929999892e-17
2.867724308829999735e-01 3.391592211329999958e-08 3.855331643440000162e-27 9.412706220289999634e-03 2.748822112680000006e-18 2.540916544070000135e-27 7.032008994289999926e-01 4.174588972769999930e-12 2.530695459389999924e-26 6.139295474369999570e-04
3.844810151630000140e-17 2.709728304260000109e-01 1.966294673779999946e-01 3.296435252230000171e-15 2.399890402510000131e-01 1.162132219890000077e-08 1.246851511510000089e-25 4.656516336820000187e-10 7.448823147949999582e-76 2.924086498590000027e-01
2.149783238310000123e-31 7.673038951690000498e-02 3.216710800420000127e-01 5.540646863050000013e-12 2.108096399899999918e-01 3.907888904449999812e-01 4.239490793009999896e-31 2.972775499010000030e-21 3.234398272820000174e-30 2.081730832139999950e-29
2.452536731880000135e-08 4.463455040920000178e-29 4.993148304139999882e-01 9.252611710599999628e-04 8.044212529949999828e-55 3.323352245490000257e-27 1.132782981649999998e-39 3.136963298439999929e-10 1.620710106740000095e-09 4.997598819560000183e-01
2.434539339479999885e-08 4.175999124259999751e-01 1.428617485780000003e-11 1.991124563059999979e-05 1.356134738479999879e-01 9.262069235920000464e-10 1.722238844039999939e-02 2.665093779269999893e-02 4.028933509609999852e-01 1.458484560309999934e-18
2.088281929109999981e-25 7.928529489309999966e-59 2.784740271360000019e-01 1.741700620979999971e-31 8.158490730069999422e-05 4.164565786020000263e-08 9.406336769290000417e-63 1.878252947610000074e-26 7.214443463109999621e-01 1.394492669580000115e-144
3.441194184909999757e-47 2.146886932309999872e-09 1.360035500829999932e-15 1.899537370240000078e-01 4.001683983340000348e-09 8.100462568280000220e-01 1.710859124220000003e-27 6.128605479029999727e-44 1.405647472650000023e-14 8.953507071270000200e-61
1.052940395849999990e-17 3.755452360139999759e-49 8.010699248189999677e-01 2.096369190059999863e-21 2.015823672909999922e-34 2.842656150970000121e-21 4.108231097459999804e-41 1.869161263920000038e-01 2.783883874969999861e-28 1.201394878940000022e-02
5.896001989500000429e-01 3.447052773900000134e-06 4.555771180289999670e-27 1.909617646000000032e-46 1.252275733620000015e-22 1.939900754349999869e-33 2.654654272849999913e-12 1.013974293580000019e-02 1.528232597880000136e-26 4.002566110590000115e-01
2.489134306919999909e-26 1.010980367490000058e-37 4.490209002729999820e-36 4.548625532850000264e-01 5.115725916819999832e-30 1.276937716790000024e-21 4.352829768709999825e-01 1.098544341010000008e-01 3.574299201139999999e-08 5.595803477700000427e-22
2.602515877529999924e-17 1.111137664360000062e-03 4.104226122270000212e-04 6.171408819520000582e-51 3.536243037990000060e-01 1.147182864589999934e-01 2.219694594359999854e-14 3.737605941119999929e-04 4.837000699750000468e-22 5.297620888720000476e-01
5.526776629479999913e-16 1.872045435830000001e-10 1.657570079519999906e-01 1.003978696589999965e-10 4.208416158759999970e-01 1.849075625979999991e-14 1.164846513819999980e-24 8.076668687530000096e-14 1.180274426229999955e-67 4.134013758839999997e-01
1.490072916349999925e-39 8.974402715510000826e-25 3.743564683050000230e-01 4.092384844950000114e-35 7.854480516970000528e-54 1.126278482699999959e-04 8.646629046600000647e-55 5.264195788890000394e-01 3.502448907479999979e-53 9.911132495799999942e-02
2.554578686299999735e-01 2.251182789710000003e-19 6.507604118030000384e-01 9.378171956710000534e-02 3.905519506650000218e-54 1.790794546329999966e-60 7.872250173229999897e-93 1.219195410620000009e-53 4.520972318659999777e-13 1.317178884540000089e-24
5.322392530680000178e-01 1.420065966939999925e-18 3.608751510540000067e-43 4.583036145500000158e-01 9.457131413290000010e-03 1.467113863880000105e-53 6.012318500689999811e-12 1.264313892980000016e-79 9.623742377829999563e-10 8.307600474480000635e-62
2.561255384510000024e-27 1.060685934060000038e-28 2.808470329950000233e-01 2.366839420500000003e-26 5.523429815929999958e-18 3.738906340040000220e-01 2.853841756030000275e-17 3.444530738400000125e-01 1.012614849369999900e-06 8.082465459809999803e-04
4.465233995439999992e-01 7.792305148959999990e-19 2.366462176139999897e-14 4.531831628970000025e-01 6.333388017439999657e-03 2.227252770890000002e-35 1.045846257199999985e-09 9.396004466809999844e-02 3.828279288289999587e-09 1.671022323660000006e-18
2.081370992669999907e-13 1.267064838720000086e-01 4.027112890330000130e-44 4.069282704099999745e-07 1.057647469889999997e-01 1.172247054369999955e-24 5.711484374399999897e-01 2.187842227369999814e-59 1.963799247709999973e-01 5.326321932389999596e-54
2.972156277410000214e-01 8.242843470590000420e-26 2.908210658299999718e-14 1.242557859830000004e-66 6.554424060029999666e-01 4.663709148229999973e-21 2.027258370610000067e-08 4.724053192140000024e-02 1.014139568870000017e-04 1.047862022990000058e-10
3.560131376669999759e-94 6.404085717399999849e-52 9.049263259749999100e-56 4.104536114890000138e-93 4.923239928320000125e-03 1.968291334030000117e-01 7.623022892930000349e-01 3.594533737519999689e-02 1.466168614320000042e-65 2.387684758159999893e-44
2.306456362109999927e-08 1.711471220680000106e-90 5.328245560680000548e-01 2.285482453890000006e-10 5.230652099150000009e-14 1.717013342960000039e-28 7.149772681890000525e-61 3.040864047290000208e-17 4.671754206379999941e-01 2.884278279400000093e-92
1.273825556160000087e-15 2.019812333250000031e-04 4.902707618650000154e-01 8.661685451110000174e-09 6.154455116400000408e-60 4.790969341070000316e-10 3.440938240090000289e-42 2.576684323239999824e-06 8.194109554299999813e-17 5.095246710759999687e-01
2.719934025109999941e-34 8.091506324359999677e-74 3.348119471850000139e-01 1.810467636879999898e-01 9.813635321790000439e-45 2.983256067169999803e-01 9.006265132259999884e-28 1.858156816509999865e-01 7.444752593829999595e-10 1.361539739499999979e-11
4.165501115870000004e-31 4.999597269859999693e-02 7.750795712760000347e-17 4.298652627880000038e-35 3.885225300849999841e-01 3.981125293219999750e-01 5.623686446540000066e-14 1.633689678939999890e-01 7.035751472760000508e-20 2.574137560890000219e-38
9.858551744310000246e-30 8.364742744990000071e-39 3.231377559079999795e-01 3.972329917409999664e-15 2.085871295970000067e-34 5.485765116630000326e-01 1.020594573229999938e-49 1.078148493939999957e-32 1.282857324289999879e-01 2.989902131309999994e-46
1.974863594449999932e-19 1.317785526969999921e-12 1.039757757320000022e-29 2.016690395790000157e-34 6.047195201559999456e-01 3.611437084640000038e-29 2.974038417789999939e-10 3.952804728000000045e-01 1.662071537899999940e-61 6.744737955770000208e-09
1.108266756830000055e-24 1.940840825120000135e-05 7.481167230860000130e-16 8.206778090779999479e-02 1.225251677030000106e-03 5.463151422799999990e-01 3.083506726870000048e-02 3.108540539650000161e-11 5.979503518469999825e-56 3.395373494269999792e-01
1.211812291940000048e-32 1.289476791369999950e-39 4.007698729170000029e-01 1.807116727980000002e-13 3.430781042219999768e-63 5.878859830479999937e-01 3.219176879890000168e-47 1.134414403200000032e-02 8.805481506440000523e-28 2.620499877080000096e-12
2.263222529249999974e-48 8.776690459789999699e-54 1.098093373989999984e-27 1.712968175339999906e-34 4.098793785919999955e-44 3.734069958590000016e-01 4.638587480330000169e-07 1.157366523540000018e-02 1.032118054699999971e-45 6.150188750470000354e-01
4.041316882050000108e-14 6.166390640200000229e-34 4.764347376140000145e-01 1.953857985489999838e-02 1.957120757730000007e-48 3.530127579059999818e-25 1.537284418050000087e-37 6.005853689080000142e-06 4.051442723120000056e-08 5.040206361629999687e-01
3.585229655269999827e-23 2.558671482370000086e-23 3.191093205579999953e-04 7.518309236930000002e-10 7.398633237609999469e-01 1.796662113179999963e-03 7.838654096089999833e-19 1.321468065680000137e-01 1.258740974850000027e-01 3.365461212459999904e-44
2.966561611169999911e-35 1.304360890630000024e-84 7.148283283240000618e-02 2.836971999990000048e-01 8.746008350040000390e-49 2.005227753740000118e-01 8.264987790879999592e-22 4.441487375340000265e-01 1.394803514199999948e-09 1.484528664840000097e-04
6.538108378739999615e-01 1.667899292599999943e-06 3.461874866740000112e-01 7.548921136480000045e-09 5.337082321800000409e-34 8.737105466229999644e-57 5.644866676760000152e-88 1.289233536770000028e-79 3.741384297310000342e-40 3.462431672139999987e-12
8.250208092429999832e-14 2.169923463559999901e-20 3.116158136700000192e-01 6.404725996140000459e-38 1.836606726719999905e-05 9.115619315539999685e-18 1.057795756700000054e-33 5.457816137959999730e-02 2.684704981109999931e-51 6.337876588830000379e-01
6.038617030599999769e-01 3.143186873470000081e-12 6.569366096980000513e-02 1.648265978410000061e-08 1.782646038759999955e-31 4.317511466510000379e-46 1.843967417220000168e-55 1.162891916520000005e-48 3.648365737419999846e-32 3.304446194849999796e-01
1.042437927819999950e-31 1.802408295210000021e-22 2.438018189049999951e-01 4.333017435439999732e-01 1.164558376900000011e-02 4.127217930920000021e-10 7.147158896400000427e-22 3.112474955890000006e-01 7.261889366719999861e-45 3.357779298380000086e-06
3.365263738380000192e-32 1.681804647189999977e-25 2.995249906630000031e-39 2.636885749880000057e-57 7.421151119819999753e-01 8.521894986239999300e-22 2.566865107810000213e-01 1.198377237299999998e-03 6.612455855610000273e-40 2.960902376979999968e-16
4.075233811579999886e-07 4.821400840450000143e-121 1.999986817140000095e-01 1.745296323360000047e-23 1.615668642290000031e-15 3.762665361319999751e-55 3.300877007510000084e-49 8.000009107490000382e-01 1.388178584720000008e-11 1.456187273660000065e-28
5.972331314859999907e-01 1.001190984110000041e-48 4.493061067750000007e-30 7.663042314019999864e-14 1.130133683660000062e-36 1.631008791249999997e-31 4.020388475180000087e-01 1.340279025000000023e-11 3.299154222049999804e-04 3.981055605880000087e-04
1.110191701849999948e-03 5.625783265099999696e-29 3.990148826300000118e-01 4.321554049860000206e-30 1.263487991769999976e-10 6.338253597370000136e-28 1.282066569930000037e-45 5.998749255409999703e-01 6.735264838250000069e-15 2.469600554930000115e-29
5.624426898430000122e-49 2.466677023929999938e-15 3.541459165800000191e-42 2.147690220479999900e-07 8.539704871439999894e-29 1.940657025499999966e-01 5.608163929160000505e-01 8.662132181540000460e-17 2.451176897640000019e-01 8.608174066909999815e-44
6.342837496730000190e-19 8.341849103589999517e-47 3.295284427580000286e-02 1.728246585489999975e-04 4.053266166560000239e-16 9.475029307650000357e-04 1.924099362240000118e-26 5.485102497599999571e-01 4.174165783750000136e-01 1.160703336429999929e-39
4.824358527839999744e-01 3.169320672469999851e-06 9.239757300070000007e-07 1.819894287259999972e-12 3.051732205170000266e-36 4.060356807910000133e-22 5.522394042949999626e-28 5.175024837480000084e-01 5.731738135329999948e-05 2.527887986160000090e-07
4.824538314269999906e-01 6.775979617259999805e-07 4.183785566399999709e-08 2.587138369850000054e-13 4.213853822830000095e-37 3.905882936390000186e-21 1.547955732789999954e-29 5.175069325919999796e-01 3.848337925809999966e-05 3.316637931490000186e-08
5.464837529170000111e-61 9.346557616470000290e-16 1.900176860540000023e-38 5.168505655370000396e-01 9.445034958950000533e-65 2.866892000469999924e-01 3.814011255279999707e-02 4.783329086580000316e-08 1.826855320289999951e-32 1.583200740300000076e-01
3.969807959840000064e-12 4.408062435880000240e-01 1.152828338859999971e-05 5.495496940740000058e-01 1.581323781870000074e-12 8.011874347449999397e-08 3.236560061779999928e-10 8.814369829550000133e-16 9.630475072500000247e-03 1.978533956729999807e-06
5.941053869050000324e-02 4.453755550290000095e-18 3.060600727940000030e-16 7.594084869969999674e-72 5.712712250470000086e-01 2.171812552709999917e-15 4.908427901969999703e-04 3.688173634410000234e-01 1.492357619639999986e-07 9.880794764680000142e-06
2.773710933189999861e-04 6.433396058720000088e-01 3.867874450580000137e-56 2.263942271710000041e-41 3.563830099370000060e-01 1.851542680429999884e-54 1.309766512600000058e-08 6.515054423709999943e-42 9.005527069990000357e-15 1.259264246270000014e-46
4.548989909539999932e-01 8.836170714539999675e-26 7.062136715890000145e-09 3.285960339250000149e-15 1.283756780549999952e-04 2.063724367639999946e-01 1.113761374309999996e-01 2.268202460010000088e-01 4.038061096940000205e-04 1.823450171850000070e-13
1.157244496500000015e-48 7.572831613870000256e-01 1.338969613129999899e-72 4.848417845580000061e-51 1.129229855070000081e-40 3.710833199659999939e-23 1.394137559449999952e-01 5.010721836159999712e-36 2.884417181710000156e-64 1.033030826680000069e-01
4.918679296450000302e-36 5.040671740120000015e-42 1.763469189759999944e-01 6.402647930100000551e-01 1.376230944550000099e-13 1.833882880069999943e-01 3.650262137210000082e-28 6.437728611969999654e-12 8.671201262469999768e-29 7.427762368449999471e-29
9.122277621100000706e-09 1.207186566060000028e-46 1.674550790679999867e-26 1.174776267670000013e-24 6.750226818069999801e-01 3.580888100960000065e-54 7.637314045520000240e-08 3.247571356599999737e-01 7.790791345779999773e-47 2.200970382020000116e-04
2.462422145559999946e-07 2.490483131939999831e-02 3.260401910399999825e-01 2.027811627059999794e-09 3.188941560830000064e-29 6.576976070010000459e-14 1.182297686669999999e-26 2.069000043979999947e-22 4.706299494919999882e-01 1.784247798789999895e-01
3.199913122959999945e-08 7.073199974030000003e-01 6.533879729809999728e-53 2.102259033120000168e-53 1.803064391350000031e-02 3.395526026340000210e-39 2.746493266839999947e-01 5.098934745800000024e-19 3.008849005449999781e-23 1.368636012969999937e-25
6.532774702110000247e-09 8.200880444369999441e-45 9.764842645910000443e-45 1.365123083339999976e-07 1.678299648150000101e-04 1.753053465850000163e-55 8.167495112910000410e-01 2.582916838979999931e-58 1.830825156989999980e-01 6.824094916699999658e-40
1.076110417999999917e-28 9.851003198680000073e-02 9.752209867670000297e-17 1.051375313909999894e-34 3.605319588770000139e-01 3.701746178079999838e-01 4.858143937219999830e-14 1.707833913279999949e-01 7.473589378989999943e-19 5.897991496369999796e-39
1.544785317370000059e-18 7.973858050239999250e-06 8.718622905980000437e-22 2.481753635879999898e-47 7.667581203799999693e-13 7.032465340879999749e-01 7.993765024770000185e-03 1.541155788479999896e-19 2.694750025090000028e-22 2.887517270280000048e-01
6.646185470160000371e-09 4.094866423990000168e-91 5.328245642760000012e-01 3.791923530250000275e-11 1.675686875979999999e-14 6.122966205740000332e-28 7.538542231119999819e-63 9.894799501880000531e-18 4.671754290399999787e-01 4.039416469500000283e-92
2.458178541359999913e-01 4.520373166640000409e-19 3.471155736090000277e-01 7.100208405240000190e-04 1.321139079790000044e-11 3.251643671080000075e-01 1.641978216090000047e-09 1.947412657419999941e-21 4.331045366560000136e-14 8.119218265060000606e-02
6.490810948750000370e-09 9.551682261980000071e-34 4.129673390770000063e-01 1.218066318279999937e-46 2.862572602199999761e-01 3.381168338779999913e-26 8.491253618679999724e-64 4.047679012960000029e-18 3.007753942120000024e-01 3.926210579599999757e-83
1.032178324509999986e-40 5.922550074270000403e-25 2.663132241369999939e-19 1.671946294889999907e-01 1.995867618610000091e-58 6.695920620789999611e-02 4.300615092129999827e-08 1.194080326910000030e-27 6.049163833499999754e-01 1.609297379469999956e-01
4.761574119640000201e-07 7.063522307949999801e-01 1.099588235009999913e-12 2.512573868160000036e-51 2.442332382289999749e-38 1.629054886290000031e-18 4.436224742210000198e-33 9.612789162810000618e-24 4.773733667810000270e-17 2.936472930469999909e-01
3.013703545540000225e-19 4.903443087149999848e-06 1.312734861019999866e-01 2.199551422110000055e-10 2.291456849509999947e-28 9.273702439700000355e-03 2.396674140029999793e-19 4.683544386259999779e-08 4.377937804879999950e-01 4.216540804719999813e-01
1.115941648839999895e-06 1.366084520099999925e-17 5.373217637070000010e-15 9.228533725030000209e-31 1.335947489599999995e-16 2.945270389509999828e-30 3.298621308619999890e-14 3.939542939669999910e-01 6.060443754219999590e-01 2.146690582339999986e-07
5.567833214720000479e-01 2.475577970370000189e-12 5.253481282389999733e-21 6.286045858279999864e-13 2.356704112559999912e-32 1.495367329209999888e-10 4.081294967619999992e-01 1.563916266030000105e-05 3.952735710140000081e-05 3.503201509400000191e-02
1.663810910950000112e-07 4.379872864239999993e-41 9.926511552740000446e-16 3.903940150029999723e-01 6.096058186149999614e-01 4.202988209729999790e-29 9.667688913720000638e-28 7.134048238420000073e-48 4.069862516309999706e-14 3.175596912729999923e-74
6.467711488690000350e-22 2.535713803369999882e-20 4.567004166579999858e-01 6.908881016480000316e-37 5.196175929840000123e-22 4.488902334880000011e-01 2.898286535430000071e-23 9.417438653019999384e-02 7.272245990380000012e-11 2.349632508850000104e-04
3.330096546649999767e-44 4.466086309580000191e-01 1.982628111729999986e-03 8.073312266190000108e-34 3.107167646920000091e-12 5.514087281459999490e-01 1.155979145519999987e-46 1.278140061019999962e-08 9.635956525969999208e-50 3.493680581529999697e-27
4.213581012100000023e-01 3.781227095360000315e-24 4.901183820579999899e-09 1.842229596619999955e-48 7.737906849869999326e-02 3.895398696080000066e-35 1.580715739620000103e-31 5.012628253719999538e-01 2.111257812460000015e-35 1.823772921220000044e-11
1.880175350200000116e-18 5.636781228479999732e-21 1.696517867479999880e-24 7.923846545709999711e-08 1.876762928970000094e-36 2.417473729669999859e-11 2.713428292660000074e-01 3.276860067600000208e-45 2.893940110689999790e-01 4.392630804020000168e-01
2.189486244689999997e-29 7.544520517549999636e-05 4.006479121479999961e-01 2.487656392049999890e-56 2.806786014610000069e-29 5.877612714759999912e-01 6.103076754739999709e-48 1.151537110170000079e-02 1.298952604069999925e-31 6.889739262899999889e-11
3.369592343959999931e-18 4.639662008370000201e-01 1.579305068159999881e-01 3.781032923470000195e-01 5.973033915439999666e-31 6.803785347850000244e-22 7.086579976040000198e-58 3.997025426960000265e-20 1.951892705720000107e-38 1.009645578859999904e-15
2.730013609540000172e-04 8.068780490299999988e-05 2.231859993210000004e-01 6.642074230510000010e-01 1.281513471440000066e-14 2.791361238659999839e-35 1.469390091000000044e-33 1.301613080450000083e-15 8.485171094929999674e-32 1.122528884620000028e-01
2.978476280790000132e-14 1.308898496410000056e-01 3.951189214849999635e-46 2.190035218570000002e-08 8.943826132450000133e-02 3.705119879770000144e-25 5.707858538450000241e-01 1.281775726740000046e-60 2.088860132889999999e-01 1.419704768060000034e-52
1.615324629649999993e-26 1.845251662620000024e-02 1.128891757749999947e-20 7.691410602770000472e-07 3.281340842959999914e-65 4.974716798389999806e-01 3.923370093969999929e-14 1.315453038470000017e-33 4.840722637400000083e-01 2.770653709430000199e-06
6.912128941609999577e-01 6.379883203660000405e-44 3.497100450439999757e-27 1.493405501060000081e-04 5.970700342829999820e-27 7.177148930219999627e-48 6.631403917470000350e-29 1.137376165310000102e-68 3.086377652889999990e-01 5.293215861129999897e-55
5.661924499560000240e-13 6.709729770729999568e-14 7.745441512669999596e-04 4.903966897600000041e-01 5.909385840330000227e-64 4.526998219480000279e-02 2.164207676549999825e-25 1.520823919159999965e-09 1.194238586910000011e-01 3.441349236810000156e-01
3.494284515120000267e-01 1.380659120159999981e-18 2.517278656830000088e-11 1.945506139839999977e-30 5.588389775220000011e-15 1.463508107189999920e-30 3.461779946190000288e-20 1.653253579069999995e-03 6.489182947589999806e-01 1.253587138959999918e-10
3.811352845120000079e-03 1.320889932230000067e-04 1.862243000020000093e-34 3.396070956560000031e-23 5.392771431830000184e-01 7.182617199760000201e-45 4.567794148970000245e-01 1.261926041199999938e-24 2.246097899829999860e-14 8.167497611049999883e-11
2.603639699310000138e-02 1.052673890889999924e-05 5.746614968379999736e-11 4.361213246050000270e-01 1.629243782709999929e-26 2.195037119440000037e-11 8.030502763400000405e-10 1.393816299510000070e-28 4.251260579710000251e-04 5.374066247230000481e-01
5.238781703930000102e-15 4.988453213669999942e-01 1.590816328339999932e-29 5.011546786330000058e-01 1.022290793119999991e-26 4.977413685150000107e-25 4.022761320459999781e-20 8.995157168790000183e-62 1.376705682330000052e-37 3.824357413990000144e-19
2.206530435329999984e-01 3.132120484759999823e-01 1.228320876619999970e-12 1.306063120890000031e-23 6.688768861869999735e-15 2.924736735360000094e-16 4.618651099790000152e-10 2.006237460570000113e-36 7.848962159399999750e-02 3.876452859339999946e-01
8.568388215390000317e-16 2.362459409370000030e-28 3.072480345379999811e-01 1.065088837349999976e-06 3.787760715310000137e-01 2.684929547760000108e-17 7.630757033720000020e-33 3.139748288420000089e-01 2.638210708639999966e-26 1.524039147309999904e-36
1.058063718730000054e-02 7.967146989080000500e-37 3.131280006499999877e-18 1.233488438289999980e-63 6.694984895029999494e-01 4.286199128329999901e-29 6.015259780880000351e-07 3.198875733289999745e-01 3.265744597600000169e-05 4.100832147270000296e-08
2.834460960499999849e-01 7.671106326529999496e-26 1.076980037390000031e-21 8.197977634059999364e-56 4.175719810010000005e-02 1.861563678009999887e-43 7.300340208059999911e-14 6.060426465049999489e-01 1.065118576369999962e-37 6.875405934429999755e-02
1.357243374349999950e-29 2.105033067920000159e-21 2.859497968850000252e-07 3.428741586109999995e-14 9.775329382509999801e-40 3.314378565740000215e-05 7.724446804680000450e-17 4.778026126069999590e-06 4.105455574690000109e-01 5.894162347700000470e-01
6.279884903479999906e-11 4.142218690509999789e-42 2.867044461639999976e-26 6.115645799059999943e-01 3.299289940340000198e-22 5.863317648710000311e-24 3.654370369339999813e-01 5.363858170470000089e-03 1.763452492660000023e-02 2.186875199690000092e-21
1.760478407099999865e-01 1.725159983470000109e-08 8.364087768240000206e-07 1.143046018390000044e-30 4.344995468020000373e-15 4.197021312109999845e-19 1.108939584939999942e-20 2.365416663150000098e-01 5.874096390659999667e-01 2.481398942259999984e-10
5.384188149850000164e-17 2.709556990879999905e-01 1.966138354599999971e-01 1.981559409959999926e-16 2.400125671409999994e-01 9.415003933850000686e-10 1.200143287049999999e-29 9.771373000820000335e-10 5.832999414160000293e-77 2.924178963929999764e-01
3.439358665679999997e-53 2.191926697720000086e-55 2.053319563669999959e-01 7.108529268059999850e-01 9.301549385189999303e-09 8.381510668870000014e-02 7.974881738670000407e-36 8.372818723770000472e-10 2.530673066800000100e-31 9.888838407810000870e-41
1.178897083189999945e-13 9.587985208719999874e-02 2.082911862590000052e-01 5.395120492330000017e-01 1.524487120950000087e-21 3.743147893689999858e-17 6.975705603380000387e-31 1.742279665579999981e-09 1.865233228179999898e-33 1.563169106779999928e-01
1.179257490050000096e-19 7.088324300900000413e-22 6.929725125370000651e-30 1.230113527999999928e-49 1.000000000000000000e+00 5.798150302309999924e-55 2.954352178720000046e-56 5.620537147990000215e-75 1.997219031059999961e-36 1.341769639279999904e-97
2.235582937139999893e-01 7.656212162120000497e-02 3.205411141720000158e-25 6.998795762699999701e-01 8.394746878089999379e-09 8.407042606019999573e-50 4.310336486229999780e-29 2.779037438360000042e-130 3.245282961420000186e-35 1.392859415850000010e-29
4.210056245370000227e-01 1.403259707459999917e-26 9.297727874930000076e-07 1.360901529899999940e-08 3.647524004460000281e-23 1.725339033590000098e-55 4.639046408960000237e-39 6.324988762480000398e-33 7.179613503190000072e-24 5.789934320809999591e-01
1.651811162770000091e-08 5.436389079200000144e-30 4.989027707029999870e-01 1.493468416899999948e-03 2.839385667149999968e-55 1.223588764989999931e-27 4.844863470260000203e-40 1.555268767119999882e-10 1.212908316370000046e-09 4.996037429929999774e-01
1.837034641750000011e-37 4.515900028060000003e-15 1.705965211349999901e-42 1.845972709399999987e-28 4.422106966299999963e-43 1.204519119569999984e-03 2.564376025649999780e-01 7.295081192379999841e-08 7.423578053649999564e-01 2.085838505580000028e-21
4.948703097490000264e-17 1.969549674459999893e-56 2.104059687640000009e-01 1.147924106599999966e-01 1.743091199370000032e-54 2.366532731180000139e-28 4.148843737500000282e-40 6.559508080190000479e-02 2.309940850930000165e-08 6.092065166750000316e-01
8.509013836210000194e-28 3.258515716739999735e-01 1.973862076170000025e-39 2.212780061080000036e-65 6.741484283259999710e-01 4.080919955880000218e-21 2.613417974949999837e-19 2.243329122329999802e-28 2.011099586440000000e-42 9.859300989539999524e-47
6.941518339989999815e-29 6.768197156029999670e-21 1.861733028989999908e-12 4.007560728299999590e-03 2.615695730529999929e-01 4.154579945269999963e-01 3.189648674969999820e-01 4.558435701620000254e-32 2.900597749680000183e-22 4.193313712739999851e-09
1.315169616210000082e-12 3.548900393180000057e-01 1.042631330530000051e-51 4.407611892439999979e-35 3.330428169779999781e-01 1.409754499270000091e-43 3.120671437020000050e-01 2.376394034010000096e-27 6.328458116349999966e-20 4.897088020960000268e-23
9.785710469349999865e-85 2.186760095770000087e-32 2.736465334009999852e-46 3.325804296459999865e-01 3.804285124590000200e-93 1.689849270780000023e-01 2.278175542860000069e-01 9.978204871860000613e-07 2.604563681689999932e-36 2.706160911700000171e-01
7.163172440670000656e-33 1.889970779729999941e-60 1.352513930220000026e-17 5.978235385610000407e-11 2.487314600619999829e-35 2.532868044889999837e-01 1.235388595889999973e-15 6.556696999909999990e-01 9.104349545989999515e-02 5.115497808519999897e-38
9.999961345390000478e-01 1.360750094149999899e-41 7.165880068710000495e-36 1.831602604909999876e-38 2.388535033199999958e-26 4.197719514289999770e-74 1.723895612640000137e-17 2.402374382560000156e-19 3.302476011210000257e-26 3.865461395230000279e-06
1.229370203170000074e-58 4.540459900930000070e-01 6.724658537599999430e-52 4.894091221109999902e-11 2.875806154609999973e-41 1.586223504900000081e-02 5.300917748079999603e-01 3.394682012749999916e-56 1.701637643909999902e-32 9.080396983920000315e-13
1.286092811070000089e-37 2.065387637929999923e-02 4.116852311249999642e-27 5.489199221980000098e-01 3.945715515590000000e-32 3.701358508320000129e-01 4.820340298419999698e-07 2.266974077050000178e-52 6.028986855639999892e-02 1.547425256570000097e-31
1.187984556899999994e-04 6.023223388059999777e-35 2.217686481089999887e-11 4.079938077760000256e-45 2.943567465360000246e-01 5.634812410029999691e-02 2.667131539350000025e-01 9.822776338380000138e-02 2.842354135669999948e-01 3.352204362070000128e-15
2.186881591909999903e-14 1.656270964109999991e-112 1.534793133770000033e-02 1.654748676429999897e-05 1.679101982239999973e-15 9.676720762190000276e-20 1.112902778589999925e-28 5.122957977140000230e-01 4.723397234610000051e-01 1.264098430570000023e-36
3.376544084090000175e-01 3.447202898120000058e-16 5.810495144730000053e-32 1.807191489379999959e-42 7.541635420380000356e-19 1.423022452740000113e-44 1.049665294720000058e-07 1.310871961149999987e-01 3.489234819700000107e-24 5.312582905099999531e-01
