1.100961229249999979e-01 2.037511196519999810e-59 1.992984787090000035e-31 2.484253851240000033e-01 1.011614633159999922e-15 2.696563663119999850e-25 3.865007991839999802e-10 5.615731828840000439e-01 2.435623618130000159e-15 7.990530868119999353e-02
4.630722547139999643e-34 5.620962312180000087e-01 4.379037687690000014e-01 3.308346819460000185e-19 4.117688443889999998e-14 1.185961602030000059e-11 8.726016713839999794e-24 1.116824755420000005e-32 1.717436181489999929e-12 1.670303815559999900e-61
1.675788612380000071e-15 3.025771531020000071e-01 2.455291793490000096e-01 1.477133345100000012e-08 4.518936527590000085e-01 1.912961061929999837e-18 6.734101854299999909e-16 1.804524528509999905e-11 8.347886952770000217e-13 1.069012978830000019e-26
2.703038178759999778e-13 4.544215635299999993e-04 1.142269114149999965e-07 3.670441257240000188e-11 7.110940409479999946e-01 1.053028116850000014e-78 2.884514220109999916e-01 1.213601516550000039e-09 1.654786356250000123e-67 4.134085182300000041e-17
4.169505662479999764e-01 4.265168257710000077e-05 4.775105720210000015e-01 1.490580109599999971e-10 1.608065086449999860e-08 1.054961938180000031e-01 3.919630474370000058e-19 1.036204653409999988e-17 5.156178490530000205e-22 1.653339939460000112e-66
2.677009556400000156e-01 2.765713822799999920e-05 1.781170412640000071e-19 7.322710504210000471e-01 8.827601279739999901e-17 1.152586531159999896e-53 3.368011351680000245e-07 1.335869562570000016e-52 1.510986413899999919e-33 3.138295626720000134e-44
7.250661263560000241e-06 6.846119416480000177e-56 2.077287441420000142e-30 1.088765355030000040e-07 3.703944498060000385e-12 2.386030165539999995e-81 8.036481060589999448e-01 1.943614160790000100e-01 2.672020976900000099e-66 1.983118319999999882e-03
2.123933272180000046e-35 5.507216356909999666e-01 2.558415508280000202e-03 3.635250824060000212e-25 6.238712455860000231e-06 3.138447076200000295e-05 4.466823256169999978e-01 8.340850949079999751e-32 2.126243788640000152e-33 2.071800780400000098e-109
6.461596134670000377e-10 4.461734482889999801e-31 1.635927564410000105e-11 1.607247325449999986e-01 5.087563999409999704e-01 2.375582874159999913e-01 1.097636993969999974e-17 9.296057943600000151e-02 8.185574359160000305e-41 1.714330129350000036e-57
5.766710142109999770e-01 5.900020020939999998e-14 7.148624354240000033e-10 1.090555999169999947e-07 1.261512885759999979e-13 1.350237821680000067e-16 4.233288647660000126e-01 7.114832240430000304e-20 1.125254309500000076e-08 1.922969264069999856e-23
3.301736447379999828e-01 3.628655006570000174e-01 2.506578470029999783e-01 4.953038999049999906e-17 2.197344640589999828e-03 8.472170643870000547e-06 5.321276158959999808e-02 8.844292022010000285e-04 3.531637198129999842e-38 6.636369699660000077e-21
4.533540536160000078e-01 1.662068656869999939e-01 2.919094556769999798e-19 5.974007539929999903e-16 3.804390804039999852e-01 2.206537174329999851e-12 2.907829547209999760e-10 6.866768725419999591e-16 2.621256469530000066e-43 5.397913504309999565e-35
1.796914945630000079e-19 7.975699853860000440e-05 5.296649013569999509e-01 1.219080975740000012e-54 1.773228265419999835e-46 4.702553416440000134e-01 5.123237519119999958e-25 3.383903862160000185e-53 7.255566986179999960e-23 3.048562295080000126e-112
1.253243140619999917e-49 3.918686649920000197e-05 5.260270786790000042e-01 5.999079157720000096e-15 6.700876936409999813e-04 6.998478865649999936e-02 2.852961224049999959e-30 1.892579873509999929e-03 4.013862782059999801e-01 2.506651524329999879e-11
6.200153993279999831e-01 3.022112627460000200e-01 4.880748370229999843e-18 1.246552894579999970e-18 2.310034328899999939e-39 2.066012026649999954e-06 7.777127191379999693e-02 5.630945552680000115e-71 5.269477284539999739e-13 1.246410653919999971e-55
1.497290699890000132e-01 2.218581699520000102e-35 8.817394901029999210e-22 7.299014297689999653e-01 1.078355214910000001e-16 2.328607188819999900e-11 1.874178493540000108e-54 1.769898218689999902e-06 1.201053905980000031e-01 2.623397226909999764e-04
2.342309643220000016e-07 3.082057763069999963e-33 3.108847886490000094e-30 2.518359582899999949e-01 5.055381101399999998e-13 9.644089009270000058e-48 7.481638074780000425e-01 1.233130005990000073e-23 9.558489850769999719e-40 7.570441098329999824e-31
2.673985089240000031e-14 2.579588891570000048e-36 1.063509479840000008e-03 2.557573117019999970e-05 5.597772669099999996e-24 5.538647614639999883e-01 2.369245470540000120e-01 2.847965036439999827e-15 2.081216062709999870e-01 4.466352466760000126e-41
4.901839177739999998e-01 2.641829192739999794e-03 3.779219110520000164e-03 5.030223774000000251e-47 1.605470770709999993e-40 5.033950339230000015e-01 2.925464766879999856e-32 1.477474121110000003e-31 6.365902315669999567e-25 1.693194939819999959e-51
2.915376777729999796e-41 3.300511164499999907e-42 1.000000000000000000e+00 4.393806505119999955e-97 1.998100490469999896e-70 5.625040315530000316e-31 1.101272292079999930e-23 3.219210898970000230e-16 3.899238573969999769e-61 1.641918970910000045e-51
1.830637663930000103e-01 6.232707602899999894e-02 4.801122116980000438e-07 2.861245598359999920e-01 3.406415306499999846e-12 1.544202295969999923e-28 1.396004540269999983e-01 3.508451750320000150e-27 3.288836635990000090e-01 1.055020873140000011e-13
1.090181574489999917e-19 4.212119641140000360e-24 2.364399208670000198e-10 6.641273962180000129e-23 4.783716779000000060e-41 5.519895689010000016e-10 8.428503047940000258e-22 2.719329038290000069e-14 2.951851317770000094e-01 7.048148674340000142e-01
8.683401820949999675e-29 5.078713949649999754e-36 7.504736330529999764e-15 1.738118281749999883e-01 8.401209057010000425e-13 2.972544066389999906e-01 5.289324761960000343e-01 4.089300424660000290e-12 1.288984956860000092e-06 7.785341942059999918e-28
2.395558266839999832e-13 5.506089752340000021e-14 1.410527552039999944e-21 1.833866178229999934e-29 7.690728243979999940e-08 4.876761126970000082e-01 3.121986240350000048e-31 3.899967744369999822e-01 1.334946952700000078e-08 1.223270226089999968e-01
2.574292332179999865e-01 5.495247401920000042e-39 1.910993594150000117e-16 2.120633403909999795e-25 5.346755895709999679e-39 4.158961369290000154e-01 1.193282273540000038e-20 1.634074964900000010e-05 1.116532914340000030e-04 3.265466358119999968e-01
1.140853330380000052e-65 4.879611027660000288e-08 5.356407446320000169e-38 4.166186784420000122e-01 5.814759802009999691e-05 2.182792560210000108e-22 7.225077371030000362e-02 1.442583044849999969e-64 5.110723514539999845e-01 3.666559242759999981e-43
4.139934091850000161e-06 7.348876069259999699e-01 2.879047584330000215e-03 2.814925099159999895e-05 1.396710735410000050e-03 1.201379217890000057e-25 3.809093343499999923e-05 9.314033492109999313e-02 7.872993148960000345e-31 1.676259197140000101e-01
1.415260246120000030e-02 4.265733305250000162e-01 1.020005358149999935e-03 1.729834145269999984e-07 1.539053343709999994e-02 4.014914005449999985e-44 4.593258229499999756e-07 1.699691237890000040e-01 3.757180975259999873e-51 3.728937721200000222e-01
2.423693432820000007e-02 3.526913992040000001e-01 3.007609519990000172e-20 1.447232928600000054e-46 3.612835061810000080e-93 2.440817897820000020e-17 4.610521535069999798e-26 8.795520702100000232e-113 6.230716664669999627e-01 8.759172297959999269e-37
6.392378335489999804e-09 4.663717694519999707e-02 3.605908950889999964e-01 1.152726629129999997e-07 6.156647298650000273e-29 2.403540029559999858e-18 1.107534948249999998e-02 2.753294263709999708e-48 5.816964568189999518e-01 9.628219807079999893e-42
6.695217804259999683e-01 5.640421585750000216e-02 1.080296956200000053e-11 1.783805913540000036e-24 2.354077325510000041e-01 2.058391309539999791e-06 7.589624648739999936e-26 3.866421276379999883e-02 2.636538271830000027e-28 7.949299006519999567e-19
9.714458667109999958e-14 1.303589922259999957e-42 8.877432865359999698e-37 2.273287622639999986e-13 1.955054505679999939e-16 2.711219500969999991e-18 4.935838207450000126e-01 7.625779655470000268e-07 9.162125135199999626e-23 5.064154166769999632e-01
1.044724049750000040e-30 3.449685509479999967e-01 6.550314490499999920e-01 4.962525414410000333e-25 1.857085040940000047e-17 1.085946020250000025e-20 6.623464101209999662e-25 2.884288192950000286e-20 2.563694978670000044e-12 2.159700119450000100e-19
6.419741295969999853e-24 9.183682803570000069e-23 8.764690370770000109e-59 5.245581219780000270e-24 1.202899196130000055e-32 2.441995282600000191e-22 3.134573027020000097e-51 1.019539378059999968e-42 4.645801105069999881e-01 5.354198894930000119e-01
3.679553251330000064e-12 5.018314246329999962e-36 6.611430629679999851e-25 4.296395501699999953e-01 4.039884354209999644e-06 2.173530147669999808e-09 5.468473336019999964e-01 2.340039973829999981e-02 1.551784733879999858e-11 1.086744128520000064e-04
4.498617979189999698e-19 4.747272173970000231e-01 4.850653945250000265e-01 5.999140509600000194e-28 3.253630713670000274e-11 8.036266494780000200e-03 3.217112155110000288e-02 2.026522523170000121e-20 2.698697583929999848e-14 3.559601557129999880e-51
5.648398213009999669e-01 5.666465217470000095e-11 2.103765883200000162e-05 2.505515037760000127e-11 3.971590732439999801e-21 1.664122208080000123e-10 4.350703434100000044e-01 2.997942412530000103e-22 6.879738194649999341e-05 3.492788429990000289e-30
3.849901567599999797e-01 1.081512149579999943e-01 2.672565102219999777e-32 1.286214652840000092e-04 9.142194195660000370e-17 9.227951742249999505e-34 4.947916442849999979e-12 4.724335484229999754e-44 5.067259181759999898e-01 4.088635685650000246e-06
4.046476653640000120e-17 5.005679689809999777e-01 3.581455564039999762e-01 4.400037008419999796e-44 1.508037889849999877e-29 9.314423435999999445e-02 4.814224025560000231e-02 6.434270264520000119e-33 6.974768866259999836e-32 2.472164801959999871e-52
1.175448756640000021e-38 1.027961992449999924e-17 1.674199833560000017e-01 1.881298988989999900e-50 1.811822047709999869e-24 5.301135599290000139e-02 4.063264150269999994e-14 7.795686602129999754e-01 1.796932733289999971e-10 2.586132709259999899e-10
5.593444962149999931e-32 9.064785860660000469e-08 1.485240695299999875e-10 1.123955335860000066e-34 3.013464034679999964e-06 6.453247069499999933e-01 1.004792491539999958e-08 2.853336983220000067e-01 3.162404388210000167e-02 3.771443653769999960e-02
2.076414551869999925e-53 1.409402989859999920e-02 3.629880644919999944e-34 7.516259005639999771e-54 1.124128010440000002e-36 6.041319879569999607e-01 9.530325940000000578e-103 2.078451538280000014e-60 3.817739821439999903e-01 3.710110299590000156e-37
2.266686799899999854e-33 1.704842903580000004e-26 3.470478358849999889e-01 3.600905903189999951e-02 6.252626225669999966e-13 1.162604207609999978e-15 4.448411945269999633e-03 3.806160538660000123e-03 6.086885310890000067e-01 1.508982237350000085e-09
4.405356513410000152e-33 5.900781268609999638e-18 1.727202064049999930e-01 1.432318828219999999e-14 2.145565204399999849e-03 2.083098476169999939e-03 2.768543364969999754e-01 5.461967934170000039e-01 2.361629669879999847e-30 8.048224622089999890e-27
7.928744117610000600e-20 1.164857982079999931e-14 6.158978649909999797e-03 1.183259064140000056e-06 2.447218674870000055e-01 3.104454037380000031e-01 1.451037370580000041e-01 2.935688298079999758e-01 4.891576527539999935e-27 8.764253855820000436e-29
4.264628015459999942e-03 7.306181534719999870e-01 1.308722484910000073e-08 2.254018901550000085e-09 2.219786392390000118e-04 3.489434290829999977e-24 1.979818240080000016e-14 3.430601419540000262e-05 7.368185171370000337e-34 2.648609185179999770e-01
3.789451673940000265e-01 1.134972182729999945e-01 1.655549406170000069e-43 3.809481341329999883e-11 1.873345354020000155e-21 3.489663233809999662e-33 4.032312582819999834e-24 2.944951754120000132e-51 4.855079699270000160e-01 2.204964436709999989e-02
1.140790082390000022e-14 5.615021523489999972e-08 1.334978100089999906e-16 3.559456253779999967e-18 3.714700107180000099e-01 3.929498119050000016e-01 5.221163307129999810e-05 2.352362700450000010e-01 7.204027235809999952e-16 2.916395486949999757e-04
2.173312726140000095e-01 3.139183345300000094e-01 1.833832784870000066e-01 5.513255525179999930e-30 7.871278216280000666e-12 2.655494930019999990e-06 2.181794094909999865e-04 2.794241625189999856e-01 1.602586765550000120e-14 5.722116938329999819e-03
3.621808672149999904e-07 7.334889645000000277e-03 8.247757521220000498e-02 3.088105340100000104e-18 3.833844613569999948e-01 4.990154709120000083e-14 5.159929306860000509e-01 1.080978091849999975e-02 3.868450034609999799e-43 1.172117963670000051e-28
2.727337838760000022e-01 1.982997183490000121e-46 1.595682671439999915e-27 4.171383269989999976e-01 3.156334868210000054e-10 2.769988414039999966e-10 1.030776810150000067e-15 3.101278777529999919e-01 1.072344966940000061e-08 5.548614339399999740e-11
2.599802808049999934e-70 1.987569660080000147e-52 1.013146032869999961e-50 4.485604059099999850e-15 1.056261413930000004e-01 8.831789802190000592e-74 1.168940719710000051e-65 6.238932276459999704e-01 5.575155267620000003e-40 2.704806309600000236e-01
2.326436743350000218e-22 6.128166457569999857e-27 1.440514656250000136e-01 4.537630429419999878e-20 7.387995752689999635e-17 3.858642994290000239e-01 1.697615426229999923e-21 4.700842349450000124e-01 4.435200678399999744e-19 1.988401517880000113e-32
4.793332175439999898e-01 5.370838172940000247e-38 6.201715898819999698e-40 1.203695780879999927e-22 7.997670608699999765e-43 4.251765941019999828e-01 7.948546390879999777e-46 4.133125593209999920e-26 9.549018833000000317e-02 2.396093976880000116e-11
1.650606026800000015e-01 4.042043770009999815e-01 2.189209601379999981e-01 1.309003422349999975e-45 4.196054256700000262e-32 9.063606066349999953e-10 3.801008394629999884e-48 1.204943489029999927e-08 3.772275861250000230e-19 2.118140472249999962e-01
5.883036397979999634e-14 3.981135243839999707e-23 3.676357113880000215e-77 3.810387160670000081e-06 2.616586470680000022e-13 3.999285296160000088e-23 2.143302655090000081e-57 3.430815250079999875e-36 7.300806573360000273e-01 2.699155322760000142e-01
1.788670720549999926e-01 8.548233635330000535e-06 1.908515484730000013e-04 3.745071060820000237e-48 2.225748109299999995e-50 2.326360458929999987e-04 4.643882760779999841e-01 2.221969871560000206e-28 3.563126160069999826e-01 3.207775062129999877e-11
1.140335272709999959e-01 8.551504765439999772e-26 9.318009576319999968e-17 2.611611468799999725e-01 3.301774942589999706e-14 3.028220738560000180e-01 2.238342471239999909e-01 2.054826027680000118e-05 1.516085754760000128e-04 9.797684803299999690e-02
6.558107423470000029e-07 5.576878338179999586e-04 5.236137751820000297e-01 9.200930657390000258e-114 7.288902380449999924e-91 4.758278811739999892e-01 1.671059209559999970e-34 4.327841812299999877e-37 6.965205241239999499e-21 2.790170103639999858e-31
3.393302421339999819e-01 5.775794212569999690e-03 6.389827993759999898e-06 6.160097564519999980e-09 6.542610630220000445e-01 3.543808607649999712e-27 1.084552910159999969e-25 6.265046426829999756e-04 1.977092808890000073e-21 2.771302695880000029e-13
1.307299052629999918e-60 3.383138722640000040e-01 8.980813310040000070e-13 8.644789306929999360e-22 1.434839644189999930e-01 8.105246321689999734e-10 4.208282680219999841e-12 1.492002773950000092e-07 2.225449133399999819e-09 5.182020110749999686e-01
3.805794215559999971e-01 2.438474271089999883e-27 3.077740378030000095e-09 1.227271064360000073e-08 3.138944851080000251e-29 7.397120770710000044e-27 6.194205630939999541e-01 1.387607087679999912e-22 1.895505021320000056e-34 7.690220462049999482e-37
1.548847273829999973e-16 3.138556983439999978e-27 1.955811177299999939e-05 6.248262365680000303e-30 1.441804420200000057e-22 4.528865711110000025e-01 1.892148959949999911e-31 5.470938707770000020e-01 9.259069308000000054e-21 2.727062716089999878e-24
6.193393701020000197e-01 4.854558203770000256e-14 1.148305511269999968e-01 4.164355895119999971e-54 1.495279881680000009e-32 6.620360464219999682e-11 5.468219472410000173e-42 2.658300787049999725e-01 2.198718013049999964e-46 2.380843988650000230e-19
4.139010918940000212e-22 6.642640467129999893e-01 3.746267733690000057e-11 3.230728933529999841e-92 3.051296255080000012e-79 3.357356976859999786e-01 4.240660900169999836e-76 4.163802215059999939e-69 2.555632903540000197e-07 7.006564294610000715e-49
5.599521917630000114e-61 1.472282302469999943e-04 2.472880165149999865e-01 3.775691908839999940e-23 2.132596829639999969e-01 1.081726919690000023e-03 7.079102394749999954e-19 1.161288465210000009e-01 4.220944988479999882e-01 2.587979970069999945e-12
5.565511966899999718e-01 8.412394338850000051e-14 7.433549902320000332e-20 8.468788296679999688e-22 3.171019421579999909e-37 5.284438118379999845e-20 4.434488033099999726e-01 4.916209629249999984e-36 6.653313024599999474e-27 5.150350971350000382e-19
3.848718735489999757e-54 2.132061033540000039e-01 5.291198514170000140e-16 9.127552735750000454e-45 4.563277560660000266e-12 2.101887828779999967e-01 9.863826379540000416e-46 4.152760930919999869e-12 3.012376304130000015e-01 2.753674833459999749e-01
2.892099134379999906e-70 6.764215153150000404e-23 3.275126866090000009e-31 6.456271907589999914e-01 1.031131116370000026e-03 1.824562143599999993e-33 3.533416038830000105e-01 4.857626255009999867e-31 7.424146294489999878e-08 9.533502958369999502e-25
4.249596452659999690e-02 1.405334811199999878e-10 1.864767184680000134e-01 3.890219279780000060e-32 2.114618671549999984e-41 7.383801860980000292e-07 5.952922596359999652e-01 3.372945028320000068e-21 1.757343188490000097e-01 1.307599002110000007e-16
2.498788754210000183e-32 1.136809384939999885e-140 6.859613190380000306e-57 1.903217886789999869e-01 6.552992807119999866e-12 3.266819690399999898e-93 3.016162582129999770e-01 5.080619529019999581e-01 5.674838687429999821e-74 1.994445705730000043e-10
1.773299368429999982e-09 4.833800573340000239e-01 4.542570094919999857e-01 8.074152806529999378e-49 9.250317811329999501e-20 6.000737913299999948e-02 2.355524915389999811e-03 2.197598782550000013e-08 2.105850183810000103e-10 5.165491459249999894e-09
6.072738802499999533e-01 3.362511415219999744e-01 1.591417741279999986e-19 1.457164148619999985e-08 5.647495531760000215e-02 1.630476510749999948e-16 3.283252860519999771e-75 6.023643436259999553e-10 2.596939332749999970e-20 7.737075177860000580e-09
3.286075271289999877e-01 3.643283647009999959e-01 2.479064846050000048e-01 1.564802774219999970e-18 1.772116326119999941e-03 4.077229874930000097e-06 5.320847845559999872e-02 4.172951553750000112e-03 3.191881082970000101e-40 2.638388401750000055e-21
6.048262687990000330e-01 3.182867004200000036e-38 2.763015195260000177e-51 2.389297645829999844e-02 1.113653665859999898e-09 1.143260744510000011e-04 1.637397911960000090e-28 1.673765032830000084e-07 1.495684227210000022e-02 3.562094179060000254e-01
6.982072813540000089e-01 1.622064167899999983e-21 3.017926062610000182e-01 5.507141237759999992e-49 6.774649828049999836e-61 3.178472813780000095e-12 1.123149196749999940e-07 4.149108500269999882e-17 1.608895368530000044e-18 6.694436894780000373e-11
4.072675862070000352e-37 2.492595221919999996e-20 3.934863237789999817e-12 1.311892718379999934e-10 6.404637655870000224e-01 2.827816484499999783e-01 7.675458582630000082e-02 1.725072093719999997e-12 4.393091921339999867e-27 4.467034769849999941e-69
2.017057479220000003e-20 3.056115677830000203e-34 3.172245382550000211e-10 3.856334067359999673e-02 4.243549474439999858e-01 7.536738784149999911e-08 5.904471424559999436e-14 5.370816361979999787e-01 2.375455389449999949e-45 4.001724312779999938e-54
6.496945039060000315e-01 7.289734365819999396e-17 3.925152652330000241e-02 1.527442174160000054e-45 9.971302525929999185e-25 4.829109284759999805e-11 2.116559905919999923e-37 3.110539695230000179e-01 7.942941892320000541e-46 2.671315388259999964e-24
7.726048328459999793e-13 2.900065676989999981e-30 1.812464793119999973e-01 2.557281369500000142e-19 1.593971281440000050e-10 9.352524515459999924e-57 2.797983484539999788e-01 5.389551720730000328e-01 3.935411336390000072e-134 3.118736232410000113e-47
1.955846881449999908e-01 7.535861093429999658e-01 3.764620751169999988e-30 6.063742255429999719e-05 5.076856508980000238e-02 6.962243173350000368e-20 1.473652241049999905e-41 7.575801518479999791e-25 4.117917258410000233e-27 1.036043837199999926e-17
5.984402491989999955e-09 1.581228231680000011e-27 1.086806665879999966e-13 1.022378286460000029e-38 2.548170939929999768e-50 2.608025200169999946e-01 1.985459133659999986e-01 9.269691450099999375e-14 3.865778428300000180e-01 1.540737178019999931e-01
1.802722292260000025e-01 2.019679281450000030e-01 3.337113359689999892e-01 2.906619149040000211e-26 5.346294964910000105e-09 1.136044440269999963e-10 1.660581456499999886e-01 1.179903415230000030e-01 1.102019434030000038e-42 1.402738296700000017e-08
2.300779252220000118e-34 5.620962312139999861e-01 4.379037687660000122e-01 1.220859521939999910e-18 7.182753202310000355e-14 1.889525115800000070e-11 5.880346811049999703e-23 1.758604683940000115e-32 9.487104189219999934e-13 8.798576681200000260e-62
1.678722067449999907e-10 1.745860216840000028e-10 5.839432417140000275e-01 1.127650728510000030e-06 3.217133633970000184e-01 8.555137346599999537e-17 9.434128405210000234e-02 9.828432551340000103e-07 8.976416726470000417e-50 4.935221611329999684e-50
5.487623346510000399e-31 3.449685509500000080e-01 6.550314490499999920e-01 2.554412547159999936e-24 1.699275110109999940e-18 2.255384544689999906e-20 3.575742490429999846e-24 2.970283130520000238e-20 6.791515217080000488e-13 1.602241488890000111e-19
1.123191704990000059e-30 3.209166280810000036e-09 2.307393656590000103e-07 1.247883052349999997e-22 2.422384834680000159e-11 7.045592656339999538e-01 2.954404573030000036e-01 4.309014889230000087e-08 6.690218422959999418e-23 1.292074322399999969e-15
1.301000249280000056e-11 1.527851650680000061e-25 9.671390302310000479e-29 5.949746380489999709e-01 2.952152133870000017e-06 3.994199350480000243e-02 3.650767655639999831e-01 8.951532605970000386e-17 3.650717642899999915e-06 1.073130497459999987e-24
1.024363391680000041e-01 4.654682575840000114e-01 1.514954294549999995e-06 7.814357890570000478e-23 1.744048043580000065e-03 1.357269012909999881e-10 2.237022550420000033e-01 2.066474236420000055e-01 5.535650900920000219e-36 1.614298317650000093e-07
1.850228572670000159e-24 2.790665410899999949e-02 4.808968693339999989e-01 1.810788046659999904e-20 1.897777469919999932e-02 6.950495119709999938e-53 2.673991659239999996e-08 1.462149345950000123e-01 1.080295166059999979e-30 3.260037405230000185e-01
2.171552283069999867e-01 3.153985287519999736e-01 1.812991645700000043e-01 5.087676435349999886e-31 9.768856408360000199e-13 4.570450926290000130e-07 1.838516758849999982e-04 2.830456846909999991e-01 6.692678775109999892e-16 2.917084957970000111e-03
2.047638472950000065e-26 2.478701323139999930e-27 2.261539213759999891e-87 4.723567721220000015e-01 4.677823742610000376e-06 1.003801202429999963e-41 6.663607659879999696e-33 9.808381597359999335e-33 1.102815886719999967e-15 5.276385500550000440e-01
1.092146390890000041e-01 3.756470581549999910e-01 3.524612182090000080e-04 1.810854296959999882e-19 1.565679070069999901e-01 3.879514691129999982e-06 3.422024652260000077e-01 1.601158979039999861e-02 9.891171413680000055e-31 1.257838427099999924e-16
4.234380819290000098e-01 2.407514996369999882e-01 2.927837327139999986e-27 1.932724051030000072e-11 3.274986040649999763e-01 1.663024845320000043e-25 6.740610447439999597e-50 3.362385611940000003e-12 2.423736176510000101e-17 8.311814346870000439e-03
4.224533398179999844e-01 2.410892629560000000e-01 2.787085794129999897e-27 5.224343529160000138e-11 3.265734201189999797e-01 3.859979904129999902e-24 3.789723417530000307e-49 1.900288060669999923e-11 8.016158700529999792e-18 9.883977035809999451e-03
2.222169850690000094e-09 2.697326634640000056e-04 2.548113224659999945e-20 1.127502516969999965e-04 5.364864074440000019e-01 1.634458397649999895e-01 7.716272239270000211e-44 1.337704924319999931e-06 7.282140416679999447e-12 2.996839299419999936e-01
1.825048192539999909e-25 7.427903827939999870e-23 6.960124832789999688e-21 1.763557945359999917e-45 1.278313865740000020e-67 1.503130343240000051e-11 1.389826700580000060e-37 2.812303878509999944e-32 7.775255937849999688e-01 2.224744062000000022e-01
4.168471739010000121e-01 2.217516732600000135e-29 1.073695837259999965e-07 6.677006384069999911e-16 1.001033430909999921e-21 5.120233347819999862e-28 5.742247042950000546e-01 8.712781708160000430e-03 6.222137471119999948e-20 2.152327262440000119e-04
1.778415727770000059e-32 2.006071374909999903e-25 8.224563926740000522e-31 4.561129265669999766e-01 2.748790550020000138e-08 1.322042057210000030e-23 3.053222588230000096e-21 5.264104192029999944e-24 5.438870459450000361e-01 2.103589900199999929e-17
5.578731413959999814e-28 4.088308381009999981e-29 4.267634631000000178e-01 7.145472492040000088e-43 7.474816626400000086e-20 2.915083994320000052e-44 1.081545604960000018e-01 4.650819764040000082e-01 6.048425334879999835e-57 1.219541368160000046e-27
6.550705279539999816e-08 1.351807660249999944e-41 7.066924122699999471e-18 5.563183366339999880e-01 6.360495745460000266e-18 1.033959810910000081e-21 2.131222808279999999e-33 2.481330851660000156e-02 8.005493916880000377e-10 4.188682885419999780e-01
1.704839843639999974e-31 9.828464102189999304e-30 4.695714287300000178e-01 6.602941876580000019e-92 5.366070169399999710e-61 4.982897184289999948e-01 9.780133755879999965e-35 3.213504312380000005e-02 7.279418380600000053e-20 3.809716272270000090e-06
9.281010853459999926e-51 9.869205869600000230e-16 2.298046187569999937e-05 1.228762148799999920e-18 2.088406752749999984e-01 2.678858360529999816e-01 5.169122222219999507e-01 6.338285988420000287e-03 1.465636223770000017e-19 1.277525706460000080e-30
6.981548539769999451e-02 2.951029863369999950e-01 5.142709541169999954e-02 1.101860696719999990e-48 7.729463637589999583e-83 2.902148147409999836e-18 2.993605402500000008e-10 6.047478163640000416e-42 3.917490946430000065e-01 1.919053379110000068e-01
7.887734674580000486e-12 6.519006452759999665e-35 1.424783099899999995e-39 6.707474693860000503e-01 1.694633531889999936e-09 6.240075756610000093e-24 1.620431677660000035e-47 3.779584576610000022e-11 8.285010700339999479e-02 2.464024218710000047e-01
2.405966951770000098e-58 9.311776479949999726e-30 7.304289105999999793e-32 1.968407401329999862e-01 1.009357912119999978e-02 1.168017124149999944e-41 4.311475301789999826e-01 1.879041991309999934e-12 1.558328038990000024e-14 3.619181505660000187e-01
6.051069516339999677e-01 4.885036192840000140e-37 6.859613686549999628e-51 2.404850893679999838e-02 6.763932127500000046e-10 1.306983662829999985e-04 8.378003220679999700e-29 3.630972099770000127e-09 1.390633625900000031e-02 3.568075004960000185e-01
3.680490197140000030e-01 2.812412006759999781e-56 1.434580188759999993e-16 3.133998035900000256e-01 1.748016362389999951e-14 8.772528891280000158e-58 3.178613640249999817e-01 6.898126705459999529e-04 1.203945892229999898e-72 3.649711851549999813e-30
1.181424184520000088e-09 4.901910084580000104e-01 4.607005403450000203e-01 2.811199137519999953e-49 2.002437572219999899e-20 4.635073338319999764e-02 2.757513322900000206e-03 2.023857487989999941e-07 1.858181946849999901e-10 7.376418748920000179e-10
3.208230938089999817e-01 9.566465322290000322e-18 6.485236847759999756e-01 1.651019688470000022e-24 2.137306881100000055e-14 1.510216929879999878e-13 2.642888170479999922e-23 3.065322141530000058e-02 3.245059535149999786e-36 8.956928807220000821e-34
3.279150312399999878e-01 4.514389658669999694e-02 8.790279106190000195e-13 4.810245182329999821e-47 9.414219186370000562e-58 1.326348369769999973e-03 1.416690954229999910e-01 1.054979045259999987e-57 4.839456283799999925e-01 1.114469494920000074e-33
5.156087682370000054e-11 4.326385304900000062e-01 1.351380958899999998e-09 1.662913275020000030e-21 4.198758159559999705e-42 3.673558138899999926e-23 4.779376783300000042e-01 2.957602842730000066e-40 2.362657326690000161e-05 8.940016320320000320e-02
5.207003161159999838e-01 4.358466651389999866e-13 6.417722915980000278e-15 4.792996838820000050e-01 4.399706057009999955e-18 1.359608424359999886e-35 8.971516595910000568e-25 5.934948762320000157e-27 1.250464566189999917e-12 1.341256562999999977e-19
3.189579491719999882e-01 5.002978983760000276e-01 1.040666535639999989e-42 1.806839125580000094e-01 1.728818758929999977e-21 3.499964585579999818e-26 1.352765089579999988e-15 9.918353838170000313e-75 6.023989409190000100e-05 6.844142631390000465e-16
1.181050543580000056e-01 5.978872420980000379e-01 1.535461664920000062e-59 2.835453656499999919e-01 6.322300566899999989e-15 2.204542863109999914e-39 4.693027413479999829e-09 1.353093081329999923e-67 4.592252708769999840e-04 3.107929388799999975e-06
3.317137134529999937e-04 9.250428367570000037e-04 2.629662796400000224e-01 3.350585561040000073e-11 5.614188041250000039e-01 6.289634887710000350e-47 1.465499494780000047e-14 1.743579832990000134e-01 1.361915515119999952e-31 1.763511503230000037e-07
3.172717018009999983e-46 5.724242491529999483e-14 1.396287141800000020e-01 1.101898374170000053e-23 1.664354852700000026e-02 4.243758760390000107e-01 8.208853171550000013e-04 4.185309407639999923e-01 3.517309054589999818e-08 5.673430634030000167e-25
6.626840095379999962e-01 1.712368883379999819e-21 3.297462689849999795e-01 5.058410948890000311e-71 8.593918587470000678e-92 1.552556444620000000e-13 1.013864846760000022e-10 1.312496182309999959e-20 1.206797901019999951e-16 7.569721375160000029e-03
7.208291783760000238e-01 1.915305110390000047e-52 4.247983425290000310e-49 8.127677823359999443e-02 2.828180045910000081e-18 1.952417615910000126e-01 7.259689866670000347e-55 1.122701192180000031e-07 1.435301530139999979e-03 1.216867999620000005e-03
8.136231157039999951e-22 1.807728603350000074e-01 5.786895326950000293e-03 2.900114265019999819e-16 4.526182819130000201e-01 3.024567068609999915e-09 3.608219594009999809e-01 9.597093211920000003e-22 1.039090137580000053e-41 1.951324794049999965e-91
8.124151250419999858e-08 4.443414144670000168e-11 2.201867572510000126e-05 3.921728892249999876e-01 2.209407338740000033e-13 1.340202567289999937e-46 5.720592928190000315e-01 1.302080461369999900e-12 1.638066097700000049e-24 3.574571799319999771e-02
1.000000000000000000e+00 4.053597656839999778e-38 2.265031324600000162e-37 3.212926725810000168e-37 2.957536990369999920e-61 4.148815763629999856e-28 2.985752496429999972e-45 2.733192428760000190e-50 6.808576865199999804e-33 5.530974750749999746e-44
2.209482133499999894e-16 1.078849402410000068e-04 1.217714332110000064e-22 3.838377402559999761e-05 2.773639070739999934e-01 5.441581941369999509e-01 3.690614014399999898e-67 3.887532917330000151e-13 1.783316273539999886e-01 2.719916993820000185e-09
9.499771666729999404e-43 1.348485001150000022e-02 1.491536282459999959e-09 2.755690633410000185e-52 3.328710491869999858e-31 6.000177102939999729e-01 6.509904088370000389e-59 5.114746274839999893e-16 1.465066495779999978e-01 2.399907886260000123e-01
1.944271591160000160e-70 3.398139631710000244e-23 6.234502838319999622e-31 6.463737488290000055e-01 2.209428809999999896e-04 4.635670025700000130e-33 3.534052557699999819e-01 1.220010065110000079e-30 5.251973651320000280e-08 2.067352150509999942e-24
3.822414773129999971e-02 8.603390353629999671e-04 3.819177831939999934e-01 2.533917931919999892e-26 1.082331516770000057e-49 2.670041396609999967e-27 2.741290627950000117e-05 3.510385327019999688e-30 8.246679321780000301e-05 5.788878503400000097e-01
1.794195524709999864e-39 4.780594863190000265e-01 4.808453499479999893e-01 1.522818525419999951e-21 4.108004814019999840e-02 1.040831886640000025e-26 1.511170591049999945e-05 3.886293418310000279e-09 7.028059505309999921e-14 1.356319156750000032e-15
8.994384721689999410e-12 8.719516335860000300e-02 5.055534371380000502e-01 4.720427771989999801e-35 2.526158617559999933e-22 4.998128924239999755e-22 2.419537769870000010e-31 2.385147659360000039e-07 2.725486690829999962e-21 4.072511609800000265e-01
5.699987618700000082e-08 3.422028974649999888e-01 7.923051597259999779e-14 8.056875120350000154e-41 7.051972923359999869e-57 5.510309301699999842e-31 1.545711211020000045e-03 1.740501980839999884e-49 3.903832401119999851e-01 2.658680942119999724e-01
6.558308264659999708e-43 3.835114315589999931e-11 1.232416539789999962e-47 7.071832143659999570e-01 2.451789606990000168e-05 1.842352206989999868e-21 3.391405753499999996e-14 3.142315149300000017e-48 2.927922676999999974e-01 4.140737773740000142e-23
2.106257460570000073e-31 2.127316293569999905e-01 3.779817495030000085e-01 2.566687575280000142e-06 4.088562967409999915e-01 3.279052720040000260e-32 4.277577107109999978e-04 1.623175434230000127e-20 1.470475621830000032e-35 3.694582916170000113e-45
5.165681995560000186e-34 2.601109160579999841e-08 3.051170025509999939e-01 1.447876048170000032e-08 3.677731043979999837e-01 6.577552594209999659e-02 1.619337521819999938e-31 1.556806779409999897e-01 1.056536486789999979e-01 8.292125375190000453e-15
1.536477206780000049e-01 7.666221444369999917e-05 4.179212422069999988e-01 2.710461813160000011e-01 8.667195683359999606e-14 3.787102351190000169e-28 4.401866014770000049e-04 5.095110151019999959e-16 7.228437535390000446e-02 8.458363162910000066e-02
1.501089956399999983e-06 2.204716412980000083e-14 2.034158101430000073e-32 4.066910202480000049e-17 2.911317431700000125e-01 6.649926928179999974e-01 1.667281883970000080e-36 1.012339967600000071e-02 3.008278637019999971e-09 3.375066023759999700e-02
2.404884592399999766e-10 4.333191288869999901e-08 1.467403579859999968e-21 2.115812737320000145e-17 1.937527037580000107e-26 4.367748314410000016e-16 9.999999564270000141e-01 2.051621328630000056e-53 4.437657667029999754e-13 1.590951453549999923e-46
9.185672566360000038e-22 1.831129517410000097e-09 1.070460870409999932e-01 3.348549715630000117e-19 3.814155385229999751e-01 1.428715967730000043e-21 5.115207901349999586e-01 1.758246978059999904e-05 2.037452717420000017e-53 8.514746550669999731e-47
2.032634558080000098e-01 4.330356493970000109e-01 3.565246595720000132e-22 2.833459001859999979e-02 1.580582976719999982e-19 1.220648102909999943e-32 9.861420808639999314e-02 1.635207474960000049e-40 5.107032968349999969e-11 2.367520966389999870e-01
5.723144191070000336e-53 7.935076950390000661e-02 1.836032504699999984e-13 1.941866318310000031e-53 1.391921367119999973e-07 1.589943095219999991e-01 1.577582379739999998e-62 1.172011756700000046e-01 6.565183384970000280e-11 6.444536060469999716e-01
3.790172111719999903e-01 1.133524906149999956e-01 1.020078736100000086e-43 2.649475964209999852e-11 6.798550636650000508e-20 1.985684492579999900e-33 1.543097021790000131e-23 3.736190822809999922e-51 4.856715310590000168e-01 2.195876712740000083e-02
3.222399942919999880e-22 3.208670232039999981e-28 1.440850397450000042e-01 2.295362461710000179e-19 1.052028770219999977e-15 3.858485699149999948e-01 1.902917826889999855e-21 4.700663903399999732e-01 5.518775767259999803e-19 9.649917253770000547e-33
9.825646394419999592e-38 2.347952186659999903e-11 1.324729784890000048e-05 4.883274932120000034e-22 3.810752917489999872e-06 7.080050781560000006e-01 2.919777932859999869e-01 7.048335125869999471e-08 6.299928214940000123e-24 4.780153019760000048e-27
7.619848585879999569e-12 1.120435285510000024e-02 8.193851907769999554e-35 5.123086169349999722e-12 1.008610033250000038e-01 5.866477301089999541e-01 5.112530030030000344e-106 9.340664763770000402e-14 1.264329000240000112e-01 1.748540136739999973e-01
1.876865550079999962e-19 9.211930156909999321e-31 9.849803265380000716e-13 1.027179539860000001e-07 2.167471069719999955e-14 1.510575836630000113e-01 3.226150149170000092e-01 1.399344807370000046e-12 5.263272986989999680e-01 5.522560405990000307e-30
4.373357811859999933e-52 2.418215195940000052e-06 4.847301732339999725e-01 8.272363953530000361e-16 6.568126007020000379e-02 8.800688812659999971e-02 1.739310194250000078e-30 7.097108314049999740e-04 3.608695495229999883e-01 3.962233462270000171e-16
2.569870176759999993e-42 5.423225457139999595e-01 4.400268961739999818e-01 7.111825853890000227e-13 1.915920866290000190e-06 2.887944825370000048e-29 1.764864219040000043e-02 3.864211248649999777e-23 1.759213420329999891e-28 4.797125272480000136e-33
1.628453276600000110e-01 4.507811666470000200e-01 1.398784325809999951e-01 4.957922264119999792e-46 3.382882467649999847e-31 2.556834577079999789e-10 7.420401427510000038e-47 8.502130009709999956e-07 1.053661273680000023e-19 2.464942226429999994e-01
1.314132678610000097e-06 4.277073227459999849e-01 5.298403436859999659e-32 8.270096624379999484e-02 3.660711622600000250e-10 4.420140915360000316e-40 1.858092618349999892e-01 1.925000531819999872e-38 1.246538414059999957e-07 3.037810100230000088e-01
2.392516418469999885e-03 7.315505701610000022e-01 2.675424492670000004e-08 4.432566271089999941e-10 2.331697593050000093e-04 6.167076181170000263e-25 1.467820595210000125e-14 2.417481386650000046e-05 6.161302578399999936e-34 2.657995416500000263e-01
6.715031965320000633e-05 1.950600778240000021e-33 1.053560905299999994e-11 2.680280684399999891e-01 3.543639140639999744e-10 1.373896584129999932e-01 7.538874722009999974e-02 2.100274392339999963e-01 3.090989360090000138e-01 1.536575305690000019e-14
1.121513144200000038e-11 6.983348347980000024e-51 2.408670835689999967e-17 2.171017502569999869e-01 6.294516147940000324e-18 7.713354790079999688e-16 4.780290409569999954e-01 3.048390273969999731e-01 1.749883141289999823e-18 3.018137731680000131e-05
1.480890683770000100e-62 1.878463029379999902e-10 1.301974482070000048e-37 7.070450077469999650e-01 1.103725513109999960e-07 7.172935241060000037e-22 1.243830105860000042e-03 1.979841523439999792e-62 2.917110515870000031e-01 4.752357563519999876e-46
1.183076643660000077e-21 1.413669897770000097e-13 5.673216469730000189e-20 3.780341271699999819e-07 3.223219487799999783e-01 1.304431529630000043e-13 1.090917429649999994e-38 1.682642261329999889e-01 1.585656951340000012e-26 5.094134470529999570e-01
3.849389347650000182e-01 1.159943046799999941e-03 6.103923130490000366e-08 3.376550241310000110e-21 3.378827228669999960e-01 4.142255975919999884e-18 1.308144125169999894e-01 1.452039257649999915e-01 2.614097436820000012e-48 1.987941113150000000e-14
2.737843981659999929e-35 4.968374028940000242e-01 5.020347567909999587e-01 8.519826881800000493e-20 9.215899960840000064e-04 3.162243815609999902e-29 1.912925760289999955e-04 1.313646586019999948e-05 4.872292403509999570e-13 1.821275703999999994e-06
1.168157324969999947e-29 1.710812768860000115e-55 5.531533605789999534e-23 9.476288706150000074e-01 8.724282260619999811e-11 6.352563992969999756e-49 1.278197293860000064e-14 5.237110603830000266e-02 2.422629679609999873e-36 2.325908771809999875e-08
3.109313943289999779e-08 1.747565436689999892e-23 2.071317023310000210e-28 3.661971840669999867e-16 3.971354113910000004e-28 1.816528336000000003e-09 9.019852865220000555e-46 9.536236836969999822e-20 5.425297192939999569e-01 4.574702477970000181e-01
6.875364967230000214e-03 2.032160650340000074e-45 6.049720549200000543e-08 1.023655275640000014e-29 2.492736533039999953e-37 8.755770991510000281e-45 6.017831359649999934e-01 3.615895795549999847e-01 1.422130982469999866e-32 2.975185901549999914e-02
2.189286432649999843e-21 3.600119873050000030e-01 6.393505841560000180e-02 3.445311284139999687e-67 2.641814920100000114e-25 5.489286170449999771e-10 5.760529523530000251e-01 1.375177739019999904e-09 5.700035841749999700e-33 2.221919032149999905e-12
2.155008742459999960e-17 2.338206310050000014e-01 3.619259246729999882e-19 9.007240719980000584e-08 7.661792769270000525e-01 1.179815256869999937e-66 1.995247656089999993e-09 3.513088064849999750e-38 1.001954768459999971e-59 9.135792047729999789e-55
