4.994829370960000015e-01 1.365307606499999926e-43 1.074599246719999955e-48 9.653264584059999981e-34 1.053363517120000010e-04 2.231141625399999883e-26 5.002359891519999602e-01 1.703911230700000075e-04 1.076071559609999963e-09 5.345201625539999966e-06
3.231519666479999756e-39 5.109309703990000395e-01 4.890690296010000160e-01 3.356815731480000305e-33 3.284440844380000154e-22 1.701038115180000143e-14 5.701988466080000105e-34 6.588594822499999667e-32 2.914657503810000303e-42 3.789019399980000291e-117
9.358213814740000417e-32 1.269170501050000122e-01 1.934865673290000036e-11 4.494416677079999979e-16 5.318945248180000258e-08 5.764246773790000500e-01 2.966582193060000039e-01 5.009463059779999846e-24 1.615593543630000046e-21 5.281400191239999575e-38
9.635424754709999862e-05 6.334129996879999923e-31 2.057449717229999849e-33 8.753936900449999642e-03 4.966547000980000015e-01 7.673455740470000351e-17 4.846970904060000085e-01 9.111859915150000533e-14 4.067190257690000314e-36 9.797918347350000404e-03
4.310996155060000139e-20 1.967971451449999909e-01 2.111808607580000131e-06 3.018028084419999927e-03 2.426680596459999950e-02 7.759159089970000256e-01 1.923078054819999964e-13 7.992906703250000146e-76 2.458265945660000017e-23 2.762007325740000095e-122
6.795595936539999644e-19 3.097449197730000048e-01 7.115176975810000309e-13 5.448834539390000342e-02 3.659713670840000166e-37 1.858591738819999917e-07 6.357665489730000008e-01 1.686248308469999928e-27 4.709700524440000354e-65 5.219012257020000084e-36
1.475267559530000102e-47 4.514329404900000483e-16 1.494527334760000112e-56 4.490303313250000246e-16 5.400340956600000464e-01 3.399158782699999757e-70 1.278057195339999974e-12 6.426796893489999962e-18 8.159713640120000444e-02 3.783687679380000057e-01
1.252854149599999999e-71 1.459659818430000009e-12 2.526443713729999985e-01 1.869608154169999921e-21 7.473555553999999823e-01 7.680498232390000523e-09 5.888972759950000159e-14 3.688371699790000265e-74 6.554511819620000199e-08 7.525848480709999565e-89
3.280638102039999948e-01 2.966212861049999827e-55 5.491120504149999735e-14 6.028489348290000382e-01 6.901036406870000537e-11 7.785576144960000527e-08 6.908717704210000365e-02 1.198834323759999976e-57 5.393280605139999663e-22 3.597079684359999783e-48
7.953400953199999635e-23 1.482691599600000076e-01 1.284537135749999892e-01 8.094532868639999603e-44 1.406308419120000097e-01 9.601582353320000094e-07 2.194709256260000130e-01 2.626479838759999963e-02 3.369096003829999963e-01 8.257301526490000459e-43
2.559173660370000058e-17 3.779449001269999854e-18 5.337217397929999718e-01 4.154027371440000005e-01 3.659287930100000113e-19 1.191907499430000005e-15 3.817508126239999875e-41 3.324238476659999898e-40 5.087552306299999993e-02 3.082876937020000213e-20
4.054711013209999840e-03 1.466682606269999940e-71 3.227241489420000040e-12 4.717150229859999773e-05 1.097680223769999892e-03 6.165196513099999720e-01 3.781916597880000119e-01 2.280167421760000188e-34 3.298303110799999805e-05 5.614312909540000002e-05
3.454968350629999875e-38 1.788547146679999866e-01 7.173728398769999570e-01 9.809255610360000005e-26 1.037724454539999952e-01 9.566727621760000398e-13 5.532597189910000087e-38 5.204888156800000256e-65 2.075662304230000114e-19 0.000000000000000000e+00
2.395173512830000018e-01 2.704899055600000213e-01 2.293726967800000026e-04 2.714356810979999934e-10 2.200437429310000137e-01 3.909752672600000300e-18 1.499794549099999923e-21 2.697196272580000276e-01 4.890435505730000242e-23 8.643163928009999207e-31
4.111956504839999810e-26 2.858246295160000049e-15 1.965749052499999987e-07 1.262752452750000046e-17 1.571722286760000076e-07 7.743752471200000542e-01 2.256243991330000032e-01 2.139589247049999927e-31 4.542022797339999785e-58 1.521755721790000022e-14
2.009913627179999995e-01 1.959871946789999986e-01 7.450215320369999925e-19 6.387740959270000064e-04 5.833495270200000008e-84 1.264958606739999921e-11 6.023806680280000547e-01 2.000466897619999992e-06 2.694188760250000014e-28 8.145297605170000633e-30
7.255350610500000237e-19 3.182555291310000179e-37 1.341485741499999963e-42 3.380187326009999809e-35 6.806947583619999964e-01 4.143102277119999988e-07 3.193048135459999881e-01 2.129766758100000106e-32 6.356989482799999809e-65 1.378236924969999980e-08
3.516888559889999907e-09 3.106033374530000057e-01 3.849981130110000094e-01 1.884832116529999932e-17 5.025542549339999736e-07 1.507368733059999957e-10 1.629421975760000085e-01 3.490490615960000300e-08 1.414558108339999953e-01 1.563987586629999849e-36
4.120016383319999865e-19 1.432078874130000085e-43 1.596601889779999961e-04 5.776045929999999873e-63 3.865692831030000112e-63 9.998403398109999562e-01 6.383316840059999743e-88 3.885472168179999897e-67 9.397812275290000386e-61 1.991487684729999885e-112
1.424189653520000046e-07 4.350308171069999785e-01 1.442423514950000041e-01 2.817589783729999950e-20 4.207264255540000275e-01 5.371721878950000206e-15 3.347669313810000084e-122 5.583068774299999661e-30 2.634245346999999870e-07 9.190810099549999863e-46
2.513462712770000042e-41 3.337607372509999726e-01 1.229402496810000068e-17 1.422728645370000099e-45 1.542510223080000088e-20 2.565360033490000080e-01 4.097032593989999860e-01 5.902069016290000352e-14 1.911283260430000181e-37 1.443436406880000059e-35
1.562746378300000072e-01 3.564012122429999763e-01 3.248071960730000033e-15 1.893566607059999932e-18 5.791480901419999739e-47 2.485140805920000055e-04 2.768719906439999851e-36 4.309761018350000139e-02 1.034283681029999970e-42 4.439780256629999866e-01
1.300292490079999990e-36 4.474698113319999782e-01 1.132717430030000054e-12 2.803771824440000060e-01 1.173614323609999954e-01 1.785853119609999976e-26 1.084324028579999946e-06 3.552632399199999997e-40 1.547904895370000034e-01 4.526553045559999996e-23
1.095726330440000017e-15 4.149919165730000303e-58 1.271558087459999924e-17 6.716564809689999727e-38 3.005182787349999983e-57 3.635419690099999706e-24 4.554091736499999801e-63 1.507808476160000020e-27 1.000000000000000000e+00 1.198736909789999898e-25
1.250093336879999906e-01 1.810129450730000034e-01 1.504300384399999933e-02 4.755526486889999802e-11 6.940504389630000259e-70 1.238915620450000078e-13 1.178513741910000067e-26 2.131991847949999963e-01 4.657355323960000182e-01 1.573257790649999955e-10
2.540218958109999979e-98 1.680484092120000106e-01 3.122459696630000039e-24 2.950524567619999994e-35 2.095500841600000108e-01 6.911310133300000290e-49 6.224015066279999786e-01 7.922230059769999537e-14 5.598253709720000332e-22 3.876288179109999813e-33
4.759748159229999775e-02 2.866148882629999859e-06 3.755688174209999942e-05 5.581993777280000284e-04 1.834817259410000123e-01 4.904508728509999749e-01 5.303932140299999771e-11 1.232015635740000073e-03 5.322275491650000166e-96 2.766392815190000243e-01
3.548583498590000135e-02 2.454236059900000155e-03 1.039498540589999984e-04 3.252600440139999938e-01 6.016204645899999743e-15 2.109671933960000079e-01 1.615524442660000125e-36 2.384605343290000067e-11 4.424392357780000037e-41 4.257287416659999990e-01
1.384663595590000034e-39 4.192637785850000243e-01 4.230319073869999724e-01 1.718828995830000067e-79 1.479101231469999916e-54 9.425242561210000000e-11 4.962305223929999758e-34 1.577043139329999955e-01 3.941353128020000201e-57 1.619889680519999916e-50
5.890812033179999658e-39 7.500009887649999873e-01 2.499973049360000033e-01 2.577105669110000143e-62 9.328998358160000630e-18 3.114214368960000208e-11 1.309095294200000074e-08 1.693176495320000064e-06 1.162731886140000017e-60 8.564676456899999917e-95
1.140773039700000019e-01 3.175235490200000053e-61 2.731512876349999953e-14 1.810373022129999863e-27 3.864212653569999744e-29 6.791481034770000536e-01 5.073602924940000105e-11 6.626305928909999836e-19 2.067745925020000042e-01 1.234281843199999989e-16
2.798415099739999891e-24 5.769376371209999836e-54 6.524134826839999844e-36 5.632609632319999702e-42 4.168905102040000241e-03 2.740783116369999839e-61 1.999432488549999803e-37 5.669208849820000282e-09 3.469337911170000122e-01 6.488972981120000316e-01
9.255759262679999328e-09 4.008443076509999869e-01 1.495324111069999962e-01 1.634184883420000046e-39 3.923823279709999778e-01 6.583877431519999947e-16 1.439361931669999873e-51 5.724094401459999676e-02 1.470067781030000110e-51 1.727998321770000080e-53
4.849043736429999652e-34 8.471906030149999543e-64 6.304538374739999702e-68 1.941806214089999913e-71 2.788369085849999868e-48 2.933161659510000051e-74 1.630896676320000008e-27 9.999999999990000221e-01 3.453807818980000167e-34 7.941117434239999950e-13
4.594924163190000183e-17 1.118966814440000049e-58 4.617145000869999852e-59 3.361378165920000274e-26 5.057208111069999568e-01 4.470378630609999894e-77 4.744148997350000063e-01 1.081283153059999972e-04 4.173008297800000205e-06 1.975198783449999898e-02
1.250099466399999952e-45 2.388361466999999743e-07 4.831924297869999996e-01 5.858754715440000313e-44 4.786151663739999784e-01 1.027983930330000105e-06 1.006441275610000043e-27 9.142181633059999946e-41 3.819113701889999962e-02 4.703685904559999722e-100
1.550045487660000056e-37 1.725501847219999829e-02 4.105965925170000199e-14 1.693433141570000120e-41 4.960496980640000109e-02 6.390075070440000005e-01 2.941325046769999729e-01 2.237588337949999800e-25 4.760219760039999897e-15 2.886240248699999987e-43
6.227443170659999868e-44 5.765441776069999769e-04 7.242483858639999850e-16 4.979924206090000320e-52 5.011374993209999964e-39 6.359567758699999906e-01 1.982371283699999875e-01 1.652295515820000060e-01 1.740572345129999929e-40 3.654290292739999992e-13
4.909938498439999816e-48 3.685034923910000134e-06 7.043392059540000139e-01 2.949383505370000158e-01 7.186861420559999486e-04 5.438485838789999888e-15 1.225907621120000036e-49 2.377094141320000067e-68 7.233223865860000451e-08 2.990448494109999910e-24
5.853285805019999705e-02 6.894585728459999633e-44 1.367424977780000056e-48 3.491175420239999956e-23 1.599517828539999964e-01 5.740713280820000278e-62 2.991423310750000179e-49 6.809777399139999786e-09 7.815140360510000050e-01 1.316234546089999952e-06
5.190109484869999653e-30 8.009706087300000445e-22 3.558594128609999796e-01 1.531331301710000028e-42 7.050960057130000049e-18 3.929372159790000243e-07 1.269819845089999935e-62 7.254733302519999558e-32 6.441401942009999937e-01 1.806219708269999993e-32
2.547382840070000036e-06 8.578382867309999342e-06 6.095092180669999804e-01 1.340982174349999935e-04 1.351158356929999961e-39 7.665498794329999893e-11 1.380624343050000054e-11 3.903455578589999919e-01 6.893692787839999934e-14 3.533914742359999872e-16
1.706960940769999865e-32 7.993154441880000460e-01 6.714056789569999683e-39 1.504138971790000001e-01 6.257705726169999787e-45 2.582397874029999850e-55 3.544602050809999867e-03 1.369052728699999955e-08 4.672604201970000093e-02 8.723631612129999725e-10
8.595532400539999951e-03 4.133728099170000306e-31 1.036336454489999949e-27 5.032233315240000060e-01 3.283288362249999759e-01 1.755766912809999892e-58 2.776141417359999814e-47 6.828201228169999890e-22 1.598522998470000012e-01 3.808550815199999942e-12
3.933672317370000004e-01 4.396836175350000369e-37 2.000233000370000008e-20 1.526589310969999891e-01 4.539738371540000261e-01 9.512877873069999495e-47 6.509398334510000238e-21 1.708246715440000072e-19 1.196538231939999955e-11 1.739155814489999996e-25
5.721207698439999961e-02 7.797331904399999579e-16 1.063569240360000001e-01 1.157527822500000053e-01 2.748941252279999969e-01 1.412237114599999893e-17 1.616711715150000059e-17 4.457554115990000065e-01 1.482827824429999985e-35 2.867990303939999962e-05
9.064277420700000282e-41 8.910295693570000064e-02 1.497948267570000103e-01 2.891229012750000007e-34 6.292454691620000263e-41 2.916155595089999888e-07 1.149569926239999984e-01 6.453982504999999925e-01 7.466815673809999460e-04 3.246880831940000084e-27
1.258834923869999954e-27 9.392311157329999563e-68 3.850641566079999677e-27 1.596098727359999969e-02 3.197777512239999998e-11 2.676602751609999995e-36 1.536226941090000056e-18 3.908441289199999869e-44 7.095006651270000519e-01 2.745383475679999963e-01
9.589426549969999602e-02 1.104503193260000036e-61 2.612087314950000004e-14 3.404496417400000005e-85 2.890897619239999883e-01 6.150159724820000173e-01 6.635785316929999796e-52 9.389791297429999983e-11 7.302261164149999561e-32 2.545361845289999896e-17
1.406866264439999951e-02 5.396921073310000111e-59 1.023609985079999927e-33 3.276457404640000074e-08 8.047465616960000068e-01 2.927351702459999943e-43 6.409714357070000301e-09 1.479986025349999954e-12 1.811847364180000086e-01 6.613383534200000125e-11
5.610289607930000338e-02 2.632636733739999948e-36 2.621854578949999932e-23 5.945429682810000132e-25 2.083872457019999940e-25 1.584511392399999940e-06 5.895731908600000404e-01 9.397400930999999143e-19 3.543223285489999763e-01 1.395501908800000020e-27
5.354728021789999931e-02 6.122852533550000316e-15 4.436019810060000480e-47 1.784580583110000063e-01 6.229788401920000290e-23 3.712081990519999972e-29 3.527945877930000320e-11 2.879517157089999879e-05 3.729270894799999736e-01 3.950387767840000119e-01
6.630285958089999765e-01 1.464147962400000116e-13 7.178275806110000516e-11 5.657292478559999801e-13 3.289443787049999846e-01 8.027025413649999802e-03 8.039293358949999268e-24 1.517912007849999919e-37 6.167710095160000653e-33 2.686187095879999774e-51
1.276833263849999900e-01 4.566358043110000371e-15 3.153617894340000061e-01 3.601254618039999743e-20 2.077598654720000146e-46 6.910073833590000258e-11 1.419999934830000040e-10 4.354729382429999851e-01 1.214819457269999958e-01 1.108284599599999942e-23
1.315723205769999959e-01 6.232398150380000018e-16 3.234789659860000111e-01 9.056202150939999447e-33 2.305393317210000155e-34 2.038464736869999835e-15 9.873986060010000118e-61 5.449487134379999986e-01 4.493479644219999779e-37 8.057750635710000475e-37
1.237220019229999867e-32 2.682572230710000074e-16 1.144075925439999978e-14 3.632142616869999766e-29 1.939060860079999928e-59 4.125390164050000055e-22 2.620276004459999863e-01 6.723740946080000169e-01 6.559830494559999725e-02 2.756028467019999944e-19
1.087845297960000063e-50 3.651387765399999874e-01 3.363282761240000140e-01 1.499811631119999937e-78 3.680297721200000200e-13 5.973033643340000184e-04 3.511095902169999773e-32 1.595094563229999892e-07 2.979354844609999886e-01 7.153081163000000137e-18
3.959908244369999814e-16 5.833663967629999910e-08 4.694622449690000109e-08 2.366636289869999965e-01 7.409170429070000535e-21 4.340132406209999960e-01 4.483118199450000134e-09 2.024936640190000045e-33 1.034905059060000046e-12 3.293230206259999959e-01
1.628997876119999966e-01 6.339327931740000506e-36 7.167590602679999590e-01 1.101578487130000069e-109 1.203347220819999952e-01 1.236038418730000090e-13 1.343889685390000103e-155 6.430037421820000274e-06 3.475292640360000342e-55 8.688496080390000526e-51
4.144942172740000032e-08 1.527696693140000032e-05 1.077035015620000034e-11 1.931479563470000094e-03 3.477954772950000222e-23 4.623351652939999834e-01 5.357170318130000108e-01 1.053274150660000047e-12 1.004901962709999986e-06 1.585444978779999969e-28
1.511907183220000054e-12 1.306985947099999946e-23 2.975777383850000050e-11 1.178969814720000070e-06 2.774885321469999777e-01 1.011513687619999997e-02 1.622042323529999931e-30 1.076227524549999969e-30 9.064983407510000413e-24 7.123951519760000073e-01
5.553854184289999663e-02 1.206946832450000034e-01 1.042283078669999999e-16 2.385657012840000069e-09 4.739266596419999811e-01 2.283661338000000096e-01 1.214739790819999998e-01 4.132446322420000111e-17 8.890235940730000526e-77 1.699793688620000003e-12
5.811525607509999691e-01 3.787624593240000033e-13 6.890330028289999770e-09 1.862240647959999965e-13 1.415808307080000106e-01 4.264307813190000253e-36 5.681047167479999938e-31 1.269444793980000020e-08 2.772665889550000040e-01 6.807421477030000218e-52
7.160777580889999827e-01 1.041644152690000052e-42 2.022566886330000084e-06 2.565937482989999947e-58 6.821052467009999804e-36 2.839202193440000244e-01 3.518019954849999805e-82 1.630691561190000074e-28 3.456125469979999952e-55 2.422996348829999873e-57
1.253789433289999982e-38 2.536616225580000106e-01 7.463383774299999773e-01 4.088829025819999914e-51 4.902744488039999981e-59 2.878849181679999753e-13 3.131204064229999902e-47 1.095264071240000048e-11 1.134538110260000021e-56 6.805665381230000388e-63
2.332141242669999927e-51 4.150491687410000075e-01 2.335546010570000109e-23 2.665017710489999853e-08 2.031273632120000097e-12 1.750670243510000056e-32 1.648425816089999968e-11 9.840839250460000332e-21 5.849508045910000176e-01 5.203108418690000291e-21
1.471310659110000030e-01 4.229612971319999617e-18 4.796295800190000097e-02 3.334188301800000141e-19 3.498013194840000062e-01 8.707526991359999614e-15 8.571275564679999931e-17 4.551026427770000216e-01 8.316741572879999885e-28 2.013827048829999922e-06
7.464111673949999675e-07 7.541818320909999997e-30 9.438100252040000637e-02 5.377342459979999731e-39 2.241271777789999864e-01 7.240340229520000358e-10 2.630974192250000127e-39 6.814910725649999668e-01 4.068130181360000211e-14 1.173990299479999907e-19
2.373189195180000083e-98 3.003610094970000088e-01 1.230173117520000014e-54 2.460044000030000080e-02 3.779176186730000144e-13 6.381276752720000349e-35 5.993189854049999488e-01 2.879786635140000054e-52 8.426457960730000570e-21 7.571956509699999394e-02
4.672162823040000221e-26 9.610760733650000609e-02 1.139569509990000058e-05 8.996736493710000408e-106 6.450806523440000273e-01 3.584453666590000218e-10 8.900622187739999827e-39 2.588003442660000153e-01 1.031939250979999953e-16 1.009052599879999930e-54
1.253323534869999992e-23 2.464451477600000242e-66 2.142895275529999845e-89 7.134241355860000688e-02 2.517494105440000185e-01 1.022825557610000032e-56 1.521016230139999974e-02 1.813996156110000095e-53 1.013002643160000046e-04 6.615967133310000081e-01
7.412356407440000080e-50 1.356328804019999934e-13 5.802781750959999929e-01 3.383196239939999842e-53 4.687560529190000006e-17 1.000495728009999972e-07 8.561772746369999502e-77 8.206827574679999805e-41 4.197217248540000001e-01 5.232683873859999771e-45
1.076878496280000014e-01 4.348054376419999866e-05 5.362224946909999634e-07 2.336273868829999989e-01 7.191897260860000217e-89 5.589896667589999701e-01 4.726131187439999671e-05 9.960381865089999731e-02 1.288848268050000034e-33 3.803987927410000131e-16
2.528947664879999994e-18 2.115988074399999929e-19 5.337224464619999553e-01 4.154038030439999862e-01 2.329493509140000237e-19 2.956193583890000196e-16 8.242862497780000635e-42 5.516225088720000022e-41 5.087375049380000319e-02 4.938720317480000134e-20
3.542317444870000109e-01 5.012985903020000253e-46 1.002228850390000040e-16 4.363091021219999646e-37 2.638783604040000068e-45 1.484540678100000066e-01 4.346158586980000127e-01 1.520601466050000016e-05 6.261618995260000153e-02 6.693303704990000407e-05
6.161033609030000374e-09 3.602440371530000185e-01 3.329684781780000158e-01 5.003667805550000259e-22 2.568501282929999906e-56 7.290604151970000433e-10 1.472861546520000057e-31 1.403695461330000012e-02 2.927505231649999984e-01 1.686142037200000073e-14
1.299439347109999976e-14 3.505705156040000150e-48 3.231773841680000119e-17 3.292124389630000231e-02 4.080999538949999783e-01 1.309839875799999886e-01 4.279948145579999808e-01 1.249718481149999917e-71 7.073302212170000481e-11 1.849777803500000042e-30
1.702484036899999941e-06 9.322946805370000392e-66 2.455287455879999871e-24 9.999369411580000255e-01 4.359885126300000191e-23 9.211277641489999535e-17 1.143644121460000063e-36 7.225752741089999498e-117 6.135635798189999625e-05 6.628344375459999542e-45
8.847717636530000318e-02 1.353016870380000064e-17 1.426839743030000111e-07 2.231515983930000002e-01 3.138043464549999937e-74 5.471498835820000073e-01 9.046197524710000370e-57 1.401868928849999944e-45 1.412211989759999953e-01 9.295996656650000197e-26
7.026936337059999649e-02 1.028740522839999946e-24 3.490571840540000044e-23 5.634838979449999785e-01 3.662467386850000173e-01 9.825915805580000606e-15 1.979823650140000077e-41 5.133165417480000289e-46 3.982809458389999949e-25 1.661112679430000070e-15
9.305827002010000763e-15 6.142217027919999618e-11 5.254627572259999990e-01 3.895800415760000135e-01 3.819299537489999953e-20 9.552964349930000557e-16 4.481722769779999775e-03 8.047547836200000249e-02 8.189221817709999825e-23 3.911602581239999606e-12
3.842049353820000150e-05 1.875250078489999945e-39 1.987162715290000103e-02 4.529788210469999951e-94 2.896313070339999740e-01 6.585152029010000359e-09 5.018651375079999722e-45 6.904586312079999955e-01 7.525815434120000601e-09 3.121930229760000115e-22
1.424280479649999986e-01 4.758785101340000038e-12 2.695548782469999738e-01 1.346439331000000017e-01 2.374698978170000085e-01 2.043105270599999967e-19 7.118496914090000356e-61 1.020495818980000049e-14 2.396220881710000097e-02 1.919410340490000089e-01
1.488165393099999930e-39 5.109309703990000395e-01 4.890690295999999826e-01 1.972097208030000160e-33 3.017494610849999878e-22 2.664517460679999974e-14 3.592333219360000077e-34 1.625496631049999995e-32 2.483573446590000173e-43 2.547569832750000154e-117
1.738965731279999982e-01 7.647370972459999667e-23 1.192467063059999970e-11 1.588714253240000159e-05 6.106810831560000041e-01 2.154064565609999926e-01 4.340600279330000047e-25 3.197795558630000123e-59 2.495342538219999759e-72 4.237371958260000031e-41
3.984987587699999621e-09 4.008502424670000175e-01 1.495304935369999866e-01 1.135595510120000023e-38 3.923871390190000197e-01 2.040241985619999937e-15 5.653467230679999670e-50 5.723212099180000068e-02 5.789801546490000313e-51 1.449804214560000071e-52
4.264812493699999818e-01 4.017293735680000061e-43 1.467892282849999896e-01 1.366310547670000064e-27 4.267295223450000008e-01 2.359460461830000121e-16 3.035566591799999779e-47 1.643135683169999980e-15 3.103292459249999806e-31 2.373908780460000135e-19
5.855389565749999694e-36 2.245677185779999924e-37 4.331403020490000099e-27 6.211723796830000533e-26 9.118993732690000575e-02 8.921867302890000611e-45 5.810542594030000396e-01 6.501750823969999738e-25 3.277558032699999790e-01 1.780785798200000081e-29
3.193533326260000194e-01 2.294958847220000152e-64 1.204449854510000088e-06 6.365735936910000305e-36 6.597348148030000026e-01 2.206794563009999984e-16 6.208673550329999804e-32 2.081941875839999831e-02 2.183590530560000054e-06 8.904577215459999668e-05
3.882894682099999956e-21 2.116404218690000061e-01 3.749107180190000084e-30 3.018956454589999982e-06 2.132114912170000043e-01 9.181218683990000577e-43 4.224583029420000113e-24 1.888985515709999952e-01 3.861817293700000042e-01 6.478701715459999418e-05
9.589452317159999351e-02 2.829043126149999907e-60 3.332452771070000123e-15 1.839583127989999913e-84 2.890896513680000224e-01 6.150158253769999472e-01 2.996961965480000119e-51 8.327910408849999752e-11 5.894975179459999627e-31 1.137645852000000029e-17
2.430433280560000091e-54 6.627848168190000028e-38 1.058713770720000016e-60 5.045419362579999610e-06 1.845037056709999983e-96 2.593321197980000039e-40 3.332993517469999833e-01 1.537707438700000094e-37 1.651543417310000027e-18 6.666956028339999785e-01
2.929022260089999998e-36 5.020807313530000266e-25 1.530983888220000104e-14 8.937423120699999890e-02 1.199625014710000021e-01 5.717562862060000528e-01 7.480497503930000310e-18 3.665877051570000088e-66 9.964811502389999895e-03 2.089421696129999950e-01
8.920656795309999830e-04 2.367099962639999974e-23 1.097299863609999986e-11 1.036586243019999980e-10 3.552711453660000174e-48 6.111769452159999672e-01 3.347854626669999889e-01 5.314264781170000007e-02 6.571300167170000188e-11 2.878445037979999802e-06
7.399816100470000190e-04 1.753657654119999902e-23 2.328923068810000170e-12 1.369731681319999955e-09 4.660132625620000178e-48 6.112354799729999844e-01 3.347312114339999756e-01 5.328678495280000232e-02 2.920741160399999920e-09 6.537737366920000088e-06
4.820980952410000141e-05 7.121642382530000190e-42 9.608023058659999253e-19 7.406073046929999570e-01 7.200696929080000157e-99 3.318262646280000264e-14 1.608281760509999998e-27 5.383883941969999643e-26 1.001478013249999978e-26 2.593444854970000102e-01
1.314408786539999889e-19 1.501287841269999951e-02 2.300426998120000052e-02 1.324663905869999890e-59 2.374814820990000075e-24 2.829092549149999930e-15 3.089515170689999795e-50 9.619828516059999446e-01 1.750242884950000060e-62 1.077001391190000080e-37
6.370769414109999615e-12 6.923282513769999942e-17 8.037754089060000601e-20 1.777853290369999907e-44 4.739251215620000068e-01 5.784499277770000020e-25 2.288202187330000068e-15 4.692838037570000176e-01 5.679107467490000088e-02 1.376346441339999890e-29
4.622067326290000048e-23 2.447589069120000016e-01 5.885513731160000022e-15 4.291928328540000188e-37 1.864514632120000127e-27 1.072002253530000004e-01 6.480373005530000174e-01 3.567181936029999821e-06 1.467365971450000077e-22 1.754684918800000164e-27
2.646061286070000161e-05 4.596122584760000334e-05 1.724492190230000023e-22 3.081179982479999996e-03 4.179547792430000075e-01 2.937675367149999994e-01 2.380309828710000125e-34 1.079536520830000080e-33 2.542756019040000037e-01 3.084848031680000047e-02
3.473603722949999972e-01 1.259985846790000087e-10 2.935847831810000155e-49 7.214419540459999940e-06 1.182541790939999961e-41 1.416590011059999947e-35 4.036601448789999824e-01 2.489722682069999971e-01 3.338914376239999926e-49 7.387325736610000503e-11
3.635120004130000249e-01 3.622732269960000157e-06 3.639198671369999749e-01 2.084253826840000077e-19 9.735491361919999443e-06 4.145015477170000037e-16 6.001011282850000102e-109 1.199719443559999920e-09 2.725504305229999868e-01 4.342503309739999713e-06
5.343880784830000336e-06 1.264627951250000086e-74 1.119493527199999991e-43 2.165815337289999894e-11 8.136726865350000226e-01 1.119765099770000047e-54 2.434101312880000223e-07 1.946728246620000160e-18 1.863214875749999999e-01 2.385774690489999958e-07
1.088998914980000021e-29 1.608915652079999925e-01 1.873466807449999938e-01 1.247337305790000091e-97 6.386573911039999897e-25 1.924143617919999973e-12 9.786720055529999589e-70 6.517617540450000302e-01 8.186152167050000637e-83 1.195751779330000017e-53
2.057746315480000085e-08 9.651362745940000610e-13 3.266004620650000145e-28 3.701557424600000116e-25 1.418061087519999980e-69 2.124880295029999896e-12 7.894954196350000286e-01 2.105045576819999931e-01 2.102664326250000175e-09 5.656689435960000268e-24
1.096593735970000058e-82 1.842452200599999862e-08 4.526576577430000202e-86 2.289477312180000061e-08 2.415621490829999995e-01 3.239361882649999891e-221 1.211494894449999943e-01 5.666412965249999732e-03 1.585449004759999963e-03 6.300364581830000255e-01
3.606430189029999900e-01 5.832650210650000060e-46 5.716668247279999544e-17 1.001078511569999927e-36 1.103422252059999998e-45 1.391650919480000026e-01 4.355803313900000195e-01 8.680647783810000243e-05 6.449905048220000436e-02 2.570079921409999856e-05
1.954960252359999892e-16 2.403335493830000003e-01 3.704116246379999837e-10 5.304063670599999947e-01 7.665949384120000052e-08 1.680205970130000115e-01 6.122984393150000121e-02 1.719742963110000130e-39 9.565582281270000161e-06 1.400067678189999884e-16
3.111282787360000104e-49 1.481543120370000059e-12 5.802775369599999511e-01 5.651934036009999864e-52 3.339123975730000036e-16 7.751561461780000131e-07 2.189846889250000013e-75 2.624384798220000084e-40 4.197216878819999830e-01 3.686805692179999877e-43
2.864884019429999962e-16 2.709218620250000154e-01 1.954152230350000019e-01 2.171342716559999855e-03 2.861471386719999825e-28 1.538950797630000081e-14 1.735272671890000029e-51 1.702183867170000057e-50 5.314915722230000306e-01 3.776583278589999944e-76
2.475891488640000147e-46 2.077292093630000035e-08 4.966118918820000006e-01 2.806736583289999764e-100 5.924821232110000224e-02 1.442736523679999938e-01 6.918324540619999642e-11 2.974766877030000090e-01 2.389534883530000046e-03 1.326214110499999917e-24
5.415298221469999808e-36 5.579975403660000222e-01 1.994069587290000045e-13 9.193255410630000237e-29 4.094976055119999882e-03 1.783224248650000074e-30 2.997714819210000241e-44 2.490784614930000029e-02 1.450875901479999985e-50 4.129996374289999772e-01
5.292803324159999628e-03 4.567127037879999962e-01 2.380586630610000032e-12 9.117767941070000272e-10 4.669591654270000038e-62 6.324247959409999564e-02 4.747519931749999977e-01 1.920390347319999843e-08 1.212252089509999893e-38 1.151192030779999999e-34
4.218634118450000234e-20 6.846178646719999761e-02 3.053015491980000107e-01 5.762526954959999654e-06 4.356717815149999756e-27 1.261778704269999984e-13 3.463764630910000086e-01 2.798544353090000048e-01 1.085640081250000058e-29 3.408180161800000021e-09
9.722072147589999691e-50 5.982482063579999676e-03 1.802839829479999934e-01 4.637005651119999739e-28 1.732046733440000090e-09 2.906220382060000083e-13 4.638826216460000262e-01 3.498509116040000033e-01 2.331720580510000001e-15 6.367148636710000113e-12
1.427283977170000118e-19 2.360962352310000123e-01 1.378466093490000023e-20 2.943878421330000106e-01 9.633088571360000895e-28 7.025074558909999434e-02 8.331670593109999357e-02 1.039574163789999931e-18 3.159484669720000194e-01 4.143373679339999814e-09
9.579786685869999772e-49 5.720775977229999865e-02 1.726320016799999871e-02 4.546820821360000028e-26 1.467269000030000103e-01 1.185180922849999928e-09 1.232546425649999921e-43 3.057157641650000168e-51 7.788021388710000270e-01 1.661683678449999951e-62
1.316000607649999987e-01 6.016883900970000266e-23 3.234720132650000246e-01 9.141704871900000019e-67 4.638540506050000075e-19 1.218790586570000025e-13 3.783728430869999783e-57 5.449279259699999489e-01 2.422468080949999916e-25 1.326211417149999921e-37
5.744423483110000506e-01 1.011911330560000021e-19 1.819216604879999899e-10 5.043835748510000093e-20 3.264276229530000220e-75 1.503419305460000077e-01 2.752156912550000056e-01 2.970590695410000084e-08 2.277870842020000165e-13 2.336010203379999812e-15
2.074612969479999839e-36 1.822070994299999919e-31 8.059181630000000089e-18 7.618009061820000204e-09 5.458982967359999883e-01 3.857372456129999905e-01 6.836445003369999440e-02 1.763372776040000029e-89 1.586693548880000054e-24 7.389943030019999712e-46
6.399429353290000259e-35 5.591310760350000075e-01 2.682556876389999887e-47 1.765284397699999966e-02 6.881957140720000067e-03 3.062781537140000057e-82 2.004510254199999999e-11 9.946689021939999933e-05 1.363319336830000008e-27 4.162346559369999865e-01
1.844776163219999932e-01 1.553816870889999899e-13 2.244307428240000103e-12 6.224549727399999853e-22 4.131983290390000184e-62 6.552281020010000123e-01 6.635796480290000188e-02 9.393631687139999964e-02 5.030873529780000271e-19 6.982334860130000091e-13
1.211162096110000030e-01 1.552677960969999892e-03 1.818468952669999994e-05 2.219120671840000003e-01 5.766747511219999673e-60 5.587444369440000003e-01 1.780406795539999851e-02 7.885235143999999585e-02 4.135744205590000212e-35 4.214989412110000222e-09
1.212279538700000020e-01 2.437559561979999942e-16 3.311651779979999932e-01 3.008426441209999761e-32 2.205743131050000075e-18 4.444524385439999997e-14 7.721138817079999279e-52 5.476068681329999688e-01 4.129927286129999998e-37 4.807422519230000233e-28
5.459865307259999819e-99 3.020841202990000030e-01 5.866970232780000199e-55 2.765996112180000091e-02 2.000315554299999822e-12 3.606413480420000082e-35 6.055877521139999553e-01 3.994149186610000154e-53 6.688539407939999979e-21 6.466816646329999474e-02
7.978040784540000175e-05 4.637635521480000245e-01 4.363175979889999624e-15 1.062953448949999931e-26 6.939511068839999810e-39 1.543114819999999998e-01 9.685265764449999636e-43 2.540210356319999932e-02 8.356962247839999548e-56 3.564430818809999901e-01
5.110456628749999757e-69 6.216009217800000375e-01 9.059571852670000186e-15 9.069496136509999944e-23 1.011623374000000065e-04 5.815350435839999846e-22 2.045793986670000108e-25 1.239167760630000041e-31 3.782979158829999911e-01 2.200247499939999959e-39
2.907655757850000078e-01 3.593811105499999936e-01 3.378361369800000143e-09 1.079105203220000044e-10 1.790075769159999905e-28 2.491369838070000009e-01 1.190878689389999923e-58 5.953934457629999693e-09 4.095982757829999614e-37 1.007163204179999938e-01
4.124887762950000207e-55 3.909493535389999691e-02 1.162655245560000050e-02 6.314103339399999327e-148 1.411329147400000039e-01 5.820500704109999878e-11 2.219920298130000066e-48 8.081455973919999813e-01 8.309996747820000149e-54 1.087998637369999933e-40
2.591149344000000133e-79 3.679131291609999845e-07 1.699697321700000003e-28 7.245919903069999967e-28 9.781696053370000140e-04 3.927403126520000122e-91 7.837810469729999951e-01 1.691778996340000119e-01 4.606251587489999799e-02 1.024998559210000084e-27
5.070069979810000145e-53 4.129363795939999804e-01 5.082711252550000452e-16 5.870631463169999620e-01 7.070803690840000664e-18 4.740883793310000162e-07 1.750342635579999884e-23 1.535901162249999957e-83 1.466036364590000065e-54 9.264756428649999713e-43
3.892582655710000208e-15 4.146680943789999851e-01 2.347302265930000119e-14 5.851416878249999787e-01 5.328247294129999772e-47 1.902177955180000104e-04 8.477655052199999639e-24 3.457559513639999853e-38 1.764933495419999851e-20 2.328750178830000017e-33
2.823324510330000218e-20 3.852272250159999856e-01 1.765524471630000095e-28 9.335920498900000362e-23 1.586469317309999977e-14 1.168294938800000040e-43 1.592475590839999988e-12 6.147727749820000032e-01 2.834168924380000105e-37 1.159589149030000009e-36
1.981373699779999942e-01 5.652029720660000272e-61 2.036091593009999867e-01 9.555708345210000183e-46 4.166412720929999764e-20 1.352024356550000017e-07 6.865491617020000088e-23 1.271529464629999991e-06 5.982520639899999715e-01 6.389140758730000094e-34
1.195126193899999930e-77 1.973287539160000148e-05 9.324278630830000132e-44 1.531991775290000143e-95 9.890340814260000224e-01 1.542243060579999900e-45 5.280895673320000309e-03 5.665290025169999674e-03 1.657803655489999928e-48 5.363405426440000060e-16
3.618038014099999928e-07 8.395715201929999843e-65 2.824853751790000102e-41 2.307189891750000191e-13 7.913174321760000351e-01 2.086820453480000004e-01 1.606720964290000080e-07 6.134808870129999764e-64 2.984270441819999907e-57 3.592296692639999915e-14
7.489711500199999611e-15 2.706654221659999778e-04 3.037997120560000164e-08 2.108296623630000026e-04 1.691207734269999929e-01 3.879496657720000128e-24 9.708526308339999471e-06 7.376101453819999820e-01 7.101595401829999749e-60 9.277784720020000597e-02
1.734713925230000081e-08 1.299730578439999926e-30 1.298054383500000114e-25 6.533307225590000423e-17 1.481926192220000032e-28 1.072301536590000038e-41 8.103304047660000512e-51 3.456207033959999841e-01 4.346389296179999917e-01 2.197403496389999933e-01
5.022445503010000047e-40 9.552872609260000536e-02 1.438307882050000042e-01 2.398810959450000143e-34 1.792103757340000039e-40 2.392664629680000057e-06 1.146438785740000049e-01 6.457134741669999789e-01 2.807402965049999948e-04 4.477561930349999904e-26
6.629974468599999504e-01 1.614496539150000056e-13 5.074059829650000206e-11 5.576111881820000377e-12 3.289197198070000216e-01 8.082833276659999802e-03 3.308702383320000150e-24 3.302166358250000142e-37 1.686461327230000103e-32 3.434084909059999742e-51
1.983309044780000101e-21 7.034045878940000010e-20 5.355050966479999452e-01 4.160479199450000110e-01 3.571132318029999730e-08 3.610460075940000232e-15 1.376533910699999964e-37 4.951823329549999945e-44 4.844694769590000144e-02 1.881524389229999824e-15
1.083939455370000055e-01 3.856759312199999832e-12 3.212757508949999896e-01 1.616954258259999944e-01 3.010724107450000054e-61 6.318392744149999855e-14 3.818037641250000290e-12 4.085766565710000076e-01 5.822116354630000099e-05 4.843449063130000283e-23
1.671607666070000101e-27 1.654454077970000103e-01 9.994309604600000452e-02 4.796263068369999611e-47 1.687637695639999935e-01 8.171031573439999166e-06 2.243784301589999974e-01 1.127145745220000045e-03 3.403339796570000186e-01 5.990511599010000349e-38
1.074675913969999999e-24 5.951002621730000497e-01 2.317458568809999946e-10 3.149506698089999945e-01 9.351028476450000417e-29 1.554049590049999966e-27 1.610058355070000015e-31 1.623769223979999920e-25 8.994906778639999434e-02 9.627498442540000061e-40
4.742091446930000008e-24 3.374373833539999756e-01 2.519293350310000127e-09 1.239683911000000065e-15 6.625626141270000158e-01 3.078721098750000136e-28 4.015363265540000065e-28 9.751243628650000168e-14 2.328062162000000141e-74 2.794168169510000035e-40
1.315615653190000123e-01 2.339492011329999776e-16 3.234844892120000148e-01 1.078857315500000063e-32 6.708293066849999702e-35 7.721985232010000178e-16 1.375622636839999920e-61 5.449539454690000007e-01 2.362321791110000073e-37 1.310044564610000005e-37
1.484576522360000042e-65 2.881514165390000048e-01 8.531619299830000186e-15 4.297520023270000091e-17 8.901870972439999637e-20 1.792422286610000082e-01 1.395128388329999920e-03 2.705861825650000088e-26 3.179009676700000001e-26 5.312112264110000481e-01
5.289723699820000208e-02 3.624163345509999951e-16 1.093508718049999995e-01 1.175081309360000020e-01 2.732720036660000185e-01 1.199874704200000010e-17 1.051135605630000063e-17 4.468378811639999726e-01 2.433091841360000045e-35 1.338754304030000120e-04
2.787826742419999936e-14 2.379173141169999949e-14 9.279230356930000056e-13 3.198012997750000302e-30 2.472462863089999906e-06 4.846473642229999768e-01 5.143908211969999700e-01 2.325390877179999952e-20 9.593421163200000368e-04 1.481706957910000062e-29
5.527211345439999705e-11 4.232728507379999635e-06 2.890729933800000175e-29 3.146191141549999903e-01 1.834858580890000035e-01 2.994862122949999833e-60 2.836443778819999875e-15 2.692681098959999854e-04 1.918549358370000013e-01 3.097665910260000155e-01
3.970193036450000027e-78 3.231274074709999944e-02 6.742097102090000571e-20 4.554005989989999684e-36 1.403488005109999881e-01 1.388884566059999936e-08 8.273384448530000101e-01 8.112998454689999966e-39 1.899215308979999908e-61 1.273400057170000012e-32
1.420385717250000068e-01 1.418475968389999997e-48 1.434188311619999973e-40 4.111227649820000107e-01 9.715682938749999796e-55 6.656081231689999832e-36 1.306521348809999944e-39 4.118959035360000180e-26 4.916589516550000310e-45 4.468386632929999824e-01
2.332276669169999913e-14 2.473994850419999809e-43 5.231471928330000233e-16 1.726776728480000078e-01 6.078732916439999496e-14 3.967934625589999986e-01 1.232216163249999994e-14 3.470920606100000088e-50 1.606376682389999977e-01 2.698911963530000180e-01
3.584359727369999960e-28 1.691109520759999929e-01 4.720184136219999715e-08 4.449284722189999905e-48 6.217559165639999774e-01 7.092319153460000527e-17 6.574656393379999350e-33 2.091330841579999988e-01 7.613157879989999527e-26 8.890656712739999557e-44
1.606882301390000143e-58 1.617718561820000092e-21 4.076776823709999913e-100 6.520450955100000057e-01 5.668913337949999679e-88 2.147161080519999840e-77 3.479549031349999932e-01 2.931611377559999714e-42 6.049354337869999612e-46 1.354292130709999995e-09
1.042031916510000018e-16 3.332948571989999831e-01 9.994687633339999936e-17 3.495372015300000218e-02 1.012367833160000028e-111 4.750142113340000229e-31 1.464192266690000058e-16 4.811415736779999786e-01 1.504736123150000049e-01 1.362366544820000096e-04
2.894547087540000076e-27 1.630521397509999970e-01 3.683892238009999922e-32 3.016709039329999858e-33 2.298976252309999913e-01 9.189026816479999714e-39 7.961783591669999666e-25 1.981016684330000055e-01 4.089480063909999852e-01 5.601946389929999959e-07
5.249464575369999735e-20 1.364867284449999869e-20 6.357229798550000088e-02 4.480737317219999765e-33 6.662992947939999633e-01 3.387104683530000068e-09 3.222852560039999804e-89 5.137504133909999735e-21 1.215947068659999943e-02 2.579689331469999791e-01
6.405422704410000067e-23 1.675624289440000085e-15 1.787024986300000023e-09 1.483225923890000020e-01 1.220349760429999915e-03 2.470021381599999954e-01 6.034549179039999656e-01 2.472966366370000040e-35 1.691109036239999914e-21 3.043488313169999754e-29
