2.297277834459999920e-54 6.254372660419999814e-34 2.029785914010000161e-03 1.061285278899999966e-23 5.537400260470000113e-01 1.942788345879999984e-52 2.043494730709999874e-01 2.398807148169999903e-01 5.237594779899999482e-57 1.500965956420000083e-10
3.541937859260000040e-10 6.664801628719999593e-01 3.098672979989999790e-51 2.819075851459999853e-88 7.974378277340000247e-54 3.335198367739999892e-01 5.254663364329999978e-100 1.064950701950000054e-14 9.143180913720000082e-43 5.327921707499999698e-16
5.584200019359999629e-47 3.135382534950000022e-02 2.235808966459999998e-28 9.150547454089999696e-66 6.489359315440000064e-63 4.954397758190000056e-01 2.743812632429999928e-37 4.732063988319999970e-01 8.136985022049999527e-52 1.519824495129999928e-48
2.722344358650000171e-27 3.363898804049999921e-13 4.054078883590000201e-17 4.997913334210000213e-22 3.993773087479999895e-28 1.785223312079999925e-03 1.039777651149999954e-01 4.420521893650000145e-01 4.521848222070000145e-01 2.206451122670000026e-41
1.416728014779999878e-01 3.920330373659999812e-01 1.373627151179999950e-01 8.003332872609999642e-41 1.584530781150000054e-04 6.628376412069999818e-05 1.060725247009999934e-49 1.938154495480000072e-01 2.317759435869999886e-20 1.348912596480000003e-01
1.518217269450000009e-15 5.228550103450000375e-01 5.678398852230000143e-10 3.308558037850000175e-40 1.016131985219999993e-09 6.096802015409999608e-29 3.132270135899999919e-01 2.813294658830000078e-08 1.639179463479999987e-01 6.058492144170000007e-76
4.119804495050000297e-52 1.758057912230000127e-32 1.350949674750000023e-21 6.157096199420000193e-01 6.653125283939999465e-32 5.016622343460000278e-71 3.842903800579999807e-01 6.154345988950000062e-38 3.603457168030000319e-36 8.393754557369999802e-16
3.889809457999999776e-01 1.989758338560000117e-01 2.426962997420000078e-05 8.980726463679999938e-02 9.121228984310000411e-56 2.678756214779999811e-01 6.033192675000000195e-13 5.433606459919999854e-02 9.488991741140000644e-59 1.100028387400000026e-19
5.003450047270000534e-01 1.546793591259999866e-29 8.688079827949999780e-28 1.102994216319999929e-59 4.594763670520000267e-11 6.740738733359999357e-67 1.839892198570000132e-05 4.996110424140000061e-01 2.555368069429999903e-05 2.105182484159999969e-10
1.656019727310000112e-38 3.768493755680000223e-01 6.230687260360000534e-01 5.232093799539999747e-24 6.589600657000000251e-20 8.838023292550000163e-29 1.903142791120000008e-20 8.189839586190000322e-05 3.359079115130000100e-97 9.624321308620000528e-19
4.840008304899999780e-01 7.530750533440000199e-36 6.348901632529999617e-09 3.272505365870000127e-02 2.345991214030000109e-18 8.077537420609999812e-23 6.580909893740000125e-47 2.123817492429999875e-55 4.832741095020000044e-01 1.538026773300000071e-15
1.858611219100000100e-01 2.514654690249999962e-54 6.219103178620000172e-01 5.170754817689999660e-13 7.109906341959999708e-25 2.095253673909999912e-05 3.161352561220000127e-18 7.026591902469999737e-11 1.922076076199999983e-01 2.367146414889999896e-59
2.613323013730000088e-01 5.440711195020000446e-01 4.553713479649999628e-13 1.781266127250000060e-44 2.979370918540000055e-22 1.292177276270000134e-04 6.923161112609999431e-126 1.857239518760000074e-22 6.109373466779999442e-67 1.944673613969999937e-01
1.579909330629999924e-10 3.488680834039999956e-01 4.194989153459999852e-58 6.964402502139999836e-66 1.120320659269999943e-23 4.882521868709999841e-05 1.231305925039999990e-33 6.290083738120000323e-02 1.336683507439999946e-22 5.881822538380000465e-01
4.990402911149999787e-01 2.383742851079999987e-04 4.979105008279999800e-01 1.326009766649999949e-03 1.484824000590000094e-03 5.230105017160000121e-20 2.937383297670000208e-25 2.514798802699999858e-46 4.201635305930000024e-12 1.044861055790000002e-60
1.060321771570000083e-33 2.603243760050000244e-01 1.215144980069999974e-24 5.838095516450000182e-92 2.467291510140000033e-01 1.680597702520000045e-50 8.127614985290000419e-09 4.929464648540000105e-01 6.118563087320000143e-21 4.020493776489999972e-26
5.141757407879999863e-10 1.279801493749999908e-01 2.164852580269999993e-01 4.296205115160000032e-01 1.600363465219999842e-08 9.541373242009999494e-18 2.259140644290000000e-01 1.356075330460000066e-10 4.996554612240000179e-34 3.708641169419999823e-25
2.255358925740000020e-01 5.392829405960000155e-01 3.838609112670000389e-12 7.703356734720000054e-39 1.068376397070000018e-02 4.642024020280000064e-36 1.114098835680000041e-43 2.590307470009999787e-13 5.553691332029999708e-110 2.244974028550000000e-01
2.441577281760000107e-01 3.268501107629999969e-09 9.585471047009999634e-02 4.832711889989999853e-38 2.518561400930000027e-01 4.081314179919999785e-01 5.723066055940000356e-90 1.718846233819999845e-24 1.335772011049999941e-19 3.323030653769999870e-22
3.178056300539999999e-28 9.579867488969999456e-02 3.970944044889999799e-19 1.184818586540000024e-01 6.318874292440000145e-31 3.257058316529999741e-07 6.256804806230000067e-81 1.971639799779999844e-67 5.451205788760000380e-26 7.857191407510000225e-01
2.297544316309999870e-67 6.074365107170000000e-01 5.778319953749999844e-04 6.572700960370000374e-32 4.356642856700000243e-39 2.561188354370000017e-02 2.659391595990000042e-15 3.663737737439999864e-01 4.995094323240000051e-70 9.514554292169999316e-84
1.980836755519999919e-25 9.481504213550000226e-02 1.847404257509999921e-22 1.033326791099999981e-04 3.644325993499999972e-01 1.278255769619999911e-09 9.600967172749999556e-02 7.488822414940000310e-19 2.081760430840000065e-01 2.364633097449999888e-01
3.337769526820000277e-01 1.396262706499999950e-01 1.028501185090000040e-24 1.186361811620000040e-01 7.076368635209999986e-22 2.075190291929999943e-61 1.154950445320000046e-01 1.156687528250000057e-36 1.032528946279999988e-41 2.924655509740000103e-01
1.018940138940000020e-04 4.921898935119999922e-53 4.305962241280000269e-01 7.206302561560000071e-08 2.604471415279999905e-15 1.466360019769999933e-02 3.988104766929999895e-20 1.097688275850000061e-01 1.595919529110000059e-13 4.448693820130000254e-01
5.519788486770000067e-05 3.652747086579999918e-17 2.858415975440000145e-01 2.032251719790000120e-08 3.520390623640000105e-01 3.997064638020000080e-28 1.910832053049999967e-21 3.093106601550000270e-23 1.829082680119999949e-19 3.620641218849999787e-01
1.753252839259999973e-01 4.180353201159999754e-01 7.474642549939999698e-22 9.701082060670000253e-17 4.694749356279999740e-48 6.654904202489999696e-09 3.897805889489999731e-01 1.685880035439999911e-02 1.338116152069999873e-63 9.947232314140000572e-46
1.406310029210000034e-01 1.055160665209999981e-10 7.563930394869999629e-35 1.205969784069999921e-19 8.608703607360000489e-20 2.244335810549999977e-01 2.701633751109999844e-40 2.146582629390000063e-40 6.349354159179999568e-01 6.507065056840000254e-36
1.338296398500000065e-54 1.744898968899999855e-61 1.922242997220000109e-61 3.039027123890000060e-31 4.755933909449999689e-46 2.744604774169999832e-44 7.533841278309999571e-36 3.361538063979999776e-75 1.000000000000000000e+00 7.201770107059999644e-55
2.740561107349999896e-14 6.664804136980000404e-01 8.298348442669999875e-07 1.245759015869999962e-27 1.279368389680000095e-07 3.335186285300000275e-01 1.149102040829999945e-88 2.773153007060000027e-50 5.861355646719999914e-42 2.638108488330000102e-58
7.467577337950000157e-39 1.000000000000000000e+00 5.440788115230000139e-35 4.396338133769999723e-64 3.220890188449999962e-42 3.599269207589999966e-23 3.860927919349999965e-81 5.320203872019999969e-39 1.375010643330000064e-90 2.261850902849999887e-51
4.723901474069999520e-19 1.018284517229999943e-49 7.318005532789999545e-01 8.268400736860000006e-42 1.137382375469999999e-13 2.172466327260000052e-01 6.500350689000000042e-44 5.095281137189999754e-02 2.623188953890000043e-09 8.141199680730000187e-31
1.047152531500000011e-21 1.036310844970000093e-102 7.945403923490000182e-22 6.157096199379999968e-01 1.499403526099999912e-11 2.130626191649999992e-74 3.842903800470000020e-01 6.955162525349999802e-41 2.072186769500000045e-17 2.323582032069999875e-13
2.801020163769999866e-22 5.372449869450000026e-01 2.391491564560000219e-47 1.043943727539999994e-33 3.843541449969999875e-26 8.096261627369999436e-02 1.824842883649999834e-46 1.627213935110000037e-21 4.829378012739999765e-14 3.817923967810000208e-01
2.699093701160000064e-34 5.763903994990000116e-15 1.012296911869999986e-04 2.621066202589999918e-04 4.983144869269999777e-01 3.576861562929999905e-01 1.412601939760000092e-01 2.375826493270000086e-03 1.857448576940000063e-23 1.575265196000000093e-19
1.398104769279999993e-01 1.819784764880000178e-21 1.721963318020000057e-03 1.980426227310000120e-01 2.151345354280000122e-01 1.441629026460000000e-39 4.450267319639999997e-01 1.575587905480000046e-10 5.699754614900000170e-48 2.636694736880000243e-04
1.293482626489999947e-03 9.158271483690000325e-02 5.123794942900000010e-02 9.666991072649999428e-23 2.311399346419999946e-32 5.753222282700000134e-01 4.288278929569999914e-58 5.876725089950000317e-04 2.191898094140000081e-95 2.799759523290000218e-01
2.946144484580000092e-32 4.098625580640000154e-01 5.901238074510000153e-01 2.302147686440000088e-23 4.225966918410000057e-26 2.401683636740000108e-15 2.354323368770000001e-21 1.363448532870000052e-05 1.788454088399999884e-85 1.453029188259999994e-29
3.826252222529999939e-53 4.024411658890000160e-02 4.693887896360000034e-01 1.926664644859999945e-27 2.605967963289999998e-19 4.903670937560000165e-01 2.760220221359999972e-20 1.905276969900000088e-11 1.841151235380000135e-42 1.461761437500000037e-97
5.998992899730000161e-01 2.271581051860000003e-29 8.391425910279999966e-32 4.001007008219999994e-01 2.919292733539999996e-47 2.325672923050000182e-15 2.470110158510000068e-70 1.711715724649999842e-86 9.164373240139999722e-09 4.089980681849999836e-11
2.279106516609999860e-52 4.125016715830000066e-67 3.426879185210000124e-12 4.024306135000000394e-09 1.460253912370000120e-29 5.131273952999999982e-30 1.437118000410000096e-01 2.057770425419999938e-01 3.101907542419999885e-35 6.505111533890000075e-01
1.497191969849999971e-01 9.868327781820000640e-43 4.678963184450000181e-05 5.414527866699999671e-03 1.412432453380000035e-27 4.193138483930000104e-01 5.474592333879999733e-34 4.167548710270000245e-13 1.245158694490000121e-38 4.255056371229999912e-01
5.044756151250000542e-01 1.306615536849999905e-04 5.671478485149999829e-39 4.155505038780000423e-84 1.218840057550000016e-16 4.953426330549999812e-01 7.409943672640000469e-61 5.056269809379999907e-05 1.742621216539999903e-25 5.275685656320000160e-07
5.759339648420000094e-23 5.971320945820000059e-01 2.344318635870000145e-45 6.320115047330000006e-33 1.673883582150000040e-33 4.078072412170000367e-31 3.622083435489999943e-09 4.070890618970000142e-12 5.232238022999999842e-35 4.028679017919999938e-01
1.037020316040000058e-06 1.830129575420000104e-74 7.018585365999999616e-67 2.128856122419999992e-15 2.314584698599999902e-35 1.992838758440000094e-109 1.923906969670000078e-02 9.323566511339999469e-47 3.223990990819999847e-01 6.583607942010000214e-01
3.981417636590000031e-01 3.588441271309999822e-36 8.317569961099999691e-27 3.614673426409999987e-32 6.594665434190000175e-02 7.871406625970000273e-60 1.461254659890000029e-01 2.620981074300000177e-09 5.669573079859999837e-02 3.330903825900000115e-01
2.218412267300000074e-01 7.826616288569999627e-13 3.571075384960000340e-18 7.748282399850000359e-12 1.268957680310000086e-07 1.376587800849999876e-01 8.870014334789999398e-42 1.031186794729999960e-38 6.404998662809999743e-01 3.958501329840000156e-28
2.904850367149999936e-54 1.575028046659999938e-04 5.199771995199999886e-01 3.614712620119999895e-27 1.661069585350000097e-16 4.798652974059999798e-01 2.321155488790000028e-21 2.697879661009999759e-10 1.476594359810000010e-35 8.414284946260000196e-81
5.412966196430000210e-01 6.177421833749999567e-73 4.219690333770000253e-03 1.202355488179999987e-01 8.526884422010000255e-23 9.714905034760000144e-15 3.202699092899999878e-01 7.611493271960000084e-03 6.366738577759999823e-03 6.577996223280000098e-11
7.535511520710000542e-20 1.797748212920000059e-35 1.337336651069999938e-01 1.285845228489999881e-01 2.659905898620000264e-01 4.716909624050000249e-01 6.967807199640000131e-28 9.975609623659999596e-19 6.956673701719999731e-09 2.528207938980000063e-07
1.279523326920000044e-02 1.118433322909999910e-15 3.260074029780000038e-03 5.398449745109999975e-01 5.703022847890000084e-11 2.652802471959999893e-08 2.712873013939999739e-04 4.306853582629999733e-01 1.759373802420000107e-07 1.314287010319999983e-02
3.687519821439999988e-35 1.990786204910000119e-26 4.916284149519999924e-01 8.910738415819999741e-37 4.724705785730000211e-03 2.109074450469999998e-60 1.827533015129999955e-06 5.036450517289999818e-01 1.653967745500000001e-78 8.739814526460000455e-22
6.565183022480000007e-88 5.634229735980000364e-52 9.594861424520000347e-58 2.322351148729999888e-47 1.811098952569999944e-45 4.266007038959999893e-32 4.652721847099999808e-01 4.760540390469999994e-01 2.976917565349999869e-09 5.867377326610000166e-02
5.224235990739999703e-05 8.941568615080000050e-10 3.384270294479999928e-23 7.023122843470000092e-58 3.077463575689999842e-01 1.714972524789999991e-19 2.090203497500000106e-32 1.078567708860000002e-01 2.517450548479999945e-24 5.843446282919999568e-01
3.397603108810000050e-01 6.705553074389999606e-15 3.074587345140000066e-02 2.262051503320000156e-40 6.294938156680000008e-01 2.451767672900000045e-24 7.431396278890000402e-55 1.113447203329999941e-16 3.169882094450000145e-57 6.872636208639999966e-19
7.218058393150000121e-22 2.091845110339999915e-08 2.041911134660000070e-19 5.995585276840000049e-27 1.350127669600000024e-01 4.583960593170000042e-01 9.681806153790000786e-50 1.578358764199999903e-25 4.065910892019999889e-01 6.360257559600000027e-08
5.455992271560000353e-18 8.015006301109999944e-08 3.546677609439999879e-01 4.176109373610000040e-19 2.053127382619999997e-03 3.104862291050000112e-01 2.904400626980000080e-11 3.327928023889999976e-01 7.599037175129999514e-37 2.636340525429999793e-32
1.159796026369999919e-25 6.624481628949999970e-10 4.093430349830000092e-01 5.901988620460000279e-01 3.264875612979999691e-30 4.581023089340000173e-04 4.322645724270000264e-60 5.370354503380000168e-41 1.354285109909999967e-71 9.447060180569999590e-21
5.454929385129999586e-01 1.073537920809999977e-20 3.066525591400000145e-10 1.135394735230000063e-01 9.092824079710000104e-03 8.104792719829999557e-45 3.285017127339999732e-01 6.887373719809999732e-33 3.373050843559999897e-03 9.764627976560000682e-15
1.128588567210000032e-01 6.581722576190000291e-17 2.896374667369999979e-12 5.010391791780000348e-07 7.391206522059999562e-02 4.194803827340000124e-01 1.415584222519999970e-123 1.043306049160000007e-69 5.184793168699999652e-22 3.937481942819999747e-01
1.880387676710000064e-65 6.753900884520000373e-06 2.061552318210000139e-06 8.077216022219999850e-46 1.035810838989999996e-35 2.560489695000000010e-01 2.607039837490000038e-26 7.439422150469999773e-01 5.513303869209999810e-21 6.486943843449999828e-61
8.490009815800000166e-05 1.988289486370000136e-43 6.474979133589999712e-53 1.725674677050000050e-01 3.151369574569999958e-53 1.218929099600000038e-01 3.569686851889999901e-01 4.127594804089999944e-16 3.484859732260000009e-01 6.382189201530000178e-08
2.837768474150000031e-04 3.339513344760000058e-01 2.628120132319999860e-15 3.090399249660000236e-01 2.783253020990000270e-01 3.190406086779999868e-41 7.839962474259999647e-02 4.451446445269999986e-29 3.638603522419999965e-08 4.830508795760000321e-10
1.305425392869999965e-08 7.246491321529999779e-21 3.360030354579999981e-20 1.951963204250000033e-66 4.030460613479999732e-01 1.400505487539999968e-29 7.793311956710000364e-41 2.606798619350000120e-03 2.279797067720000096e-33 5.943471269790000511e-01
2.816404782669999819e-16 7.699472148530000037e-34 2.626457251699999921e-08 1.082645918699999983e-29 5.921563130929999863e-01 5.905716917710000075e-07 9.251566405290000703e-72 1.581955666109999950e-28 4.078430697639999769e-01 3.065993490609999807e-10
3.910003669789999942e-02 3.061598517240000095e-01 6.639453729570000054e-35 1.483252708480000001e-65 1.502697318440000095e-18 6.547401115780000502e-01 1.958974463019999999e-165 4.409917253899999946e-48 1.562359511849999975e-30 3.196933059040000092e-26
2.535111072459999894e-25 1.304251887850000074e-09 9.317505951079999800e-45 1.014582155230000060e-26 3.577799147959999991e-85 2.765601400489999806e-01 1.529119544889999974e-13 2.975435071220000061e-01 3.920756322290000129e-39 4.258963515249999943e-01
6.805147229559999804e-04 2.826985732269999894e-32 9.124931184960000821e-13 4.920764801399999944e-01 5.072428299879999658e-01 6.563755512349999694e-44 3.602849516889999954e-35 2.006236095429999919e-82 1.751478634230000023e-07 6.039931974759999496e-38
3.396709032499999807e-16 1.330612716939999992e-34 9.277832391690000048e-31 2.961771983579999925e-15 6.813234063399999933e-12 6.638294584010000499e-01 3.260412741790000150e-10 3.367986297440000261e-04 6.161313979549999817e-15 3.358337426360000211e-01
2.392889213599999850e-07 2.142340685980000103e-01 3.118116810189999897e-38 8.985936074739999846e-21 1.973570016160000021e-77 1.302272969490000074e-10 7.857587140709999529e-01 6.977912028249999807e-06 4.137226650839999814e-42 5.486414374109999781e-35
3.783452412439999840e-34 4.576287133890000192e-01 4.398956131960000265e-02 4.642647768550000054e-01 6.212338350819999822e-09 2.316946607239999857e-15 1.816622309099999883e-18 5.818865277150000056e-14 8.514674320149999919e-78 3.411694222350000055e-02
1.548307461319999974e-31 1.835047561889999960e-100 1.371436403189999951e-19 2.127533551530000067e-01 6.252803259689999795e-14 4.438507169080000343e-155 7.871913472310000381e-01 2.152217018769999851e-46 3.708996040639999968e-35 5.529761579680000217e-05
9.923149546580000111e-11 5.939256107979999602e-31 3.082485828590000176e-05 3.880218354350000176e-01 3.660411910769999785e-32 5.903402649829999627e-01 1.310444081400000119e-75 3.606824868839999973e-38 1.607872856139999855e-42 2.160707462440000087e-02
2.807263856279999986e-21 9.275750500510000014e-06 1.970262420949999923e-04 4.550416138519999762e-79 1.209721989760000060e-01 4.561923768669999824e-01 1.031575880589999946e-44 2.857609885050000145e-02 3.940530233139999949e-01 6.339750656450000069e-42
4.840022844970000016e-01 1.223531927540000024e-35 9.252314622559999688e-09 3.272208635869999771e-02 1.092955511480000051e-18 1.321109856499999952e-21 9.704599680439999624e-46 1.413343459369999983e-55 4.832756198920000190e-01 5.535870136049999639e-15
8.346620354389999523e-29 6.349290367889999602e-50 6.401265134119999978e-01 1.209702384939999918e-41 3.223549937490000072e-01 1.666619246559999967e-36 6.436783383740000139e-13 3.751849283909999833e-02 8.046394076929999778e-47 3.255184121080000231e-39
8.130591740129999539e-13 9.848964318140001003e-07 4.754367899609999726e-01 1.963254790289999940e-01 1.368748627830000120e-01 2.094471379730000096e-21 8.146662678359999888e-43 2.055802406100000151e-48 1.112245168709999950e-12 1.913618833290000043e-01
5.003017953220000313e-01 1.934809894139999899e-32 1.275947932650000027e-24 4.060193538719999905e-26 5.979647463370000199e-47 2.058123356250000077e-24 4.527549964820000144e-07 4.996977519229999776e-01 3.903352877270000233e-40 1.140341898519999958e-23
3.159681359150000035e-01 3.535255982669999814e-31 2.878963412800000052e-29 1.217657346390000017e-45 1.019788533790000047e-25 3.170331721700000144e-58 3.702560032359999975e-01 6.529359619100000289e-02 1.109706633669999970e-01 1.375116012919999908e-01
4.325319389700000140e-07 1.384769945880000044e-19 4.957676105070000228e-01 1.585228217679999912e-22 1.207559143790000065e-03 2.124592507980000004e-07 1.290195468169999953e-50 6.191075038919999674e-19 4.950294155880000102e-01 7.994769770740000128e-03
1.988326554479999995e-23 2.133208660789999874e-33 2.367986866740000147e-30 1.955696747150000047e-08 3.585709623299999769e-22 8.445057302050000120e-69 8.081185011910000282e-07 5.428020801360000216e-39 6.664920925349999692e-01 3.335070797890000160e-01
3.032588107829999879e-01 2.214150403970000125e-10 4.298674979379999965e-11 1.034261249459999951e-31 1.620582492690000050e-16 2.785469617879999804e-01 5.633060464489999839e-42 6.633864541040000241e-23 4.181942271640000097e-01 5.221296215700000211e-54
2.093150732049999912e-08 5.470870406210000098e-21 5.741783818959999945e-03 4.773932966550000212e-01 4.896828520270000151e-01 2.479037491429999836e-08 6.512988664579999925e-21 1.054587105539999940e-12 1.968570969979999903e-62 2.718202177650000037e-02
2.403156041430000098e-02 1.478096584550000011e-58 2.308923638569999904e-30 3.661601261179999733e-01 1.429928073760000091e-15 1.434664185189999976e-39 3.963607975570000247e-57 1.414667335129999933e-95 5.838123487890000129e-01 2.599596467909999833e-02
1.167969693909999949e-09 6.664801630990000447e-01 2.085895722590000074e-51 2.127616764790000021e-88 1.732246682360000094e-53 3.335198357329999808e-01 2.513362501700000247e-97 4.136081932920000271e-14 3.736594841009999761e-42 5.383573723409999720e-15
2.450896110909999981e-01 1.425206174080000110e-01 1.831336583680000100e-17 6.295584213689999742e-07 5.421449259140000149e-08 1.172622851109999940e-17 9.143431745920000359e-10 1.615809160430000017e-16 3.676343041719999927e-01 2.447547826420000128e-01
1.261406772270000078e-21 5.372189011339999487e-01 5.987114378770000262e-47 9.473300560919999298e-34 5.259945704509999858e-26 8.099604448620000008e-02 5.643421611339999759e-46 2.801190798500000054e-20 2.769856905960000032e-14 3.817850543799999885e-01
7.499959177289999834e-01 6.725448358189999561e-64 5.645929474270000412e-56 2.602160867849999969e-06 1.133090514880000062e-10 1.192205905479999984e-42 3.255672214770000050e-40 5.843175990639999836e-76 7.767212390240000209e-07 2.500007032750000135e-01
3.711700780830000101e-01 8.686807326410000329e-14 1.873509423230000082e-01 3.566119725429999823e-12 7.989290258679999888e-15 1.362009844879999984e-37 4.153942729919999910e-01 2.608470659799999938e-02 2.394217348200000164e-64 2.353634920020000235e-19
2.023162935670000107e-01 7.978982529139999790e-51 2.248538285499999956e-01 3.614128953329999727e-01 6.286690577650000276e-07 5.713562415540000133e-03 4.667131752360000283e-26 8.691560788410000330e-21 2.057027914660000123e-01 1.293773560600000075e-22
4.362237631070000040e-68 3.553285052800000080e-09 6.104890197189999803e-15 1.995280536509999952e-05 3.477806098130000284e-30 3.765962530899999994e-01 3.609119728629999746e-01 3.754602844759999912e-03 9.235105192950000125e-03 2.494821096510000114e-01
4.076658980430000030e-19 5.252023462260000139e-35 1.398867425399999975e-01 1.295603830719999905e-01 2.615179487950000103e-01 4.690293758230000276e-01 1.072355705970000037e-28 3.921477843419999871e-18 1.667913762039999860e-08 5.533090592899999803e-06
3.205151409769999862e-11 3.542580942769999937e-35 2.460654292530000120e-01 3.549073668500000048e-13 3.127718129080000000e-19 1.431620910489999901e-07 7.419614457750000058e-01 1.544910650799999865e-08 1.197296632790000037e-02 4.389548897529999835e-78
1.361188815859999957e-01 2.960238845009999869e-36 7.058207037350000578e-05 3.780996446389999766e-01 1.348258129569999979e-34 2.134139575950000089e-01 5.040821110089999953e-13 2.838835633889999849e-14 2.722969341090000217e-01 3.292260591390000176e-32
3.425246905390000248e-52 1.619924754839999848e-30 2.988735975769999942e-01 4.570501697759999797e-46 1.399008703940000122e-16 3.653841464840000275e-01 1.227886651150000061e-24 3.357416545290000109e-01 6.014102706979999983e-07 2.004525637349999883e-75
1.028088123830000016e-50 1.840750551380000031e-30 2.988659124890000185e-01 1.778754231360000057e-45 4.648690032070000011e-16 3.653878146039999941e-01 3.742902897670000057e-24 3.357455259079999976e-01 7.469991765499999670e-07 1.592839032939999979e-75
1.901371329350000083e-01 4.081219964690000031e-29 8.325530900369999825e-31 2.049737447630000064e-65 4.010286912110000160e-33 6.303965534789999687e-19 2.803845344309999913e-13 1.661853059960000101e-01 6.436775610689999816e-01 6.725160956319999507e-38
8.117165118420000510e-08 4.554748933530000099e-01 1.949659234049999990e-30 1.049257218850000034e-14 4.872053039090000204e-01 1.376519720700000032e-02 7.840001421649999549e-16 1.420333924000000035e-17 1.981068696869999913e-11 4.355452433970000148e-02
9.876882417490000314e-51 1.608740129939999946e-03 5.932467504649999723e-01 8.282745826100000597e-02 1.162902402650000094e-03 8.503427121669999800e-29 1.031644922300000052e-02 8.043394609939999974e-10 1.279846782489999916e-49 3.108376987140000214e-01
4.195052883130000187e-45 4.092455849239999832e-01 1.454127236229999964e-18 1.811687332579999953e-45 8.104437887529999238e-31 2.758040260199999791e-19 1.543361870800000068e-09 5.907544135329999557e-01 7.676628403650000073e-89 5.001035517019999973e-53
1.168220005450000024e-46 4.711117659249999989e-14 5.197557924580000453e-04 3.306113866950000091e-01 1.128304075670000068e-22 1.034711271599999920e-02 9.976781879920000248e-03 2.498477339590000068e-01 5.994382032520000235e-09 3.986972229629999753e-01
2.723562904560000072e-52 3.208337088060000258e-02 1.551014925109999979e-37 3.960294124429999914e-74 5.464137467449999841e-01 2.153599469369999951e-47 2.005531791079999959e-01 2.209497030439999954e-01 1.804847403470000094e-12 2.208509791060000111e-10
2.496289349180000061e-01 2.476563991329999911e-56 1.520074772220000007e-22 1.845513937390000109e-04 2.257241612699999948e-04 2.471281185649999948e-10 2.696719237880000025e-83 1.052064423800000021e-72 1.907762081910000112e-11 7.499607892609999604e-01
3.450859086340000159e-01 3.981744603700000275e-30 1.293942396200000042e-20 2.028950914919999959e-01 8.699936535719999411e-34 1.577294368040000118e-11 2.811257913070000156e-02 9.583988805330000138e-02 6.119922112290000003e-41 3.280665326739999887e-01
1.340938025389999984e-25 5.769671832030000003e-01 4.630040807649999786e-19 1.876900077529999877e-01 1.700550288480000005e-01 6.528778014930000650e-02 6.647149467530000313e-37 8.954250888840000192e-55 4.647549493170000173e-11 1.047383293179999994e-16
3.211521620319999984e-83 3.705933248729999976e-10 1.590539786340000041e-14 8.961277112820000590e-55 3.604582652309999647e-18 1.271019379319999932e-44 2.746842902950000220e-01 7.253157093350000029e-01 1.617609464329999947e-69 3.598261208319999946e-73
2.851300086040000082e-25 9.648028472639999814e-22 2.591574504449999943e-44 2.127356042580000051e-01 5.906224276490000187e-41 1.485294714950000060e-36 7.872005380750000114e-01 1.437667201780000099e-29 2.380997645110000179e-34 6.385766682540000073e-05
6.615668676710000276e-28 6.593540251639999732e-49 6.401503098099999844e-01 1.561159418400000011e-39 3.224293098709999916e-01 3.139364978060000177e-35 4.003253263710000140e-13 3.742038031900000311e-02 1.829150051749999955e-47 1.260758213470000056e-39
1.423067222309999918e-03 1.143732156639999942e-01 3.048462200929999977e-01 1.066127255279999964e-02 1.290764247379999966e-02 3.378190737350000012e-47 3.210808272219999870e-01 3.078329494240000055e-24 2.347077534489999950e-01 1.322409708330000033e-09
1.380794090370000128e-10 1.026574352010000048e-31 3.201194915179999824e-05 3.790602630870000267e-01 2.868993378430000157e-33 5.871491876379999475e-01 2.412970684159999774e-75 1.089739130609999967e-38 1.629707503800000098e-43 3.375853718780000290e-02
9.137509351999999953e-11 9.336484057409999426e-02 3.285659786899999824e-01 1.966101489380000124e-23 4.324031210329999879e-14 1.111971024069999962e-09 1.115434126800000013e-42 7.596825713220000141e-12 6.778221241959999564e-14 5.780691795250000320e-01
5.951159376410000088e-15 2.312457417029999891e-07 5.201312303580000185e-01 2.392295692400000060e-10 4.221289485019999972e-24 4.798685381569999797e-01 1.446122493230000080e-103 2.548344266309999928e-53 9.946034186020000126e-128 7.209282281790000359e-45
6.881548089439999790e-15 1.022960320989999977e-01 1.496410227609999863e-48 5.632958932549999576e-01 2.299695777390000219e-25 2.602827497940000090e-17 1.936815034410000012e-22 3.017125332389999859e-80 3.344080746459999753e-01 1.427810537569999961e-22
1.908820859839999949e-60 6.119675086210000226e-01 4.819727287869999589e-06 5.061751838220000004e-68 3.241960794519999772e-02 2.450319216379999977e-31 1.039228041799999911e-09 3.556080626650000021e-01 2.110186666209999973e-12 1.718078686690000126e-54
1.297609082650000023e-01 4.318230342070000227e-01 1.407625272490000135e-01 2.277457107969999950e-08 1.148347515859999982e-04 1.250150027840000032e-07 3.725192663590000011e-12 3.785660879909999739e-30 2.975385477340000140e-01 6.714645836910000059e-74
3.839089935119999823e-06 5.417992962670000232e-09 3.264305288950000161e-01 1.624395448310000101e-01 1.276557781710000094e-22 3.500707509209999846e-01 1.610549103289999895e-01 4.157864372010000214e-18 4.205156571470000052e-07 4.851365789999999790e-107
4.423228247430000232e-72 1.229879941410000101e-07 3.167649794709999868e-12 1.852830706370000185e-15 5.930940248139999625e-48 3.039255948619999995e-02 1.554089954750000058e-02 6.417860315390000459e-01 3.122803864370000126e-01 4.854315198989999727e-16
6.767368051850000142e-06 1.420730549589999973e-17 2.015373469710000186e-09 2.303470948719999820e-13 3.107482640699999848e-52 1.441430563480000093e-01 4.683592203689999748e-32 2.122055882140000127e-01 1.863832641350000015e-80 6.436445860549999676e-01
1.822340399949999911e-30 2.729627453890000182e-18 9.094586147000000009e-02 2.735426012309999932e-01 6.355115372990000067e-01 3.057226040439999829e-24 7.317785281590000446e-77 4.091333641959999817e-81 1.223874731200000017e-31 4.884965635939999845e-21
1.988038697879999878e-09 5.927145471770000028e-19 2.585825532680000038e-01 2.204675920369999960e-70 7.400134770970000497e-01 4.269416350819999575e-28 2.053159641760000094e-36 1.403967646960000001e-03 1.035007096140000047e-38 4.531661094619999774e-40
3.389576273950000163e-01 1.299351487219999914e-02 2.029935869230000134e-01 1.584232346330000096e-02 8.347165195049999727e-38 1.237994305189999977e-01 3.445515085189999817e-04 3.050689653199999962e-01 4.184553076370000200e-22 1.709324414430000101e-29
1.291192626150000071e-28 2.778955170399999841e-01 5.552870307460000157e-40 1.104415574159999941e-01 1.382989963020000061e-20 4.836807023869999817e-44 2.699494629709999760e-01 8.416525100620000157e-49 3.417085549569999769e-01 4.907615779760000301e-06
7.523288285139999972e-28 5.644662042750000205e-16 6.513030862619999528e-01 3.522584846090000238e-46 3.486969137379999917e-01 1.518767925459999984e-28 7.050007890899999596e-64 4.292738340409999730e-34 1.950327211510000104e-31 8.326178224780000452e-58
4.127158020510000025e-01 6.496854610779999968e-04 1.254955507300000005e-29 2.108825125619999868e-82 6.328092546520000183e-07 1.809543938020000131e-01 1.924254947619999842e-43 4.054885434750000184e-01 1.909424016409999884e-04 4.074187710359999969e-14
1.342929136290000047e-01 7.087492861409999890e-10 2.775150156670000096e-39 4.595091908509999783e-38 6.695411876090000096e-03 4.276762809299999857e-01 6.488339115849999440e-39 9.777963960499999872e-16 1.340747826619999924e-04 4.312013180729999950e-01
3.108407294049999670e-05 2.142036880290000000e-01 5.107677477550000061e-37 4.366151202900000235e-19 1.583578502979999971e-76 5.180191748030000029e-08 7.857568599530000419e-01 8.316142692740000332e-06 6.802120663630000221e-43 5.782783903980000036e-35
2.151993373119999874e-49 3.752409162800000031e-01 5.939761959550000357e-15 1.042647093889999960e-01 2.915247166449999941e-02 4.704585269350000241e-09 1.106630436970000028e-13 4.430217283689999786e-38 4.913418973809999812e-01 5.808234694730000429e-10
1.301145873259999926e-46 6.851654148850000459e-02 5.845398351439999749e-35 2.116142832460000025e-10 6.672987021730000170e-99 6.222098138960000524e-01 1.571786850389999928e-10 9.090838795729999752e-06 5.156200716999999714e-28 3.092645534080000203e-01
5.948864197340000060e-36 4.871022806369999674e-09 1.247988046720000016e-35 1.285033711140000121e-16 5.755472271169999890e-20 2.163247802000000108e-01 6.476104249669999682e-40 1.268389328070000066e-36 6.156342573969999510e-01 1.680409575319999904e-01
1.173177443540000013e-53 6.769279887989999855e-02 5.462470306139999586e-06 3.849635049690000033e-01 2.570433042050000135e-06 5.473356632479999817e-01 5.159131432930000431e-19 1.266508496629999982e-28 2.331184303640000130e-35 2.163342873870000174e-34
7.862464445490000009e-02 2.441197920590000014e-01 3.633168901189999977e-08 1.313567298000000017e-15 2.105481772650000034e-24 1.049827698429999980e-13 4.893701315119999840e-01 1.878853956419999915e-01 1.323614213769999980e-48 2.674168916939999988e-39
2.026444495890000145e-05 4.380846268979999847e-01 6.266414209169999434e-57 1.740715305649999839e-27 8.248833543600000560e-80 1.499631474950000060e-10 3.743623283519999758e-10 1.028464767429999929e-11 5.618951081220000532e-01 2.885418168690000114e-13
1.167191075969999935e-17 4.420712305430000294e-02 4.982134712580000115e-60 9.505449736169999670e-67 2.664069017299999841e-46 2.664209344659999889e-13 1.340331559950000003e-18 4.770010649779999889e-01 2.032698558530000050e-06 4.787897792679999820e-01
2.510981870039999778e-60 6.599928724039999528e-01 1.532912026440000023e-20 2.946799731740000041e-19 3.375461526449999861e-01 4.122056587449999969e-29 2.460887541339999880e-03 5.114655634750000478e-16 7.977351940899999556e-08 7.636204778140000796e-09
4.067523253229999858e-01 3.288820375250000058e-43 3.204771538010000032e-01 7.542149275189999664e-32 1.990461348909999898e-08 3.850308555820000037e-03 4.325359274779999925e-44 2.689201805959999803e-01 9.122075960919999752e-36 1.181969618180000000e-08
2.576816618120000073e-09 3.307171308069999927e-01 1.328036579109999944e-08 6.692828523020000198e-01 1.136206665069999987e-18 3.917318575279999629e-21 1.034000707909999975e-09 2.492412787239999824e-16 8.501026363569999728e-64 1.095593800570000059e-19
2.375229180060000125e-02 3.083445119770000272e-08 1.460443033320000012e-08 5.369930812550000043e-01 2.387046957409999895e-20 8.071963926019999971e-03 4.539145124569999787e-03 4.263047797849999765e-01 3.723961679629999950e-08 3.386554296829999986e-04
9.309629510139999829e-09 2.947491907359999774e-01 6.473748601250000158e-11 1.366440937529999899e-01 1.338214933100000115e-01 1.489209356819999956e-08 8.932055962500000405e-14 3.353750620700000017e-39 4.347851979340000006e-01 5.703713777720000244e-47
1.255510163940000072e-37 5.759159900550000041e-45 3.156152884729999825e-15 9.497167262200000078e-06 1.646992422140000017e-14 2.683685287140000209e-01 1.739329297780000116e-01 8.713995034450000565e-02 2.199683397609999980e-01 2.505807542340000027e-01
4.538976308269999655e-55 5.621595994220000012e-04 5.198806251090000163e-01 7.739920956430000408e-28 5.513406701379999905e-17 4.795572150440000070e-01 4.697884659289999954e-21 2.476174105439999936e-10 1.003664492769999961e-35 3.915600888319999875e-81
7.150404766159999337e-05 2.616516800370000050e-10 3.836738127680000127e-24 6.346226555229999917e-58 3.052398752769999724e-01 5.429685602349999660e-22 2.721618244549999831e-33 1.104809801370000011e-01 9.265640123320000725e-24 5.842076402760000287e-01
7.499956764230000239e-01 1.775049319429999962e-60 1.160348659260000099e-56 4.022159009529999597e-06 1.894795064169999920e-51 4.919779661719999675e-41 4.353903438159999917e-35 7.664185771260000102e-72 3.049394065950000065e-08 2.500002709240000121e-01
3.808095100689999901e-01 2.585686001789999943e-08 2.085655559570000106e-17 2.010053755050000002e-64 8.552097663129999694e-02 1.543991411570000138e-01 8.562232849949999936e-43 3.792629099409999816e-01 7.436161152609999836e-06 1.841490129139999939e-10
1.384575313889999937e-01 3.359994869519999927e-01 2.224954970019999978e-01 1.128890981700000092e-15 5.938694282029999874e-13 7.161070060969999948e-16 2.122870401669999943e-25 1.573147901829999862e-01 7.415782150619999882e-174 1.457326944740000019e-01
1.104126035520000019e-10 3.542957614580000136e-01 7.071651615249999880e-62 2.462114255719999843e-67 9.731399765210000068e-62 9.414530253919999516e-06 2.430424254760000054e-32 5.651999075590000143e-02 2.528579473029999828e-24 5.891748331460000543e-01
1.078091722080000009e-01 4.625432312659999989e-01 9.958068685110000441e-61 2.570480377629999900e-11 3.031997469930000091e-37 4.854812675869999673e-08 3.755515250630000098e-15 4.998690489460000006e-26 3.231841458290000135e-01 1.064634021229999977e-01
1.628011954920000068e-21 1.498985822080000040e-09 1.727448330600000029e-19 9.938868764880000430e-26 1.350128214040000052e-01 4.583960798430000150e-01 6.787597266520000282e-49 8.573664599689999613e-27 4.065910664510000161e-01 3.080216486370000079e-08
1.290574951259999971e-21 3.904174135689999911e-08 2.983886424309999889e-05 3.370882025099999901e-01 4.432280440459999714e-37 2.896051717779999923e-01 3.732767428800000120e-01 2.417766027419999884e-20 4.926293934439999767e-09 4.139087941559999587e-84
2.219052954690000079e-01 7.231613516649999998e-12 4.350577364140000415e-19 1.256032096020000057e-11 6.844760265200000205e-08 1.375879843260000013e-01 4.258235291599999766e-38 3.811453141470000268e-36 6.405066517370000545e-01 1.687805216110000106e-26
7.021105056840000469e-02 2.259572299439999987e-01 3.441273943770000177e-01 2.391411259939999902e-14 2.292934666969999967e-08 3.289707249069999856e-19 4.590198497900000274e-17 3.556809391749999882e-01 6.914500165810000186e-102 4.023363005670000346e-03
6.648564903370000354e-13 5.019432409519999909e-39 8.654127540979999881e-36 2.288894618010000118e-02 1.572805635000000087e-08 5.209553886869999919e-132 4.739743665810000062e-01 3.120201740970000065e-62 1.309514661959999903e-13 5.031366715099999665e-01
2.762260870070000138e-02 2.990396182730000185e-01 4.951202760130000264e-27 2.698093850729999980e-30 7.251250615590000149e-48 3.084485732490000038e-11 4.994052261829999839e-01 1.739325468119999885e-01 1.221089210799999971e-47 8.956727482329999767e-63
9.479704187139999696e-26 3.278138184640000186e-103 3.735003837329999899e-104 3.423767893690000055e-57 2.105363797229999829e-31 4.717880347010000096e-80 6.000940183120000160e-02 7.004243306419999612e-30 9.399905981670000354e-01 2.015915155520000172e-12
2.135113393029999923e-05 3.583285435970000156e-56 4.886682031119999881e-01 2.101180654399999875e-02 4.875105774409999701e-33 6.393752030719999592e-08 4.944263666929999972e-13 9.878834855330000422e-14 4.902985752719999923e-01 4.739442997100000178e-35
9.352351623400000192e-49 5.962196817789999770e-02 2.589660415270000147e-31 1.434248375919999954e-11 2.447766742790000099e-34 6.277792649119999790e-01 1.207289556019999989e-09 5.764509252180000146e-06 8.230874687840000647e-27 3.125930011799999964e-01
5.428754581040000013e-05 1.819919848429999987e-01 1.968722617139999943e-36 1.779722393729999925e-64 2.474485813890000118e-20 1.486634909280000113e-50 7.676331389939999861e-01 2.542881532470000122e-06 5.031804573580000300e-02 2.487317372909999810e-22
1.044646194630000058e-10 3.528818914110000149e-01 2.052807407429999852e-05 1.248639968519999879e-10 3.186804867379999795e-01 1.530558504600000065e-06 1.424053609760000116e-01 2.561672064799999974e-04 1.234986992000000061e-01 6.225533560740000028e-02
6.508307654719999763e-84 5.047996522179999838e-12 2.658303495079999967e-01 3.291916750419999760e-01 2.658711074709999830e-10 3.343609262960000048e-37 1.469608980790000075e-01 6.910727667850000276e-14 3.700605011729999821e-43 2.580170771010000252e-01
1.676936546199999933e-01 1.982667129800000124e-71 1.235271137220000093e-43 7.950505854199999556e-01 9.944520024219999542e-63 3.719109320080000308e-02 1.197764063110000071e-52 4.262717460680000168e-46 6.311834524300000170e-06 5.835492445159999830e-05
4.729872670210000130e-14 7.297493777890000066e-09 8.146278223320000098e-13 4.289993321700000000e-24 2.783649623759999836e-52 2.608205571220000019e-02 1.099789393479999947e-02 6.464602603769999956e-01 3.164597826769999789e-01 3.189655587269999981e-75
