1.116961585939999939e-23 2.897111452789999930e-01 4.662389055430000217e-31 4.477300293359999969e-19 7.924876326239999589e-29 3.144571899960000236e-45 3.542455225210000003e-01 6.506311102790000365e-09 5.195524336479999866e-10 3.560433251740000027e-01
1.152048036049999976e-07 1.746547491379999976e-20 4.086822132979999744e-01 6.514254525660000448e-17 1.448038179510000068e-22 4.642609312170000169e-01 5.210047755559999708e-18 1.270567402799999968e-01 6.709772542250000170e-27 1.200232236699999949e-25
4.421810174050000007e-11 2.981372151159999984e-01 2.220726403209999922e-01 4.892174110220000316e-02 1.046474340359999993e-11 1.346923056449999979e-06 1.107078868000000021e-01 3.201591696819999777e-01 8.084829655259999503e-13 2.446291709579999934e-30
1.980418211679999871e-21 1.539799129109999942e-01 1.440210642729999985e-39 1.753102821629999965e-04 1.451154965219999919e-03 7.866827809589999413e-46 6.542968061859999526e-13 4.586207792269999721e-31 4.683021611539999740e-01 3.760914606870000010e-01
5.356259238029999623e-13 3.085574599330000144e-17 6.259406195200000189e-01 2.648080663399999824e-06 4.096677377540000197e-15 4.259686167699999965e-14 1.649152964549999959e-04 6.965181847590000419e-02 3.042399986259999856e-01 1.496571240730000049e-35
2.066147280100000055e-04 4.577592621279999996e-01 9.583839774050000533e-20 8.899269130760000584e-21 1.521222215850000009e-03 5.218061155950000031e-33 1.172527045879999997e-26 2.379107963319999898e-08 4.613878053170000215e-01 7.912507181969999359e-02
3.274377701779999787e-50 2.214468446439999981e-63 9.903320854940000030e-71 3.614726767699999830e-111 4.430941589660000153e-33 6.654379143360000326e-45 1.387538466300000115e-13 1.012147197059999953e-25 2.713724192459999740e-01 7.286275807540000260e-01
5.233492384650000179e-08 2.735667814000000104e-39 3.371440449709999787e-01 6.604766844149999765e-20 5.207400362799999777e-27 7.032148501309999434e-20 3.320790481099999919e-42 3.419436518719999873e-01 4.662757331890000393e-12 3.209122508169999777e-01
2.171108084610000044e-01 7.291019440389999787e-04 1.700988722149999844e-11 9.060711930440000506e-02 4.764936883550000002e-01 3.231630942980000071e-24 1.356848589450000022e-30 1.440120436389999911e-17 2.150592813509999979e-01 5.674583881799999791e-10
1.503755391349999998e-02 3.032308609800000195e-09 3.512677695359999938e-21 1.060210384629999935e-107 4.144513818090000183e-55 1.245069416469999985e-51 1.731485695209999940e-50 6.753576134309999812e-01 8.394927853830000539e-37 3.096048296230000108e-01
5.976081579769999541e-01 3.862436427309999947e-59 7.584805754180000352e-11 2.898321177760000029e-40 4.275944847219999984e-02 6.602981346219999889e-06 1.746123852579999975e-75 1.287712761549999998e-48 3.596257904940000083e-01 1.348057902509999963e-30
3.738500499890000106e-01 2.375394947239999888e-01 3.764224798850000272e-11 2.485119971040000134e-06 1.476625961170000042e-05 7.106527722140000343e-49 1.942611206160000148e-43 4.233943446880000032e-18 2.003930182280000138e-01 1.882001856409999951e-01
2.854354273220000111e-11 7.648128146259999491e-60 6.701258573270000296e-01 1.107807345309999984e-41 2.335581584759999869e-51 2.928716742270000212e-13 1.151179279870000044e-37 3.298741426440000013e-01 1.769832791930000152e-24 1.074476080930000056e-29
2.913175462250000203e-14 7.876681460779999920e-24 5.387912296879999721e-06 3.948961203799999931e-01 1.168487113990000044e-26 5.761116609869999516e-01 2.792888292140000006e-02 1.057913862300000020e-03 2.479726773580000074e-22 3.393690743110000085e-08
1.515778381289999982e-07 5.204447015109999918e-09 2.157779733669999978e-01 4.119762186190000230e-01 4.476717131779999915e-12 4.839461250860000063e-32 2.446269148339999991e-22 3.571277211459999990e-01 1.497131309290000017e-02 1.466169882899999877e-04
2.576782055650000047e-11 7.171645760389999680e-01 6.657519205980000068e-21 2.409407375400000218e-13 2.828285344650000033e-01 9.112016230900000477e-08 6.710802142959999739e-06 1.599133319020000077e-16 8.754771155379999565e-08 1.633113975689999986e-27
5.945474758450000123e-50 2.446878238069999979e-31 2.013758512930000109e-23 2.878757786069999908e-06 3.254859112319999875e-43 2.335423293030000093e-65 3.299887700810000268e-01 7.322318457529999880e-02 7.486351595699999991e-04 5.960365314259999936e-01
6.072081182180000188e-15 7.513603963370000112e-15 1.945755515500000076e-03 8.584989025799999568e-12 2.835723100329999999e-28 4.301770835639999735e-01 5.436571194010000082e-14 5.678771609120000230e-01 5.773603147560000272e-41 8.583177514189999911e-29
6.033797724060000214e-16 6.399170367880000205e-24 7.887604571799999853e-01 2.112395428199999869e-01 5.285864119369999678e-24 1.669145849210000080e-26 4.513648497300000009e-40 1.806628344409999870e-32 3.804783016490000116e-22 7.332378223350000327e-81
1.427615845349999941e-18 1.167831084219999972e-95 3.145673396959999812e-01 3.630193325549999884e-25 7.569162603230000385e-41 2.709551114120000159e-01 3.427689289960000168e-07 2.515511093369999872e-06 4.144746906130000186e-01 9.602167323930000079e-18
8.573526187940000043e-42 2.899973561590000193e-01 1.663643340470000035e-29 1.115306061090000029e-27 1.887973701279999880e-39 4.017631455909999713e-42 1.707294862500000066e-01 5.392731575910000297e-01 1.184661468870000126e-38 2.273540091550000078e-26
3.871530017999999966e-41 8.258997314810000184e-23 8.857633054210000168e-28 3.940926936999999963e-01 2.195926672119999947e-07 1.017480982620000071e-02 5.957322768809999447e-01 4.326257315250000405e-50 6.518804157969999877e-23 6.467987346690000380e-67
1.479751194319999920e-24 2.523266117549999936e-27 1.606656782279999978e-17 4.257841681730000217e-19 6.629797293749999413e-05 6.100086706609999521e-01 7.151869144770000176e-04 9.734222909430000070e-02 7.807180568259999842e-02 2.137958096750000037e-01
3.610491912320000218e-01 2.763931544700000131e-01 8.703236552160000564e-09 1.289032869199999956e-39 5.862564069049999613e-10 3.625576278120000162e-01 1.146159590900000075e-17 1.719425103330000075e-08 7.853584357470000632e-24 1.750093518140000019e-12
3.493631483699999873e-01 2.347394070169999958e-01 1.202832867729999987e-11 6.503137778919999632e-40 1.922084725680000066e-07 3.977321964480000083e-01 2.556040919579999837e-07 1.815454986639999935e-02 7.462917379960000297e-13 1.025047309339999952e-05
3.833023614400000082e-41 2.565639360959999782e-01 1.011237006339999979e-34 1.832798114979999908e-12 2.850358117600000247e-14 6.193731676169999783e-13 1.394073911460000093e-01 3.247559153430000234e-01 5.426704001460000226e-42 2.792727574130000057e-01
8.624556804370000281e-08 1.308531101789999998e-41 6.727957901690000131e-02 7.792048345540000254e-01 2.306393926389999875e-24 8.112307861249999466e-39 3.542773768229999865e-43 5.406937468640000286e-21 1.535154999749999971e-01 2.088477493360000095e-10
1.139473754680000060e-10 5.761534069100000306e-33 6.901349443190000178e-24 1.494083755269999850e-08 4.489045573809999912e-01 2.064387999740000118e-31 1.342635901930000052e-45 2.106229278779999864e-76 5.510954275639999844e-01 1.559190620869999995e-26
4.444010212359999957e-08 1.998264978650000079e-01 5.085635933829999455e-01 1.252785144990000003e-08 1.311116628559999982e-23 7.713280160619999382e-02 1.001680058779999915e-15 2.144770501790000117e-01 9.281389544819999102e-56 5.580920402140000226e-25
2.060881648520000062e-08 1.225380976740000022e-17 2.088332794320000088e-02 2.792984101200000051e-16 2.507418145009999978e-23 3.763005899090000050e-01 2.628103740149999858e-17 6.028160615390000254e-01 3.978697562369999714e-30 2.741138446700000176e-25
6.012273870530000508e-01 3.979991379469999813e-01 7.734745292810000106e-04 1.457252429330000071e-21 3.232619768359999825e-25 9.748862382419999514e-43 2.400355126270000021e-35 4.708219194950000379e-10 2.648103279050000034e-16 1.015043092979999972e-17
6.503884848279999961e-21 3.084238417320000250e-08 2.745744051099999856e-31 2.521714056229999978e-15 3.180572124880000073e-01 5.875037778520000413e-06 1.766828203970000066e-02 9.440292536799999822e-27 3.450731304199999748e-11 6.642685995579999947e-01
1.381092027879999928e-08 2.014744663039999925e-30 4.544175791419999832e-01 1.347421521259999921e-01 6.687253257010000284e-20 1.147775416969999962e-01 1.885513530279999961e-01 2.202065520039999877e-02 2.166012625850000095e-02 6.383057873719999442e-02
1.448026454869999932e-18 6.233449066130000160e-01 4.549578817990000359e-25 6.019587969809999727e-16 2.561259790380000070e-36 5.172907142249999839e-21 1.274586175439999971e-09 6.322828332320000002e-13 1.423283758430000066e-55 3.766550921119999895e-01
9.314088107159999104e-44 8.430604338699999867e-02 2.793446209470000243e-63 5.018252621300000337e-15 8.305247967380000504e-13 1.439142935210000102e-25 9.917966674000000538e-02 5.739932375439999727e-27 6.852134585490000486e-30 8.165142898720000320e-01
9.491528767719999557e-15 1.007059455720000089e-43 3.368933181389999754e-01 6.238868163700000107e-43 1.964926381359999969e-68 7.169060726760000599e-21 6.800269544019999764e-45 6.631066818609999691e-01 6.252222061140000346e-50 3.544760341260000203e-31
2.710843538099999828e-35 3.859268128939999745e-04 2.694867421030000038e-20 1.962672842920000153e-17 1.023426803889999943e-32 9.741830888749999492e-51 2.163622092509999983e-01 7.832518639359999923e-01 2.386801828150000045e-14 2.573564797859999932e-26
2.354835514849999858e-25 5.548280122269999559e-01 3.966810397630000124e-07 4.530902641409999987e-10 2.101459035320000041e-40 3.700885694359999943e-27 8.309862740509999747e-09 4.451715823290000040e-01 1.674893544600000049e-50 1.893614369650000001e-31
5.707419568629999969e-08 1.228056237579999950e-74 6.388956630230000489e-01 2.951816543130000014e-17 3.202318754099999735e-05 5.900782070820000114e-02 3.708563762239999784e-56 2.528998336599999765e-32 3.020644360070000034e-01 1.182643609560000047e-26
3.352671185709999699e-05 1.089530778650000032e-11 1.121024229059999902e-15 6.419864506490000394e-26 3.451499523070000258e-07 3.223906891069999725e-01 2.295087780600000016e-01 3.723277743979999805e-12 1.688478334050000085e-01 2.792188275510000262e-01
8.056756124760000284e-20 3.034548349279999994e-09 7.318768615529999330e-05 6.787273148890000357e-24 3.240976144689999780e-33 6.784830955249999684e-01 2.187109710519999874e-08 3.214436918829999823e-01 9.673761199550000317e-62 3.408546599349999753e-30
5.160208517359999756e-12 5.835113293040000110e-11 3.960802293749999814e-01 6.858926044360000307e-02 6.912550012699999528e-30 5.353305101169999469e-01 2.786569371709999873e-45 4.879509772199999832e-23 7.009230110210000547e-101 1.122688238059999925e-62
7.500088271990000133e-40 3.424829581529999975e-21 8.987121146460000038e-29 4.766662814450000155e-47 6.012620243769999894e-29 7.773769875329999968e-01 2.226174659079999951e-01 5.546559571110000314e-06 1.505104083320000064e-46 2.175687396170000153e-36
2.675096860069999899e-08 2.704717079170000084e-45 4.059335399660000173e-22 2.780872757330000135e-20 1.113752483969999985e-02 3.350001330779999731e-01 2.545453408790000001e-28 2.464057093400000139e-35 6.489021166570000387e-01 4.960198673429999996e-03
4.718244159099999752e-02 1.480571183490000049e-26 2.407809263389999999e-14 3.225324272840000006e-01 2.828609715830000121e-02 8.245260689890000171e-10 3.302095324780000189e-31 6.181045785600000222e-31 1.991777004149999919e-01 4.028213327280000255e-01
4.077871747440000028e-01 2.512815517030000006e-25 2.052584740729999951e-16 3.813459681060000217e-01 4.265449938960000071e-04 1.073527066830000102e-25 1.700259345240000110e-52 2.783017195960000043e-48 5.947685798550000295e-04 2.098455435759999932e-01
2.445900658890000079e-01 4.819590796939999811e-01 9.803397612390000171e-12 1.254182819789999972e-56 8.190246930810000303e-48 5.020211969450000065e-35 1.377081893180000094e-47 2.729515176810000110e-01 7.322766346110000440e-60 4.993367258039999815e-04
1.477051710160000031e-01 1.564149928519999958e-03 1.074329348029999983e-13 8.193566189280000452e-29 4.983745583629999865e-01 5.112706278200000037e-02 6.401209283179999551e-20 6.452236914760000630e-11 1.308501298849999938e-14 3.012290578460000146e-01
3.120832824729999885e-15 8.901649666529999532e-15 2.092934876589999937e-01 4.279255458719999905e-01 1.674694310849999926e-44 3.220981596599999973e-38 5.180876910720000149e-06 3.627624527389999853e-01 2.213993851469999854e-11 1.333283160060000079e-05
1.881901062430000049e-01 8.762189786159999570e-50 4.757163892679999940e-10 2.278430687849999795e-22 9.834299939889999469e-25 4.698773245850000117e-35 2.137644066290000114e-62 1.457071387240000131e-26 2.275037985130000037e-02 7.890595134300000257e-01
1.387325324560000018e-16 6.690384160740000530e-01 5.226042834089999957e-24 2.604000197719999980e-36 2.614984265540000194e-25 2.481671384499999800e-35 4.524396715490000285e-08 3.309614789750000008e-01 1.051989708279999977e-13 5.970606471799999725e-08
1.195058224910000047e-34 3.832803418309999845e-07 1.124169355749999946e-63 7.909196131249999721e-25 3.706284742029999912e-01 2.685237604459999865e-24 6.293629101859999908e-01 2.537555477650000053e-54 8.232330128849999217e-06 1.398641093819999894e-25
2.275815629430000002e-14 3.223862131650000015e-30 2.038637585799999985e-01 4.363817116200000013e-01 9.494808663000000121e-23 2.282009151620000034e-07 3.166861864830000095e-01 3.273446085080000125e-05 4.303538065499999676e-02 4.305049716979999864e-23
6.114081968390000510e-01 3.884596816209999748e-01 1.302670575200000119e-04 1.503707949619999932e-19 4.546397977449999958e-23 1.717517274129999918e-06 1.331449570299999938e-28 1.369651505699999931e-07 7.543659394960000419e-50 5.748753124770000005e-19
7.203037543629999817e-01 2.653701745529999859e-14 8.975331568920000502e-11 2.710519643789999766e-01 3.975298215989999821e-14 2.748306631689999987e-16 9.172293799649999853e-21 5.890409227429999559e-28 4.755989277680000261e-10 8.644280692620000262e-03
2.881617331579999948e-03 7.805291801810000374e-01 2.890631898370000031e-11 9.712731721129999232e-46 1.085313453959999947e-45 5.700415027960000179e-10 5.996860594780000290e-40 2.165892011559999997e-01 1.469738154550000017e-110 7.324257590220000175e-10
1.678330641519999904e-16 1.367434125689999972e-29 1.382575936419999998e-02 6.839466738469999848e-48 3.113593106299999960e-33 2.294517447649999931e-01 2.065606273049999891e-11 7.567224958510000432e-01 3.095214394799999728e-29 7.304053372070000019e-28
1.354900868429999959e-12 9.926763112100000390e-09 9.787369345969999801e-02 1.955099953660000001e-01 3.677533550759999881e-01 5.713494722279999910e-02 2.386791058809999977e-01 3.058666607970000331e-05 4.301830640059999683e-02 2.599634538809999984e-14
5.790691535180000433e-13 2.116550172169999902e-81 7.887600106390000310e-01 2.112374112829999984e-01 8.122262331499999497e-60 5.859887248190000012e-30 1.038973988510000024e-34 3.629119150790000048e-23 3.271199100279999766e-10 2.577750014829999811e-06
1.760052356240000004e-01 5.771560141879999994e-01 3.219210102090000157e-09 1.379603617010000065e-25 5.536689166519999862e-11 6.389491401820000147e-24 1.489938923500000044e-12 6.438874735390000270e-02 1.824499488509999934e-01 5.070667405629999765e-08
1.552114973410000145e-64 3.591960769439999627e-21 6.911012254909999913e-52 5.808109909290000150e-01 2.523221111150000112e-02 7.738847861899999700e-17 3.939567979599999936e-01 1.556454535620000091e-56 2.141041137950000016e-17 1.047577207249999916e-33
1.557050327409999981e-31 9.086218393530000121e-41 1.534007567479999941e-10 2.238032331379999906e-01 7.464493218489999970e-39 1.177148933750000055e-43 5.619587318470000089e-09 2.203055918029999949e-01 3.820056916890000043e-01 1.738854775960000099e-01
3.328395775260000189e-01 1.941865408289999929e-10 3.560627927149999826e-07 8.002999206850000546e-02 2.252935020419999953e-07 2.742107710450000235e-01 2.038531204659999995e-03 1.241401381819999872e-10 1.084005925599999948e-01 2.024799539209999888e-01
5.755206082439999760e-01 6.026568029100000143e-22 3.111526328579999781e-05 1.243984375100000012e-01 1.044732974390000043e-19 5.374451088470000169e-39 3.997937631309999864e-37 8.511128865180000474e-37 3.000498389829999724e-01 3.008039780540000085e-22
3.182691661900000210e-08 1.048030099549999970e-07 7.282325626740000502e-01 5.633043380989999748e-07 7.787734364680000433e-24 2.717667373920000240e-01 2.670564643899999823e-31 1.274178768159999973e-13 2.615253805340000014e-61 6.222000555130000306e-42
6.798980578670000383e-40 1.338602305870000012e-13 2.046929309739999835e-27 4.922915378109999983e-45 4.218102587479999617e-31 7.284192397159999777e-01 2.715508783239999890e-01 2.988195942329999983e-05 1.006179027160000079e-62 3.643607382679999919e-37
3.514378206600000110e-01 2.918683291059999958e-48 1.836398898080000059e-10 3.947228791310000285e-17 8.434614839729999935e-30 4.412887485449999903e-46 9.012642920879999754e-81 2.938423691060000157e-35 6.833511587459999820e-09 6.485621723229999525e-01
1.216059094589999946e-16 7.343657703479999910e-02 2.884073034189999930e-05 4.624030194959999895e-01 2.327047458469999852e-36 1.734167002349999986e-01 7.967496870180000579e-02 2.110398927119999934e-01 5.791486348760000408e-68 1.090169189359999897e-09
5.866757613079999997e-61 2.750458157830000037e-05 4.453372370729999651e-59 2.162798968519999902e-25 3.732724505280000105e-01 4.210817746729999704e-21 6.267000448899999743e-01 3.524371721829999927e-19 2.542932047390000112e-19 1.460366941619999997e-19
6.928095514910000131e-47 1.250164147520000035e-58 2.280886758029999922e-26 1.207409622660000097e-40 1.110733463920000012e-129 1.263374366929999954e-59 6.796156598360000182e-14 6.796684989219999862e-01 1.521661904470000012e-34 3.203315010780000138e-01
1.042049415179999966e-67 2.271758088330000010e-15 3.671675601750000145e-118 6.734320815700000190e-44 1.251921529419999873e-10 3.305791682960000196e-65 4.596884592770000277e-01 9.998351739610000563e-46 3.464811961079999891e-01 1.938303444900000005e-01
1.334431828900000065e-15 5.297438242030000427e-32 4.022864061890000231e-01 1.871853819420000031e-45 3.258658425789999824e-35 2.668178033720000064e-01 9.943303066659999524e-16 3.308957904390000260e-01 4.442378635019999848e-31 2.574814347440000095e-31
6.380338625579999867e-01 3.211138345249999748e-01 3.802372132769999806e-08 2.530455687720000119e-04 4.059921932399999933e-02 5.067264537280000059e-20 1.157536202610000091e-37 8.891303831130000598e-39 4.395080035990000331e-15 7.443648739439999648e-49
5.816600766830000158e-01 1.027138298450000041e-60 2.764258728040000041e-10 1.431473025920000039e-39 1.299822136730000022e-01 4.548807953919999984e-07 1.049583263479999930e-76 1.136283366680000095e-47 2.883572544870000032e-01 1.349711448530000052e-30
6.342492543449999853e-02 7.781847036889999458e-01 4.999198590180000193e-03 1.792996792329999909e-20 9.100861445429999467e-32 1.438972025910000021e-30 7.257359121729999388e-27 1.533911722830000046e-01 1.161130125659999996e-26 2.606489284719999974e-12
5.419822792820000457e-01 1.729872027469999969e-13 3.944513393810000172e-09 1.695243131539999947e-64 5.009236642599999774e-09 1.442529129490000006e-01 1.580743782529999910e-07 2.314303937370000008e-01 8.233251700629999614e-02 1.729997551789999959e-06
4.764807981040000284e-18 2.429002347610000057e-02 2.112733109830000130e-11 4.985823296979999819e-01 1.617062315000000056e-02 3.938235230379999808e-11 4.494135780029999590e-03 4.562427656020000000e-01 2.200695143350000018e-04 5.271919259139999736e-08
7.729627454610000384e-15 5.327173403480000327e-32 3.140598339799999923e-24 5.146564793249999476e-29 6.263242212340000004e-01 4.867470144470000079e-13 9.857705414919999253e-37 1.491983949109999968e-42 3.736757787659999996e-01 6.461819753469999694e-44
5.722400189640000079e-01 4.713019432760000045e-23 5.596568037280000166e-04 1.240955916170000021e-23 1.700725247419999919e-01 5.347241000600000120e-07 1.275012669180000095e-34 1.371728691229999907e-40 2.571272647660000077e-01 2.237443077990000073e-66
2.516736429790000098e-37 1.789466284259999874e-89 1.535202910660000059e-52 1.747904691559999984e-46 8.002544090750000373e-24 1.152889700699999988e-58 6.936379675559999962e-63 1.618128511919999931e-83 1.000000000000000000e+00 2.352901093619999937e-37
6.801739066180000348e-01 9.461027374880000474e-12 6.119571230949999783e-17 4.354086688039999928e-11 3.198260866439999739e-01 1.062581741419999941e-21 3.043557673109999825e-69 6.593242861009999854e-35 4.240797327300000154e-18 6.684887417149999808e-09
3.565427116830000157e-25 3.170983669639999941e-07 4.988955112010000331e-10 2.576702238179999771e-01 9.533870255209999561e-48 2.198919097810000019e-13 1.634612766319999966e-01 5.777251422410000226e-01 4.513630918599999770e-55 1.143039711230000016e-03
4.021584425340000157e-01 1.956053970670000028e-77 1.733463004739999944e-09 1.181611311519999965e-23 4.573880766069999833e-15 1.122781887530000009e-17 1.053232477160000041e-75 4.304212656919999919e-51 5.978415557230000177e-01 1.012013656780000040e-11
2.325964167329999992e-07 4.300155255549999634e-18 4.086820651420000061e-01 1.101754999650000060e-15 2.184969832750000121e-21 4.642609300760000002e-01 2.326295135849999948e-17 1.270567721860000054e-01 1.086879653710000068e-26 1.991290559039999899e-25
3.106147943299999829e-19 3.727189858629999722e-58 2.617151161210000063e-02 4.178028388019999761e-01 3.811924010080000018e-38 1.575401166160000107e-36 4.174440974389999620e-28 2.728433562889999896e-09 5.560256447420000026e-01 2.115109549650000041e-09
1.873483073229999933e-08 3.586160224079999930e-32 4.151404123160000181e-01 1.460801296070000088e-01 5.382295521129999623e-19 1.573111789080000045e-01 1.510547845269999967e-01 3.760116062700000206e-02 3.630892058310000031e-02 5.650339469790000013e-02
2.198986528829999887e-07 5.447057384170000212e-59 3.434661096759999976e-01 6.565336573860000025e-01 1.295951804739999953e-26 6.618888097330000048e-10 8.502970269310000895e-56 3.012478134309999796e-26 5.723229235379999861e-23 1.237737713749999983e-08
2.352348538629999936e-12 3.224460126590000253e-01 8.455863313920000067e-25 7.774057579840000159e-39 2.197297208310000049e-17 3.719292050889999976e-20 1.836156985590000062e-22 8.278439284150000688e-02 3.291214888649999773e-33 5.947695944969999537e-01
3.514377202499999742e-01 1.422098217330000069e-36 2.815389987670000102e-08 3.074643711469999822e-16 6.674244801709999671e-31 8.991342424729999266e-46 1.708591466970000036e-79 4.399076646320000188e-32 3.252189114560000169e-16 6.485622515969999835e-01
6.214256002420000258e-02 2.041814863169999979e-13 1.495968060230000053e-14 1.945778654039999980e-36 7.892483139880000240e-10 2.062766161509999863e-01 2.215594170340000058e-01 6.107677386940000434e-07 2.153180794469999881e-01 2.947027157870000247e-01
3.267192861159999868e-16 1.891010078759999878e-14 2.093177011619999917e-01 4.279114053220000047e-01 1.820489050710000017e-44 1.206164924010000043e-39 9.223090100779999530e-06 3.627356089000000061e-01 4.597782931070000167e-14 2.606152603310000001e-05
1.349551119260000089e-59 5.156322665829999874e-01 6.105007115250000026e-93 3.575968691180000079e-41 4.843447496200000146e-01 2.958095813530000011e-37 2.298379709320000100e-05 8.721811450470000408e-48 1.032823719000000086e-21 1.104420810889999970e-22
4.268763832530000271e-12 2.010322155099999834e-03 2.470271275900000063e-01 5.001138199069999875e-04 2.195688873920000062e-01 2.337108424809999841e-09 4.117316179430000056e-02 2.343386665190000107e-01 2.553814968929999929e-01 2.214953289990000129e-07
4.132485082510000129e-01 5.867500171060000547e-01 1.474643454419999921e-06 3.215235091609999789e-20 2.326132156389999857e-20 2.893567298690000124e-33 8.582222656389999949e-37 2.330711436720000072e-15 8.153267968810000353e-23 2.034235177159999944e-22
4.132441668280000258e-01 5.867509306470000130e-01 4.902525730160000311e-06 1.347886129350000022e-20 1.002579798190000055e-19 8.726054213920000006e-34 5.993865699790000349e-38 3.968872303969999817e-15 1.490078259179999993e-22 5.036234489829999675e-22
6.629791879019999784e-31 1.686751474779999880e-24 2.212082326680000140e-46 7.113856141469999582e-22 1.000000000000000000e+00 1.295283224740000031e-20 3.711374629320000046e-58 9.974503341639999481e-112 1.222379129810000027e-31 3.785003300530000129e-89
4.645555236679999764e-15 3.163042694559999856e-06 2.181997022430000115e-06 4.624528156750000174e-01 1.315344561430000127e-32 2.058077654719999983e-01 1.198607485130000067e-01 2.118733081280000097e-01 1.173448175530000057e-51 1.717199827959999990e-08
2.096425172290000060e-16 9.681650474120000024e-26 4.991259076490000140e-25 3.287364096849999771e-73 5.146541729300000388e-87 4.193432919170000063e-56 2.925494462720000221e-28 3.477540650509999831e-01 7.846560138539999872e-35 6.522459349489999614e-01
9.922634662470000366e-54 5.267284356979999860e-01 2.140301114169999849e-30 7.039873852019999743e-23 3.173959412869999763e-48 2.902760906759999942e-25 4.041405300720000149e-01 6.913103422940000686e-02 1.869476220299999913e-82 2.252519171609999838e-40
3.947409852850000010e-20 2.032763079199999904e-44 5.096665183900000312e-02 2.245716660250000221e-16 2.732680162810000096e-33 1.351288548610000086e-12 5.050863496020000509e-01 1.898912301999999830e-02 4.249578755380000183e-01 1.740636932269999958e-20
3.828865434019999938e-15 4.540218079330000100e-01 9.957012020340000647e-30 1.385370369260000012e-01 7.131361243410000179e-04 1.929214487140000077e-24 2.386355311530000134e-01 4.358946312820000399e-25 1.680908871339999999e-01 1.600730130669999894e-06
5.296750173719999918e-16 2.781401958679999859e-73 5.306789196669999681e-02 3.159359566600000169e-01 7.215090284069999970e-26 6.309957495650000414e-01 4.968580269109999873e-17 7.491496317229999625e-34 4.018089144370000212e-07 1.298713378199999947e-25
1.449065012439999944e-22 3.008021834849999886e-28 1.065904699670000078e-08 4.407495640310000184e-01 2.420427781930000033e-23 1.304175384829999926e-05 1.478961094610000055e-04 7.635443083859999591e-02 1.076710990320000000e-17 4.827350566079999794e-01
1.380717642399999973e-10 2.260202007469999875e-16 2.637431521199999906e-01 3.556492666059999919e-01 1.235558977679999977e-33 1.216440544879999913e-09 4.219044046100000364e-06 2.981618400189999796e-01 1.817079473230000176e-24 8.244152085589999401e-02
1.207324099099999992e-59 9.944436730160000071e-01 8.526979111699999870e-78 2.527593702209999903e-59 1.986033406999999994e-33 3.206627296570000085e-51 5.556326983840000240e-03 3.274625259970000201e-16 9.481811555309999427e-42 3.840783113880000178e-23
1.407830368010000003e-61 4.282626130519999868e-17 4.718171720360000113e-127 1.111466533819999951e-57 2.463894956679999870e-04 5.421531223349999571e-35 4.734776841650000234e-01 5.802662513499999678e-49 1.723535633619999932e-12 5.262759263380000219e-01
7.360669202469999339e-02 7.872890922440000105e-01 3.647142933639999779e-02 3.846512976870000326e-21 1.559299271010000053e-32 3.417984613009999959e-31 5.285875602819999723e-27 1.026327863899999943e-01 1.680165914099999942e-25 4.810595359390000289e-12
1.465490221699999895e-04 2.531231174839999789e-03 2.055109477650000003e-15 1.400915965899999914e-58 1.109338145919999902e-03 1.827239468849999937e-15 7.860926686669999565e-19 2.488801425649999899e-01 7.473327390909999535e-01 1.131828835809999902e-12
2.672270628990000201e-16 3.997438404269999765e-31 4.022864061920000123e-01 1.770015625490000015e-45 6.893816510469999733e-34 2.668178033709999730e-01 7.619461031039999641e-14 3.308957904370000147e-01 7.685948392249999720e-30 5.948881563100000080e-29
4.970454839640000011e-01 1.375322878699999991e-46 5.802515510809999733e-08 7.359285702019999733e-75 1.330555598070000000e-16 2.234709308879999912e-01 1.433042956190000106e-28 4.258189863339999754e-10 2.794835266969999954e-01 1.324599232059999951e-25
6.370953125610000446e-16 1.327354732560000028e-28 1.765876702539999898e-01 2.587370918960000086e-43 3.324180838100000175e-99 2.661990648529999901e-36 1.501320436519999899e-57 8.234123297459999824e-01 9.008139634469999843e-104 2.792199222479999897e-30
4.393393659570000219e-16 8.452990907319999604e-36 1.476967149839999874e-04 2.621947803960000267e-01 1.928108256029999980e-09 2.882260390979999864e-01 1.794567329199999893e-03 7.855276905809999611e-09 8.606034977029999866e-02 3.615765569080000019e-01
1.574055801429999901e-01 5.485053106049999627e-01 1.048287851600000035e-08 3.441290130630000247e-24 5.133651655449999674e-10 7.089946355069999987e-20 3.728401199859999714e-12 5.989333207929999764e-02 2.341957658930000075e-01 2.797039970800000245e-10
4.973509436860000243e-01 1.346007237869999984e-01 1.030517994560000007e-15 2.558361833880000088e-19 2.071517158249999839e-06 7.671611053469999865e-22 2.557307880259999998e-42 5.105898644989999656e-16 9.838123103419999454e-22 3.680462610099999865e-01
7.622577439899999585e-02 3.727487587500000199e-01 2.083419607150000158e-14 5.742712394510000464e-41 7.059812830840000387e-29 1.252597477990000039e-34 2.034940499819999929e-56 2.598133613969999870e-05 3.030626538930000176e-49 5.509994855149999982e-01
1.168785832629999979e-03 4.852348394570000223e-01 4.546361617639999825e-11 5.983710241330000421e-44 2.762273278190000014e-02 3.015142581510000044e-03 2.830055481019999944e-02 3.744900855680000063e-04 4.542834544059999868e-01 1.712598338050000129e-21
9.068722384219999679e-32 1.029898180650000022e-25 2.631678758129999826e-16 3.526871291469999843e-43 9.629082251010000465e-33 6.447228524260000260e-01 1.518731806559999939e-02 3.400898295079999856e-01 2.995267983239999882e-36 3.114213316610000051e-30
5.774217602590000498e-01 5.758829469650000340e-28 3.059688318409999942e-04 1.113392322729999900e-22 5.284982788070000275e-52 4.239745427799999820e-36 9.375480809789999562e-37 5.043905798349999581e-10 3.427972927319999785e-20 4.222722704049999831e-01
4.121157574139999724e-01 5.878657887610000410e-01 1.226258481269999955e-05 6.189284825479999685e-06 1.954622395879999855e-09 6.008972338300000284e-16 3.930752466809999995e-28 1.084883495440000061e-20 2.801460205039999792e-19 9.050866909960000358e-32
2.517357051439999876e-12 6.976353128610000009e-12 3.779036232640000086e-03 1.368428771000000099e-01 5.023051759049999762e-11 4.090531508469999986e-25 3.338445254850000081e-16 5.436639996250000051e-01 3.157139958990000106e-01 9.108408436079999413e-08
3.213179543000000017e-25 7.423631202150000446e-32 8.231225708779999792e-48 1.944748021340000072e-44 8.764422574660000066e-07 3.537655325830000183e-17 9.797121367220000557e-12 3.544312341970000201e-28 5.286944848419999898e-01 4.713046387059999787e-01
6.114021898029999846e-01 3.884334031489999894e-01 1.092403824339999998e-04 6.699712685459999666e-19 1.043772800900000004e-19 1.583092674689999875e-39 7.932763736090000367e-22 5.313090111489999817e-05 2.035763511310000020e-06 6.844821563390000298e-13
2.670846215540000231e-16 1.530956844879999973e-02 7.088573412890000107e-04 5.643632705329999499e-01 3.176740673940000208e-16 4.196183036769999819e-01 4.200420190080000117e-29 1.030502838839999987e-29 7.122686940689999925e-71 1.117801844030000103e-106
1.904369461350000103e-11 3.226011828769999808e-26 1.095664008179999954e-01 5.441832407279999506e-01 3.261326836310000205e-35 3.462503584350000163e-01 4.776462903289999879e-25 4.684680050689999588e-22 3.353897330820000092e-58 7.663795578860000556e-30
8.851252085380000445e-61 2.024799604139999941e-04 2.095570474420000066e-59 6.499519100320000101e-25 3.731846670999999782e-01 2.211863519990000071e-21 6.266128529390000423e-01 5.595211454270000172e-20 1.438649439929999960e-18 2.350889923799999942e-19
1.889870417389999905e-12 2.270442446399999881e-22 2.558452456559999755e-01 1.221261086869999957e-01 4.691263837720000295e-12 1.780844266880000019e-07 5.320405144330000446e-01 1.829890642100000011e-13 8.998795313229999981e-02 2.313594859289999886e-21
4.578410093830000121e-23 3.048001155680000073e-27 4.207779044899999785e-13 2.853063646190000018e-48 8.288552278400000468e-26 5.858283342910000080e-01 9.429771601489999721e-04 4.132286885479999894e-01 1.466893534639999894e-22 3.106729898570000011e-26
2.395324289880000113e-15 2.445103864470000040e-32 1.515873416300000109e-01 3.441942005179999819e-01 2.809069613149999862e-11 2.306353499300000109e-01 1.127326479740000005e-02 1.676078173150000087e-22 2.623098430970000061e-01 1.180613258460000034e-40
4.076300921700000024e-19 5.001776243800000194e-05 2.819392593990000123e-07 2.556614855170000200e-01 6.021546211950000188e-43 1.161511237519999998e-18 1.306796037690000035e-03 5.611365663539999993e-01 3.800699660380000215e-47 1.818448523900000058e-01
4.660794166020000336e-30 5.096184159329999463e-01 1.496352492930000054e-53 4.411260718810000181e-52 2.755984768009999902e-21 5.349783800910000185e-30 5.473310053659999646e-19 3.424770401680000077e-10 2.461169487319999959e-46 4.903815837239999809e-01
7.322836083680000410e-25 1.012730176459999968e-28 1.498433173970000019e-10 6.281905549410000298e-09 2.458359109300000123e-01 3.378068691250000199e-01 4.030775320760000057e-07 4.533135456820000091e-15 4.163568104359999800e-01 8.262930852409999665e-40
3.441177254969999985e-47 1.290485362649999939e-21 2.160086291120000123e-32 1.838736246980000026e-10 2.309951048949999974e-01 6.421936209249999861e-01 1.268112739960000068e-01 5.234113456999999941e-46 7.975679240439999586e-20 7.708372262519999943e-111
3.601460028419999904e-01 2.356615857870000082e-05 1.571773845829999962e-09 1.095236274190000053e-13 2.354985011499999824e-12 4.689631384970000410e-06 1.269593062840000119e-01 7.103269634949999859e-04 2.310447823240000141e-05 5.121330020690000318e-01
6.013246437999999472e-01 3.979908299320000231e-01 6.845189411969999568e-04 4.451729846450000161e-22 1.407880186180000122e-29 7.214398557720000327e-09 2.084961375359999938e-40 1.119332485320000049e-10 1.183074576729999938e-66 1.145821162700000091e-22
1.109935516909999922e-52 8.360754966169999739e-72 3.947416040529999833e-25 5.379167865099999650e-37 8.657026174650000269e-98 5.623804584860000446e-56 4.838581258589999843e-22 3.477540841380000192e-01 8.962894585849999993e-34 6.522459158619999808e-01
4.401089302710000192e-29 2.393815354419999951e-32 1.384255411090000047e-09 2.797605734199999916e-01 9.369052928830000719e-34 4.842611502809999861e-38 4.928318346480000181e-06 1.674338092859999905e-01 2.852843744360000211e-01 2.675163131550000184e-01
2.495663313860000121e-01 4.115532240959999782e-13 1.232928056690000042e-15 1.312823683730000024e-01 1.005382596540000013e-02 9.943698075970000199e-22 5.293616386629999785e-40 7.371581934070000292e-37 1.772674173710000064e-07 6.090972970079999715e-01
6.421755399029999755e-07 2.527289713240000180e-01 7.295928144950000238e-20 6.057534119999999440e-08 4.482344301160000322e-02 3.864209115730000144e-01 1.785720561720000044e-01 1.536147701189999941e-26 4.367245858010000304e-14 1.374539151680000126e-01
2.446659885899999942e-01 4.819893248930000040e-01 6.393693045819999977e-14 1.640023092270000073e-57 1.237297721869999960e-48 5.767586477059999677e-36 3.228035297600000240e-47 2.731996293460000058e-01 1.055565357610000017e-60 1.450571719700000117e-04
2.242690566929999855e-14 3.199121509559999737e-30 2.030591720459999916e-01 4.366163712259999996e-01 3.762933666229999856e-23 9.945114345620000508e-08 3.160875763020000173e-01 8.094314309549999534e-06 4.422868666040000174e-02 6.136231386840000093e-23
2.852184162310000000e-06 7.829122898409999571e-53 2.957110911240000140e-01 4.250651315670000291e-02 2.883776717300000070e-01 3.732983664749999764e-01 9.787675428350000135e-55 9.318422301129999890e-36 1.035053297779999984e-04 1.684978602749999906e-22
5.551118785090000118e-01 2.009937551260000121e-01 1.402548877279999937e-10 2.111341224229999910e-08 3.082961892419999805e-07 2.438940368149999927e-01 5.136455836489999884e-51 1.392843964869999997e-42 9.422375942930000109e-60 1.351148974939999988e-51
1.120746037159999981e-36 4.375662611239999888e-02 2.276379638670000092e-20 2.989166023420000195e-19 9.729865406760000692e-37 2.171956139340000156e-05 1.789884861050000109e-01 7.772331682209999704e-01 1.318240807319999943e-88 2.531670943359999847e-31
4.250280458299999706e-43 7.045935472440000447e-41 4.711779530129999850e-32 2.356990086130000121e-39 1.554063292060000017e-22 9.999999999980000442e-01 2.009828869900000047e-12 4.325411460840000069e-28 1.009315479160000017e-39 4.574630150430000187e-68
5.823027212099999694e-11 1.931671125650000146e-45 1.067819811690000065e-01 4.524910945269999818e-01 1.038651124809999913e-15 1.462049451180000032e-03 7.679049097490000179e-15 8.492263679199999781e-06 8.793173211490000474e-02 3.513246504159999728e-01
7.203346587840000481e-01 1.178568624769999926e-13 6.664566334930000133e-11 2.711165033860000184e-01 1.652827491750000016e-14 7.106509782430000251e-16 5.880285525519999715e-22 1.128861198669999939e-28 2.113646547219999892e-10 8.548837552069999193e-03
3.253916701480000119e-15 4.563519823429999789e-02 1.316431115170000053e-06 1.218167424419999966e-04 4.313956861059999870e-01 1.708524901230000118e-11 1.640271163210000049e-01 3.577938053410000263e-01 1.001101487550000056e-03 2.395931961800000010e-05
4.081028075679999922e-01 1.842090852230000088e-24 2.289532573209999846e-13 3.818638029599999983e-01 7.828401686150000067e-05 1.531596868499999926e-24 1.002208737040000070e-57 3.707510064969999986e-46 2.394945241379999913e-04 2.097156109299999904e-01
9.753449157140000449e-37 2.185691481890000010e-01 1.170010220890000047e-18 7.796075489830000756e-15 1.934210562150000009e-35 3.870968379810000287e-23 2.803808969300000120e-01 5.010499548819999927e-01 9.024278646619999736e-45 8.081946395430000708e-34
4.556269803709999735e-22 6.166198443980000260e-26 8.528973882230000188e-37 1.981227300510000022e-22 2.619412416770000029e-01 1.187536139699999979e-02 1.859618362549999952e-03 3.610505858820000192e-26 2.701134281509999790e-01 4.542103504119999746e-01
2.991774139910000133e-52 4.394882134499999982e-01 2.941513732920000036e-38 1.849743399619999951e-01 2.043087232239999957e-11 1.403675919170000042e-31 2.907353311520000094e-01 1.633400357770000062e-04 5.227110008770000089e-22 8.463877537950000030e-02
5.041693456260000261e-51 3.319734413110000117e-40 1.496260013500000082e-73 1.297267803459999924e-01 6.750517819310000167e-01 1.109371873729999929e-37 7.551157520369999781e-25 5.408806326319999795e-175 1.952214377229999909e-01 1.502283216480000001e-38
1.364882794260000032e-01 2.454680280880000010e-01 1.326917508850000090e-07 3.246578569270000156e-24 1.591680091079999970e-01 7.036929337969999696e-20 2.181524661030000099e-23 6.224333113530000450e-10 4.588225929329999841e-01 5.295713077780000148e-05
5.532938382760000158e-12 1.809871676260000071e-21 1.394431509800000135e-01 1.760773811190000093e-01 1.953995205690000041e-25 9.791174055719999993e-05 2.059289166130000015e-01 3.746811364439999736e-01 1.057018821790000023e-12 1.037715030960000007e-01
2.137568119810000111e-51 3.814678867919999924e-03 1.874431210080000017e-86 2.841195962269999772e-48 7.832667051570000316e-01 1.950758922559999965e-32 2.129186054420000029e-01 1.329354593909999883e-29 1.053338054259999969e-08 1.285453325009999951e-16
2.473990440720000023e-06 4.394593579769999758e-01 3.313724064469999752e-24 1.151358147360000022e-38 3.098220547749999925e-03 5.574399474850000313e-01 1.626569710830000001e-17 2.882098063439999967e-24 3.639988508910000141e-27 2.981695582099999937e-24
1.019683503869999939e-15 4.821311945300000412e-34 1.662777554409999941e-22 4.703392790350000294e-92 4.934053231009999640e-34 6.229609715650000010e-15 3.071467535340000055e-01 9.817819875510000460e-02 2.888214750500000053e-02 5.657929002060000379e-01
7.331186762350000207e-19 2.901637422810000111e-47 3.445581052489999907e-01 1.175219697799999931e-06 2.362506899549999889e-18 4.936539698149999822e-02 5.747289157140000057e-04 1.102506617340000085e-06 2.584900436870000151e-01 3.470094474409999852e-01
9.818856096049999923e-04 4.507024248900000085e-01 3.919707680300000296e-17 2.110433260730000038e-17 4.671336764919999801e-02 3.658443059980000088e-32 7.847885582460000550e-27 1.983224897189999954e-10 3.889834657349999780e-01 1.126188559169999936e-01
