4.699452250109999839e-27 1.283301732989999936e-47 1.423438510520000026e-84 4.653990938389999943e-02 3.992861457260000191e-01 3.658586344679999940e-54 1.311227520240000033e-11 2.319662857619999857e-17 5.541047985129999853e-01 6.914636414249999909e-05
1.198400981479999936e-11 2.668151117840000253e-01 2.116785297770000171e-02 6.512821859529999711e-41 2.182486034500000018e-33 7.120170352260000168e-01 1.876913351250000059e-34 1.717239124530000027e-21 2.320583679890000086e-20 3.803078822050000013e-48
2.036484248240000049e-09 3.491040470230000062e-04 9.890198004780000288e-09 1.515971631439999914e-10 2.251341121620000038e-72 1.390356937599999954e-01 2.957413087740000113e-01 1.042941246169999968e-50 5.648738813410000281e-01 1.778728695430000038e-21
2.509743633240000142e-11 3.978957450350000258e-01 1.531565282769999955e-54 5.989908159140000521e-01 4.499669396830000131e-09 1.570753408740000004e-33 3.113362483180000077e-03 6.795338915730000573e-20 5.515551458150000153e-08 1.688732421470000043e-08
1.042406126530000054e-04 1.568491812270000110e-07 4.415164445109999725e-01 5.970651502489999506e-41 3.440335370030000169e-33 1.041082752739999921e-03 8.016129812510000367e-29 2.141381276480000160e-18 5.573380752740000332e-01 2.903176394860000192e-51
5.287695438630000272e-02 2.028528099200000139e-03 9.511038192259999245e-19 6.940402381450000138e-25 3.008176480629999889e-07 1.619199478919999943e-12 1.816992481159999950e-01 4.510017119809999753e-01 1.072238615199999902e-25 3.123932565979999909e-01
1.210378110109999976e-08 5.005083452959999799e-29 5.285990982979999727e-16 2.394632772159999921e-13 5.581517861070000031e-01 3.876728421670000139e-75 4.024309370470000036e-01 8.232863630820000575e-12 2.096392526399999917e-32 3.941726473340000092e-02
5.374098671799999449e-01 3.001490510230000065e-03 5.249196136330000469e-07 4.844211326210000152e-23 3.690896382290000047e-08 1.447179643549999961e-08 2.241586623980000130e-32 1.384292105399999862e-01 3.211588554690000263e-01 2.654712767149999960e-21
1.965454407500000124e-41 3.131368974439999802e-33 6.295986987800000185e-36 1.536656110899999965e-13 1.513523637330000093e-07 2.139957505609999996e-19 4.217308072270000237e-58 5.165647183249999497e-01 4.834351294520000120e-01 8.702638149589999530e-10
4.506201411810000224e-01 3.278656607839999779e-35 3.963496497590000192e-19 5.518691896659999871e-29 3.244309023669999906e-09 3.710676650419999992e-26 1.357545514770000144e-20 2.971448104680000091e-01 2.522350426830000103e-01 2.424111306889999897e-09
4.567045830819999599e-13 5.781546469519999651e-12 7.187741280099999575e-01 3.582656871819999894e-26 2.118758502750000208e-06 4.552356641819999910e-36 1.879348565129999899e-20 2.812237236099999760e-01 1.250635727260000024e-39 2.961578235000000123e-08
5.578902758760000413e-01 6.772035193220000290e-10 1.064486699240000099e-12 3.522949083990000247e-10 3.198137799719999786e-20 9.114968714460000531e-36 1.442393085270000050e-05 7.548447603370000094e-13 4.418591500929999749e-01 2.361490686270000027e-04
4.748252278590000142e-04 1.017269177239999938e-08 4.995902597019999947e-01 8.357927014760000066e-52 1.568147316189999892e-14 2.991466747150000050e-01 1.010226801010000024e-65 1.742416123420000018e-02 1.833640689480000030e-01 3.335435303159999849e-63
4.527733180390000043e-60 2.063146202360000014e-01 1.820997541570000078e-38 1.798789345220000013e-03 1.234871103079999977e-01 6.683994801110000328e-01 1.081469751459999935e-51 1.237566644120000025e-22 4.988053831849999798e-21 2.010303372340000019e-49
7.962499845189999759e-01 6.616776086939999728e-09 7.299841035510000245e-08 1.372305220209999983e-58 1.901279728060000189e-09 1.531232494599999972e-15 9.891706629499999590e-12 2.037499339549999899e-01 1.041095963139999928e-25 5.374475163120000175e-24
6.965029545530000192e-26 4.715045826539999624e-31 7.881660006340000009e-35 1.561874736250000036e-11 1.114889115699999971e-08 3.178566715339999904e-01 9.205371779710000261e-25 1.685537009849999990e-01 1.239187173780000040e-01 3.896708989379999988e-01
3.744225786759999841e-01 2.217633706029999845e-21 2.508176143270000076e-57 1.490742490049999908e-13 3.300715863129999872e-01 3.554570407830000039e-52 2.726028916329999996e-01 1.283374684499999987e-12 2.290294293420000113e-02 4.424261244730000230e-10
4.136390211359999749e-05 5.745931346179999982e-30 1.221744394750000084e-12 4.838517164099999926e-64 7.639544957320000343e-12 3.990359586989999929e-01 3.052716734590000007e-58 6.008803072530000122e-01 4.237013626219999878e-05 1.746552811919999857e-48
2.067972637430000038e-01 2.725459442900000077e-06 5.418771683340000145e-01 3.411913472430000192e-53 1.769863672270000128e-60 1.846063032290000088e-05 1.635036691389999943e-24 1.756319844779999957e-39 2.513043818340000013e-01 2.299184868329999849e-73
9.337685912509999605e-31 3.388962395009999934e-02 6.672334337069999455e-01 8.422200226690000624e-02 2.146549400760000004e-01 3.140006879470000100e-13 5.628129534339999959e-22 2.483884864270000055e-18 2.758295820660000000e-14 9.371336600790000269e-37
2.484796376199999990e-01 9.844480372799999518e-20 2.043749856029999868e-30 4.628822488910000000e-19 3.283765846820000037e-33 9.066654150259999701e-04 3.699464900980000137e-01 1.415680623400000002e-17 3.774417925149999853e-01 3.225414351540000033e-03
1.938819689869999861e-29 6.504178920229999884e-08 8.984442151580000075e-09 1.452255250629999996e-03 1.570077980780000039e-05 3.499592242949999821e-01 6.485727451249999609e-01 4.233213207299999992e-18 7.932876550440000362e-32 5.236223240650000280e-10
2.520141366930000147e-14 1.203446239310000046e-41 2.643276768650000275e-01 1.127469566760000036e-30 2.173026715549999977e-10 1.277295274519999998e-19 2.573209403850000018e-16 7.089611277330000183e-01 8.328773689039999985e-38 2.671119518520000125e-02
1.068126313759999964e-23 6.471904281990000648e-36 5.295737249059999652e-01 3.847428428030000291e-02 1.420402949800000002e-24 4.044328687410000267e-15 1.883016666220000142e-23 2.986499165639999762e-14 4.317152393959999834e-01 2.367514178100000005e-04
5.458175974369999875e-14 8.516494907130000161e-40 5.274481384270000017e-01 3.006831956050000037e-27 1.002523430790000003e-07 4.118016867659999905e-14 3.462211321680000148e-22 4.725446674239999756e-01 8.054093313679999883e-21 7.093896664400000017e-06
1.433139754839999891e-01 1.355063990670000005e-17 3.799273924750000276e-39 4.337664732820000041e-22 4.406989796509999675e-08 2.310077235019999953e-01 1.055667974579999954e-13 2.660069876989999971e-01 2.951539047679999932e-12 3.596712692419999913e-01
4.961130472909999765e-24 7.425688723479999531e-01 8.225828704049999827e-33 8.574870226040000383e-09 3.172055208690000034e-33 1.281194068929999923e-25 2.574311190779999814e-01 3.006084595319999752e-48 1.064337721959999989e-24 1.768989382069999879e-23
2.801141997990000121e-42 4.534846673790000060e-01 6.976607364480000516e-07 2.392453609669999981e-01 2.930282648359999943e-22 1.441389514780000040e-33 3.072692739930000250e-01 5.089386174740000102e-38 1.391774755399999969e-58 1.836180952269999888e-13
4.159568733630000237e-01 1.823556980259999905e-01 1.781964448370000121e-04 6.077989489370000191e-73 2.573401386109999829e-31 4.015092321659999852e-01 8.279540671739999482e-14 1.250569672019999966e-23 2.232502741060000163e-62 8.154717836769999877e-46
3.177148739369999864e-01 1.742620784590000080e-08 1.483689008720000099e-10 3.503729365090000053e-39 2.245961825400000012e-07 5.700122469360000554e-01 2.132065787490000135e-12 1.122726369539999991e-01 1.643045204029999966e-32 7.591889703860000190e-15
3.456737085620000260e-01 5.611605100010000237e-12 7.868874668889999646e-02 1.085853679179999925e-28 4.341261227729999777e-63 1.626170813150000107e-27 1.614017265449999939e-07 1.770831428369999905e-46 5.756373833419999864e-01 1.770123155530000160e-39
1.441979816169999903e-06 9.250073946670000269e-23 2.596112890699999829e-09 2.743714888519999871e-07 5.522569772880000505e-01 6.326901189369999954e-44 3.933763777340000267e-01 3.019619255100000192e-10 6.908937226349999956e-25 5.436492572789999866e-02
1.693937016289999938e-37 6.042406738619999773e-01 1.125565255470000062e-23 3.971462963639999731e-05 7.415503084149999841e-03 3.883041084239999829e-01 7.695470298070000262e-39 3.707344746520000170e-14 2.674470788379999925e-14 4.354943580839999744e-34
4.768523310369999872e-03 1.131149384620000059e-01 1.337976127659999933e-23 1.780201902250000134e-01 2.834141523939999741e-01 1.525847952490000103e-01 2.678664439419999876e-01 7.166244040179999944e-09 2.246870284629999949e-04 6.262223315420000363e-06
1.329587887129999969e-20 1.258791243860000042e-55 6.136102534720000063e-102 8.229094595609999752e-11 7.940128900649999766e-01 2.688721432219999953e-69 9.293327151040000404e-25 2.972533951789999809e-10 2.382628959869999969e-05 2.059632832649999912e-01
2.555346524850000134e-01 1.972761058210000062e-09 2.806008139380000155e-01 2.759613225659999982e-40 2.590888889809999786e-31 5.795878305280000031e-05 5.644657496839999508e-41 4.407316494530000035e-18 4.638065728210000183e-01 1.775655600720000002e-54
6.019620425389999863e-01 2.517945673530000067e-49 7.740940611379999544e-33 1.051749512809999925e-40 1.325324852399999911e-35 4.023933870990000328e-34 2.708894512300000129e-11 3.103532838850000156e-21 3.980379574340000004e-01 7.333533773509999787e-18
6.088496129639999754e-01 1.609852660649999922e-15 9.352729654369999963e-21 3.434979654660000089e-30 1.508896851879999883e-70 6.839771392239999510e-04 3.904654102439999996e-01 1.427219116980000087e-44 9.996530062060000340e-07 1.393350082109999894e-22
3.282415217500000287e-02 3.523729175699999682e-05 8.124740033359999503e-01 1.782982186559999977e-45 2.572950836799999890e-06 3.600255105189999729e-29 5.901992140029999714e-18 1.546640342460000039e-01 2.063863918280000135e-57 2.875251851259999909e-19
6.701460818239999955e-28 3.218316030130000161e-19 1.078416964730000011e-01 6.051591298580000222e-01 2.268476612410000037e-01 4.689797139570000129e-15 6.934019979849999665e-40 1.536249391799999851e-08 6.015149706560000281e-02 3.750043257820000120e-25
2.428382301070000094e-15 5.192892900829999950e-33 6.337362955080000360e-01 7.694070376250000531e-15 1.310216826739999994e-42 5.795112059319999962e-07 3.361874871689999714e-23 5.005310349369999851e-28 3.662631249809999989e-01 1.198207024670000038e-20
1.112847430729999989e-30 2.980005533529999955e-13 2.986591412910000223e-17 3.043695169510000103e-60 3.288548406450000020e-50 1.000000000000000000e+00 5.066413737540000272e-68 2.438937288200000091e-36 1.633929044199999961e-35 1.851770422299999938e-79
1.509906378360000031e-18 5.290710747470000092e-30 1.105753596799999988e-02 7.236823463940000108e-22 2.650844388560000182e-10 6.159721018780000001e-01 3.477493183499999804e-13 7.932527195489999169e-03 7.199171884900000382e-36 3.650378346929999962e-01
3.782701577499999984e-59 2.077728120949999830e-15 2.573992834610000155e-02 3.297929948389999866e-01 6.444670725590000426e-01 2.310827801270000019e-20 2.056562302540000053e-48 4.255416544369999795e-09 3.078742875030000136e-24 7.854235590729999495e-20
1.272416364399999981e-59 1.082997731430000027e-01 4.568659008309999916e-22 2.794793040790000127e-03 7.921933393569999815e-01 1.094173165959999956e-05 7.032351413929999567e-107 8.483789173699999919e-09 9.670114424369999351e-02 5.855450425650000308e-49
1.073704095720000064e-38 9.764433305869999469e-01 1.704845294210000065e-31 1.469189108249999999e-13 2.355666941310000095e-02 1.032114942149999993e-30 2.532844759659999941e-32 1.578524646950000075e-15 5.554981938649999821e-54 4.039092074800000163e-25
5.741247416120000002e-01 9.062816773510000423e-04 9.232850796100000355e-08 2.817139760250000057e-10 2.663479516000000051e-14 1.785386527520000099e-01 2.374459928379999904e-02 9.616772768650000096e-08 3.709101575209999887e-10 2.226855355250000057e-01
8.689965541080000419e-08 2.591343089070000092e-19 4.844320362639999988e-01 6.674249302239999898e-06 4.238563070759999925e-06 1.546791811030000010e-15 2.111547629029999900e-22 5.540363840229999698e-02 2.509037881209999835e-02 4.350629468100000175e-01
4.703508565690000393e-03 2.966760069489999818e-01 1.090446513759999966e-10 1.585331898249999923e-17 2.594633893789999948e-48 4.924195057200000034e-32 2.801492837719999907e-01 8.220301432850000755e-71 4.184712006040000043e-01 1.181987589030000025e-66
9.450353442910000568e-02 2.447923393549999993e-01 1.262990528919999978e-19 6.259289772560000520e-02 4.111085115440000215e-01 2.079737182289999924e-40 5.658522327019999804e-08 9.943960070839999660e-12 1.870026603499999884e-01 8.776010053189999577e-14
2.463572239080000043e-13 2.304297815820000058e-92 4.237258630280000358e-68 7.483839176530000033e-34 7.144210787400000366e-12 7.306318130540000492e-44 2.280367647389999911e-26 9.236589657740000570e-02 7.062629795839999725e-01 2.013711238320000096e-01
2.600133754350000033e-123 2.347348427440000078e-66 9.956520188589999657e-65 1.000000000000000000e+00 6.389817640980000242e-66 3.738910509289999765e-50 6.611353406810000182e-37 7.005435337229999516e-85 1.937460327740000158e-27 5.494876866960000335e-23
1.017329194189999940e-32 1.667768767349999959e-01 4.982791743640000163e-22 5.779784723079999804e-07 2.326899079130000103e-01 1.196027303109999974e-02 6.920119285920000305e-42 4.736169389609999707e-15 5.885723643419999984e-01 8.842944223259999993e-52
1.153574273839999970e-01 5.827551061849999526e-16 2.793579557530000146e-02 9.398519874919999926e-53 1.018950096749999942e-10 3.007489083450000100e-01 1.410651631690000027e-42 5.559578520240000543e-01 1.656950395749999898e-08 3.584678711190000125e-42
1.914370598239999963e-42 9.999977132990000017e-01 1.106646170380000013e-16 2.285982894330000015e-06 7.179587626150000137e-10 2.000874814100000062e-14 1.011781044329999919e-33 8.124527490220000530e-21 5.368000158070000065e-28 7.670924854750000045e-30
2.140699177139999965e-01 6.749725565910000101e-15 2.720216839510000004e-17 1.571193990259999965e-12 2.847321117779999938e-11 4.542572772669999925e-01 8.165944601809999236e-09 1.198768195899999956e-04 1.632957882600000123e-05 3.315365904249999995e-01
5.698830556870000397e-01 2.779008639959999918e-43 4.290031088660000158e-01 8.606140674620000454e-50 4.913071112079999896e-59 1.027322485120000027e-39 1.113835446689999962e-03 2.641220027639999979e-41 5.922501063489999922e-30 9.579567340829999715e-26
1.983675954609999958e-01 3.394553358289999805e-26 2.860238519450000183e-01 1.618429214490000129e-26 4.279825150670000166e-10 2.188065582890000053e-14 1.295734225269999998e-02 1.789970279410000031e-01 3.818644062229999803e-17 3.236541819729999991e-01
2.666991956639999922e-04 6.082110462519999539e-01 3.915222545520000152e-01 1.460309941609999918e-81 6.885678035999999629e-23 1.731805683230000035e-19 6.274556971859999523e-66 1.392214591839999943e-28 1.537104428110000148e-20 0.000000000000000000e+00
2.718046764799999948e-15 3.397076890009999766e-05 1.031329538410000077e-11 1.158976490070000032e-01 1.011667889979999998e-54 7.522293296519999660e-06 2.334390759589999864e-01 8.530732700470000194e-38 6.506216583210000515e-01 1.236405297149999931e-07
8.615250544770000322e-28 1.052714068310000056e-05 4.602519667559999999e-17 4.695887699490000067e-01 3.659031135789999753e-43 5.924935013450000046e-16 5.304007029099999659e-01 5.300237791790000201e-56 9.339284919500000257e-27 9.688650518920000042e-20
2.036015904750000105e-01 4.456823250249999999e-08 7.503457462929999611e-28 6.205400277079999765e-25 5.616869783329999644e-01 4.637217669009999638e-34 2.347113864769999891e-01 1.461394498759999955e-10 1.260203252880000030e-13 2.172631885779999952e-20
3.154986914090000190e-46 2.953017848650000155e-04 8.060446157480000165e-16 6.551930733480000000e-11 5.778627031320000551e-01 1.709341242790000104e-01 3.191014167710000198e-85 5.510966460820000084e-11 2.509078706840000006e-01 4.496594320250000249e-63
3.974172050670000307e-14 5.940196332660000467e-01 1.270909951670000067e-06 1.350965825129999999e-07 1.009636016159999972e-11 1.628623988639999994e-27 2.526170799399999924e-11 3.555297884679999636e-24 4.059789606920000127e-01 1.336248853630000049e-36
4.862478190089999858e-11 3.985497030399999807e-01 1.277308924270000035e-01 1.765319212559999927e-76 4.902581216719999703e-67 4.737194044849999952e-01 7.270272405250000274e-47 1.076843528229999935e-43 1.243406899000000052e-37 7.653704754579999620e-96
1.817195470360000031e-26 2.843877664080000159e-34 5.788786460320000408e-04 4.503285356810000084e-01 5.245645744290000099e-48 5.409784073309999997e-01 1.290881817550000016e-17 3.208943687980000040e-27 1.972749715839999893e-04 7.916903370369999735e-03
1.248396050799999990e-01 2.988719240600000160e-01 9.180090189439999491e-19 5.769122896729999859e-69 5.762884708590000349e-01 1.056201237840000004e-49 5.018201525109999635e-21 1.857531982460000088e-13 1.116070435350000039e-69 1.767928652530000096e-56
1.352415482729999910e-16 3.565007540590000024e-01 1.449027005080000087e-26 2.634321058579999764e-01 3.581292871300000005e-27 3.651330151950000213e-01 7.825368590340000293e-18 1.322390871999999931e-41 1.493412488719999924e-02 1.503742342340000075e-33
1.238596947339999965e-14 2.711103208719999970e-40 1.123965653190000076e-25 2.266611583370000111e-20 4.756829489099999661e-40 1.246651789839999924e-14 2.237795243060000105e-01 3.494696238469999907e-27 2.975740013279999952e-18 7.762204756939999895e-01
5.975710186739999763e-01 7.446975805350000005e-03 2.686644226280000176e-19 1.634252357290000064e-11 3.560723640289999992e-01 3.922900754199999926e-20 1.581798886529999946e-03 5.681149138039999846e-19 3.732784258800000282e-02 1.399824738180000006e-33
3.309579056490000064e-45 4.664085821270000087e-75 1.646862901010000068e-74 1.300653370619999916e-01 3.589459197889999786e-01 3.274649182859999775e-123 2.113726023290000079e-15 6.496973126110000164e-22 9.018383307109999737e-20 5.109887431490000020e-01
2.545582946330000040e-01 7.704361997549999906e-31 7.326672037789999647e-01 3.529213614069999845e-23 1.460913049489999917e-94 8.668260826370000266e-31 1.548448773030000050e-03 1.820802327500000064e-66 1.122605281519999977e-02 4.513075865400000415e-31
6.714491874689999798e-12 5.062779406809999605e-01 4.589118077889999675e-02 8.205789027970000022e-04 1.202234101899999916e-36 8.514167037990000297e-02 3.454021325899999956e-03 1.567483382819999919e-24 3.584146023509999779e-01 5.572988236120000378e-09
8.061332539680000167e-13 1.205645621169999996e-12 7.187750617749999460e-01 6.313413524119999580e-25 7.250417684250000350e-06 2.994631323479999952e-36 7.741240600910000678e-21 2.812176391480000204e-01 8.232892434600000643e-40 4.865743492669999873e-08
4.047276971229999964e-01 1.233400873970000064e-47 1.054158228399999942e-31 7.553970366699999525e-29 1.015729665050000076e-15 5.428460050480000173e-31 4.656663318199999886e-08 1.069274741130000071e-05 5.678660483570000528e-01 2.739551520560000106e-02
1.024931558070000040e-02 4.469073003520000129e-34 7.149003507800000268e-01 9.276166720259999477e-41 4.161467020299999691e-06 1.521570449239999888e-35 1.112218457520000015e-07 2.747813297460000026e-01 5.065150175640000164e-39 6.473120407880000242e-05
3.309298376589999994e-10 2.394333631459999859e-31 3.874649850119999877e-44 7.616759457930000081e-17 1.203665069189999930e-09 8.476880033149999102e-25 2.300833647060000154e-24 1.917145501660000029e-01 7.731773388710000416e-01 3.510810942769999887e-02
1.042442506489999939e-40 9.176986270690000235e-33 4.828082744050000291e-02 2.055120801889999960e-01 3.585570281209999839e-11 1.002096771500000058e-13 1.033192187630000017e-38 3.892151463260000166e-01 1.479538140720000061e-01 2.090381319359999879e-01
1.528153875950000058e-23 1.682975075400000097e-30 7.307406251360000216e-01 6.668372776950000369e-05 9.947377114529999304e-47 7.005447009309999932e-33 2.672682753910000125e-05 3.667006992679999773e-33 2.691658067559999923e-01 1.575527927430000112e-07
1.220036164290000029e-17 1.775438047349999957e-04 2.751169416909999832e-01 3.896808902209999981e-01 3.168646582820000002e-01 6.122464609240000017e-46 1.815995337989999986e-02 1.501576608470000100e-10 1.022062253229999926e-15 1.247185412189999939e-08
8.062770621369999831e-08 6.791525700899999629e-01 7.821839219539999596e-03 6.677245682529999941e-25 3.762404240709999847e-15 3.507713602370000211e-02 1.850056751399999954e-25 2.779483701889999825e-01 1.367633316680000112e-25 3.850320160159999774e-09
5.954725219719999574e-01 8.799193530100000646e-03 2.151855492889999979e-19 4.770559104759999633e-13 3.548357608609999936e-01 4.938851090960000235e-10 8.217644185090000246e-09 5.253943645140000156e-18 4.089251492490000167e-02 3.258075179299999932e-36
7.412805302629999923e-26 2.011247805270000022e-01 4.941351814780000073e-01 2.268002302529999995e-08 3.047400151569999993e-01 7.157502522840000219e-48 1.578194258400000009e-10 2.208696801099999958e-17 1.628274177539999920e-52 2.037678655609999968e-19
5.423580442660000209e-11 2.648863156890000070e-01 2.331321377109999912e-02 8.886891937130000497e-41 2.336820379070000020e-34 7.118004704849999476e-01 4.790479923089999737e-34 4.650060319040000429e-22 8.221227554309999503e-23 4.564338624309999772e-49
9.948432847400000454e-07 4.509495148289999755e-01 2.587998819499999959e-20 1.541225708999999937e-06 2.485699733729999916e-01 5.175530128820000338e-27 4.931336756110000400e-06 7.803144762760000206e-11 3.004730443140000151e-01 1.024081324410000021e-17
3.165150332979999975e-37 6.043536698670000096e-01 1.424999256640000078e-24 1.375453643740000059e-04 7.890521687379999441e-03 3.876182630810000029e-01 4.185892464360000260e-39 5.090414698190000383e-13 3.336133367429999748e-13 2.148135904169999887e-32
5.507021270430000255e-16 5.333488040480000025e-01 1.518708025260000115e-16 8.465217189580000443e-38 4.666494270989999804e-01 1.343216231739999978e-06 3.904539327839999891e-65 4.256367609370000136e-07 1.093399023410000044e-16 8.206114222749999880e-69
7.103112913600000043e-12 2.653593611009999962e-73 1.980890230539999882e-72 2.110594029939999924e-30 2.984482832360000229e-08 4.220839138419999809e-49 1.840520512140000127e-36 7.369700047620000305e-01 1.969819397869999877e-02 2.433317714069999915e-01
3.102039427159999918e-01 4.313307879380000043e-01 5.312852186700000092e-19 3.461729225400000248e-02 2.153454346589999957e-01 7.543646489369999953e-44 1.353816434629999989e-06 1.697286203739999960e-12 8.501188614110000499e-03 6.522564481340000006e-14
8.912964667150000352e-27 2.821294742150000090e-01 5.737067651149999753e-02 6.604997906209999492e-01 6.573880033159999865e-25 9.768339809490000270e-20 5.865194959769999968e-08 2.437428319909999852e-39 3.742303433539999841e-31 3.316478332400000241e-24
2.641428890159999883e-03 2.972820951049999771e-01 2.628298770220000174e-10 2.906825895399999951e-17 4.834605439939999827e-48 4.604788427429999842e-32 2.806132785250000095e-01 2.217086950499999930e-71 4.194631972169999834e-01 1.307256345750000092e-65
4.910354057600000110e-22 1.118188402820000058e-41 3.194248137510000197e-25 1.015223035910000018e-21 3.657786639710000275e-51 1.908977013570000101e-37 2.382003206759999991e-01 7.954428557760000357e-39 5.210852881800000245e-39 7.617996793239999453e-01
3.246396834040000123e-01 1.700923023780000002e-23 3.583685020230000240e-01 2.737471366869999843e-16 5.646910399119999868e-50 9.708901159450000944e-35 2.925216271700000203e-01 2.736181750010000074e-32 2.447018718300000145e-02 2.200459884899999937e-10
1.881745891619999949e-08 2.450378023410000050e-01 2.515258210030000153e-04 1.143112025619999964e-06 3.688877022009999996e-66 4.733737514329999611e-03 2.299820165639999969e-01 4.306381956330000207e-45 5.199937558299999596e-01 5.447233183380000111e-17
4.485954950509999994e-10 2.426097787910000136e-01 2.531988558129999998e-04 7.714391451220000083e-07 5.529643152939999859e-67 5.590495370619999980e-03 2.319347682490000007e-01 1.245517662979999923e-45 5.196109868460000447e-01 1.319937468959999932e-17
1.942409931040000123e-35 1.087580035049999954e-07 2.456939509509999953e-01 3.292081038820000166e-02 1.386285165799999961e-22 1.724106396450000023e-01 1.575118772839999906e-14 1.926068561379999919e-14 3.479338942570000058e-23 5.489744902580000474e-01
3.751462834209999757e-07 3.090524803069999993e-01 8.711637232409999738e-23 1.499162144500000051e-33 2.771428429489999901e-01 4.138043015619999876e-01 3.639339178079999960e-15 3.504653611090000288e-11 5.367467844850000258e-42 6.131076176859999919e-32
3.675869918129999747e-01 5.670852506370000031e-08 2.798650627060000105e-18 1.236552202910000039e-07 4.773437201249999817e-01 5.381471753220000191e-30 9.645905128839999190e-03 1.373549087529999957e-15 1.454232025689999874e-01 3.983205989350000106e-20
8.233081876510000554e-08 7.269939194179999831e-31 3.634775058429999845e-42 1.807314651050000121e-16 9.866638693079999692e-23 2.173160158570000000e-01 2.480712762410000084e-03 3.353950652569999912e-13 3.997162949099999918e-01 3.804868941389999981e-01
3.114561232329999827e-16 5.181940617269999748e-11 1.866711932400000051e-01 2.896906447579999933e-01 1.395781406640000082e-37 8.006574084619999827e-34 2.739012752419999752e-01 6.384451601009999653e-56 2.497368867080000110e-01 1.612893585719999998e-36
3.797034956240000197e-31 7.621687282530000675e-15 1.521900573719999955e-41 4.834226435869999894e-01 4.830992176539999905e-01 3.345943439250000095e-02 1.155055675459999920e-13 8.073775816099999957e-09 1.600777307380000093e-05 2.688520160039999901e-06
2.991574758000000230e-35 4.535131676439999732e-02 6.297487904499999845e-01 7.136200636599999980e-02 1.920255337690000008e-01 6.151235265070000013e-02 7.773740505890000120e-30 2.485132345239999866e-19 4.210656825420000048e-15 1.437361272070000001e-42
3.906250564609999610e-15 4.565323533539999978e-02 6.293593106580000522e-29 2.566137783340000116e-06 5.345596417219999896e-01 1.549419322829999998e-12 3.671065921239999973e-30 3.088625407460000154e-13 4.197845568029999752e-01 4.773843480140000132e-31
2.377504313500000133e-01 7.622371506309999489e-01 5.208677272399999770e-21 2.679313763289999814e-57 7.119948233140000208e-08 5.055966383050000385e-15 1.234681881389999924e-05 1.556629076820000025e-19 2.787617576040000045e-75 1.626328996020000090e-41
2.568761956450000202e-25 9.026097587959999626e-47 5.436407947030000328e-65 1.500211862810000062e-13 1.057115533490000022e-23 2.438994439030000222e-13 6.186664164030000047e-24 2.072985376779999937e-14 4.729257893189999784e-01 5.270742106800000437e-01
7.944945276160000138e-63 1.289927866309999969e-33 2.420337069430000115e-63 1.110706253740000038e-01 3.624038285410000060e-01 2.013452452440000090e-54 1.491855064140000043e-18 3.857235497939999680e-24 2.380747114660000108e-68 5.265255460850000180e-01
4.048921900849999922e-01 1.758430650999999905e-49 7.456906697570000096e-34 2.253170891370000089e-29 1.196578027500000010e-14 2.061791640320000124e-30 8.584453076690000522e-08 1.983394227810000008e-05 5.683518283599999776e-01 2.673606176789999900e-02
6.698471297690000367e-03 6.100530083519999490e-29 2.621532981540000140e-01 2.376634203659999873e-32 6.501902100589999954e-08 8.269133314880000612e-49 3.136035640109999852e-03 2.681897619729999849e-01 1.399373118649999933e-28 4.598223679169999856e-01
2.529542809449999985e-01 5.359968104859999875e-31 7.330705887899999773e-01 6.824279304669999276e-24 2.816346389169999977e-93 6.075815575760000394e-31 1.922292205199999928e-03 2.498837323720000069e-67 1.205283806030000085e-02 4.642074014520000345e-30
7.336607333909999735e-35 1.205448663630000009e-30 7.177211740150000185e-01 1.521891111439999984e-06 8.561804890900000644e-09 4.942128312730000059e-14 3.821991791409999932e-45 2.781493283509999803e-01 4.127876223560000314e-03 9.095791601990000608e-08
1.000000000000000000e+00 1.250109467920000055e-30 2.040390434110000115e-14 2.000334533659999935e-79 1.338608325980000125e-54 1.416290646249999964e-25 1.019020988589999991e-26 3.707474126030000101e-37 3.346877961299999923e-18 3.928435779779999731e-63
1.856237979309999961e-13 4.904742480100000024e-01 1.186595374920000081e-05 4.256510656799999946e-42 5.241067713630000169e-05 2.010494441070000051e-29 5.094614753589999934e-01 1.041170186369999999e-18 6.750947222259999665e-168 4.668156980470000121e-24
1.380024219210000125e-01 7.142513226220000000e-06 5.946229728339999768e-08 6.144564038840000413e-14 1.092893034279999984e-08 2.606296933100000213e-01 1.427989903209999911e-01 1.783431684829999975e-01 3.651742823910000043e-03 2.765667702369999925e-01
7.036899498399999675e-02 4.708086757459999938e-01 2.755529657179999773e-10 3.537313703869999827e-37 1.706466549119999987e-07 1.471123082680000131e-07 3.791696486330000023e-06 4.561062359899999974e-01 2.513221252879999952e-57 2.711983548990000003e-03
6.388180951149999842e-01 1.587509020430000108e-04 1.233654465080000086e-21 3.573281767909999718e-23 4.154012128000000101e-09 1.262612474789999950e-12 8.398465220319999798e-04 3.601983818040000059e-05 5.368530237619999835e-37 3.601472834680000124e-01
1.071770725190000064e-25 6.140954795930000137e-33 2.315749556670000098e-01 5.384092457100000395e-01 1.370071803349999925e-91 5.541312034329999786e-17 2.493688517809999894e-02 1.821654598769999964e-48 5.426154251580000282e-02 1.508173709279999886e-01
2.958284317970000147e-25 1.551317742100000052e-40 4.421533104179999896e-01 2.024265996070000008e-07 3.422459108289999937e-25 1.264474092080000105e-06 8.390984747550000220e-32 4.141427711309999863e-13 5.578452198190000377e-01 2.862347578490000113e-09
1.735843264970000077e-01 4.310437858050000237e-01 3.491301509189999869e-06 1.404478817790000088e-45 3.953683963840000093e-01 1.257227233339999886e-22 9.956902896020000184e-24 1.336355018429999934e-11 3.872368958629999922e-28 4.438993962720000117e-57
2.910648849379999792e-01 1.991993996789999902e-18 6.546484374950000163e-06 1.533302836980000099e-28 1.252775709079999959e-10 3.603405871479999745e-05 3.610256621709999860e-12 3.831288073490000112e-01 3.257637270400000062e-01 5.773030735760000248e-13
5.067606486429999668e-01 1.855089458509999950e-16 2.781249102470000121e-22 2.402189038680000186e-19 3.180726346279999846e-21 2.614817809299999926e-30 6.553811028979999577e-11 2.959627907129999997e-11 4.932393469840000155e-01 4.277477917690000364e-09
2.532605623200000158e-33 6.771973179310000366e-04 1.233727900880000015e-09 2.237791324160000044e-10 5.608045416400000427e-01 1.866827808299999873e-29 4.064652524610000150e-01 3.304642589800000252e-14 8.065819076089999660e-100 3.205300712269999741e-02
4.781210313340000240e-01 7.397341196119999980e-14 1.591437467659999883e-01 6.889788758189999853e-24 6.043162978109999921e-09 1.154626342989999952e-12 8.483221562970000339e-07 2.123196028609999897e-01 1.504147637209999888e-01 9.505550844369999868e-10
6.250680263940000375e-25 5.234460961380000221e-15 1.167789580810000033e-17 1.563904541459999948e-10 1.668834221820000076e-65 7.800978414300000496e-01 1.723844937800000068e-12 8.993442316769999190e-47 2.199021584120000039e-01 1.574348617450000108e-22
9.443091263800000543e-48 4.677400807600000099e-01 4.523843672640000219e-30 8.917270053740000557e-21 7.619435482040000455e-17 5.322599192400000456e-01 1.334375241569999984e-56 1.251419592220000054e-34 6.830455434540000015e-33 2.700692404170000131e-73
2.116954338829999984e-14 1.305808605739999985e-39 2.286774934639999845e-24 3.193524626950000274e-20 2.532432841389999816e-40 1.174849214770000026e-12 2.237795243039999993e-01 2.382069052240000175e-27 1.300300732120000070e-17 7.762204756949999673e-01
2.452290145560000052e-25 1.843435099169999924e-01 7.453069582559999906e-02 1.669192307269999953e-27 2.699149680479999972e-29 9.612501223170000155e-15 7.411257942579999591e-01 1.072407834600000017e-45 1.219790658020000021e-65 3.330862917779999974e-41
8.136981196359999870e-15 1.421718619800000103e-16 4.919675736210000205e-01 3.955392703619999839e-01 1.243975068189999986e-52 1.100054740939999942e-01 1.965202852470000067e-03 6.624929102459999761e-34 2.194272731290000059e-04 3.030517971450000020e-04
6.640993969729999834e-45 3.668196230160000182e-01 1.735113087300000079e-01 4.180111566760000069e-04 3.757265638380000166e-72 5.657903066569999785e-16 4.592510570969999817e-01 7.977807622820000378e-105 8.873398710560000012e-38 4.993674495039999729e-45
2.493624602360000053e-01 4.084379240900000152e-01 5.348188083800000332e-24 5.042301983120000093e-30 1.278344356599999954e-24 4.209414281480000106e-16 3.421996156739999795e-01 8.094099084939999619e-38 2.542749065479999947e-31 3.282728288150000195e-38
1.629082444820000147e-20 8.985651942689999879e-37 2.618133987030000091e-68 4.453351434250000091e-26 4.632882727219999718e-06 4.842965732140000098e-18 4.178875438129999840e-35 4.888967395800000171e-01 7.120801711439999779e-19 5.110986275379999499e-01
4.277003964569999671e-21 1.680355411399999971e-04 4.848138899630000109e-01 8.192565217950000672e-03 1.824342947359999975e-26 8.098694541249999712e-03 1.600305716170000170e-02 2.117967807709999831e-18 1.956750466490000084e-20 4.827237575750000231e-01
2.358580914099999974e-45 1.571390913089999933e-38 4.660896856320000028e-04 4.570738408480000126e-01 6.969567167819999710e-53 5.420237784720000063e-01 9.971312595300000571e-18 3.210809040839999923e-30 5.370662523080000135e-07 4.357539277469999785e-04
1.164242292730000032e-15 5.373730454589999983e-01 3.850342717059999980e-16 5.126594081989999817e-11 4.625578499269999977e-01 6.909129084259999659e-05 1.324788179080000057e-08 2.411604165209999917e-11 1.207878363839999953e-26 2.545097963570000136e-15
2.242449015879999924e-02 3.255146935389999910e-09 2.147595259320000116e-01 5.428118803119999822e-32 6.340127060800000091e-14 1.737223224949999978e-01 1.175712513019999881e-47 1.066195328599999973e-04 5.889870386269999702e-01 1.737960301570000057e-41
5.135085998230000115e-01 1.027944667809999938e-12 1.993541407850000122e-43 1.957101986300000053e-23 4.864422763819999940e-01 1.229021439990000063e-48 4.912379413369999935e-05 5.605838100830000337e-16 3.674482849719999831e-20 4.228979343700000079e-22
4.703257366259999683e-02 1.482304687000000065e-01 1.764038445699999863e-30 3.570166414600000108e-04 1.140657148700000012e-01 2.196822574050000047e-39 2.566986552469999738e-01 9.153394782579999715e-15 4.336155708780000118e-01 1.625125652660000108e-16
9.843642889619999831e-10 6.210443757300000422e-01 9.049640925789999583e-34 1.356151450199999909e-38 3.789426172400000015e-01 1.027305907450000030e-34 1.300604428889999983e-05 1.691088929600000058e-12 4.660677528590000189e-95 1.745687450849999941e-18
2.608130063929999902e-30 2.862236702550000067e-01 5.258154778980000249e-02 6.611497446770000508e-01 2.093614272029999901e-23 4.503727799759999964e-05 1.509734245660000038e-16 1.373575403040000078e-34 7.266404351389999577e-27 7.506777501760000251e-26
5.745799413019999635e-01 2.843555067049999773e-04 1.125192013590000034e-07 6.621706557840000490e-11 2.763478595410000148e-15 1.789011331579999919e-01 2.332920273509999851e-02 2.339585289559999896e-08 1.012694076039999968e-10 2.229052312149999993e-01
2.039377123170000088e-32 1.646086973870000136e-01 2.752212866060000065e-21 3.285886520680000035e-07 2.330562313389999973e-01 1.519899683489999917e-02 6.928885618560000111e-40 2.395246969249999947e-17 5.871357458510000349e-01 5.169920923410000460e-53
8.719873360879999749e-18 7.263404469190000025e-16 6.510483203329999746e-01 3.780863374310000223e-23 1.291521182880000101e-09 3.577734263330000088e-05 7.378799601399999369e-36 3.489159010330000199e-01 2.679968778119999998e-21 1.709995226449999955e-15
3.803309899020000331e-36 1.546110926260000060e-10 7.451401467240000346e-13 8.422665067139999584e-06 1.158836664850000012e-07 8.711384980170000514e-01 1.205025993979999929e-46 1.288529620949999954e-01 1.183832814569999943e-09 5.308059665349999818e-13
3.250563388059999892e-01 6.064931823100000454e-41 1.188578303550000000e-26 1.077097723490000044e-43 7.065268529409999740e-12 3.734015557540000056e-11 2.109330349159999902e-34 2.953344855210000008e-01 3.796091756280000062e-01 4.453300282989999899e-22
1.133200306669999898e-59 1.619410908259999888e-35 1.550565647859999951e-01 1.449621083440000013e-01 4.183454354139999767e-31 6.999735976630000467e-01 2.323582523129999931e-33 2.472468233219999883e-20 1.805156515760000129e-23 7.729207128090000706e-06
2.824411824300000004e-35 7.566173549610000215e-01 9.059253810940000321e-34 6.126341791859999687e-12 2.433826410190000067e-01 3.978492457049999910e-09 6.609626774560000336e-37 3.526780913160000226e-11 7.241998715280000396e-33 2.486301101190000041e-26
2.276022706759999932e-42 9.999994789339999857e-01 4.666162697499999940e-20 5.204689984929999820e-07 5.970529922600000216e-10 3.763796774910000370e-15 4.582709781030000112e-34 5.704839593130000133e-22 1.668010516210000016e-27 5.666333744219999904e-31
1.972187817300000059e-03 2.743694479890000156e-46 9.666682426790000221e-08 1.322022416009999942e-48 2.855452574610000031e-84 3.422617766559999840e-26 7.120883597120000186e-01 6.300506287369999852e-35 3.965966974850000086e-33 2.859393558039999839e-01
2.712869970589999967e-39 9.764433360469999545e-01 1.450451681129999929e-32 9.447629518909998993e-13 2.355666395200000165e-02 2.810396513190000178e-31 3.844578424010000079e-31 7.713776461369999442e-14 4.107550802169999871e-53 3.926608029339999931e-22
3.137644918279999806e-01 2.164375958890000152e-71 1.571639280710000063e-52 3.797205312549999967e-40 9.852683335339999823e-15 6.627526458760000272e-28 5.290640793589999814e-14 3.578497156050000107e-03 6.819021285009999600e-01 7.548825146880000243e-04
2.687253313570000084e-58 2.513228932449999984e-53 2.826987667419999913e-20 3.316677493199999843e-13 7.940158170159999917e-01 6.283801237839999997e-63 1.698415880989999900e-23 7.273627813839999600e-13 1.239144257340000117e-66 2.059841829830000026e-01
2.796616528720000106e-01 2.381427894189999997e-20 4.969832829039999920e-54 1.412709247740000080e-21 1.398847542019999972e-11 2.583745885910000012e-02 1.184146731529999999e-09 8.923509929749999471e-04 6.668959431040000219e-02 6.269189417670000264e-01
5.988743940780000106e-42 3.989954646719999776e-01 8.720277611760000775e-09 6.009996199849999554e-01 4.906273849739999580e-06 1.223043767739999912e-13 4.105536888509999759e-12 1.339878383109999953e-18 4.391281808230000317e-50 3.447522382760000151e-10
2.028785470419999939e-07 5.298884731289999979e-25 4.494791056569999999e-01 5.511773503230000046e-05 7.963981144910000327e-36 1.934657033579999953e-44 9.893123341500000001e-02 1.732864213629999898e-22 6.260296338519999448e-02 3.889313769289999834e-01
2.593423731470000158e-12 6.244843299379999602e-01 3.529320404010000101e-21 2.552143967150000137e-01 6.413091813260000312e-23 2.506587966000000051e-04 3.729878796390000206e-13 1.608332808360000133e-33 1.200506145480000064e-01 1.686960672319999915e-28
6.422682129370000479e-54 2.170640960869999948e-36 3.464818493390000205e-24 1.149610190340000039e-23 8.540465581730000299e-07 5.778496139330000344e-16 1.122684193879999961e-32 2.421912117020000033e-01 9.274741775279999984e-54 7.578079342510000149e-01
5.039583553859999790e-17 3.876181441079999869e-20 2.429244709639999944e-01 3.045178662559999823e-19 1.639635769699999980e-07 3.617332628050000110e-01 9.628548978290000398e-11 1.294856839579999926e-02 7.170779742620000392e-38 3.823935337759999942e-01
4.941378116790000156e-05 3.651771089170000116e-19 1.696274880579999866e-01 1.911224568350000097e-01 3.532665994260000275e-01 1.075926786620000086e-30 2.839118676949999864e-01 4.861572237830000277e-10 2.017370521190000113e-03 4.803198480599999615e-06
6.063820232380000286e-02 1.118440608769999955e-01 4.165665148280000007e-01 4.026353692170000034e-10 1.132678701800000057e-10 1.451416626000000096e-41 4.109512214550000153e-01 1.464502111580000080e-24 1.249089582859999996e-19 2.213065425710000066e-24
4.994780457559999995e-05 2.429634581319999875e-01 2.609792332310000207e-19 7.950883795860000033e-04 3.848298859690000157e-26 3.745790048659999987e-14 1.895908390910000171e-02 1.859377104309999913e-15 3.021424494350000156e-01 4.350899723400000196e-01
