3.778392781840000049e-54 1.335066514450000070e-62 2.148422276869999851e-42 4.907341197069999827e-01 5.092658241140000097e-01 1.298604790010000063e-71 4.752086121380000341e-12 2.328359757239999906e-66 5.617395578980000254e-08 4.574528319930000216e-53
1.434090121700000108e-16 5.313422982770000087e-19 7.017316961320000379e-01 1.644638291759999954e-24 9.688704909319999278e-37 2.982682973849999919e-01 4.557370404579999815e-97 8.262256741310000683e-24 6.449752447829999960e-38 6.482739605189999757e-09
2.300417821040000009e-58 1.784441925770000091e-65 7.270005924760000182e-01 2.001261761739999964e-75 3.866870161049999755e-02 1.169801591629999960e-32 1.373715224749999964e-31 2.044970912129999985e-01 2.978376533909999832e-02 4.984936141029999913e-05
9.756643143949999534e-86 2.013664445749999789e-06 3.476893732559999912e-13 1.553147396279999878e-42 6.638022744270000164e-01 8.341284115770000038e-51 5.154287590209999815e-05 3.361359902619999729e-01 3.464257142960000121e-32 8.178771109740000660e-06
9.585616355650000383e-19 3.455233498490000212e-50 4.481342312920000293e-02 3.598451470090000116e-22 2.998878632800000010e-12 6.876644457049999604e-01 2.435156946450000196e-75 2.658553625610000161e-06 2.569888676909999892e-01 1.053060491890000019e-02
4.012018990930000089e-57 3.387975523219999840e-01 1.803137129259999981e-13 4.101100761959999884e-21 3.268355207590000200e-01 9.856792929740000146e-25 3.030132923750000143e-22 3.042927188669999910e-05 4.986418135590000326e-35 3.343364976470000194e-01
2.685682797330000143e-21 1.599435838290000078e-01 5.995963315630000002e-15 3.290655203060000034e-01 1.799349189230000090e-01 4.050269137639999728e-23 3.310559768810000247e-01 1.324809996119999982e-21 6.048695385569999847e-11 8.266169708899999830e-29
5.423406969850000010e-24 2.496438558689999922e-29 5.092308160099999759e-01 5.074037113910000313e-28 1.720274011800000018e-39 2.749907069110000113e-08 5.693394498729999841e-63 4.907691564910000026e-01 2.005445662379999894e-18 3.497228172079999764e-23
1.545303541339999995e-15 1.037436932519999904e-15 7.187324210910000099e-17 3.739062969079999799e-01 7.172961310730000312e-15 4.083012409639999965e-09 2.796115134449999752e-23 1.661557523880000109e-01 6.821324313760000287e-10 4.599379459390000036e-01
9.135178105029999762e-30 3.742963105899999850e-22 4.238210499019999800e-01 4.058288223450000065e-01 1.703500089370000026e-01 1.188161312809999993e-07 1.195210223249999940e-51 5.439583074749999722e-29 5.187811986649999960e-23 1.752240373889999839e-80
5.276073179550000436e-01 4.101905111870000065e-01 2.632966331470000042e-31 1.801138982320000135e-32 4.884744874120000041e-48 5.854986671589999803e-02 8.099655153109999752e-18 3.652304088859999968e-03 2.324801351329999919e-29 5.373284162859999949e-11
3.825277303139999956e-29 1.653491055329999945e-02 2.876812286930000107e-22 4.195392984249999937e-15 1.529349447630000136e-01 9.580419613830000063e-12 3.027290112860000018e-05 8.304998717729999980e-01 1.830157213200000065e-24 1.325952150770000004e-41
7.402715929469999520e-16 5.737843862090000254e-56 3.878802692669999774e-01 1.169616027329999920e-16 5.683463790899999975e-47 6.121197307329999671e-01 0.000000000000000000e+00 1.507334766819999899e-35 6.274615824550000172e-26 1.570653989660000145e-36
2.196339160170000072e-05 5.515820964070000079e-12 4.023701540019999912e-01 4.595420021259999932e-01 5.098864895190000360e-18 2.465133319920000039e-07 5.569645696120000162e-30 1.680434822420000065e-25 7.382956496230000015e-16 1.380656339620000006e-01
8.502232558069999919e-17 2.806252073280000037e-01 1.993533142859999930e-29 1.499806738930000116e-14 1.431846279550000079e-15 1.720729485839999906e-01 5.571414690609999801e-23 5.473018440879999780e-01 5.652589872550000470e-29 2.126233268380000020e-15
1.235622146429999958e-22 9.406706644549999994e-17 4.985229568430000038e-11 3.360646244520000270e-01 3.284978050730000265e-01 4.448624455589999857e-21 1.289087178830000084e-15 2.101549939069999948e-25 1.556621572959999969e-11 3.354375704099999966e-01
1.672669620620000028e-47 4.776348886730000169e-13 9.969985046610000573e-12 5.951178355720000232e-14 5.056288441959999602e-01 6.151287376510000132e-25 6.655358349180000031e-16 4.943711557930000056e-01 1.574932426260000062e-13 1.760575090830000113e-17
2.738843529939999910e-01 6.174954154660000140e-47 2.758252589729999829e-02 5.837671323680000413e-01 8.893072635379999846e-36 1.147625668049999936e-01 9.901780500149999508e-80 1.161909270860000045e-30 3.421935653390000077e-06 3.674137912479999720e-18
1.068714082159999944e-14 1.037285155479999981e-48 1.639298857069999999e-17 6.060143168289999956e-55 9.735901727180000214e-32 9.484479053580000540e-01 1.265061539170000064e-58 5.155209464160000199e-02 1.722501115430000074e-15 3.680509654619999724e-18
3.705153911110000142e-01 1.948576588089999943e-16 1.835321279740000089e-01 2.948256457249999740e-01 6.999800655459999486e-07 1.461183900309999950e-01 2.481743796289999869e-32 9.475233763789999598e-31 5.007745175469999720e-03 2.802112767909999951e-12
1.620811097589999969e-55 4.807444781899999838e-42 5.002933261730000414e-01 1.054601768860000058e-48 4.997066738040000233e-01 2.321372995029999889e-32 4.430625997079999691e-31 9.626907715450000426e-12 1.327138002420000079e-11 1.742635094080000039e-17
4.133767666500000049e-01 2.390809243640000080e-11 1.202615484759999983e-33 8.952614793849999504e-06 1.124344609600000042e-10 3.885103733769999971e-16 5.610007984889999744e-01 3.105926703630000328e-36 6.010712170919999550e-11 2.561348204899999842e-02
2.369015132960000103e-01 4.825390650190000165e-17 3.719613924040000337e-30 3.217009102119999797e-01 6.231230860760000069e-47 3.821736798219999967e-21 1.852228942550000092e-17 6.607956455199999473e-29 1.169237443009999984e-10 4.413975763749999892e-01
6.327535619980000359e-01 2.604452921770000173e-27 1.803639013750000044e-18 8.403416520430000342e-05 8.431708786590000549e-15 2.431438647740000153e-16 2.418726413660000074e-01 4.966786289570000259e-29 1.252897624700000101e-01 5.199863578930000131e-48
5.995137047420000531e-01 6.603294997669999868e-16 7.092538873900000434e-64 4.004862951929999970e-01 4.901321273489999532e-38 4.975285152819999635e-21 6.504685610769999364e-11 1.849802148709999971e-61 1.328950933809999923e-29 2.743826842509999838e-41
1.439659088349999920e-25 9.049954602339999737e-03 5.291068454259999498e-01 5.601767599370000017e-02 8.515790046859999266e-09 9.207175010180000224e-30 2.582479518549999908e-01 5.071837981780000355e-06 5.750035793550000207e-13 1.475724917679999970e-01
1.025572642980000016e-34 4.945559732720000157e-01 1.923327355180000003e-29 2.710797261660000095e-48 4.833174195320000164e-23 7.019969079540000343e-16 1.648304160179999987e-19 5.053759750490000036e-01 4.290339799289999738e-48 6.805167908089999505e-05
4.628220801629999735e-22 4.375572822250000105e-01 2.656110289489999882e-40 1.540167335400000065e-57 7.714105185150000467e-23 3.059145948190000157e-20 2.399243076700000032e-01 5.809374595480000340e-03 1.112245783600000049e-32 3.167090355089999809e-01
6.311185379680000103e-15 4.287623652600000002e-01 4.078115574990000269e-03 2.819815125709999885e-23 1.262234117670000008e-18 5.671595191649999590e-01 1.025402243679999957e-40 1.527945537530000068e-14 1.031802670639999946e-44 1.439699201040000087e-29
6.935923644130000436e-19 1.950791006279999906e-01 6.229427026599999584e-01 1.527439541049999960e-01 2.823823011909999990e-09 2.923423978290000044e-02 1.837380348080000104e-53 4.304270204859999882e-27 6.800467790130000288e-36 1.540057295490000031e-16
3.015343342010000128e-16 2.763366568939999782e-23 1.128949993970000038e-07 6.644999825869999889e-25 2.825537400020000089e-01 2.230536189569999883e-01 1.374377546399999943e-18 4.943925263780000190e-01 1.767639709549999953e-09 2.201471141479999966e-48
4.752742618219999837e-04 4.515391363910000116e-08 1.393515826749999967e-52 3.332044900319999781e-01 1.042956474839999932e-39 1.596702842119999947e-23 6.663201905529999580e-01 1.465756479709999953e-35 3.481517874370000129e-25 4.137017446259999812e-56
1.290965294840000092e-19 1.949126001029999888e-01 6.216874158870000500e-01 1.528975970620000124e-01 1.336595987810000024e-06 3.050105035180000063e-02 9.309507912160000210e-50 3.916979103239999641e-27 6.216263437690000198e-34 6.169700198649999814e-17
1.313450619139999982e-19 1.645367083150000020e-01 1.833745148899999883e-16 3.407763410299999851e-01 1.523302585599999870e-01 8.415966973989999313e-21 3.423566920960000037e-01 5.323406839480000078e-31 2.974782644869999890e-34 5.609767024809999764e-70
1.176576413329999919e-62 1.013776756699999993e-06 1.584677772119999945e-29 6.665880912049999552e-01 9.862081528999999539e-05 7.815961452020000087e-59 3.333122742030000252e-01 1.028678483539999983e-21 3.021610315129999973e-29 4.917042032239999595e-40
5.301191556339999937e-16 2.889627224870000234e-76 7.311529051249999744e-01 1.650092133900000055e-25 9.262315126970000532e-40 2.688470948730000143e-01 1.760526652190000076e-144 8.616110407109999349e-22 1.928259338129999946e-12 2.872503324500000123e-65
1.679457844319999881e-30 1.770064079139999898e-49 1.728883419989999948e-01 6.138935908500000183e-15 4.222013286849999880e-01 8.526413767579999644e-12 2.544366518880000027e-46 6.519003316149999672e-15 4.049103293069999943e-01 2.282302706179999920e-38
1.177308536120000076e-22 2.355094305599999997e-13 1.076231191019999950e-01 1.419427001459999960e-41 4.412542337750000043e-01 1.368041103350000093e-07 1.095641306360000019e-14 4.511225103190000252e-01 1.784361337529999957e-18 6.336120415069999767e-30
5.514779103710000241e-01 1.523087301600000108e-14 1.941505461159999925e-30 8.296992232039999658e-65 9.762937149620000640e-100 9.509333196060000548e-02 5.278320412929999896e-44 3.534285795359999871e-01 4.658972433229999925e-39 1.781318953670000129e-07
1.546762934729999963e-10 2.473678363700000023e-43 7.416263151259999670e-22 5.007621403169999486e-01 1.431985599920000094e-18 1.375851126109999965e-36 1.143210643029999995e-10 8.396220040240000127e-60 4.992378594140000070e-01 7.079043857369999521e-38
6.666809312960000344e-01 1.417640609820000096e-88 3.128152635870000058e-15 1.015421612570000011e-53 5.590779864930000091e-64 1.032393725789999989e-17 4.679697655240000286e-36 7.958544211280000688e-24 3.333190687040000211e-01 5.600450409289999911e-43
3.870655943340000071e-01 1.032418890840000026e-08 2.083571683909999916e-01 2.806330590630000036e-24 6.083457332140000091e-37 2.868399791089999984e-01 1.536327497789999908e-32 3.306624443209999924e-09 1.091020633439999953e-30 1.177372445340000018e-01
2.369020524300000097e-01 5.800957581490000319e-19 2.205219868230000167e-09 3.217006695060000143e-01 4.333144439270000351e-18 1.259118799519999929e-20 5.553099795719999799e-18 1.542546034560000088e-52 8.397731257280000046e-08 4.413971918819999951e-01
2.238587647629999844e-02 4.980681710140000088e-10 1.181834219130000030e-44 5.631551414150000046e-01 9.468438699279999405e-46 2.064612175940000021e-26 9.919957351560000457e-06 7.242426765520000474e-33 3.793864920730000230e-16 4.144490616539999728e-01
8.108160968670000517e-09 1.876585508209999836e-02 1.386903445370000014e-18 7.034851376280000235e-01 1.439325657120000032e-36 2.204510116330000035e-08 1.085868099409999932e-21 3.432321356840000153e-05 2.840314093469999862e-23 2.777146539229999878e-01
4.042932094170000211e-18 8.243373448840000117e-01 2.332092374929999922e-17 7.693436176999999662e-44 4.644582874969999902e-45 5.997592832600000257e-02 2.328087401159999920e-44 1.156867267899999996e-01 2.016293762979999938e-58 1.669293306300000052e-21
1.345898117080000023e-19 4.317756111789999851e-01 4.288613208409999822e-01 4.676886164059999966e-21 1.386892400120000035e-01 6.737351127739999498e-04 4.331069849359999925e-15 9.285525607109999410e-08 2.007902248919999866e-32 1.167305560539999978e-61
5.712958264749999904e-01 2.342434514449999955e-20 1.005846465949999951e-22 1.221592482529999942e-23 7.879948524369999793e-43 1.080929657359999950e-16 4.284765884319999829e-01 2.220645901600000049e-04 5.520503168590000348e-06 1.523065087269999925e-15
2.050251533520000114e-16 1.497603579380000140e-23 1.210609652989999900e-07 8.915528695960000168e-26 2.825521207480000130e-01 2.230673548850000132e-01 1.854616670609999965e-18 4.943804026840000199e-01 6.226753309779999828e-10 1.497991612459999962e-49
5.750640619650000059e-30 1.601302303090000045e-01 1.580110426970000037e-01 2.834416625350000274e-01 8.348001358949999617e-02 1.270373991819999871e-10 1.328869651769999934e-18 3.149370507429999910e-01 1.686077710720000027e-18 3.864079813799999947e-32
2.051202649949999952e-31 1.605308181910000090e-47 6.593842141900000390e-13 2.721701761720000112e-01 3.081300825839999868e-01 1.725616864130000025e-29 2.803122646170000160e-20 2.072015512209999899e-29 4.196997412440000019e-01 1.132093380169999903e-31
2.326562235459999891e-38 1.040366046090000066e-48 6.462449686209999685e-24 3.450879721459999929e-15 2.741806693380000048e-01 4.158490537159999839e-67 3.039410629220000160e-01 1.593599318829999984e-58 4.218782677360000122e-01 3.635919285919999922e-12
8.169886622130000160e-07 6.567088457689999847e-34 3.988019946699999788e-09 4.864839013239999899e-01 2.007925007269999854e-14 2.961970131279999946e-02 5.369599607220000312e-40 1.658247873209999885e-14 4.776236707159999817e-01 6.271905670470000194e-03
2.640615622990000189e-01 8.250156876209999605e-10 8.110312361550000262e-38 5.885923864469999600e-01 2.859553968120000088e-37 1.473460504290000084e-01 2.689814201930000186e-32 1.742208649819999999e-31 1.453818513930000068e-43 3.855017003319999843e-56
1.670410829319999973e-17 6.256999906800000399e-01 4.950559857990000004e-11 1.601860336950000093e-11 4.027517873519999669e-09 3.743000052259999877e-01 9.901041368210000398e-38 1.213261427029999978e-27 6.360357193879999895e-49 1.856906129719999985e-50
1.391736790289999949e-02 6.772129610570000458e-02 3.795796216599999773e-01 1.795313192619999998e-01 1.139939695979999974e-04 1.173531762030000092e-03 3.579628670800000245e-01 2.257341203110000118e-09 1.040352396769999963e-13 6.917268107850000453e-30
4.585176606479999806e-01 4.842784483800000114e-09 1.160199310059999989e-01 8.988012364119999847e-13 1.745137771920000080e-01 1.563877904529999974e-01 7.128629155419999308e-02 3.690105463249999791e-10 2.327454393440000005e-02 1.662300344389999939e-45
4.407663619789999876e-01 6.249417663879999857e-15 9.284902290050000028e-60 2.592421653369999870e-14 2.796250579980000058e-38 3.421920229200000236e-16 3.211195727489999929e-01 2.311657790610000186e-12 4.428007535289999932e-11 2.381140652260000101e-01
5.690506957099999551e-17 1.949328174119999979e-01 5.832840688030000383e-25 3.542117229700000175e-02 6.034381002809999921e-16 7.696460102909999934e-01 1.002447694069999998e-44 6.874614074609999319e-33 3.434597936500000176e-55 2.406094250479999892e-83
6.347968872749999800e-49 1.430751461660000035e-38 4.999996935859999936e-01 1.178765904229999930e-43 5.000002940179999467e-01 2.501024075729999969e-26 1.278377616690000049e-28 1.238967123180000062e-08 5.844578672130000096e-12 2.487266189060000229e-16
9.304361895389999327e-18 1.059213714979999991e-42 1.599618335989999979e-31 7.935770246620000386e-88 1.841217086039999917e-48 4.075921985220000109e-37 5.992418867119999604e-01 2.780939011799999847e-03 8.661024013380000083e-08 3.979770876659999845e-01
4.792280922140000185e-25 1.213842524509999993e-01 3.345793553590000102e-11 3.141610715550000044e-01 1.362528090629999966e-01 1.206833979450000045e-05 1.037178448930000087e-24 3.693565179750000205e-01 3.185437626290000160e-15 5.883328058360000334e-02
1.283450905990000113e-01 2.546109846669999922e-37 5.825108668200000009e-09 8.021957718209999921e-01 3.549442350860000127e-34 6.945913175239999682e-02 1.346166353609999915e-66 8.762476904239999576e-32 2.385310750800000065e-12 4.165234034780000415e-25
6.491833501729999753e-16 4.124129878599999688e-02 1.898675461289999898e-29 6.335737071279999946e-05 3.384238913520000169e-01 6.202714524860000189e-01 5.387642885230000178e-17 5.235705250139999710e-12 1.794196904560000058e-27 8.990937757450000259e-38
6.691674887010000268e-15 1.341468320220000061e-08 3.799236040749999765e-01 2.270347089560000057e-58 7.407580237979999653e-44 6.200763595599999567e-01 2.591607478340000008e-61 2.295014326560000154e-08 1.132921321419999992e-57 6.717172243140000124e-18
2.657759159939999949e-02 2.105173375340000005e-51 4.804386075200000050e-01 1.066897835019999935e-31 7.248719094240000609e-45 1.931534021529999858e-26 1.487009562039999912e-26 5.406247845140000217e-32 4.376190711369999931e-01 5.536472974349999909e-02
2.180146810300000078e-24 7.502176327459999516e-01 8.901570555189999831e-54 2.496814923050000024e-01 6.813335170889999564e-31 1.008749487170000034e-04 5.919489635590000245e-50 8.518377471040000290e-31 3.247378491680000117e-73 7.475876186859999782e-110
1.658893852620000053e-01 5.104539459230000333e-03 5.229052503250000150e-01 1.268208809939999973e-02 3.504851132629999890e-07 2.499496388039999795e-03 2.909185571339999998e-01 3.328249570500000044e-07 2.224058344189999996e-11 6.705001371639999894e-25
1.441178962529999896e-53 1.321811206289999945e-61 2.046297941779999974e-24 4.264102119529999905e-51 1.670347074049999981e-17 1.123869496700000069e-89 3.786436915929999869e-01 1.361620928109999906e-26 7.669260136330000033e-02 5.446637070440000228e-01
1.555685959660000014e-30 3.471981784030000164e-22 4.238209772439999745e-01 4.058287054740000177e-01 1.703502886319999965e-01 2.864960844389999980e-08 1.905027744539999947e-50 4.884248074689999786e-30 1.750408391860000036e-21 9.437340953109999830e-82
1.974698339359999999e-49 8.190700044690000344e-50 1.463707225690000088e-50 1.908306939770000044e-01 1.303269425599999924e-05 1.788574271120000104e-85 6.227224814220000404e-01 1.013462221910000029e-60 1.864337919069999905e-01 5.766800918630000424e-23
4.361672178780000020e-01 2.696954943380000057e-53 2.772566431760000172e-01 9.199652370799999312e-68 3.217594173080000125e-38 1.827694410479999976e-01 8.524984383619999738e-36 5.949954411580000416e-06 1.038007479440000019e-01 2.710053312139999992e-42
2.488714033360000114e-16 1.083606213069999991e-01 7.619837006169999476e-08 5.465969612870000200e-25 2.821170392419999895e-01 6.023102137339999551e-01 4.269134772359999613e-15 7.211942834770000352e-03 1.920280650599999908e-23 1.066845422230000035e-07
5.275870571340000037e-01 4.101401506519999907e-01 3.037453503530000146e-31 3.517560627339999978e-32 7.246516178860000093e-48 5.847283634360000287e-02 8.909267999440000686e-18 3.799955821920000202e-03 3.482172267549999780e-28 4.849371988690000266e-11
7.201691214290000323e-03 2.175232926550000068e-16 7.376161431120000331e-14 1.534956004730000101e-01 1.476445661789999864e-01 2.008492507019999929e-01 2.716644012419999754e-01 1.150993473280000068e-02 2.076345554569999918e-01 1.664376983520000104e-34
5.010954608350000061e-01 3.746346969189999765e-01 5.495932735369999940e-29 5.133962390170000029e-02 3.079248362090000028e-12 7.293021834129999326e-02 1.357507854890000087e-15 1.996086147370000059e-35 6.511380288239999635e-26 5.135617303299999698e-44
3.954929646279999742e-26 2.294301296760000023e-50 1.405206977770000026e-07 5.553072619449999458e-23 2.466873535299999880e-27 6.130128744760000370e-25 4.708269525710000031e-29 4.932132014739999959e-01 4.881967393600000205e-01 1.858991864530000135e-02
7.992730887909999324e-06 2.562895473929999963e-30 1.124236894659999926e-45 2.428244322279999867e-01 3.537050638249999841e-28 2.570910595680000051e-24 2.691726284670000000e-08 6.507700056600000249e-28 1.230413987400000020e-01 6.341261493840000263e-01
2.065567066369999871e-01 7.342160812780000283e-10 1.357937730289999918e-24 4.371943805379999727e-15 4.884562038060000222e-02 5.436089147510000386e-01 1.684078084039999923e-01 4.255511256260000208e-09 3.258049637020000305e-02 4.484669285000000201e-07
1.856916546489999876e-07 1.270791851299999942e-01 4.036599941350000298e-18 1.958033103600000102e-01 1.719908792859999869e-01 3.296127012499999731e-02 5.599069560069999657e-06 1.973604223769999822e-03 5.829247744269999698e-02 4.118934886710000076e-01
3.438389260789999928e-17 6.220627466589999655e-01 2.125447511519999881e-16 6.371705084660000336e-46 1.858268151350000104e-51 3.306045669650000129e-01 6.095343223840000236e-49 4.733268637569999771e-02 1.927611004279999907e-61 2.052115420579999892e-18
1.560851588820000024e-01 1.816371328110000004e-12 1.056897913470000033e-01 4.305774998210000204e-01 4.889946495439999839e-03 1.079015568730000013e-01 1.864257095459999902e-01 2.761712277680000130e-05 8.402719910460000260e-03 8.226481310650000499e-60
4.285433224740000102e-01 5.714559681069999453e-01 6.976746950129999950e-43 2.598390179679999865e-17 5.699510746510000249e-38 7.092713100579999839e-07 1.468649011980000027e-10 9.837591593690000114e-16 5.333272401379999940e-28 1.055031790299999965e-20
1.535405850820000000e-15 1.059734030260000007e-19 7.017316922559999615e-01 3.627733237239999756e-24 4.519837814960000196e-36 2.982682705260000233e-01 3.236569502169999745e-97 8.533170165920000624e-24 1.240178926729999935e-38 3.721840956420000130e-08
1.095561183899999939e-22 9.590728396360000130e-03 9.998400908139999532e-08 2.573396001079999995e-01 3.975726345609999907e-02 2.342062097019999983e-02 9.391107686469999725e-29 4.915853652439999832e-01 1.250414037950000065e-13 1.783063218419999874e-01
3.154548523670000128e-19 1.947140566320000044e-01 6.217827850329999961e-01 1.531791250960000128e-01 5.633691690290000239e-07 3.032346987000000132e-02 4.504116512369999964e-49 5.136006275929999719e-27 1.499737784130000056e-34 6.036425084379999655e-17
5.250443057289999604e-01 4.069230456030000220e-01 1.695901261929999934e-31 5.540145385440000021e-03 3.407641663259999883e-49 5.850046312030000167e-02 7.270210535829999445e-18 3.992040152939999725e-03 4.597549058920000000e-29 9.974875958860000292e-12
6.560391016789999565e-22 1.157299667620000066e-09 1.049088778529999946e-02 6.085452095400000205e-01 4.827959058659999972e-09 1.224608573560000102e-25 3.030514984929999836e-02 3.491903013439999759e-01 1.468356161809999949e-03 8.933442062780000133e-08
9.851976224430000424e-21 4.999869084970000044e-01 7.954563532599999985e-10 5.302067367480000408e-10 3.287626089809999991e-06 2.491663891990000064e-04 3.430268284560000179e-13 4.997606361610000270e-01 2.517526626670000040e-26 1.106265506460000057e-70
6.336513818410000032e-05 1.864936257450000054e-08 4.983251825080000086e-01 1.719708395440000039e-06 2.495711872009999943e-01 4.078985746130000206e-18 2.496658773079999949e-01 2.548901164859999942e-34 2.372649487419999873e-03 1.266106848289999967e-13
4.622843205389999628e-16 1.665071705719999930e-21 1.088423678799999963e-07 3.978628591410000121e-25 2.825555997709999767e-01 2.230384030120000083e-01 8.319355541600000099e-19 4.944058876749999887e-01 6.998607831679999626e-10 3.621074253079999794e-50
1.701193481189999982e-23 3.532027310759999800e-38 1.364905002410000075e-37 2.873150101349999958e-70 1.038804521310000000e-41 4.346359684159999829e-44 7.999429963719999481e-01 1.077523113390000045e-10 8.641721392309999575e-12 2.000570035120000090e-01
1.667742183519999868e-04 3.857517854860000058e-51 7.069206163170000613e-27 1.510401474950000148e-104 1.036915273269999944e-55 9.106288808439999628e-17 1.244630017980000038e-15 7.482925686739999582e-01 2.515405308429999875e-01 1.262647674750000109e-07
1.135758023570000043e-20 1.251208173040000066e-13 8.763320184400000268e-02 6.010639856260000546e-39 4.511001885009999768e-01 9.002122766609999970e-05 4.974217462780000124e-16 4.611765884280000227e-01 2.340556454580000006e-18 8.777803346969999510e-30
1.710048024299999913e-20 4.446528019519999889e-14 8.745445055440000115e-02 1.091265159960000051e-39 4.511911799710000004e-01 7.223220598590000406e-05 5.589505480349999842e-15 4.612821372690000254e-01 1.153595324640000071e-18 2.866425256460000124e-30
1.152832499650000040e-09 5.168698644900000492e-10 1.538457461860000045e-67 1.790209109269999989e-44 1.357699958870000096e-56 8.745766469830000177e-26 4.000188819589999834e-01 9.363828835389999381e-16 5.203253716680000321e-37 5.999811163710000450e-01
3.215625380870000272e-01 4.415879407509999965e-01 1.247871586399999963e-10 2.366443789359999883e-01 7.433948410919999883e-16 2.051420844560000094e-04 1.701362237579999928e-11 3.847367836480000190e-23 4.156264386100000088e-22 2.923530342699999842e-14
3.215728569130000027e-52 1.140566915229999991e-18 1.459773710290000061e-11 4.907342608859999733e-01 5.092657390999999478e-01 5.195765767189999769e-20 5.863107056190000101e-55 5.660089705779999695e-49 1.188720594849999970e-45 2.093906096840000059e-160
1.599242690029999937e-30 2.777683629590000166e-33 1.400127703869999962e-01 1.170747079829999950e-13 4.283235275580000168e-01 1.011994644529999948e-34 2.312947981660000175e-09 4.874257561189999921e-15 4.178339648120000249e-01 1.382973493000000040e-02
3.241362818759999838e-24 2.916934916059999859e-38 6.170975348150000025e-05 1.428949870350000047e-27 3.360367778689999918e-01 6.481382844590000015e-14 8.847525532159999625e-27 3.671313492780000082e-18 6.639015123770000137e-01 3.435227035219999873e-29
4.434852697960000099e-49 1.567857700640000011e-11 5.983561747759999946e-44 4.996000256020000085e-01 4.997712322339999957e-01 1.818786572869999847e-58 6.287125667640000104e-04 6.335250679209999891e-57 2.803826887389999893e-33 2.958191870199999899e-08
7.997672386830000368e-01 2.761085247529999920e-16 1.187727779809999964e-53 2.002327613169999909e-01 1.597300896950000059e-35 1.453908955360000012e-18 9.465256850810000558e-14 4.467050498200000118e-56 7.961141372990000213e-27 2.568794056560000068e-39
4.357079479540000128e-11 2.929542952900000051e-13 9.629416855880000570e-02 4.321138778740000186e-01 9.755806378769999288e-19 1.197935721459999928e-16 9.931910800199999585e-09 3.910796541789999803e-01 8.031056161600000354e-02 2.017277973409999895e-04
4.093665886270000008e-17 6.256531022860000180e-01 3.550868035220000236e-07 7.207726199169999635e-12 7.498751832570000517e-08 3.743464676320000240e-01 3.515781253949999818e-37 1.261412816270000072e-25 3.618828913019999732e-45 5.215481229450000239e-46
9.769880213469999801e-30 1.471316482600000045e-33 1.663296850769999958e-10 2.195640152809999986e-06 6.654747824750000262e-01 4.121543857119999868e-43 2.027319089989999910e-03 2.789419983410000074e-26 3.324667866730000032e-01 2.891595544919999916e-05
1.518383706570000085e-45 4.126097202289999804e-12 1.617707474199999914e-28 3.336012095329999871e-01 2.663679900270000248e-10 1.729125148869999958e-83 6.663987901960000126e-01 1.508379629979999977e-64 4.290591395699999637e-24 9.165846681320000128e-18
6.472913669749999661e-03 1.575920986650000005e-15 3.376993975839999797e-13 1.550992833969999929e-01 1.457482219790000033e-01 1.978520189330000012e-01 2.710584560190000269e-01 1.724800121160000033e-02 2.065211047899999930e-01 6.369726822039999488e-35
2.733530648999999754e-07 9.516193015899999941e-02 1.728859871599999873e-17 2.330011922349999876e-01 1.887791628349999862e-01 1.484914293549999958e-02 7.951596935409999493e-08 1.143193611219999947e-02 7.573684759709999569e-03 4.492025980939999830e-01
4.398978753650000240e-01 2.162892565990000158e-53 2.804735379539999851e-01 7.471966164040000502e-69 1.202373593510000050e-37 1.791750134279999906e-01 5.680665175599999914e-36 1.298580839810000030e-05 1.004405874450000069e-01 3.353886685520000184e-42
3.285547303320000001e-01 9.437781560689999684e-18 1.382824850940000128e-01 2.968893981040000019e-01 4.608100955140000305e-06 1.920125633310000024e-01 1.471601907570000097e-31 4.888954018899999938e-32 4.425621502490000025e-02 1.352744999110000077e-11
1.124002660680000034e-17 2.695209911459999982e-05 1.740915750750000046e-01 3.217064527379999990e-06 2.262936956440000091e-01 5.995845550889999931e-01 2.783136701270000190e-19 5.028603874430000366e-09 4.421651111700000050e-22 1.027476520829999988e-86
1.028705223529999963e-01 7.005523668330000397e-01 7.965837890519999545e-31 4.571713025020000081e-41 1.669276582630000039e-43 9.048516674180000116e-14 4.937123483879999730e-04 1.136163712129999951e-13 1.508887032169999866e-26 1.960833984650000028e-01
2.421544170399999937e-19 8.747840655160000686e-03 3.466239304670000031e-04 3.530580557860000124e-04 6.709942352429999479e-01 1.898503371599999934e-01 1.295487395600000074e-37 6.874637899070000446e-16 6.574926878240000228e-24 1.297079049550000085e-01
1.759412863280000042e-17 8.242640549349999901e-01 1.723902434529999969e-14 4.002438886810000283e-40 1.718965995919999999e-42 5.960470646990000121e-02 3.630098416610000187e-45 1.161312385959999971e-01 6.236250249760000436e-54 4.614632218719999694e-18
6.578708623320000104e-47 6.639278544700000229e-01 4.217398888329999743e-07 7.365144676269999771e-38 3.182139376579999985e-07 1.298308985349999941e-23 3.657059142740000292e-08 3.360713690059999870e-01 2.513647321339999978e-39 1.662655563600000037e-42
4.400201893100000189e-30 3.502861677409999951e-32 1.363126866590000097e-01 2.683423149700000053e-50 4.293509744130000194e-01 9.315057496119999414e-31 2.006463840879999987e-07 7.073314616630000127e-14 4.121624481510000049e-01 2.217369012989999985e-02
3.333460481800000208e-01 1.009763611900000027e-94 2.324929466779999947e-06 1.069189558509999930e-21 7.231067891300000158e-65 5.187548169950000173e-18 1.617226101330000085e-71 3.270659825730000198e-50 6.666516268900000153e-01 6.576032631429999563e-31
1.513810346590000091e-24 4.509471380330000168e-01 2.325329595829999890e-35 4.501876141369999806e-01 2.384741265940000129e-14 9.886524783029999874e-02 1.164759765480000025e-54 3.120699927080000021e-44 1.402138976569999985e-77 2.197379726530000201e-158
3.976897086589999825e-02 1.059463953329999989e-10 4.453545100230000211e-27 4.014087553169999878e-01 1.300420375569999974e-02 3.990364432160000141e-01 1.452493991899999892e-01 6.421247767329999606e-04 8.900876941620000345e-04 1.507888104040000141e-08
1.073691365219999968e-44 1.049200446100000036e-57 2.460168142240000133e-01 2.832250120800000094e-38 1.611299437389999929e-15 6.172766354099999965e-24 1.825706386060000108e-50 7.446352673589999860e-01 9.347716273280000029e-03 2.021437640529999940e-07
1.667885815139999992e-35 6.934555713379999542e-01 6.917429908899999962e-28 2.603094037509999861e-02 1.191958924869999936e-03 3.071623441429999992e-57 9.224222792639999446e-03 7.372821640790000234e-64 2.493210856090000047e-24 2.700973065689999952e-01
1.367735798699999927e-18 3.809103682119999862e-02 1.356024532180000073e-30 1.807901025839999922e-05 3.407993983029999896e-01 6.210914858649999593e-01 6.164581580529999707e-18 1.922197009069999988e-14 6.215480586979999589e-29 3.636759915199999935e-38
3.070965985739999848e-02 1.977846273880000097e-27 1.254904219670000095e-07 6.940493160299999663e-27 5.913163326219999633e-26 5.412366746569999831e-01 2.118735615720000114e-27 6.207028488039999540e-04 6.899971699879999906e-11 4.274328370770000274e-01
5.165870424740000022e-01 3.977129030659999898e-01 2.589405332679999961e-07 2.372948661059999867e-02 4.900155984419999970e-17 6.196938787339999893e-02 1.103860484540000076e-11 2.188458717820000067e-14 4.784803508900000092e-21 9.210245995880000330e-07
5.138265929609999873e-53 6.866364584500000379e-60 1.550848450150000055e-24 1.169511101659999972e-48 6.828757648819999679e-18 7.913132027440000094e-89 3.775500393060000071e-01 5.242803149559999709e-27 8.149410888789999918e-02 5.409558518060000321e-01
1.487122647000000131e-01 1.345542225880000109e-01 2.693221477730000107e-14 1.638787929429999962e-21 2.331899783989999919e-01 1.851616949290000036e-01 2.411317556410000063e-01 1.845415974900000049e-11 1.597911810819999976e-09 5.725008212709999794e-02
1.858500419779999935e-08 1.185955038929999971e-52 7.499566913890000075e-01 1.031954702450000022e-63 9.962562344159999490e-37 5.912030518449999547e-23 1.362243586280000045e-30 3.476048634209999970e-25 2.499174812630000075e-01 1.258087633130000051e-04
1.271922918289999926e-02 3.154478912850000073e-03 3.126627203540000106e-11 1.391861721129999925e-28 8.322476066860000354e-02 4.665395639730000044e-01 2.351379559569999889e-01 5.630536190050000238e-08 1.869964125890000092e-12 1.992239549669999887e-01
2.951209217579999886e-19 4.319244800040000221e-01 4.290378625019999892e-01 6.633441262100000129e-21 1.384452387050000011e-01 5.924044137660000207e-04 5.104264853599999627e-15 1.437516369320000023e-08 7.283954242860000385e-31 3.497209630490000084e-63
2.851698190080000133e-30 6.334193735389999358e-02 3.848497586290000050e-01 1.837869358310000034e-01 2.662653900160000115e-05 7.965113732199999597e-32 3.612805206699999938e-01 1.996364950409999919e-07 4.627120238879999834e-15 6.714021340420000053e-03
9.966142703610000408e-43 3.601985898850000123e-22 3.073361037629999823e-05 6.850818195659999591e-89 1.820384130069999973e-23 3.616799623659999835e-15 7.955315488089999600e-53 2.017150792940000104e-01 8.196543849660000626e-30 7.982541870960000452e-01
1.298368346549999899e-04 1.261307244630000011e-85 1.056765733309999990e-17 4.072710895530000203e-32 9.866683014149999829e-44 3.959156821390000210e-22 1.793456072369999930e-53 5.048942677139999622e-49 3.332906323129999904e-01 6.665795308519999463e-01
6.943203867409999778e-55 3.424465613480000004e-01 1.469905833509999884e-16 3.332439880699999968e-01 3.243094505820000029e-01 3.791353929799999796e-24 3.919609531949999819e-50 1.093152184000000004e-63 7.471911726189999764e-73 1.613687892840000005e-58
3.224305847319999807e-01 1.450811217479999989e-15 2.186015139570000043e-01 2.635178755679999929e-01 5.161737341870000200e-04 9.824804438989999389e-02 4.239589604490000274e-02 8.436437731229999592e-05 5.420554719560000123e-02 5.699176669110000541e-54
1.175011261920000097e-31 1.623579091840000044e-01 1.610268251049999932e-01 2.823440687459999876e-01 8.126254549899999957e-02 1.293402807650000043e-11 1.828297286539999934e-19 3.130086514529999975e-01 1.127310284629999975e-19 1.238936430350000058e-30
5.329155364500000271e-39 1.926246133719999894e-23 3.061732013949999853e-04 1.410222613069999996e-14 3.360003142419999977e-01 2.414416766789999896e-18 1.042285997819999978e-23 6.636845799970000348e-01 8.932559142360000067e-06 5.764009466889999665e-13
4.715654539510000273e-86 1.000000000000000000e+00 1.141861319439999952e-72 4.342539871550000144e-40 7.774024144540000833e-37 6.033783058910000097e-50 1.485882185040000032e-38 5.549433188870000364e-49 0.000000000000000000e+00 4.305425244469999725e-83
4.285443218860000014e-01 1.376966440039999992e-13 2.056415577560000026e-11 2.392685710829999984e-06 6.826243517350000462e-11 1.148817139250000080e-16 5.714532846319999582e-01 9.866611840480000160e-35 7.070935001299999786e-10 1.537638350039999978e-32
7.059025475410000266e-20 4.317075198329999863e-01 4.287813932639999992e-01 1.303211723180000006e-20 1.388027243409999945e-01 7.079864689189999507e-04 3.149302675449999815e-15 3.760933544629999799e-07 1.045766605999999970e-32 2.155684176569999982e-61
1.093510992199999991e-06 2.139871313480000117e-33 5.017737626529999740e-09 4.902990508839999984e-01 1.355411360959999984e-13 2.052422531820000118e-02 1.525680385979999885e-39 6.135547325210000063e-15 4.826596700299999876e-01 6.515955238299999883e-03
7.500547620509999680e-01 7.887329960650000198e-24 3.224897630309999963e-59 4.640896016709999562e-56 2.798498762789999834e-211 2.173386737089999858e-17 5.925462248130000252e-29 6.126048777669999565e-07 1.042546669319999975e-35 2.499446253439999988e-01
5.239854625159999779e-01 4.062577603579999863e-01 1.313840431859999956e-07 9.152414674179999363e-03 4.484809877920000191e-17 6.060422654270000015e-02 5.104663237329999895e-15 1.399532088639999957e-15 2.073076492069999950e-23 4.525334895089999851e-09
2.906093623190000047e-10 2.114909968809999887e-52 3.078336466250000125e-01 4.191791879299999746e-01 5.768818860229999977e-20 6.767045064479999580e-14 2.839741444560000047e-42 3.531135677269999661e-30 2.729871651540000110e-01 8.350993755919999944e-37
5.000213373890000090e-01 2.778795652459999837e-55 9.523284078369999913e-05 1.067606390140000005e-17 4.700299244400000311e-46 2.977796084569999827e-18 7.766327377390000559e-57 4.277393372149999860e-53 7.140043069320000251e-06 4.998762897269999894e-01
9.655891029330000498e-29 4.624282875849999863e-01 4.078193362370000075e-01 1.346385527600000042e-12 3.154103400069999765e-17 2.650743733710000234e-10 4.533815432189999910e-44 2.437295871839999845e-09 6.620906942670000288e-33 1.297523734740000101e-01
3.381969166779999899e-18 6.256999800329999806e-01 9.029391996830000285e-11 6.699734234980000354e-11 2.030659781470000067e-08 3.742999995030000249e-01 3.387785634559999884e-36 8.228047023880000113e-27 1.061561899549999942e-48 3.571476238929999665e-49
1.710584340920000044e-33 7.093967550519999594e-18 6.320329900690000369e-18 2.102103701909999819e-93 1.637633245399999912e-18 9.160813766030000000e-33 4.944805883080000131e-01 5.053692399639999611e-01 4.639905211579999862e-17 1.501717274939999873e-04
5.632067207109999729e-18 8.291532063919999640e-01 2.934719739009999956e-18 1.175574494109999948e-42 1.564494391770000043e-44 2.264650990800000027e-02 5.243690959280000115e-44 1.482002836999999906e-01 2.951122232860000018e-59 9.534447453650000694e-22
9.090530243819999781e-29 9.184305053269999440e-44 2.979815447310000046e-04 1.465547271950000119e-01 2.131703685130000026e-01 1.103901877889999972e-19 5.474674076169999888e-29 1.998512466839999892e-20 6.399769227479999989e-01 1.481360115459999909e-29
2.556105479340000126e-17 3.688631822660000007e-08 1.323991522819999953e-79 6.678304122649999508e-01 1.626944525649999913e-45 3.263694022400000273e-57 3.321633056609999968e-01 7.919781614989999976e-59 7.812578841610000320e-31 6.245188013169999908e-06
2.335872922239999988e-49 8.552804177010000168e-23 4.719797989160000079e-04 5.054672981719999769e-20 3.258776623030000263e-01 3.324913754679999891e-44 6.790718457870000002e-02 1.267846269350000055e-01 3.875843973380000231e-07 4.789581587999999779e-01
1.797257930719999973e-15 1.827649488990000114e-04 1.402016095230000070e-82 3.473015663920000142e-29 4.019834410530000069e-48 1.093385633809999915e-31 5.999127499080000314e-01 5.457226821099999959e-28 1.073928999860000049e-43 3.999044851440000103e-01
5.426582598929999704e-08 1.325023239189999980e-17 5.722368775670000168e-23 4.613322606900000084e-36 9.298584465689999384e-16 1.517177792300000101e-10 3.304864114809999975e-01 6.626776956719999667e-01 6.835838429709999685e-03 2.057384171530000019e-15
1.347303653770000080e-41 9.658400649780000344e-12 7.499997108429999892e-01 2.101400793240000103e-13 2.500002891470000099e-01 1.392859038340000078e-20 1.148978685860000076e-30 1.033120182759999967e-25 2.675618753929999838e-33 2.303495647399999902e-46
1.657818663890000035e-45 1.850931626639999999e-15 4.986057303589999923e-61 1.135230202830000050e-10 1.469282956960000102e-16 2.230069575430000140e-74 3.996580109869999897e-01 4.469584822160000043e-57 8.423467464059999623e-31 6.003419888990000342e-01
5.193870755909999470e-01 2.172434125709999941e-01 4.524538429930000161e-32 2.716300640169999961e-02 3.694985996179999836e-20 1.067327818840000051e-19 2.362065054359999972e-01 2.344021458959999815e-50 1.223132190350000059e-27 2.844878631550000176e-14
2.154117814459999837e-09 5.120736380999999578e-19 7.519477024529999244e-15 3.917155705099999996e-01 3.937941065539999896e-01 2.415020668489999961e-26 2.363388650120000142e-02 3.562949913140000109e-59 1.908564342809999925e-01 2.042992278259999905e-42
2.755893057500000132e-01 1.369238834869999921e-01 4.132713487530000255e-10 3.600545761169999644e-21 2.648617950580000032e-19 2.075417912439999832e-03 1.483544400139999997e-01 4.370569507770000195e-01 1.645691402089999992e-09 6.506399495840000259e-24
1.942049737430000072e-71 3.725316127739999801e-17 3.634368311490000086e-02 7.387380799579999869e-44 4.490196308969999772e-01 9.224484219610000474e-41 4.479967649229999706e-15 4.242918545989999846e-01 1.600301605380000042e-20 9.034483138960000548e-02
