2.000681850859999944e-01 3.418506942079999864e-09 4.648223951380000110e-31 8.227926088189999119e-59 2.438489278810000168e-90 4.194399444410000141e-26 1.324559853659999966e-06 3.945417331480000253e-18 2.274887402599999857e-45 7.999304869359999959e-01
1.625578491680000071e-01 3.668858066250000055e-14 3.989693314080000053e-01 1.703478685699999984e-13 8.422095284099999522e-31 1.107905938250000035e-41 1.352405256360000009e-31 3.713411452629999759e-36 4.384728194240000154e-01 1.340745774180000109e-23
7.963670588169999842e-01 2.312204625530000221e-47 4.087011912049999822e-22 1.405611271320000077e-08 4.629294536809999687e-09 8.901536373410000170e-64 6.196993764870000028e-62 4.354992873919999867e-14 4.177974098400000225e-02 1.618531815139999941e-01
1.153718677579999990e-01 8.597681388600000251e-41 1.765403739530000075e-37 1.543222475869999999e-02 3.633249665250000149e-01 3.057129064890000019e-22 5.715526803400000354e-17 2.482377484629999879e-23 1.297323098130000092e-26 5.058709409580000038e-01
6.665490504109999881e-01 4.938018804229999515e-16 3.334509495890000119e-01 2.879842522400000159e-73 2.850528392870000042e-26 3.863162695580000156e-25 2.054164365860000082e-68 1.565980023109999977e-29 6.807287547799999562e-28 2.991064771659999920e-47
3.073576432400000032e-07 6.700856696500000210e-13 2.150907076849999939e-19 3.354221122400000241e-16 5.712790909170000209e-01 1.504087130160000056e-09 2.099615184699999935e-22 5.422454750639999757e-04 1.228027883290000014e-12 4.281783547440000115e-01
5.143411970750000112e-25 2.349360294579999988e-10 1.141749388529999981e-32 1.006057385550000044e-01 1.447011939479999898e-01 1.048691189590000017e-01 6.496977529390000061e-01 8.109088588020000025e-21 2.103282401119999919e-32 1.261953636149999876e-04
5.572476615139999589e-01 1.314572926349999897e-22 1.184663331420000021e-01 1.553165148729999945e-01 5.208187318119999945e-30 8.538074650730000373e-21 1.689694904719999946e-01 9.268066672749999200e-118 1.005451827779999996e-25 5.281161193100000034e-67
3.273783169669999826e-01 3.318938718560000007e-32 5.113379991629999895e-14 1.286511157780000081e-01 2.415302633820000100e-01 2.754763496449999788e-16 6.760393865539999866e-13 3.392781705729999839e-12 3.024403037919999870e-01 7.723368406810000432e-11
3.994083292389999928e-01 2.312582658550000059e-01 3.631462000289999783e-05 2.039555089950000055e-04 5.848875994929999889e-39 1.843891743130000049e-35 1.052648850660000082e-06 3.539290339820000084e-24 1.578806890499999949e-01 2.112113930779999926e-01
3.916070709699999808e-46 4.535302499490000254e-19 4.024557973699999791e-01 1.562936795730000111e-07 5.975407637449999809e-01 3.282591369399999931e-06 2.827285755920000275e-23 9.058113604729999066e-72 9.441753783280000405e-23 1.176887259350000002e-126
5.020240126330000052e-01 9.324829938049999572e-27 1.759497331070000026e-07 9.521557758210000220e-19 4.979758114169999805e-01 4.150823653760000013e-20 2.852416151450000067e-39 1.353401493529999923e-28 3.795912608070000093e-24 1.636832328109999875e-29
3.332158464839999890e-01 2.281906852399999941e-14 6.667841535159999555e-01 8.491085923249999897e-31 7.087351518210000368e-66 4.560050122969999946e-50 7.264242630199999635e-25 3.837344902610000047e-69 1.588288688999999939e-15 2.418229949030000000e-47
3.207046901259999816e-09 2.512030731950000151e-01 1.193203017709999966e-08 8.371896603530000710e-18 8.145852614969999430e-52 2.304469594080000113e-25 9.895382583789999464e-02 2.909814650619999888e-08 6.301166707769999542e-01 1.972638595250000154e-02
1.940298310029999959e-03 3.031241503090000149e-05 3.982325482829999763e-01 1.098691274800000065e-66 5.363563383439999691e-08 5.997967873549999718e-01 9.025865342169999336e-43 1.507819352809999951e-12 9.680965947530000690e-41 4.539596305420000046e-37
1.796505822749999971e-16 3.484209548720000171e-38 1.977596197269999876e-29 1.395825118699999973e-24 2.395013889809999997e-17 3.767343735650000205e-51 7.253133220180000119e-57 2.312444800079999918e-01 3.982554553020000165e-01 3.705000646900000194e-01
4.203825138450000276e-01 1.474727854269999958e-05 4.140195664729999790e-37 1.742374620329999954e-61 8.765878598329999538e-49 2.878350465660000079e-01 2.903761277740000146e-01 8.430038522079999935e-17 2.239159165079999888e-82 1.391564536700000063e-03
2.803084658449999864e-02 2.781925210919999891e-01 1.314632339869999944e-01 7.436256398619999775e-22 1.410504372219999991e-72 1.651902167159999963e-28 2.298499815539999935e-01 3.429389734729999753e-23 3.324634167839999876e-01 1.329790706040000062e-13
3.332158469470000162e-01 1.204524607939999982e-17 6.667841530410000273e-01 2.020605760909999955e-117 1.160214556949999943e-11 4.660128077190000054e-18 4.824583225099999923e-116 9.220949118409999749e-19 3.424820195229999716e-45 4.417567197830000017e-53
1.029114932810000060e-03 8.994165442059999516e-02 5.035933695269999566e-01 3.122029882819999765e-17 3.831838444089999777e-24 6.553218825930000151e-03 3.988826422940000005e-01 1.441461252659999964e-37 1.225927130590000052e-20 2.219046941890000012e-32
6.000000037760000460e-01 1.663995319320000044e-12 7.087560037630000131e-21 5.954336529629999886e-36 9.435379124700000260e-33 2.929070697319999867e-25 3.326028854140000211e-28 5.299791029049999633e-13 1.359769600480000056e-25 3.999999962219999983e-01
1.599921460790000012e-40 8.830890264209999822e-14 4.350503657929999735e-33 6.459586169560000353e-33 7.995693630160000019e-19 4.000000256979999724e-01 1.877919438169999846e-09 5.999999724229999609e-01 4.888468651780000064e-32 3.132423914899999956e-13
2.384945088459999943e-27 9.974164928759999252e-15 2.565753597389999752e-01 4.190223044989999784e-02 2.633975130380000136e-11 2.443609976960000110e-02 6.770746917459999903e-01 2.866481387709999928e-39 1.161826920170000050e-05 1.012140557319999967e-60
5.677871446830000500e-10 2.014535997419999929e-19 4.146704624399999983e-01 5.563908340419999599e-01 1.698587330909999899e-12 1.047364192739999891e-25 4.365565906630000022e-15 1.424169571479999951e-27 2.893870294830000120e-02 1.018695008149999932e-28
9.048078827640000410e-40 1.117939165349999958e-01 3.620248136000000208e-06 1.103904224159999977e-03 6.368122121940000564e-05 3.293856940370000208e-01 2.856638107159999943e-03 2.380420791129999897e-03 5.524121248369999737e-01 7.149437870890000276e-20
1.001408953020000015e-08 4.207283696899999942e-17 2.209297540890000060e-17 2.038777596309999940e-01 4.080548791420000007e-46 2.656006284790000074e-38 4.729932001130000008e-01 1.692704631310000108e-20 2.622869852470000041e-01 6.084204499519999670e-02
1.442566483879999979e-07 2.516573849230000154e-04 1.820745755169999869e-01 2.356809024060000086e-39 3.149423125629999820e-01 3.233423032180000045e-01 8.632650540570000141e-35 1.793890070599999942e-01 6.238356018039999858e-22 3.094639398670000187e-20
2.978558688910000168e-69 1.130298098759999932e-24 5.819818113480000065e-61 1.539920400970000083e-41 7.455211615019999849e-01 2.254518894779999894e-01 1.269238553979999994e-27 2.902694902050000081e-02 2.182087701350000039e-60 1.662259298110000051e-16
6.618134265260000011e-35 4.857734667179999799e-01 2.325221228069999924e-01 3.242203921499999893e-28 1.062381953289999974e-11 2.596440325740000103e-23 8.096324344249999379e-52 1.130918520089999914e-02 2.703952252640000053e-01 2.324226329449999932e-22
1.156058843779999984e-01 4.472734523440000109e-01 1.403441002530000058e-02 3.603155414010000300e-11 2.292113537610000073e-30 7.186560426959999693e-23 5.074430821809999553e-10 4.100357330560000199e-17 4.206084552770000262e-01 2.477797431520000187e-03
6.232820993919999664e-01 1.077649633740000080e-18 7.387684076049999549e-02 2.691978010039999853e-32 3.028311022110000139e-01 2.215911839999999887e-38 2.389317210589999897e-90 9.875726707470000533e-06 8.190900128539999536e-08 9.278170298699999626e-16
3.397464648449999955e-74 4.975428457389999532e-13 1.490167117099999938e-33 2.292871418750000098e-02 5.061286447190000218e-03 7.725903818970000433e-03 6.962547394879999851e-01 2.680293560570000122e-01 3.629600912889999702e-18 7.161617488420000028e-13
1.285508628300000011e-01 4.490840484829999868e-01 3.680471741870000157e-03 4.835766351320000136e-12 3.355815061960000018e-27 3.886812098400000070e-23 1.579331576379999993e-12 1.375016660910000003e-13 4.181308442680000126e-01 5.537726708939999781e-04
8.417767658780000420e-57 1.153833253179999963e-01 6.431695614380000342e-21 1.463448510640000030e-14 1.118069221159999941e-51 2.916628588009999846e-41 4.256952102899999859e-12 2.673111668800000063e-01 1.738255411699999864e-01 4.434799666279999886e-01
1.855329305520000125e-32 7.501451226460000417e-19 1.558600350549999853e-39 8.759290133099999566e-10 1.803058208920000076e-57 1.458488061049999981e-39 5.998012398900000042e-01 3.251451432769999823e-20 4.378326283580000051e-14 4.001987592340000011e-01
6.665490504100000102e-01 4.482511770110000359e-16 3.334509495899999898e-01 5.260103456580000369e-18 4.106350961849999851e-89 2.176351633499999899e-64 1.444008683509999926e-15 2.362872298319999888e-101 1.111568352190000084e-15 1.580907699080000114e-48
7.844734329220000024e-01 1.165315630009999964e-01 3.447885885929999942e-29 2.964877181749999984e-71 5.165583593739999764e-76 1.425626137289999973e-13 5.847607780560000147e-08 8.808369272650000543e-17 7.271286470919999605e-59 9.899494560140000010e-02
5.610018904189999489e-01 2.481494556489999975e-02 1.951553572540000079e-04 8.969830346509999919e-36 1.089530088969999935e-14 4.112253063480000335e-12 2.107132602600000148e-33 4.137985137190000051e-01 2.693202471890000113e-19 1.894949365490000129e-04
1.127437762269999953e-38 1.002687659250000020e-28 5.488884495829999821e-01 4.516782654540000030e-10 2.113882187760000031e-01 2.397233311899999997e-01 1.812122535199999981e-19 1.358542138660000023e-106 4.648784882439999901e-38 0.000000000000000000e+00
2.317823353570000119e-02 1.455805121270000114e-16 9.238596635009999616e-14 2.569928097220000041e-01 3.052084262169999687e-39 1.744071531650000086e-37 4.198669907759999820e-01 1.343299222669999884e-22 1.658735997790000138e-01 1.340883661879999911e-01
3.635196459979999663e-05 2.059600414839999922e-20 5.302154441080000336e-01 2.386785185620000083e-01 3.572058711310000009e-27 3.627405042640000374e-21 2.310696810479999919e-01 9.563263436459999741e-46 4.316918388949999763e-09 2.022592626510000009e-38
1.193785745819999935e-33 1.971994935539999864e-17 4.075354023080000054e-01 5.347625949589999842e-30 3.732155739770000117e-32 8.104053192039999416e-45 1.641259737959999911e-50 1.213276975390000001e-20 5.924645976919999946e-01 6.267188896289999729e-45
5.403670933140000139e-29 7.611660953310000620e-05 1.442600764690000012e-10 7.823025084859999792e-07 1.959386387749999872e-18 1.495153449850000059e-07 4.487032245459999791e-01 2.661746796999999851e-08 5.512197002650000011e-01 4.708247841600000042e-14
7.465047198910000354e-38 1.020220442840000054e-09 3.303571739749999853e-10 4.162394930939999904e-01 8.133365286959999552e-02 1.677103999450000049e-01 3.304232533609999800e-01 2.212403575050000188e-12 4.293199378259999859e-03 1.181978052010000060e-27
1.710112094249999988e-18 2.069726466900000084e-04 5.912201641439999773e-07 5.443271760309999923e-05 2.809559979560000160e-11 1.495379779979999947e-07 4.486013264009999779e-01 8.958578239289999356e-09 5.511365184869999601e-01 2.636966677399999843e-12
2.938936837380000115e-47 3.536445330699999889e-01 2.293075224579999964e-07 1.217818661200000081e-09 4.852436146199999856e-01 2.911511513460000177e-11 1.640261270850000132e-26 1.104334673270000039e-02 1.500682750219999861e-01 1.011885967059999987e-18
1.055895083079999909e-06 2.320110266160000101e-01 1.450429780380000089e-01 1.389356562140000058e-07 1.252967552220000016e-08 2.043705082879999909e-26 1.249621746090000040e-29 3.825063545540000043e-07 3.113610053149999946e-01 3.115834001650000240e-01
1.745351322180000086e-21 3.640488949859999930e-20 2.821490929730000041e-01 7.108582731860000337e-01 6.393242993560000267e-03 5.927824621899999537e-04 6.608384886589999669e-06 7.485484783490000398e-46 1.225896109079999927e-17 1.218006814259999937e-64
5.999293746980000064e-01 4.000610638500000094e-01 9.541932754189999744e-06 1.629199405380000008e-78 3.752224613010000200e-29 1.926695400379999988e-08 4.522544886720000067e-37 2.523666094110000199e-10 1.768465328750000083e-49 3.494830147789999972e-21
2.659164757449999916e-01 1.881839612460000088e-01 1.499272654329999904e-06 3.607897861680000040e-01 7.657312764400000135e-13 3.100021494500000265e-11 1.742261121560000070e-01 5.372165513360000469e-19 2.069731082609999988e-09 1.088216331159999953e-02
4.001848848430000216e-01 2.151257263219999783e-31 2.994251360479999909e-27 5.553478297600000318e-24 2.897859059250000234e-44 7.398296316799999483e-52 2.537110442100000071e-24 3.791836221560000263e-18 2.245482743169999886e-13 5.998151151570000339e-01
5.478826798089999633e-16 6.147645738209999998e-93 4.094577698569999876e-66 3.999999779580000192e-01 4.821554189919999655e-09 1.780201337909999978e-61 2.971864995639999889e-33 6.163090485399999946e-22 1.195271821140000113e-16 6.000000172199999593e-01
5.658946469419999792e-01 1.409637818310000013e-02 6.269144654509999624e-05 3.406563354550000025e-39 1.086940869259999942e-38 8.577268663749999858e-12 2.054725558100000118e-09 4.199427660839999965e-01 2.497551198109999827e-10 3.515031089549999910e-06
2.659148559790000072e-34 4.251260944199999892e-01 7.033785023380000544e-05 5.272264647259999780e-33 4.691677142439999800e-29 9.321133744220000697e-25 1.759935163749999871e-30 4.378941441379999994e-02 5.310141533159999927e-01 3.334008867160000108e-17
1.186058314920000025e-35 2.674192313140000277e-01 1.492284606350000042e-01 1.693978414370000007e-27 8.410906318529999590e-07 6.361420513700000128e-27 8.082268737879999149e-62 1.985538471709999975e-01 3.847976197899999895e-01 8.059126311810000057e-19
2.525063235410000046e-36 5.722717797760000263e-09 4.698493123829999642e-18 5.339889967439999720e-14 1.386445228540000074e-33 1.383015169570000069e-40 1.322254369880000106e-22 1.207088996470000036e-01 5.558020711910000022e-01 3.234890234400000231e-01
2.234603294780000097e-04 9.499571107410000048e-02 5.016484632819999678e-01 3.258784576379999877e-16 2.857044165809999972e-26 3.612639031540000167e-03 3.995197262829999763e-01 4.079504696529999766e-41 9.065778660339999459e-32 9.643502499350000305e-34
1.097530337770000016e-16 3.408327016649999920e-25 4.055905187719999806e-14 1.071412702449999956e-06 2.594330409180000130e-01 5.003903086400000033e-01 2.401752916840000085e-01 2.873333877430000137e-07 1.192424934030000014e-11 3.411908914259999729e-23
4.238478465540000007e-26 4.999996938299999805e-01 5.000003061700000195e-01 1.458515266199999939e-82 2.675161571339999944e-52 5.043356761809999796e-23 7.814628567040000204e-50 2.170113892820000110e-36 7.757468508629999960e-38 5.340518789290000303e-64
5.556537384459999673e-01 4.435096826900000090e-58 1.525230993679999935e-25 5.761471831079999726e-09 1.611071179509999951e-02 5.242204314609999977e-79 2.113970463949999877e-88 4.417340604140000233e-17 1.578161647330000028e-01 2.704193792649999817e-01
1.230463630159999879e-13 1.208778059249999870e-38 4.582208250480000046e-39 2.629661159609999847e-03 5.038435060129999865e-01 1.984243206179999817e-06 4.917860347049999858e-01 1.317037536810000086e-06 6.499392670509999692e-28 1.737496841540000060e-03
3.004526408629999978e-01 7.096141317890000688e-02 1.220966837520000059e-26 5.404441205400000322e-53 2.096870537150000118e-41 6.209942732569999624e-01 3.517286978770000055e-03 1.194906217750000035e-11 3.738860989670000179e-51 4.074385710079999820e-03
2.073102441929999872e-05 3.147639018060000016e-01 2.692101932460000134e-06 1.200218103170000030e-15 1.647834780610000044e-47 1.952500927969999912e-26 6.550524927520000535e-04 2.656789073440000113e-11 6.211097874730000523e-01 6.344783507500000030e-02
4.759107456510000209e-03 3.107744046529999863e-03 4.936190068660000208e-01 5.720637813000000281e-68 2.264438713220000114e-04 1.811206859400000018e-12 9.436279741370000195e-70 4.982876977580000255e-01 2.885730235790000041e-26 1.029801748830000076e-18
6.330731047719999661e-33 2.068422790800000098e-15 7.170272334589999907e-01 2.079077938429999954e-27 1.053442279849999954e-09 1.570483713940000088e-40 1.188924360639999975e-84 4.162060255500000240e-16 2.829727654879999887e-01 1.399554957739999984e-39
3.198535813200000244e-01 3.478897789010000053e-23 1.503083784860000067e-06 6.468120650599999966e-01 7.837947475799999509e-49 1.039330739219999975e-44 1.757295775049999955e-03 3.441790601620000049e-47 3.157555476130000094e-02 1.956124605810000073e-22
7.288229749460000540e-61 5.966468003010000354e-01 2.064625393459999913e-18 6.635088842260000070e-14 1.752961084540000103e-01 1.504660761059999907e-01 1.575579238990000078e-15 7.759101513860000576e-02 2.961337255110000161e-15 3.198401445120000290e-17
2.951552373480000047e-03 1.931462462659999935e-01 1.514775891779999994e-01 1.652351226119999948e-06 8.089469090660000449e-40 4.180297085809999775e-26 6.121899114349999699e-02 3.813376941870000216e-10 3.184152893459999967e-01 2.727886789599999751e-01
2.630497947400000161e-02 1.305636511350000003e-61 1.982281183959999952e-53 2.952937566280000037e-01 9.649202981479999830e-02 9.593810440369999002e-10 3.936003490269999738e-01 1.737344270110000042e-19 1.024167213220000027e-33 1.883088840970000011e-01
2.487892656410000125e-01 4.997493602160000270e-01 4.466069961440000214e-21 1.744399919469999964e-46 2.836812894349999963e-146 1.124846102959999938e-34 2.514604580400000011e-01 7.142271797249999780e-40 2.119551053359999898e-40 9.161035409909999951e-07
6.642689293110000073e-32 3.450279199359999886e-71 2.962851621020000023e-120 7.805250321289999990e-11 2.623324384790000088e-13 8.349895504100000699e-15 5.998012333259999940e-01 7.978691544579999883e-21 1.907456953619999971e-60 4.001987665960000107e-01
1.098982660330000000e-01 3.015753246910000122e-19 6.313895755759999506e-01 1.391845909390000136e-01 3.723782703199999955e-13 1.864371634920000123e-05 1.195089237349999944e-01 9.103425565419999290e-80 2.955234049020000126e-33 1.454765209830000003e-61
4.078731640980000062e-09 1.096799760170000094e-22 2.041119186179999878e-01 1.311894258549999955e-48 4.799080125549999853e-01 2.184278738969999859e-54 3.788505106439999909e-271 1.923928380909999958e-01 1.235872266570000044e-01 2.128513064820000013e-18
7.807664574029999762e-49 1.370413247600000066e-19 4.024558822989999785e-01 7.872777770469999811e-07 5.975406450279999726e-01 2.685395289270000125e-06 2.185870539619999891e-21 8.550737940059999552e-71 4.048567853839999871e-23 1.834521732429999983e-127
3.996614251460000045e-01 2.618050346050000062e-12 7.942225247520000771e-09 3.134740345810000165e-23 6.412987230740000574e-20 6.376065387620000345e-26 6.415087524670000227e-27 4.985226175019999983e-01 3.483825480039999857e-07 1.018156010249999938e-01
3.906588893589999931e-37 4.979246280610000186e-01 1.051286334279999957e-01 9.322110222989999266e-15 3.968896028960000044e-01 5.710633037049999821e-05 7.566673193169999929e-24 1.469101205389999906e-11 2.926991308960000090e-08 1.435991357430000025e-31
6.410612833640000341e-01 2.060888091420000126e-60 2.303456129550000117e-32 1.921273548949999910e-01 2.671467026780000293e-23 5.110061697780000285e-25 1.668113617420000083e-01 3.170621242889999817e-49 3.434752062020000067e-26 7.678761990440000441e-24
1.032629551889999997e-01 5.910054707410000275e-36 1.065496291869999938e-16 2.817937156800000009e-01 4.590047210009999823e-01 3.097184358970000085e-06 1.559355109449999943e-01 1.401549461820000048e-28 4.647260598810000244e-14 2.553359015509999926e-25
5.171541148940000035e-06 1.037731203559999974e-17 4.024526486180000084e-01 2.494319380270000036e-50 5.975421798409999985e-01 8.067903347610000304e-18 3.305563352909999760e-76 2.733354477519999783e-19 1.453616159699999977e-24 1.199767424530000073e-42
8.297308328819999468e-02 1.654320561910000010e-25 4.288839336920000072e-30 6.595655715850000198e-08 4.541837390660000140e-01 2.847269068150000138e-01 1.781161438370000016e-01 1.119955004519999955e-22 3.976661940350000004e-32 6.103753112029999967e-08
7.406326419060000163e-46 7.409938470860000312e-18 1.573195411320000014e-01 3.523206859179999960e-11 5.199209516599999636e-01 6.827494371220000288e-31 2.280523146420000214e-59 5.776751294289999989e-28 3.227595071739999821e-01 3.245950308230000073e-55
1.467528145329999986e-15 5.857791342629999898e-01 2.596577029630000000e-15 1.163685991299999967e-32 7.251363805470000229e-101 2.235442622000000068e-32 3.578923479989999934e-01 3.775858619180000227e-10 3.403308042619999977e-15 5.632851736049999947e-02
1.443213340710000036e-53 3.317805091519999972e-02 1.815197148159999885e-01 9.702573170269999936e-02 3.053366553549999862e-01 3.829397164109999974e-01 1.307892922000000111e-07 2.841481210550000219e-29 1.064714938989999949e-11 2.977179892590000060e-54
1.625573296870000128e-01 4.512520504400000241e-14 3.989697932960000193e-01 7.876891549630000314e-13 9.989092731530000248e-29 7.868064355239999765e-42 9.133438921340000393e-32 1.272254915139999918e-35 4.384728770160000177e-01 6.135094992369999698e-23
4.999439535810000224e-01 4.751587149450000217e-09 1.305816913700000006e-09 3.608019518019999846e-36 1.700737362940000131e-14 5.000560403620000205e-01 1.520903303169999958e-14 8.859463553199999697e-22 1.340453347839999982e-34 1.380985511679999888e-25
1.295358947030000041e-01 4.502930968689999869e-01 1.317177838619999937e-03 9.291941510100000229e-14 6.719244338610000447e-27 3.692688139869999783e-23 2.341057865520000168e-12 1.127775923160000000e-13 4.187764604640000221e-01 7.737012247140000502e-05
8.113736048470000163e-30 8.926712230510000512e-02 5.025852850580000419e-01 8.813705478949999700e-12 7.573127068730000262e-18 1.135087663629999986e-02 3.959472248220000101e-01 7.787326223350000361e-09 8.494833826689999470e-04 2.705975745070000089e-28
3.280147566170000054e-07 3.205111607859999837e-19 7.231794528359999584e-20 2.282744993570000047e-01 3.134290605360000102e-35 6.403805443330000075e-36 4.470184583269999901e-01 5.623667837729999745e-23 2.162296823750000097e-01 1.084770319260000004e-01
3.262044916389999875e-05 4.891754014640000148e-01 7.772661932190000345e-02 4.166563951119999776e-01 1.255157285429999922e-02 3.919970203050000259e-04 3.464495779440000117e-03 1.481055309220000137e-11 3.155616002440000180e-10 8.976686214160000003e-07
7.876289056599999894e-02 1.855159851000000026e-01 5.853356843160000270e-06 5.428146634399999559e-01 5.091798400359999737e-05 1.421648188059999931e-11 8.861574819580000079e-10 7.854934917999999688e-16 9.570100174769999869e-09 1.928496790829999918e-01
5.999272017860000084e-01 4.000570180729999814e-01 1.471702295260000014e-05 4.089865789190000257e-77 8.014551686609999776e-28 1.050272482369999924e-06 2.296736304849999805e-34 1.284538435689999935e-08 4.493258702769999777e-48 3.528716304009999851e-19
1.062812289869999956e-52 8.429742811730000168e-54 3.043941933670000104e-78 2.226556686060000012e-01 4.554776695639999873e-01 4.093144484790000087e-14 9.002756755730000473e-07 7.483051934310000573e-05 2.862094689830000071e-30 3.217909310350000052e-01
4.230778295150000035e-01 8.076509109989999219e-40 7.070883163190000367e-12 5.814900843680000238e-11 2.792161451899999869e-01 2.977060252229999926e-01 7.536363661569999891e-12 4.413955068470000462e-81 1.839083268050000084e-58 1.157620399149999933e-74
4.293847241829999994e-01 2.125281723900000090e-29 2.969970990459999995e-09 1.078142642950000068e-21 3.890475368499999864e-01 1.059558148760000057e-56 4.371769165379999697e-98 3.797431305570000276e-02 1.327941508480000032e-01 1.079927209369999953e-02
4.298857895820000219e-01 1.845292937700000020e-29 5.939375531830000165e-09 3.150731630839999899e-22 3.892825818710000108e-01 7.805944190769999641e-56 1.368819493540000020e-98 3.658603602970000174e-02 1.347820233600000028e-01 9.463563217539999392e-03
4.183629246479999819e-72 2.997267641019999998e-111 1.760991798529999871e-66 2.076140634549999975e-01 7.923856358830000390e-01 4.180984818179999918e-54 1.735346358759999940e-44 8.342507053859999639e-16 3.006623941059999752e-07 2.183883331800000059e-25
2.353430048489999885e-57 4.999761462890000008e-01 1.714575145409999946e-18 2.696867089220000053e-31 6.097725270950000262e-58 5.913749404890000112e-30 4.417322860920000391e-15 4.999066016739999729e-01 1.172520333940000031e-04 3.208226196499999889e-12
4.380543986129999796e-04 4.930053412570000182e-01 4.267940576389999804e-19 7.429201131799999524e-21 1.426061266610000010e-68 3.082120340960000160e-33 1.352480371939999981e-02 6.833364332009999795e-31 6.026962379369999699e-22 4.930318006250000162e-01
4.001849115080000074e-01 4.794019152189999835e-29 9.972982199320000459e-25 6.915217073279999910e-21 3.817737148220000196e-49 9.009290323090000486e-45 6.519364214020000144e-17 1.017832160350000027e-16 4.707094484860000301e-11 5.998150884449999776e-01
6.423139101210000312e-01 2.013077350440000050e-21 1.763584915699999948e-31 2.556952088279999963e-26 9.015248214670000370e-20 1.351846571249999962e-01 2.225014327540000003e-01 8.515993426179999499e-35 8.839817490459999883e-64 1.423216572740000078e-17
4.595753432050000229e-48 7.301218999729999970e-35 3.375771928629999816e-63 1.508379365670000139e-57 9.486750652640000419e-47 1.682302001119999862e-54 3.917945743240000025e-53 4.997603813879999968e-01 3.852503222759999857e-23 5.002396186119999477e-01
7.304084407500000386e-29 9.446849386960000372e-02 4.989695716209999743e-01 3.563830753330000242e-10 4.213321479879999868e-14 9.872378857870000093e-03 3.952751015629999976e-01 7.211062494740000098e-08 1.414381621440000082e-03 4.473291846070000007e-28
3.333788766499999889e-01 4.211772423519999796e-19 1.433457978329999904e-07 1.519562755009999904e-04 5.315321711170000435e-56 1.615029324570000079e-41 6.664644580590000089e-01 1.197454377520000118e-44 4.565669373060000362e-06 1.089442774449999931e-22
1.945735115280000064e-58 7.498785768179999645e-01 4.511244478499999858e-18 4.165692471739999811e-48 4.306377156869999751e-32 7.550730340580000117e-25 1.427331991969999930e-45 2.501214231819999800e-01 1.663328445129999998e-17 3.608975790409999712e-18
6.691734959229999702e-05 2.896122233699999979e-69 1.613114105339999925e-38 6.702399832059999641e-09 7.585672153859999918e-25 3.295428315970000185e-92 4.741674969250000077e-51 2.293154237820000190e-18 2.335665696850000028e-01 7.663665062629999580e-01
5.290213732679999652e-111 1.865330745229999866e-70 3.956666044509999794e-166 4.286229775800000086e-01 6.045004515639999801e-39 4.989343831340000291e-46 4.278681110049999958e-01 2.481944350700000197e-22 4.286151436629999636e-34 1.435089114149999956e-01
3.996551571299999939e-01 7.388729447219999287e-12 3.232785789360000043e-08 3.899320077550000223e-23 6.513179285809999958e-19 3.673240064350000194e-27 2.235931095219999868e-26 4.985054205669999794e-01 1.120342395379999988e-06 1.018382696259999970e-01
4.710688153400000022e-02 4.224456626330000320e-24 2.499317163580000067e-29 1.377422121989999932e-08 4.735967373609999975e-01 2.677473699840000054e-01 2.115486040519999889e-01 1.102383442749999964e-21 1.972799768580000135e-29 3.932946697830000020e-07
1.099845069230000055e-01 2.152738379710000017e-18 6.313558238019999491e-01 1.403397828959999927e-01 2.446219639009999976e-13 1.836181394250000108e-05 1.183015245649999964e-01 2.010215026179999971e-80 3.215539960789999747e-33 7.809326239629999317e-62
6.005450268149999994e-05 8.194326298389999431e-15 5.668758603200000357e-01 4.226252717030000161e-01 6.369317700590000284e-03 1.861452792410000087e-16 1.429071565050000044e-17 5.047081003699999957e-37 4.069495773909999684e-03 7.791191593109999620e-31
3.330861067270000087e-01 4.997571763290000191e-01 1.671567165570000124e-01 6.529865959030000032e-31 6.351207673350000310e-65 1.339278645990000130e-26 3.876090739370000003e-10 1.449739985619999934e-41 1.739120420629999867e-26 2.503739589510000140e-25
4.159244524359999774e-103 7.473781514039999629e-02 1.890858188580000073e-21 1.748988946629999874e-01 5.867518516930000233e-02 6.494916772750000122e-01 4.145818825320000262e-02 7.382281126460000110e-04 1.138635752829999941e-08 6.769819822030000036e-23
2.775237264300000062e-01 2.110814119729999933e-12 1.524571399700000037e-07 7.255793452670000137e-25 1.627601783279999936e-01 3.021442706569999912e-27 4.336104764519999791e-57 3.419568249309999919e-01 1.878839176330000110e-02 1.989707260870000050e-01
3.721875604730000074e-53 3.520758208579999882e-01 2.491655330880000064e-06 3.481342029760000205e-10 4.846650414349999991e-01 1.617932239970000089e-09 2.063607923790000135e-26 1.365196700769999959e-02 1.496046770770000089e-01 6.776899740309999884e-21
1.272695063709999941e-18 3.376952359309999818e-01 1.358875488579999928e-06 3.912258454970000132e-01 1.994482776969999926e-01 3.031635732660000151e-11 2.668557423169999869e-15 8.877415019899999662e-03 8.141562216090000468e-04 6.193771072789999721e-02
4.153240307309999935e-01 1.137831749529999948e-66 3.718243159920000051e-37 2.877092418289999842e-01 2.808656934920000237e-01 1.558489729539999992e-55 1.870754792090000111e-46 1.728829476359999840e-24 1.126086841030000022e-10 1.610103383539999988e-02
4.214534262240000051e-01 1.518319856260000025e-25 4.135129461889999747e-04 2.907510347769999837e-01 7.565278299060000391e-54 1.121609123890000060e-42 2.873810066649999939e-01 6.133380250990000294e-69 1.019387918370000022e-06 5.335566389359999645e-38
9.758624054650000724e-53 7.498785572049999626e-01 2.202694761659999938e-16 9.536049451770000249e-51 7.189272686109999626e-25 2.711378744290000227e-26 4.987764911039999800e-55 2.501214427949999819e-01 6.017137159779999621e-16 1.565091405080000123e-17
4.014938092570000073e-04 1.605481077529999994e-09 3.329338209270000237e-01 1.685844216860000073e-37 8.959686578219999813e-14 2.948661338830000275e-20 1.463665107439999912e-42 6.666451396270000052e-01 1.954403042809999927e-05 1.163868457549999975e-14
8.241513685260000166e-01 2.705298494870000048e-52 2.145395830979999794e-25 1.946536655759999873e-02 1.733995351870000132e-02 6.160109902380000307e-02 7.744221237420000070e-02 2.339172061490000063e-89 6.612464287069999658e-55 4.176089461469999876e-57
3.596178079940000060e-67 1.133899808089999951e-07 9.816661946050000768e-40 1.375007707810000090e-01 3.505736576399999804e-01 1.388408834039999984e-01 3.572223225910000077e-01 1.531822279589999981e-02 1.136075048539999959e-14 5.440293973530000229e-04
1.281420387650000065e-04 1.173353801720000006e-02 4.917990826779999880e-01 1.899191047669999891e-69 6.204818492739999863e-05 2.483878104850000044e-10 1.574183861320000100e-71 4.962771888329999825e-01 4.157957506389999623e-25 2.496622849900000110e-20
6.950482548139999550e-02 1.232835822040000103e-25 3.264849746399999808e-01 7.044602124809999638e-29 6.539319323259999966e-04 2.170602984660000119e-29 5.536351896259999865e-61 3.588963680139999890e-01 2.444598999329999911e-01 4.503559457310000047e-17
3.194610321750000264e-29 3.966556113599999933e-01 2.075751523759999939e-02 8.695948236589999921e-27 4.401764404139999820e-32 2.276457462460000065e-22 4.542034031650000264e-21 8.086819450929999542e-02 5.017186788930000363e-01 1.015656001020000061e-16
1.784464271849999992e-02 5.806079544429999809e-62 2.281714182879999947e-52 2.934413940200000237e-01 1.020953760860000004e-01 2.956639261650000173e-09 3.971930936690000191e-01 5.648731464730000102e-19 3.140611382460000165e-32 1.894254905499999919e-01
1.111991955080000081e-30 1.559843321579999873e-04 2.156598603400000107e-20 1.059560713179999997e-62 1.171120354230000019e-13 5.997269637009999821e-01 3.194007354559999982e-36 4.001170519669999814e-01 1.193378652410000080e-43 1.568822343879999940e-19
4.772605009929999920e-01 9.186419071919999470e-18 2.681552486340000110e-02 4.959239738769999906e-01 3.097001532860000243e-20 7.450560188579999592e-28 2.092042807890000114e-12 4.056272726609999740e-55 2.648447387139999918e-10 1.296395170649999960e-31
1.265096968790000080e-06 8.970926642950000085e-02 1.289210277770000135e-01 1.272702886249999992e-40 3.621072951150000052e-01 2.784768029279999779e-01 4.863313904900000284e-34 1.407843426539999998e-01 4.614858785019999777e-22 2.566075797070000031e-19
1.560994592050000036e-18 6.666670748599999863e-01 8.326589733979999523e-17 7.455148862120000018e-22 7.271183650419999729e-45 7.112223779669999666e-26 1.485779781929999899e-13 7.364575365670000320e-11 7.774852516990000086e-19 3.333329250659999854e-01
1.776441137849999900e-36 1.112881966219999923e-31 5.910468850770000218e-45 5.998273750079999855e-01 3.333841880930000169e-42 4.784409526030000159e-53 3.708075285779999995e-08 4.618054529109999867e-19 3.066862408570000050e-04 3.998659016700000235e-01
3.349520541780000027e-01 1.050548277009999979e-36 5.401807070539999763e-17 1.440698235420000085e-04 6.645603307309999597e-01 3.416100592539999853e-04 1.935208509869999789e-06 5.987657274210000036e-53 8.099696269519999606e-30 9.003489307969999653e-39
3.273985326280000052e-01 2.794348577729999854e-28 6.152507988909999524e-11 1.288203903129999939e-01 2.414263229810000022e-01 2.867489725519999918e-12 1.370512108720000026e-08 2.409373311080000079e-09 3.023547376560000166e-01 2.422247006580000151e-10
5.528325495409999659e-38 4.815330146110000098e-01 5.544696200119999626e-19 2.918941670829999898e-20 1.209132260240000005e-27 4.144052038480000065e-33 9.452451699180000442e-29 2.296330076690000083e-02 2.706096767370000031e-02 4.684427169490000264e-01
2.353920411390000023e-01 1.382176600990000099e-20 1.820080079920000093e-01 1.812796702249999956e-07 3.638285508200000318e-36 8.595074564499999859e-51 1.459571835800000039e-22 1.021231592899999915e-30 5.825997695889999495e-01 3.336982959680000122e-18
1.177532693579999946e-05 3.987556157509999921e-01 7.786476736100000373e-19 3.797899557450000083e-41 3.052642515829999918e-78 5.105441693659999923e-15 6.012326089220000336e-01 7.673498088889999986e-48 3.825787066719999763e-52 3.480993978199999898e-21
6.404537206889999723e-01 5.473635885079999998e-22 1.189690393740000044e-30 5.257543032449999566e-28 1.214204228079999961e-23 1.644523384699999868e-01 1.950939408410000131e-01 2.603437531400000060e-38 4.508095759970000061e-67 3.011342411199999999e-21
5.167766964310000141e-86 4.411046572160000068e-01 6.011663170770000337e-21 2.315677947560000068e-07 3.162250068119999979e-01 3.094847473919999994e-03 7.671762572400000173e-13 2.395752566640000081e-01 2.653804746790000151e-10 7.316154792359999668e-17
9.528088765719999483e-40 2.209194527209999851e-18 2.520801873290000082e-26 5.552234237130000416e-01 4.952321178330000053e-12 6.237894826190000068e-28 3.648833835199999777e-13 4.132880554450000243e-01 3.102110040080000020e-02 4.674204357190000179e-04
4.556056603169999838e-07 2.089949593709999887e-01 1.760982385550000084e-01 1.328231885999999883e-07 1.912086398610000168e-09 1.176424435739999905e-25 1.090349154950000003e-28 1.480373703690000080e-06 2.917386642520000128e-01 3.231660671079999991e-01
5.605046246439999713e-01 2.747706256870000030e-02 9.272673486429999586e-06 3.457037349729999916e-38 4.393176445180000108e-38 2.162269392600000024e-13 1.106425250969999972e-09 4.119754024080000132e-01 1.644753488340000058e-09 3.363495491880000228e-05
4.982196846020000281e-37 1.925645310330000076e-23 4.519377949189999910e-01 3.700423449979999835e-01 8.001321858519999707e-05 1.778030888050000091e-01 1.367580519910000002e-04 5.440206615319999735e-50 7.533685429160000520e-12 1.670622157829999934e-95
1.028614761250000095e-59 4.143952266960000416e-31 2.317133204460000093e-11 1.889031478169999939e-35 1.145355920440000006e-18 6.272727671140000306e-66 6.568857826960000308e-112 1.287255801310000073e-15 9.999999999769999537e-01 6.016530156410000243e-48
4.427480562169999745e-01 6.686339639450000240e-03 3.140999934730000153e-06 3.609613375750000124e-19 5.373332935789999820e-108 1.148110416949999973e-50 4.712883594310000035e-01 6.490219875549999957e-26 7.914215030669999318e-02 1.319534057759999882e-04
7.216275284639999737e-13 5.706278251269999620e-16 2.616821259839999803e-01 3.788467866690000130e-01 5.760497865760000001e-17 2.052665601419999926e-13 1.980710179359999878e-02 5.540989194120000297e-36 3.396639855520000029e-01 4.790593541770000392e-37
1.583091599340000089e-09 4.773411224810000242e-01 7.627570102010000630e-02 4.044482699210000254e-01 2.073399455020000053e-04 6.489489862690000360e-03 6.852715975549999831e-03 7.958960197139999404e-11 2.838535910319999953e-02 2.813751472889999991e-11
8.701281608750000299e-35 2.903794988910000097e-01 1.260731939289999881e-01 2.275110223230000149e-28 2.179718277930000019e-06 7.365828299039999688e-28 5.476333920810000406e-63 1.785124341930000025e-01 4.050326932689999881e-01 8.447301020540000398e-20
2.077888538539999878e-03 4.941312890030000020e-28 6.630720404429999535e-30 6.597503554109999642e-04 4.935002222859999899e-01 2.582696487910000060e-01 2.454918152689999911e-01 8.871810929030000441e-22 1.181437628869999889e-41 6.747606747539999817e-07
1.734585940630000039e-47 3.534619509220000011e-01 3.801330255849999877e-07 4.403210337739999880e-11 4.851764343680000091e-01 2.850302904440000081e-11 3.662470873340000044e-26 1.134789604389999963e-02 1.500133384610000120e-01 9.306432390130000698e-19
5.979008248910000489e-01 1.572888046909999887e-14 1.749507308710000128e-27 1.040133399019999940e-38 1.052843857940000071e-83 2.792111564889999802e-29 8.875895471630000644e-03 9.883672759899999296e-18 1.456031705590000073e-27 3.932232796369999894e-01
1.689676177239999956e-77 3.971790471129999889e-14 9.337949047430000001e-36 2.439103065640000137e-02 3.157664066640000072e-03 8.580843633840000775e-03 6.951038587519999812e-01 2.687663472599999825e-01 2.556312181029999918e-07 3.060895210849999927e-13
2.289562929339999942e-01 2.279608550369999951e-37 3.002066853119999973e-32 1.925211347939999873e-01 1.168679085790000077e-14 1.547575026800000062e-17 1.916657369989999971e-01 6.925701043100000423e-16 1.355135743229999994e-15 3.868568352730000215e-01
1.970253355789999889e-82 2.292417135300000094e-57 2.556701568630000017e-81 2.686655604950000107e-10 6.148400311859999468e-01 3.375490282389999842e-20 4.759872450479999829e-19 3.851599578279999991e-01 1.564951181520000091e-25 1.071677685519999990e-08
3.351357700759999836e-01 1.438622077039999976e-45 1.505448559910000075e-21 2.310321738740000094e-05 6.648411258419999470e-01 8.644233109779999982e-10 9.207227933230000033e-14 5.831015446489999837e-61 2.268546836600000099e-48 6.139819959809999436e-42
3.986147118949999735e-01 2.309420582429999869e-01 7.528999152990000204e-04 2.981914985659999805e-03 9.398061051129999468e-40 4.165538494159999977e-34 3.943668162320000106e-04 1.423396711589999993e-22 1.551255637539999954e-01 2.111884843909999920e-01
1.206598244059999952e-55 1.803994018040000046e-50 8.269723674210000179e-77 2.263009480829999975e-01 4.508055880969999984e-01 1.004129966970000083e-12 4.965505520290000206e-05 7.939827131500000121e-03 5.820023820079999837e-19 3.149039816320000074e-01
1.564661872729999930e-80 4.828311138549999907e-09 3.874534605210000176e-20 2.036888349650000096e-01 9.471994326929999986e-02 9.026728510729999874e-07 5.503535324959999986e-10 3.884254637840000024e-01 3.131648499299999888e-01 1.625094500680000147e-20
4.602469652979999967e-10 2.877940158260000048e-01 2.852779227939999815e-18 2.626505392910000045e-07 3.760242033489999698e-15 4.115524960640000269e-08 4.230813845529999839e-01 1.186504365319999946e-17 1.377760630279999882e-19 2.891242953559999829e-01
1.425450340360000131e-07 4.772010417980000054e-17 3.201676406899999772e-01 1.814276716099999910e-03 8.196320926630000309e-09 2.376256555619999933e-01 4.403922762909999733e-01 4.430270965049999845e-73 2.657636984510000144e-37 1.491123730639999987e-68
4.172848738650000167e-01 3.523413972280000071e-62 8.532493691209999384e-36 2.894533859830000222e-01 2.805271941740000163e-01 1.647747135490000030e-50 5.553892221600000232e-45 4.333324166679999810e-23 1.069554371040000040e-10 1.273454587030000036e-02
