1.227665379939999987e-33 1.156678221489999964e-01 1.990931172489999932e-16 2.498648866730000073e-27 1.546059774719999911e-06 5.930644717640000361e-41 2.207228042749999897e-01 3.920126359480000100e-01 2.715951915679999940e-01 7.122421045790000626e-27
4.767749095170000229e-01 5.496487374330000142e-24 4.557100697599999788e-17 5.232250904799999880e-01 1.814680034639999929e-12 2.698009029109999845e-19 4.764335181559999822e-67 4.546858185389999905e-59 7.678285439459999594e-38 5.269427308350000291e-13
6.788162800300000521e-01 3.806399662089999970e-56 3.507694694319999895e-13 1.059260500770000009e-02 5.128177787239999928e-12 4.375896342600000111e-12 6.707961595889999802e-04 1.976056736870000012e-29 1.327912398400000111e-10 3.099203186600000270e-01
1.345639656319999877e-01 1.987771762299999985e-63 9.376498602399999600e-07 4.045415281210000052e-14 1.315808444980000047e-01 5.889867992089999581e-03 3.500128995899999762e-10 4.004856440599999789e-01 3.998358315550000015e-22 3.274787398180000197e-01
3.236589092009999805e-16 5.767352940069999766e-28 3.908749501079999900e-13 4.940383712370000069e-01 4.577214149539999784e-33 5.059616287620000152e-01 4.999957207519999903e-33 4.599164267629999811e-56 5.171318366750000452e-25 3.675237275050000242e-13
2.750535477980000115e-15 7.195038591199999931e-30 1.705537820339999988e-24 2.917075876269999897e-20 2.870982722429999967e-01 9.946494233159999809e-02 5.113077932080000145e-20 5.504171048880000111e-02 2.009970614059999930e-52 5.583950749360000465e-01
1.574319960610000054e-40 2.323428690410000062e-34 1.257105184089999928e-17 3.541861765750000233e-21 4.730417440840000154e-01 5.330642527450000315e-28 4.706613396639999780e-01 1.025816047169999978e-16 5.629691625259999888e-02 1.654233951919999956e-43
1.521423224249999991e-09 4.066657664689999841e-45 3.973997507729999934e-01 2.023998535169999891e-01 1.033682840370000031e-32 3.062558932369999765e-01 3.131723622239999700e-05 8.709145683990000743e-34 9.391318371489999761e-02 6.348192866970000047e-16
1.113664331019999945e-70 3.674330063480000138e-26 5.523327558679999837e-29 3.481921875319999891e-17 7.422434605459999682e-69 2.781821737160000141e-01 4.725324175570000046e-23 2.481268495990000054e-32 1.726336146339999906e-08 7.218178090210000120e-01
7.276212321819999941e-13 1.340080119779999959e-15 4.554977008680000106e-01 3.029871255859999827e-15 2.911829826949999811e-01 3.943699445349999825e-35 1.477754714960000017e-28 3.536181774909999924e-15 2.533193164349999971e-01 1.607465663199999928e-43
3.501940695869999834e-27 6.550252431750000124e-32 1.946756068739999987e-14 1.439212193559999964e-01 1.768259272600000106e-10 5.106107262240000555e-01 5.219338148349999594e-44 8.744675840580000148e-34 3.454188865119999785e-01 4.916773173560000154e-05
4.651827368569999881e-11 9.830795938279999076e-63 9.815059596200000069e-02 1.479945132959999987e-32 5.855188532189999821e-43 5.980463845390000532e-01 4.561832105940000151e-32 3.037741040629999834e-01 2.160138757409999944e-05 7.314001920740000127e-06
4.483111183259999960e-12 8.043347295229999229e-15 3.264153748199999927e-01 6.735647418160000122e-01 2.839974533420000100e-53 1.988335952429999895e-05 9.232349069400000752e-96 2.535510787489999834e-87 3.066635620690000037e-32 2.187584238079999963e-45
5.494741748869999738e-05 4.776296114270000004e-01 2.399110189449999852e-22 1.421677721440000042e-01 9.628055997359999396e-02 1.196817360850000035e-30 5.074727964830000341e-19 1.545198574519999918e-24 2.314078304920000047e-17 2.838671090379999984e-01
1.912108880590000171e-30 1.918085969030000060e-01 1.466224235279999895e-20 7.532472687589999344e-37 7.629754871880000550e-27 7.998995128460000270e-01 1.669965703350000039e-12 8.291890249450000264e-03 4.015008035270000325e-80 5.268305782720000395e-44
1.133966314369999956e-13 9.348364527289999837e-02 6.837387459559999767e-26 5.931592050660000166e-20 2.553542511160000195e-01 2.760627668229999901e-35 5.276488563519999722e-21 1.382725234530000034e-02 1.178233140950000004e-13 6.373348512659999798e-01
7.758046081609999874e-13 1.694874818429999942e-15 7.759176941210000136e-03 1.380274332459999990e-22 4.748408709349999694e-14 3.313179557779999951e-01 6.606516213349999944e-01 2.712459446669999888e-04 5.638451473949999717e-44 2.219884166709999921e-44
1.464022030159999890e-22 6.037233826200000264e-01 2.793107062629999754e-13 3.895075280620000080e-01 8.020404950799999987e-24 5.477246173239999613e-20 6.436638227710000421e-16 7.544866552380000150e-40 6.769089318060000048e-03 3.094089800270000158e-16
9.155890547400000024e-08 1.904621267189999870e-11 3.170392321009999903e-01 2.313905149810000124e-03 2.772411234389999713e-51 6.806467711710000312e-01 4.953389820100000302e-90 3.980240180249999907e-67 7.960069255160000153e-40 5.150474167660000012e-44
2.576813577060000095e-40 7.211021689810000117e-06 6.686078593429999921e-25 7.501865814029999857e-01 2.498062075760000000e-01 3.804979023979999800e-34 5.910820784300000050e-20 2.194627906280000156e-71 7.313241851929999705e-20 2.124792319949999957e-63
6.121226630960000525e-01 1.330593626340000087e-30 1.550447340430000137e-14 1.348468572309999952e-17 1.043516954570000016e-02 3.397508045330000146e-20 3.774421537579999986e-01 1.360025232790000007e-08 3.907542315240000059e-25 1.236952871719999964e-14
8.155967847980000041e-17 3.900861898349999857e-01 5.058626596850000369e-46 6.662351513319999902e-30 2.136547155959999944e-01 2.101906179570000141e-26 2.324775644900000104e-01 1.637814882030000085e-01 1.326992939100000070e-45 4.187564543280000095e-08
3.294504532699999878e-43 2.948256551110000137e-02 2.660642396410000073e-27 4.869874165079999817e-01 2.797993442829999841e-19 2.149116930150000109e-07 4.832012529679999835e-01 2.526043524240000014e-34 3.276943867779999920e-04 8.557149226909999937e-07
5.307717414540000015e-10 1.953232803470000051e-13 2.411569433450000133e-01 6.078763235860000276e-30 2.784506171519999955e-49 8.637964479430000397e-20 7.923988995750000136e-48 2.922579128200000173e-16 7.588430561240000483e-01 3.458268063860000046e-32
9.578140362689999918e-32 4.999771882630000275e-01 1.309096031389999987e-20 1.788318134189999875e-10 7.990062095129999642e-09 6.064977301419999657e-22 3.785459238679999844e-33 1.310608746399999943e-21 5.000228035679999961e-01 1.595736204619999928e-14
4.594631958359999824e-01 3.549250051899999887e-09 8.675603875249999893e-08 5.530271494179999952e-15 8.994264197569999379e-19 8.868182887770000607e-19 4.677036281879999868e-01 7.247091173910000239e-02 3.346187034880000180e-04 2.755522796580000118e-05
3.041296116300000007e-07 3.040230141179999984e-10 2.616774568309999927e-29 9.394540998369999848e-26 1.848589943060000060e-09 6.665207071209999778e-01 1.976305223389999893e-21 3.334786639719999890e-01 1.965724894119999903e-122 3.226249114079999816e-07
1.312793577349999953e-18 2.826453725289999982e-27 6.910262478419999731e-31 1.176978680329999888e-22 3.328848965899999790e-01 2.830707647380000247e-01 4.086932946219999686e-18 1.643741352180000115e-01 1.187159708840000044e-44 2.196702034540000126e-01
5.998472017760000385e-01 4.001518084480000237e-01 3.929016618100000029e-09 8.822068442720000104e-07 1.036129041389999978e-07 2.710794627770000001e-11 6.683150488880000416e-67 4.266656321930000227e-36 4.179550597889999839e-59 4.368308274530000138e-35
3.904624778190000089e-01 4.061309187769999995e-02 1.336022821359999909e-10 1.785221438290000018e-01 3.904022863400000154e-01 1.265167680889999947e-17 9.269466886259999809e-36 7.812749915559999509e-32 3.623901679299999691e-36 1.727881789380000051e-25
4.157536817580000350e-06 1.535931228059999901e-40 6.090614355060000040e-01 1.317453316320000077e-21 4.619560786200000113e-23 1.332851969640000134e-01 9.497567948519999041e-38 1.685024472470000034e-01 2.219143277320000107e-02 6.695532997240000173e-02
3.645941302629999855e-40 1.088754911289999960e-01 1.221197170650000107e-16 3.767249162329999803e-35 1.466024661329999990e-12 2.223408100159999891e-35 2.181729137739999991e-01 3.966236851470000269e-01 2.763279099479999945e-01 1.003453226620000057e-46
3.845067827070000055e-01 4.847980031250000155e-02 1.039669491840000043e-12 1.824551337789999950e-01 3.845582832000000173e-01 1.009829115930000066e-17 6.898440638489999854e-39 2.765352930269999996e-32 4.861723508809999827e-45 1.114589843940000042e-18
1.620943777500000052e-03 3.768189890449999968e-01 5.822602614370000117e-10 2.850335488650000008e-40 3.022175999329999863e-02 3.467694359000000096e-89 8.428580671290000111e-41 5.913383025489999945e-01 4.052394557779999798e-09 5.544734204170000285e-48
4.038350979529999821e-42 1.051474583870000007e-01 2.002751025509999971e-16 9.516252345480000237e-27 4.975803245869999930e-11 2.822270242850000104e-35 2.169392732509999866e-01 3.990626023939999878e-01 2.788506659180000069e-01 3.857429010470000098e-29
1.249256522949999957e-09 3.527039509599999903e-40 6.588006396329999514e-01 3.402612704790000109e-01 1.388805588200000031e-33 4.756981937929999719e-28 5.093048790449999932e-43 5.134089857180000205e-86 9.380886391519999970e-04 2.435624127409999898e-50
2.747235193829999927e-05 3.649135946390000064e-19 5.934324811360000007e-01 5.638797493940000133e-06 8.668393926359999540e-11 3.397922684620000147e-05 4.065004281490000038e-01 1.772801225030000094e-16 2.523161799840000063e-10 2.084959673280000181e-25
6.680187077910000326e-01 9.212933393780000373e-18 3.604350621429999897e-10 4.051989531209999927e-41 7.269568795140000090e-21 1.047955262779999905e-15 5.844166607960000455e-16 3.319812918489999931e-01 4.701341775980000156e-60 4.568797189870000094e-41
6.765491582190000459e-22 3.364145018409999897e-28 8.026980135139999460e-12 4.929390632000000272e-01 3.255823767999999862e-32 5.070609367920000388e-01 1.099549912639999955e-31 4.097637200909999957e-73 2.848547839559999918e-14 4.545083273660000068e-32
9.159054577500000045e-54 1.282225543509999939e-11 1.341887494450000011e-38 5.338573423640000071e-30 1.570927403140000012e-01 9.009753389770000296e-82 5.195693700130000342e-02 7.196130984090000644e-18 7.909503226720000502e-01 7.181384617209999817e-42
6.590219936480000151e-08 1.670901228330000087e-08 4.876301023260000145e-01 3.030770166750000180e-13 3.265454617489999928e-59 3.371297120709999890e-18 1.125219784259999907e-18 4.825544744449999881e-39 5.123698150619999669e-01 2.938218859919999931e-40
5.720445131679999795e-01 3.587246461340000137e-01 1.648827348460000067e-13 4.124338949610000297e-06 8.255900652249999442e-40 1.145030039869999940e-07 1.748206200149999848e-61 3.996148540109999744e-33 2.239455734200000066e-25 6.922660185619999851e-02
4.932966381590000142e-10 1.892828432750000012e-01 3.606278851359999825e-30 3.454651982240000141e-01 3.194011383120000103e-01 3.704628282900000013e-37 1.450176366890000047e-02 3.775013218410000266e-27 3.646735424860000213e-02 9.488170177900000224e-02
7.969952196119999334e-77 1.671419878249999838e-02 2.081267453959999947e-44 2.224054000219999902e-04 1.880893150990000096e-01 9.964028273610000591e-17 1.756065939039999912e-01 1.281776532630000020e-22 3.575308022940000274e-01 2.618366845199999737e-01
9.995116776779999997e-55 4.021489870309999937e-01 2.301907348620000142e-24 5.008068625779999917e-08 1.005221215629999941e-13 4.057537745649999743e-12 4.411026539120000168e-11 1.234798972189999971e-12 1.021893952240000014e-01 4.956615676150000205e-01
2.112181644410000142e-02 9.793452288710000016e-06 3.037499186470000259e-08 2.321620379769999941e-11 3.894051223280000085e-01 3.852666097449999882e-01 8.781528413550000036e-54 1.988230912589999955e-01 1.086181831209999986e-36 5.373536373599999832e-03
6.228695800689999507e-01 3.189206845690000236e-19 2.675964133229999958e-05 1.369481396569999884e-35 1.880932243690000005e-01 3.273891000419999856e-43 9.447630509509999593e-56 1.890104359210000029e-01 4.916048516340000304e-15 4.569471754550000009e-34
2.195060338040000232e-19 2.970928954079999795e-26 1.470325701720000115e-07 2.150973852120000106e-32 5.955261574629999618e-57 1.591978665640000068e-01 1.016763691709999957e-13 1.510410121770000003e-01 6.897609033860000460e-01 7.084037563499999530e-08
1.781884255930000031e-06 6.958984120960000352e-03 6.535762617939999686e-01 8.052893850589999456e-23 8.007619508009999702e-21 1.494401838109999936e-01 1.968631200659999793e-06 1.900208197590000092e-01 2.958694083940000085e-38 1.374041568489999955e-39
2.221038913089999876e-17 7.032936838640000207e-19 2.431381950139999970e-01 3.299504182790000156e-05 1.337039875559999924e-01 1.013618633619999959e-01 2.688172225019999986e-02 2.219608567009999922e-01 2.729203746020000265e-01 5.474146301409999894e-09
1.463070177719999912e-19 5.219863518609999627e-13 3.673378848860000185e-10 1.129714672200000016e-24 3.491054420789999847e-25 9.521477625380000124e-20 1.383353953410000011e-05 4.285379630339999912e-01 5.714482030040000105e-01 5.492606150429999742e-11
4.361561500410000128e-22 2.347733868799999957e-44 2.032436513330000050e-45 1.438003225609999974e-33 1.809023399540000132e-01 7.389307075390000376e-67 2.304861317699999912e-01 7.129549839329999591e-10 3.503038075220000214e-01 2.383077200410000096e-01
1.600483099749999925e-26 4.884823362719999951e-01 3.664495380030000203e-20 1.024997265150000003e-01 2.175729643930000136e-23 1.723962238019999954e-02 9.701179967079999467e-02 2.036346845219999926e-23 1.067557590980000099e-12 2.947665151600000200e-01
3.805564643149999743e-18 6.666543118550000147e-01 6.910811693269999516e-07 4.508733931470000293e-14 7.145726698700000440e-22 1.155303920849999949e-11 6.338932676249999648e-64 4.270775263130000142e-09 3.333373702069999944e-01 7.622574169560000036e-06
4.895071791980000198e-01 2.093604272529999907e-02 1.131678949420000101e-06 3.077063184650000049e-11 4.895555646459999743e-01 1.093056147820000041e-10 7.996275235419999672e-91 6.774700838699999437e-11 9.460130469569999682e-33 8.154324160739999938e-08
4.122918532859999874e-01 9.592763372050000428e-04 5.618326659370000397e-06 1.610380661760000054e-31 1.871859966200000102e-10 2.081283247980000109e-53 1.332393313220000111e-41 4.613371922189999919e-01 1.254060596440000064e-01 1.728695388760000055e-23
2.449084247099999996e-09 8.905702539299999554e-10 7.356498507740000248e-01 2.822405020350000095e-09 2.425721405790000063e-01 1.131881785189999980e-34 1.415144286209999983e-08 9.424397482560000287e-34 2.177798833399999939e-02 1.054767170710000055e-94
3.710298655639999896e-42 8.139791803939999974e-05 1.817299592529999856e-33 4.831793194119999742e-24 1.247509838129999961e-39 5.056703481869999628e-01 4.942482481509999914e-01 2.624948743580000167e-12 1.560449769089999950e-24 5.741416164699999778e-09
3.184971812690000059e-13 4.704024479630000144e-01 5.036958031939999803e-01 2.562212984929999882e-02 1.002087394519999988e-27 2.796189937970000204e-04 1.447578996240000089e-78 1.516161399509999993e-56 4.290057007719999979e-52 3.981292351439999863e-60
5.154734607919999601e-01 2.885892810400000093e-67 4.357169569700000107e-11 2.741289137349999835e-12 1.500557229190000114e-04 2.029450626699999885e-24 2.747187970029999824e-27 1.326222888859999953e-16 1.272939868880000082e-02 4.716470847500000008e-01
1.814136935800000072e-01 9.418159577999999755e-25 2.479422196789999907e-15 1.718920233799999949e-28 9.929528710209999516e-40 2.767623550960000151e-02 4.557840157820000071e-01 2.683215013620000033e-01 2.355538453209999828e-24 6.680455376600000217e-02
1.184418478790000009e-40 1.373652094309999946e-02 3.696653451229999795e-29 6.056322662470000474e-13 8.400913958379999796e-03 4.962268313939999786e-01 4.816357337030000019e-01 1.372235189980000028e-12 2.784713352159999997e-61 5.791372007390000228e-22
5.016726932980000235e-43 4.935564274529999906e-01 5.946915051849999854e-27 4.257639111139999940e-06 1.451970243740000098e-03 4.277842886659999969e-29 6.684755873099999582e-31 8.991147588480000034e-23 4.835102709849999902e-01 2.147707367869999828e-02
6.525327187389999643e-15 1.217294727939999960e-01 4.530663220790000012e-05 3.523789208290000213e-10 2.943614579439999823e-01 5.586414573429999697e-01 1.139194087359999998e-42 2.522117517390000049e-02 1.426685081980000112e-17 1.129760121909999936e-06
7.372452807920000240e-01 7.605103808570000322e-06 1.248911889089999919e-08 2.427093083219999947e-01 2.004551928060000085e-28 2.003779329270000131e-02 3.419408195499999974e-124 3.155411277809999906e-59 1.258445738910000018e-61 1.334666454400000047e-22
3.997956940729999742e-01 3.114392663280000053e-30 2.775364079090000118e-20 1.183075218210000055e-05 9.397544393470000383e-15 2.374312789059999924e-44 7.097245144050000211e-06 5.955507707910000240e-42 6.001853779269999967e-01 3.148149271240000095e-12
1.582754783109999940e-31 3.294025788650000175e-01 1.515140322940000003e-10 2.159552274930000117e-19 2.444396744429999935e-01 2.458111139320000027e-01 7.509829541560000517e-32 1.803466326089999960e-01 1.292357676169999880e-29 8.205743954670000063e-23
5.902583117459999640e-01 3.742255555380000209e-01 5.046595009670000252e-10 1.370393288410000032e-35 4.925833454229999708e-28 7.055030371039999891e-41 5.084770103630000206e-19 3.551613221089999772e-02 1.527129215390000117e-19 2.537138338570000000e-28
1.523804702699999922e-06 3.902627519309999658e-65 2.373709311240000066e-27 3.343272672460000218e-25 5.370155905419999952e-37 1.306155809839999981e-17 6.775028706450000326e-01 2.657779118060000085e-17 1.189819541560000041e-11 3.224956055389999743e-01
4.245866019260000303e-14 1.910161219759999862e-01 4.923091686150000146e-01 1.522385854350000022e-09 3.166722778320000264e-01 2.950465465749999916e-38 2.429812014329999984e-06 4.469862619810000196e-24 2.430949078950000198e-10 1.665166698469999954e-79
1.206627563309999990e-122 3.311185226720000015e-52 3.584208509729999857e-79 6.922776242910000203e-68 2.743361979829999952e-13 1.462407432519999919e-64 7.396447597469999469e-01 2.170809933099999978e-01 4.327424694240000064e-02 4.934545214140000170e-15
9.211846639449999787e-08 2.260518772010000095e-39 6.616891604889999501e-01 2.628684029319999782e-01 3.139034944789999991e-27 3.043125518140000123e-24 1.838449409719999994e-39 1.882503950849999957e-96 7.544234446089999324e-02 4.631941073119999808e-72
4.361104728290000065e-01 9.194944270349999882e-21 7.511585829740000119e-09 1.937716039750000059e-10 2.123935785340000156e-11 1.632331426289999887e-01 3.570532793670000012e-93 6.179617733260000309e-18 7.783694515369999690e-35 4.006563768149999927e-01
2.964165081359999825e-28 1.166307471320000016e-31 6.011968500990000342e-16 1.438732076329999887e-01 2.580945483700000068e-10 5.106320873740000099e-01 5.538389666839999886e-42 6.213880124490000098e-33 3.454474898200000088e-01 4.721491582300000207e-05
1.115108828110000042e-13 1.693304870100000061e-07 2.335824049269999980e-01 5.762223557870000285e-31 1.313927164950000016e-37 1.040543369910000045e-16 1.193273790049999915e-22 5.229552054060000454e-01 2.434622203360000126e-01 4.041379628190000227e-22
1.931502146989999942e-14 6.720297543219999614e-02 2.884656479819999730e-01 1.653798296629999942e-01 4.570758149879999843e-01 1.026873520110000087e-09 6.224741419680000124e-46 6.050742347410000128e-27 2.187573090729999850e-02 7.402026907969999341e-30
8.619024649170000411e-13 1.513432225200000057e-34 6.125603980099999536e-07 2.506913734269999984e-22 1.128507059009999941e-86 4.112717445149999818e-01 3.832384418449999997e-01 1.219489329319999975e-13 9.362982509900000250e-02 1.118593759799999948e-01
1.841589209109999896e-94 1.209771756679999919e-41 4.451526902420000096e-44 1.391329255790000015e-10 6.633321352320000109e-47 1.294402872490000114e-04 1.131657468150000016e-07 2.190033557739999879e-51 3.057582894859999789e-01 6.941121569220000120e-01
1.385699975489999945e-14 2.227310588490000196e-25 4.145748348540000132e-09 1.526558023310000123e-01 1.206897416249999938e-05 5.056183025479999982e-01 5.994281987760000398e-41 5.272605468429999606e-25 3.401007671629999729e-01 1.613054838820000055e-03
3.323495555189999891e-62 1.429552201799999937e-33 1.175284868709999948e-35 2.008315028339999891e-02 2.980701047479999977e-01 2.734063030259999971e-01 1.813380358480000121e-01 3.807557419389999880e-28 1.226848165600000081e-08 2.271023938270000098e-01
4.301335773939999885e-01 2.586806907590000163e-18 2.984138560599999910e-05 8.909799355559999480e-08 2.292506656390000017e-11 1.738033805059999992e-01 1.917544985349999915e-93 1.596281631810000010e-14 1.166064871989999887e-25 3.960331115940000091e-01
5.533739819170000211e-11 7.326392724539999568e-01 2.638219080770000113e-01 2.710786207399999990e-55 2.441716351829999973e-41 8.075230755089999506e-55 6.485090091840000020e-11 3.538819348920000003e-03 1.575276905360000023e-15 9.117591395179999924e-104
8.027636744980000303e-32 7.928886945570000642e-06 1.439196961520000021e-12 2.895347485249999951e-04 4.991745142699999804e-01 5.001779922789999500e-01 4.595791954039999786e-15 1.615842633549999900e-11 3.500297392210000242e-04 5.897829360889999484e-11
4.767749095170000229e-01 7.371743765259999908e-25 1.041508355160000060e-16 5.232250904809999659e-01 1.225905748910000059e-12 1.145098950199999995e-18 1.109050893610000078e-67 1.428577639730000063e-59 2.074702047290000135e-37 3.156422459369999960e-13
7.263098925519999679e-41 1.464504470949999955e-11 6.655136271030000404e-31 2.619243777140000187e-04 6.744600652589999965e-06 6.714352153279999902e-01 3.282961093089999949e-01 1.069683546090000087e-24 1.808110067230000055e-38 6.370547270459999820e-09
3.837920870489999747e-01 4.937041333069999705e-02 1.292970695359999918e-12 1.829937173239999937e-01 3.838437822960000245e-01 1.775390464320000120e-17 7.866537602969999662e-40 5.886985911529999869e-32 3.181476182649999919e-45 3.305422815970000064e-19
3.974993875590000145e-39 5.995022556569999939e-01 4.505771677390000382e-22 1.803376485339999992e-25 5.288835312710000176e-67 4.004977443430000061e-01 1.438300112430000022e-24 2.336851719380000044e-17 7.735945577769999972e-41 4.637046831110000324e-15
7.524798760269999639e-28 6.684039647410000225e-14 5.425760324529999685e-10 1.133040428759999977e-24 2.183916708879999967e-32 3.781800849529999840e-13 2.383693626759999913e-05 4.285318557889999935e-01 5.714443067169999724e-01 1.491720534339999955e-11
1.078627831900000051e-17 1.945688417759999884e-16 5.852440446990000433e-01 1.644368460780000017e-18 2.044031380189999943e-14 4.471317571359999937e-03 8.374624807449999548e-25 4.102846372869999869e-01 4.434824482890000208e-10 1.827862566250000146e-18
4.161061745809999921e-07 1.917462022320000056e-62 3.382612322259999849e-17 1.909985785929999903e-11 5.998479992720000542e-01 1.969623247079999975e-56 3.828207013500000019e-33 8.024921232799999600e-47 4.001515846029999879e-01 1.848203525490000105e-28
1.482421505079999895e-06 7.026621693570000299e-03 6.535119659539999626e-01 3.461862077569999785e-23 8.166503271979999756e-20 1.494889974939999921e-01 6.017168641200000388e-06 1.899649152679999953e-01 2.854617964250000042e-38 1.100195824899999917e-40
6.159249369300000309e-19 6.405099453219999567e-60 2.733987804130000203e-32 9.361742798870000686e-41 4.787204483680000410e-28 1.682327631320000001e-26 1.282913707960000038e-01 5.510364502600000325e-01 2.285020589069999837e-06 3.206698939240000268e-01
1.312373092090000020e-05 3.282773790260000280e-64 1.027343275450000037e-01 7.793976499240000524e-14 2.759646644370000005e-38 5.996465247519999764e-01 2.945177731360000273e-01 3.302476869379999826e-29 3.088250835049999917e-03 7.363386929310000383e-28
6.507107310359999675e-01 4.570290901300000270e-55 1.470674926440000076e-10 1.821525020199999992e-33 7.932504025209999440e-17 5.786359668760000268e-15 4.020685710909999803e-53 2.322867460390000138e-01 1.125828021349999909e-15 1.170025227779999955e-01
6.507300175600000403e-01 1.891606338890000084e-56 1.193115060780000069e-10 5.335564837699999802e-33 2.732246225950000032e-17 3.292329840379999845e-15 1.619967682180000078e-52 2.326038619259999940e-01 2.510908142549999927e-15 1.166661203939999975e-01
2.210684081699999957e-19 7.930712106099999695e-25 3.735114510639999693e-30 7.054726476469999889e-44 5.310725676879999716e-49 1.740545071890000073e-01 2.353654473190000003e-34 3.496470571429999893e-03 1.869497383449999890e-38 8.224490222400000494e-01
1.404415495019999995e-02 7.956357861130000098e-01 1.642388041679999991e-38 1.779094495220000117e-38 5.140116826109999981e-03 6.692405281179999763e-53 3.564426454660000265e-36 1.851799421110000010e-01 5.536435912819999807e-74 1.047310867280000040e-18
1.282480674229999920e-19 7.316142607099999917e-03 4.306747514140000233e-01 5.890185018350000283e-20 5.380106889050000341e-01 1.631622400599999881e-38 2.110059078690000068e-19 1.871221855209999957e-06 2.399654585269999849e-02 3.096869888089999966e-56
4.684349683019999877e-01 1.659398771410000020e-13 1.182183040319999906e-15 5.759978597199999995e-25 9.264462028789999292e-16 7.915131028489999156e-31 4.833476297359999840e-01 4.816664421149999958e-02 3.459029912349999864e-09 5.075429219919999862e-05
2.400704744749999818e-06 5.981436959720000076e-28 2.118450098920000163e-02 4.849596140460000204e-01 2.205748005669999942e-08 2.359394007900000114e-10 4.938028975579999980e-01 2.369220745789999875e-35 5.056440859589999946e-05 2.531621235219999987e-36
6.029557921630000209e-41 2.339908868319999849e-02 2.031424088419999821e-55 4.271654586550000068e-34 4.245869705779999892e-01 1.130406222419999905e-46 4.642028350139999656e-15 3.770648445920000147e-01 3.759527896480000212e-32 1.749490961469999939e-01
2.684194232049999840e-26 6.028956718150000338e-01 2.536500923399999875e-17 3.804908511569999874e-01 5.319361750460000061e-18 5.660506848350000397e-19 2.133893166809999885e-14 3.366068305179999889e-48 1.661347702879999860e-02 5.545877420950000179e-26
1.080521923729999904e-12 4.464186605699999727e-02 3.727717721889999836e-01 1.646380769280000046e-09 1.339130493050000097e-35 2.329307748710000001e-04 5.122500535080000139e-01 1.441332859629999989e-08 7.010336134899999849e-02 6.113184169719999355e-11
2.498710045850000006e-01 5.004462726759999480e-01 1.442684797630000027e-13 1.790036137800000084e-19 2.496827227389999959e-01 7.443370850430000092e-25 1.860862189189999997e-56 8.801861051980000654e-24 6.111364753210000297e-92 2.138995865760000005e-57
2.065405478370000054e-04 9.100334567070000233e-24 7.265636186619999882e-19 8.341973183609999082e-25 1.509394595749999899e-04 1.161397662250000038e-44 1.796166070340000008e-10 4.931161073099999959e-01 3.506951494000000169e-01 1.558312631040000007e-01
5.935342143980000328e-45 2.852314976880000108e-37 5.963328886119999620e-60 1.113176006910000016e-57 4.697228301599999933e-01 5.247721670780000289e-105 5.057096256769999520e-01 2.098039433499999940e-02 3.587149827330000061e-03 3.669804093079999969e-18
1.765911123779999916e-13 4.205044981370000067e-06 2.335758254230000108e-01 2.968662561680000044e-31 3.551767538689999803e-37 4.913143616989999983e-16 6.645555092730000073e-22 5.229538855449999968e-01 2.434660839870000093e-01 2.909989196740000040e-21
3.161897128810000029e-53 2.847085253800000165e-35 2.879304636199999854e-30 3.247273257390000112e-03 3.055848843089999933e-01 2.855136713240000179e-01 1.806724769899999972e-01 3.107963531559999985e-24 1.066378923050000056e-04 2.248750562279999976e-01
1.465777096960000018e-08 3.645607628819999680e-39 6.619572240150000120e-01 2.612902739960000220e-01 3.582132404130000035e-27 3.104945931650000145e-25 1.333133407520000114e-38 9.871408384300000526e-96 7.675248733110000277e-02 1.111289605770000010e-72
2.422500715619999916e-43 7.023659722529999593e-53 1.564367262640000059e-31 6.590957939070000160e-01 5.162792244670000106e-09 1.809332108770000094e-35 2.485700775099999934e-77 1.034772899890000022e-100 3.409042009300000120e-01 3.288988614450000266e-23
3.573686179989999706e-11 1.714879050449999998e-01 8.285120949199999973e-01 1.573867173470000069e-34 3.171213275069999834e-22 3.228508667609999826e-35 1.034530258799999971e-35 3.437695412929999989e-18 1.290910821390000040e-37 1.104263259130000041e-129
1.561531890529999958e-07 1.270397499089999938e-01 5.230123724109999708e-19 6.415575431919999927e-15 5.429638240680000338e-01 2.719252419939999776e-01 5.414533384200000132e-02 3.925694032909999784e-03 4.992445778389999830e-63 3.509851589859999733e-21
3.475662295769999660e-02 1.049702273480000024e-13 1.258192943059999881e-10 4.236271053820000116e-10 4.882825574799999901e-01 1.044020200189999957e-06 1.858400315660000076e-36 3.711817284260000146e-07 2.636556220809999799e-31 4.769594038100000155e-01
1.476941719079999937e-01 1.994834240899999934e-07 5.897425607149999471e-07 2.509545436489999847e-11 3.315453452900000153e-01 2.986911156850000082e-01 1.278601742609999967e-49 2.138688421299999864e-01 6.978315878699999714e-29 8.199735735709999529e-03
4.998102858430000239e-01 3.168999077479999947e-32 2.008540767440000015e-04 8.825796950050000203e-27 7.210777787009999494e-08 4.342084293350000150e-16 4.969884902150000408e-40 4.999887879730000040e-01 5.227768669099999953e-21 1.612582844829999922e-18
2.118585133229999862e-01 3.463540248840000024e-110 4.313634517380000133e-18 2.957370752929999797e-09 1.468815370050000069e-01 1.943405582280000043e-22 2.213867769029999942e-13 1.586195112610000064e-27 3.104338849839999859e-01 3.308260617300000095e-01
1.560837844239999910e-08 3.597745944599999969e-16 2.224078975069999908e-02 3.036273905829999786e-01 6.158731927670000160e-51 2.136863135410000003e-19 7.695051095550000273e-07 1.208385440199999933e-80 6.741310345530000525e-01 1.144923718719999942e-45
9.380018851449999979e-21 5.999676555270000433e-01 3.218939819719999866e-04 7.021373552760000363e-16 3.997104504910000133e-01 2.320836555810000124e-17 5.290467780699999653e-71 4.502865830420000024e-18 2.792895148889999940e-27 1.860849456770000006e-47
3.510903605900000046e-20 5.389193303199999452e-01 5.217484153440000292e-08 5.786535759279999626e-17 1.305310514640000006e-26 5.421017231599999792e-02 1.668825243359999916e-32 6.164525024729999858e-02 4.942001411119999586e-06 3.452202529400000275e-01
5.630182483280000282e-06 8.395716554130000009e-65 1.029114521469999960e-01 1.298133537549999944e-07 1.378322652129999995e-37 5.995369469289999476e-01 2.945861634840000187e-01 1.341817144930000055e-27 2.959677428909999932e-03 1.545417235150000027e-11
2.627482381420000079e-66 1.090375056550000004e-41 8.821541673510000743e-80 5.230307061569999932e-31 8.162229208369999878e-01 5.554377896269999659e-21 5.169627255410000344e-02 2.225545086789999957e-11 7.965400285360000653e-46 1.320808065869999992e-01
2.383575869999999946e-11 1.132921353130000031e-01 1.443752633000000042e-02 2.656131743640000122e-10 2.888040876219999942e-01 5.487867121949999705e-01 2.966915739520000046e-41 3.467945270679999997e-02 2.625004343210000027e-10 8.528166795710000036e-08
3.660823526720000110e-01 1.178296415620000009e-01 4.355854279349999870e-13 1.655224135849999942e-15 2.275459880040000119e-48 1.556533914509999894e-01 1.781416264299999858e-39 3.177156207070000211e-17 5.879157920200000491e-39 3.604346143150000126e-01
3.997196298590000030e-01 6.002295972819999825e-01 5.820335267390000391e-19 3.931813960679999720e-14 3.701551598959999632e-21 1.925772184529999975e-19 3.427728628490000137e-47 9.782584244929999661e-18 1.058022924149999965e-39 5.077285969160000013e-05
7.164153956730000525e-07 1.080711956119999979e-64 8.806270803699999878e-26 1.448268745040000052e-24 2.271053589360000147e-37 2.970906577570000155e-17 6.775028184970000034e-01 1.945298517239999957e-18 1.920017746319999920e-11 3.224964650680000045e-01
3.020638706000000184e-03 1.294171761950000110e-01 2.649441929579999912e-21 5.374464049599999996e-18 5.345797783750000365e-01 2.543920892639999765e-01 5.830331597229999885e-02 2.028700148710000165e-02 2.436459074070000195e-74 2.110090445630000096e-18
4.709435986070000246e-01 3.451208548990000004e-65 7.870691011049999819e-15 5.071425477950000094e-01 4.071704887370000043e-06 9.402864409490000056e-48 7.229939641289999643e-25 1.073042539360000051e-81 2.190978189280000030e-02 2.125825452340000119e-34
1.222481247320000020e-01 3.707959914510000202e-07 4.861753986719999815e-16 1.925329059069999906e-03 4.544156827179999802e-01 4.214104901240000034e-01 2.120423994070000130e-09 5.161848589780000163e-19 4.260712518589999617e-40 4.511426417989999893e-10
5.870037621820000107e-01 3.647750588370000102e-01 1.865238239449999868e-07 1.478908070389999932e-42 4.108013967219999868e-02 1.351779558510000066e-48 1.947990548099999976e-25 7.140852784379999804e-03 2.211626575439999871e-58 8.173612240429999649e-99
7.564069582979999747e-10 1.271442855409999949e-24 9.511345784910000284e-17 2.847272623089999807e-22 9.058281862139999257e-09 4.838416809830000302e-35 4.454926105669999711e-11 4.934108221510000170e-01 3.511034085160000262e-01 1.554857594740000071e-01
2.412827834809999970e-14 2.805405288749999951e-69 3.288907086540000207e-36 3.716064582040000119e-01 2.288331704599999992e-11 1.478924281489999992e-01 1.609606923870000120e-07 3.881960609299999928e-52 5.127593788749999758e-36 4.805009526630000249e-01
3.312854661499999699e-11 1.774437797150000055e-19 3.472545083600000305e-30 4.594057057989999748e-01 2.202854839560000018e-15 1.180514187600000048e-22 1.269026871090000011e-06 2.741857346930000003e-45 3.502133854880000176e-09 5.405930216380000486e-01
1.369402035409999911e-12 2.001303575299999971e-01 1.087124959269999954e-17 1.166969038009999916e-21 7.998696424679999639e-01 2.070573345159999970e-27 8.557803485400000087e-63 1.264830783379999993e-12 4.992205529590000291e-47 2.951938400189999906e-21
4.245175850579999981e-11 3.504885891870000153e-09 4.876314253019999878e-01 4.171904185250000240e-35 2.940228160549999985e-58 2.456984132970000045e-20 2.333182745949999842e-56 2.845371238819999744e-07 5.123682866140000236e-01 8.109348779239999961e-17
3.183823568660000123e-15 9.610597790999999570e-05 4.541452281289999893e-01 8.488186414700000690e-12 6.596076103400000455e-05 2.427165892199999850e-09 5.456926982619999533e-01 4.434545160960000282e-09 2.916750987570000034e-24 3.243883701569999940e-48
4.380136528089999934e-10 3.287837302819999914e-29 5.065889785859999973e-03 9.944044171189999476e-14 1.214261935160000031e-22 5.016645939970000301e-01 4.932695157770000116e-01 2.036570173759999893e-12 1.536412669369999921e-20 6.482671565729999682e-23
8.036554500909999945e-13 2.005313650130000069e-02 4.315760347159999943e-16 1.022856096169999942e-22 4.895303437310000172e-01 1.257588542319999910e-03 4.519186132939999794e-46 4.891589312240000043e-01 1.046740940879999956e-67 2.110891976190000137e-15
1.063134293570000000e-01 3.465833751859999811e-06 1.498830156609999944e-10 2.857679245060000162e-23 1.066401102689999991e-01 5.357527374680000114e-45 1.123836018870000003e-21 3.255042421550000120e-01 4.615387522350000160e-01 2.541243943700000006e-17
6.228579090470000024e-01 5.939643074120000513e-20 3.805132314969999758e-05 1.673852924300000017e-35 1.880844027149999875e-01 2.874469377750000014e-43 6.286861869529999773e-55 1.890196369159999890e-01 9.025436557850000636e-15 3.451786869749999826e-34
1.891588467510000173e-27 4.987656353559999922e-01 2.313949177730000188e-19 9.784070286290000307e-02 7.625111759439999417e-21 9.114089377229999539e-03 8.485704026729999627e-02 2.734194502160000017e-23 1.210683712169999980e-11 3.094225321240000048e-01
9.101297390869999545e-26 3.748370130189999840e-03 4.487285555370000247e-17 6.825100149420000595e-02 5.309272319619999679e-40 5.411129829630000332e-01 6.239552899379999387e-08 1.648622108670000100e-38 3.868872632550000024e-01 3.197615443909999790e-07
4.225805216319999946e-01 1.386180132239999974e-01 1.018108764709999944e-05 1.404210581869999923e-09 3.415861677350000103e-19 3.629653507489999914e-19 4.510357563810000137e-96 5.689575502089999691e-18 4.745432321330000355e-09 4.387912779070000102e-01
4.372395369039999999e-09 4.137100932810000020e-01 1.603868321570000033e-01 5.890480753550000279e-13 7.887010521899999877e-26 4.101808389889999722e-29 8.774245793629999787e-04 4.237897015959999949e-18 4.250256456090000245e-01 6.199719036899999631e-40
3.999062507679999770e-09 1.210079592660000113e-13 2.613314292310000073e-30 6.388261220099999971e-01 4.607273534690000193e-10 2.767621284410000165e-41 3.749133475759999945e-16 1.034199409050000085e-46 4.989618748150000116e-02 3.112776860479999907e-01
2.593718620829999914e-05 3.802861013409999745e-05 7.665293510739999768e-16 4.709000655130000240e-02 4.657718707380000267e-01 4.636654272210000149e-01 1.979436347749999991e-10 1.757492500919999977e-12 1.329364256469999950e-43 2.340872949429999988e-02
4.894824819220000012e-01 2.098649950340000098e-02 6.282636165889999540e-07 3.495367325140000187e-11 4.895303012750000238e-01 3.567859886819999983e-11 1.275749506339999930e-89 2.176088286009999978e-10 7.829089871299999724e-32 8.874798518259999467e-08
4.053152437309999745e-01 2.195418411570000132e-47 3.214521511009999861e-16 7.560293812769999476e-30 1.879559423750000022e-16 9.742428832020000318e-02 4.563892941000000092e-01 4.087117384870000286e-02 5.687267520380000368e-40 2.890953297070000134e-18
2.401328443719999862e-03 6.096244269550000239e-06 1.095882125710000006e-07 1.766635195400000050e-10 3.975281220960000250e-01 3.969168998209999799e-01 1.100152082830000024e-53 1.989989884979999901e-01 3.614125687950000112e-37 4.148455131679999915e-03
4.434064077729999736e-06 1.003693679970000044e-02 4.032469936090000151e-01 2.109748105999999884e-14 1.158671995679999950e-32 3.123700399060000225e-10 5.299731507270000197e-01 4.176112196129999873e-07 5.673806687659999765e-02 5.692946072220000013e-18
2.493701749039999876e-104 4.406080516920000273e-02 1.630430908519999969e-56 2.263432765350000146e-14 4.556199120150000170e-01 1.032403618680000038e-26 4.548714746110000262e-01 8.296425700190000090e-15 4.431740400129999952e-02 1.130404202519999903e-03
5.808738559869999762e-02 8.879202503399999723e-31 5.829599396930000285e-15 1.691925581459999879e-29 9.444503425029999741e-48 5.117658335570000118e-06 4.122928273940000277e-01 2.055919879479999879e-01 2.855802563510000031e-24 3.240226814009999901e-01
5.828466062089999797e-51 1.770825976840000110e-18 1.836409819369999938e-69 1.240445341920000066e-42 1.424973802559999984e-09 7.808428689969999959e-25 1.973976179619999979e-03 3.909384631289999912e-01 3.213227567520000169e-42 6.070875592669999765e-01
8.503579944860000570e-14 1.313537689179999990e-75 2.614559321540000183e-09 2.028107641450000121e-26 1.553183575839999976e-24 5.679044188309999575e-01 2.455244230959999984e-06 6.880817135130000081e-03 4.252045049320000158e-01 7.801242857030000089e-06
6.665819774760000094e-01 4.903405151239999711e-14 2.960910721369999882e-05 9.224732846030000099e-05 3.332961660880000010e-01 1.500371017529999925e-35 2.863654451399999842e-17 3.248578477119999942e-29 5.698538213340000122e-17 3.258979606469999821e-37
3.505919318100000164e-78 1.613622223239999921e-43 2.255074402980000077e-114 2.569225294469999947e-49 4.382506064270000271e-08 9.421372490140000297e-54 2.503550976569999809e-01 1.266354103410000069e-11 6.727316992250000453e-32 7.496448585049999558e-01
4.307271293929999800e-02 2.711661610100000175e-01 1.042399096169999997e-13 2.897716970420000172e-13 3.834351308260000035e-01 5.792228080110000093e-24 2.539424482840000081e-33 1.382743367349999934e-06 1.811267453010000084e-01 1.211978671809999936e-01
4.449094403539999814e-38 2.090553504749999966e-27 2.946102438939999755e-16 5.329139446540000126e-25 5.997856987880000323e-01 3.042750876350000086e-69 3.927370903849999747e-15 1.773167768220000030e-38 4.002143012120000232e-01 7.892700785899999979e-103
1.760223232520000114e-10 9.001155155750000439e-13 5.866669663450000405e-01 9.645270844289999849e-07 2.819783016000000197e-10 9.498570680009999281e-03 4.038334979179999951e-01 7.354551549259999309e-18 7.099443436319999405e-11 4.228538354579999994e-41
3.543410863270000100e-01 1.356973497660000090e-108 1.743234414339999939e-09 3.584438102530000097e-25 1.125450668700000077e-15 3.773661093150000295e-08 9.098436144730000021e-15 8.340262550060000403e-05 2.271190659460000031e-14 6.455754715679999922e-01
