2.526526269920000148e-07 3.442500348309999855e-12 1.717128291149999957e-34 5.312880919510000115e-19 6.714648336459999589e-01 1.293212848880000047e-22 3.180187616019999886e-01 8.932534918739999807e-07 1.051525883579999994e-02 6.510359324409999850e-12
5.773929641879999853e-36 3.765790699490000031e-07 4.661393632599999948e-01 5.338602601609999665e-01 1.699115421449999925e-74 2.546530701249999875e-18 3.317336718490000105e-38 1.757899233600000075e-57 2.566205247839999802e-22 2.254194266499999979e-21
1.037813156310000015e-75 2.127930857439999949e-37 2.823004353199999989e-15 5.213576981069999450e-01 2.213175087559999939e-06 4.607726408210000013e-01 3.364557323219999781e-27 1.284219607360000085e-27 1.786738427729999898e-02 6.362040124750000503e-08
1.552989354599999991e-30 1.394602543189999966e-41 2.422798830580000014e-27 2.701855715730000181e-09 4.878965844909999988e-02 1.986208463629999963e-14 5.797411801899999828e-01 2.558371839769999926e-18 3.714691586589999872e-01 1.304721979849999906e-35
6.163008231890000539e-32 5.370574496989999856e-03 7.652129252170000173e-01 4.127717092980000280e-02 5.979905005340000406e-26 1.495413371430000018e-13 5.211533988939999478e-35 3.441664468450000176e-23 1.858380457180000001e-01 2.301283638049999875e-03
3.081956572409999809e-28 2.173929289500000084e-01 1.156141295259999927e-08 4.108658785800000307e-11 1.381851015469999955e-24 1.937797265740000103e-09 3.068838566600000095e-01 6.749306437860000396e-02 1.246910611459999957e-01 2.835390753250000007e-01
1.746214825259999996e-26 6.782323686879999924e-02 6.637570447500000035e-40 5.942142681490000325e-53 2.675974260009999947e-34 1.548429102019999921e-32 7.134681135649999506e-01 2.187086495660000018e-01 1.027602005379999949e-63 8.948849869550000646e-50
7.467434899299999712e-37 5.457733522230000522e-01 2.882205631400000198e-04 4.170447888170000228e-01 9.463792271359999485e-43 3.689363839640000253e-02 1.305365398689999926e-21 1.069081505240000004e-38 3.434393819949999860e-71 1.057203261580000054e-44
2.753609935579999779e-01 1.598842952500000025e-01 2.353179650010000200e-03 1.125298350040000037e-12 8.246302991140000128e-08 4.405892918489999877e-22 1.600224982449999970e-25 1.939254632610000066e-06 3.033319301649999855e-01 2.590675796579999801e-01
8.981781550999999467e-05 1.105981633169999950e-01 2.754998765750000194e-06 1.346255056830000102e-03 7.248928533829999607e-13 4.944277564899999811e-01 3.935352523210000064e-01 4.335567462969999803e-15 6.028105440550000120e-21 8.276240842069999622e-45
6.513698074809999572e-02 1.753793663429999983e-01 3.675933761440000058e-01 1.042376194329999993e-30 4.455403012560000121e-25 5.055851931909999810e-21 3.832078602899999769e-19 3.918902767649999896e-01 5.583281788590000349e-28 1.633587566479999878e-26
9.806720199240000059e-17 5.463376351860000409e-16 5.881464580000000194e-06 1.226671598519999940e-18 2.427715448439999868e-01 4.621675341620000155e-01 4.437501469300000091e-15 2.950550395300000073e-01 1.646111272299999970e-24 1.183821774940000058e-29
2.954899849119999841e-31 2.571996310310000200e-01 6.350700974140000010e-01 1.077302715540000011e-01 8.091275966379999769e-72 5.496433997969999654e-21 3.862111545370000380e-46 6.928134390260000240e-65 1.622621043659999922e-37 4.576603997860000092e-34
8.013173585890000228e-02 2.471297862909999936e-22 2.731021352260000030e-11 5.107541466480000070e-01 7.733727706300000258e-28 1.872267809699999890e-32 3.814420928400000142e-29 1.819970805339999956e-56 4.091141174660000157e-01 4.915342245110000058e-19
1.052644709139999909e-43 3.059269304600000239e-01 3.790284387380000175e-01 8.211174932289999814e-44 3.414370933470000124e-45 4.742204440270000334e-06 7.259859523680000099e-53 3.150398575619999808e-01 7.613054708460000456e-53 3.103627075370000227e-08
2.514704717939999886e-17 1.861757009560000060e-16 1.955953271210000181e-15 3.524888959979999872e-05 7.748496966159999888e-19 2.780622396140000024e-15 4.102192977709999870e-20 1.855102413089999883e-29 6.215918402290000477e-01 3.783729108810000019e-01
1.033074204909999930e-40 2.003617637319999867e-01 2.357943509459999882e-17 2.884381986959999987e-11 3.186156837839999927e-13 3.002410404079999817e-01 3.096146487179999851e-01 1.897825464070000134e-01 2.402762797699999983e-25 7.064109144959999755e-10
8.193743098250000356e-02 5.353092014389999598e-01 6.186339904810000262e-03 3.762671238129999818e-01 5.569183864869999600e-32 1.147635940680000062e-15 1.386560888599999939e-40 4.125004486300000096e-45 6.316450379629999927e-17 2.999038608370000088e-04
1.816013200030000075e-29 2.161530242529999905e-40 9.999999998270000523e-01 6.506727531860000308e-40 1.196711134710000076e-12 1.718705087300000020e-10 3.341776671449999907e-103 1.196632856720000100e-13 6.785375325580000396e-16 7.803090766820000537e-24
2.799009510459999905e-01 4.535966353650000005e-01 1.717290930710000108e-01 6.304970478160000120e-07 1.068947855249999967e-16 2.367984119439999966e-21 1.769974703460000021e-09 5.731215384659999819e-10 9.477268767869999333e-02 1.107328899209999900e-19
2.024161748700000029e-90 1.438641683889999994e-09 1.164784141660000043e-24 3.082255254879999740e-01 4.125783485480000434e-31 5.991284441259999705e-01 5.012984757620000107e-05 4.158565162159999761e-24 7.821020845360000465e-23 9.259589910029999982e-02
4.507436945569999985e-04 4.489578633059999793e-30 1.591832864040000099e-10 7.376075237569999870e-29 2.199530797810000105e-01 7.389114012030000600e-11 5.153461752389999839e-31 3.223514128069999984e-02 1.605478863300000003e-01 5.868131486800000074e-01
5.132169393049999555e-29 6.576357098199999696e-01 3.760190950180000314e-36 3.222544474659999734e-32 5.555738089999999651e-68 5.555329123259999862e-57 4.745548949879999962e-37 8.103736445980000816e-37 3.490060157469999867e-52 3.423642901799999749e-01
2.142454448889999918e-01 2.913211724410000033e-09 1.973139836660000126e-04 2.205297575290000034e-01 4.643349930749999799e-01 1.006924875989999996e-01 7.508731379599999558e-19 1.605929587359999987e-21 3.522732299739999835e-24 1.028377739960000016e-11
5.638715116779999814e-01 1.819593441110000098e-01 1.381411532550000018e-06 3.588721082529999909e-30 1.828497062109999885e-18 4.435991437860000188e-16 3.776870449809999911e-26 3.490225163630000099e-02 2.388868543930000163e-22 2.192655111640000043e-01
2.077286451429999958e-58 5.563424582109999933e-03 2.235934295309999992e-45 5.627731639949999920e-01 1.344315330800000069e-55 2.832688695929999891e-18 1.878448852000000058e-01 2.953232489939999968e-53 4.995171149780000422e-59 2.438185262229999872e-01
1.855555725279999993e-17 9.331060938260000220e-12 3.703531174320000008e-01 1.640763778910000029e-08 2.429771528639999932e-13 1.813975373020000094e-04 3.109914725119999839e-10 2.703770736019999732e-01 2.223090878460000086e-01 1.367793068550000046e-01
8.062817292020000331e-23 1.108297376339999952e-38 3.992095215230000311e-27 5.049791726989999806e-37 6.137765125820000157e-11 7.731973677479999871e-35 1.479062135959999925e-09 6.298475413459999617e-01 3.701524571129999885e-01 2.687506026759999924e-18
5.833848896780000095e-28 5.595046351489999653e-02 3.693056301779999995e-01 6.445997152620000503e-02 1.370302816010000005e-51 3.696463690599999796e-01 8.357430460559999867e-13 9.845810929389999631e-23 1.428144462769999982e-18 1.406375657199999962e-01
6.279639659639999777e-37 5.593361653280000123e-01 5.615947218800000293e-03 4.350476681950000146e-01 7.862676210279999379e-67 2.190470137999999971e-07 3.267421625770000166e-22 7.436181600090000395e-39 4.396416913839999904e-24 2.118389587859999895e-10
7.730148224650000132e-13 2.071199679319999889e-42 7.171749326140000602e-02 9.331921109000000095e-28 4.314042815510000239e-01 4.968782251869999778e-01 1.310890023409999889e-44 8.525152863649999980e-14 1.131438455289999975e-22 1.211680528549999984e-72
1.785141956500000127e-01 2.426649726689999989e-19 1.464321204369999919e-46 1.624868869730000013e-40 1.945930242120000042e-01 1.434686226069999972e-27 3.481458553680000234e-01 2.787469247700000152e-01 2.560627810040000099e-36 5.556031530180000158e-23
7.104951596709999529e-05 1.033384000119999956e-08 3.696022053079999758e-01 2.632864298259999791e-01 2.680738731230000128e-29 1.275302266540000002e-14 5.213778695600000202e-04 3.149719661679999858e-21 3.665189271459999842e-01 5.997335111700000313e-33
2.903490206300000098e-01 2.113297588739999963e-40 2.623462587219999837e-29 1.191267441919999953e-08 2.937635763229999863e-01 3.038535065569999957e-07 4.158870872739999780e-01 5.900146709869999924e-26 6.315777409899999774e-12 8.427362357519999619e-34
3.648407482100000099e-01 1.352818036400000069e-06 4.558287542140000071e-37 1.304731907349999995e-19 6.699781474109999831e-10 1.061988497799999998e-26 6.351578982990000455e-01 3.181749201819999893e-12 5.178787290249999816e-28 1.596089001969999901e-26
2.830679865440000032e-34 1.974712453189999902e-07 3.602485679140000063e-01 5.017274839950000009e-01 5.423640509569999701e-46 1.380237506199999964e-01 1.585395072640000029e-39 5.659311547499999808e-59 1.235191263260000066e-65 1.294830284869999981e-66
2.190245915999999994e-54 2.511979466329999910e-01 2.137706956279999884e-14 7.998375744919999225e-03 1.731400512249999983e-19 7.404031971990000516e-01 8.716126806590000427e-13 7.185191278339999948e-18 4.152651131330000112e-19 4.004804221949999766e-04
5.093726307679999964e-74 3.230274485820000314e-33 1.173066477630000056e-26 1.535082282060000061e-10 5.508566471920000044e-19 9.993361544829999499e-01 1.214439955070000043e-15 9.135933346929999838e-23 2.334095077299999933e-20 6.638453633030000269e-04
2.922947805790000117e-22 4.828928451210000028e-01 5.171069869609999925e-01 9.679325390630001043e-38 8.544932094449999643e-46 9.516861832420000158e-19 1.330599635029999990e-42 1.679176454529999877e-07 5.213785570589999981e-56 1.421660824609999892e-19
2.240101340270000130e-01 3.870054952130000233e-22 2.292501291579999789e-34 1.299651338199999950e-01 4.312225806530000094e-01 5.450509076670000090e-33 2.147548465380000049e-01 5.207832887739999603e-34 4.730496176449999681e-05 1.966891418180000090e-28
2.019615570579999866e-02 8.040853737239999755e-07 8.286880069850000030e-02 3.633012759620000143e-01 2.320109492090000058e-01 3.005990149519999766e-01 1.874609772110000172e-27 3.071155076320000041e-21 2.103651512320000044e-29 1.022999386679999999e-03
9.244369820879999589e-02 5.214643879070000377e-37 3.931091379289999854e-01 5.144470890060000023e-01 3.063372940050000029e-18 1.164054700440000067e-12 7.107059365849999914e-61 8.337341409720000424e-66 7.485455479889999666e-08 2.000904108680000098e-13
7.118185951189999678e-17 1.675252482489999898e-03 4.363814673959999745e-12 4.405017708560000078e-01 1.128792473590000093e-50 3.897771300219999833e-21 4.904544379790000446e-25 3.674208778669999954e-51 4.877012637480000087e-21 5.578229766569999803e-01
5.507286599999999810e-01 1.533886427510000039e-01 1.746029264489999986e-36 5.074335280129999586e-31 3.330413274020000277e-20 1.188198745389999990e-77 2.301629288400000029e-01 5.903034711360000348e-04 8.786214236539999917e-03 5.634325070139999808e-02
6.693009491239999553e-01 1.456082828009999941e-01 1.283725643990000018e-30 1.739719648349999997e-18 8.473608283010000039e-27 4.420472667069999645e-65 1.848874784429999918e-01 1.036315187209999983e-13 2.032699803569999882e-04 1.965266977590000152e-08
5.069032369629999923e-01 2.224026923360000040e-13 5.300286308280000025e-03 7.233380439320000252e-15 6.842400635329999842e-16 9.523898505800000051e-14 4.467305728720000202e-01 4.100887761589999680e-02 5.702623972960000091e-05 8.817949176989999888e-29
4.711464674720000446e-13 2.251175908970000060e-28 1.743796570750000022e-16 9.605691276990000242e-10 5.467139941010000292e-10 6.080474253869999623e-01 3.919525731049999795e-01 7.178951074850000154e-17 2.234673987720000101e-19 4.236746226040000088e-43
7.942141705579999766e-02 3.685091886180000276e-01 2.037999661790000160e-09 1.361597071159999965e-03 5.457905222250000188e-01 1.733008951360000022e-04 4.705179161059999844e-03 6.214627834779999535e-08 1.214816282820000089e-31 3.873078994390000287e-05
1.043775205639999939e-11 2.124768030750000115e-42 5.159178393930000106e-02 4.396573508420000394e-28 4.326144461199999958e-01 5.157937699300000345e-01 1.575227676680000035e-43 8.186251310290000070e-14 3.087984187829999827e-22 5.643217806729999629e-75
3.651010067259999881e-01 2.068467631420000034e-05 1.130781515909999970e-04 7.312314818559999981e-08 1.196289756130000012e-07 1.170760872749999999e-07 6.347649191790000200e-01 1.438346088299999969e-09 2.946088577200000168e-24 3.570764805029999846e-70
3.323114215359999833e-10 1.423551855459999904e-01 4.526638167210000043e-14 1.787077418899999937e-01 4.605905974380000156e-01 1.378793855150000081e-01 6.388032080690000340e-04 7.772349462110000038e-09 2.835710579269999979e-08 7.982824994079999736e-02
2.892406731060000210e-45 1.124984681890000058e-90 1.799966512720000093e-103 5.588881470789999805e-13 3.696287600029999898e-01 2.183366141229999848e-53 6.849722454230000113e-05 1.900645960749999870e-61 6.303027427720000464e-01 4.309763205690000097e-23
3.745107744560000063e-02 2.718032352770000099e-12 3.668973806210000244e-01 1.058047074810000033e-07 6.610395110960000358e-09 1.525069147550000094e-18 2.422632932220000023e-48 1.929281381530000012e-28 5.956513413209999497e-01 8.819435277970000386e-08
6.847550362819999625e-01 3.056086733699999725e-01 9.636278727279999970e-03 5.140967915150000111e-25 2.169528283130000227e-25 3.021749661520000177e-09 1.160310414219999986e-31 1.731471161790000044e-09 3.582621365639999821e-28 6.867672137180000407e-09
4.313841256040000238e-01 2.533555576069999808e-31 2.830495321779999962e-01 7.208893949930000497e-13 9.581445578459999569e-13 8.040637493940000841e-06 5.187134880670000058e-07 9.736416023080000661e-12 2.855577828559999753e-01 7.754295926129999785e-60
1.114769829980000043e-01 4.775939982829999691e-24 1.124959249039999966e-20 3.483597278469999781e-01 1.116206793469999986e-01 2.429123857859999958e-01 1.856302239210000093e-01 1.959390282680000008e-23 1.168938908500000050e-11 8.977098487810000599e-11
2.349511280069999901e-36 1.492095590610000022e-01 1.061315400379999923e-11 7.862474909469999506e-23 3.677037349030000170e-32 8.507904408749999980e-01 5.637340607470000416e-19 5.323751917519999863e-11 5.853981863279999507e-73 5.692732351699999568e-22
2.411763737820000067e-17 2.031523752219999916e-04 1.414485582310000011e-05 1.094544692170000042e-54 1.256124135829999965e-29 1.652221208429999988e-17 3.619131128569999909e-72 2.986356555579999794e-01 4.364799385429999950e-51 7.011470472109999630e-01
3.807058677010000114e-01 8.402181342839999620e-33 6.192941322989999886e-01 2.689011008480000152e-43 2.221164599800000029e-29 1.998118066230000019e-19 1.731445682389999893e-56 1.568409241659999939e-21 9.048551475709999435e-33 4.831738215809999989e-102
7.538093357729999624e-38 6.495161927589999657e-32 1.942756876200000032e-14 2.169532397900000020e-01 2.463094063250000163e-03 3.516980020400000129e-01 2.005540960719999835e-02 2.839889079819999933e-18 4.088302544999999899e-01 5.811018021549999796e-32
5.258137261059999782e-33 1.556679125700000044e-33 1.627406775149999951e-33 5.377612867229999984e-10 5.318082803139999593e-01 9.152687038840000324e-15 1.353620403150000065e-08 6.258404441519999596e-20 1.034561840430000049e-15 4.681917056120000198e-01
7.415963901079999754e-26 5.691023344960000063e-01 9.781240003529999472e-16 6.294752876559999628e-28 5.179939920390000413e-29 2.035765225009999862e-24 4.327295086679999805e-12 4.308975084830000135e-01 1.781431238610000117e-13 1.570173425769999874e-07
6.968944120800000253e-01 2.280166584709999857e-14 2.872254684730000169e-27 3.539090840380000095e-06 2.295017188849999952e-26 2.934636247739999941e-56 1.220802631809999968e-14 9.765698131769999865e-49 3.031020488289999926e-01 7.913367186080000081e-29
3.658959054020000101e-01 1.523809810389999968e-51 2.496679024319999884e-01 1.354532670789999940e-55 1.138588855649999981e-01 1.018076821420000017e-17 2.272147154819999805e-53 2.675538688529999765e-01 3.023437747769999913e-03 6.933128485930000313e-78
9.304653214350000381e-29 2.449922719200000063e-32 7.187519505220000271e-01 2.812460311059999940e-01 1.613038896440000030e-44 2.018372256369999839e-06 1.716270778209999986e-43 1.426310881860000021e-61 1.159895867139999954e-20 7.196011942620000583e-30
8.318232801680000075e-43 3.816781960200000002e-28 1.125332589329999958e-44 9.077251354869999567e-01 9.880686297250000441e-24 6.886734506670000435e-31 6.427183665600000369e-18 4.621626379600000189e-66 2.897734231910000064e-21 9.227486451279999502e-02
3.345510120319999947e-01 7.202144914180000357e-02 1.225309940599999926e-09 1.623322604019999971e-50 1.788659118199999926e-45 1.123308013240000042e-21 4.501221339219999697e-14 5.934275376009999770e-01 7.951747296030000130e-49 5.007491460409999840e-63
1.906657482590000119e-01 3.358404154260000253e-63 2.044441865030000109e-14 5.699632731789999740e-01 2.393663748379999956e-01 4.603724447260000070e-06 2.915597971239999947e-30 7.995783778940000073e-62 1.876678802090000072e-16 6.850050241350000251e-53
1.557288907080000103e-140 8.705939788920000449e-33 3.539314063359999882e-90 1.646483315180000129e-01 2.301362365670000213e-25 8.451015274039999726e-18 6.940789713830000651e-02 3.518025986159999870e-64 1.255570739070000040e-57 7.659437713429999572e-01
1.118424903279999948e-04 1.105065596160000052e-01 3.030953992920000013e-05 2.633556942510000172e-03 6.724875733620000366e-13 4.935529279740000219e-01 3.931648034360000210e-01 3.733813288430000213e-14 2.252940075709999996e-23 8.708713047399999847e-48
2.792979392849999921e-16 6.139888818520000257e-22 4.552609857080000339e-81 9.669348370699999453e-49 2.942929218859999807e-01 9.442570014349999845e-64 3.374306626499999906e-01 2.608419799730000155e-01 1.562379770360000152e-11 1.074344354750000063e-01
5.510700810920000166e-18 8.360143399030000450e-03 3.214927152309999814e-01 5.446378764739999911e-08 4.098544223080000140e-13 6.701470868740000419e-01 2.728148846420000014e-18 3.089395499509999986e-11 4.047696902820000083e-38 6.463315248599999818e-16
1.028754540379999985e-17 9.300009692100000534e-42 5.759131559769999908e-01 2.211073286829999834e-18 5.855405960240000191e-09 3.212394492130000279e-05 6.438953355299999901e-35 2.342086922059999895e-14 4.240547142230000066e-01 1.370289213329999899e-29
5.178746930440000090e-02 1.706452222319999878e-01 3.794140434509999937e-01 1.307038551780000089e-29 4.022862369439999954e-26 1.348610074139999998e-20 1.240919875459999993e-19 3.981532650130000239e-01 1.069398203319999996e-28 3.870225124690000190e-27
3.245107048389999815e-10 7.105788578639999559e-16 7.532102279959999852e-18 7.098920115079999441e-21 5.101670109510000328e-01 4.896157299009999964e-01 1.673076899899999949e-18 2.132411905790000098e-04 4.797183875029999975e-20 4.017633534360000192e-06
5.470388304550000309e-03 1.621707175260000133e-01 4.151243059370000044e-01 1.949986335109999902e-32 2.261799988659999871e-28 1.060133246100000069e-11 1.013650918569999953e-22 4.172345882210000134e-01 1.326946406699999955e-29 1.270188643359999952e-28
1.532454779739999936e-14 2.033000940280000057e-01 1.930353476170000018e-03 3.997261930830000032e-01 2.243374690159999907e-01 4.509923007539999758e-03 4.706467399479999927e-23 6.684654600200000127e-15 8.694410522450000517e-22 1.661959673889999989e-01
1.306752166410000138e-01 2.633352484980000215e-04 4.412938081109999963e-11 1.793286939620000082e-25 1.388414851929999928e-06 3.302124100600000136e-38 1.605524975419999979e-25 1.747838477629999887e-01 2.741020834439999998e-01 4.201741284439999835e-01
2.429009696899999796e-07 3.538145668829999765e-29 5.909599607790000375e-01 6.039535365789999623e-35 2.293393978310000192e-03 8.277105082299999512e-16 9.652560597440000413e-48 4.061786502340000160e-01 5.677521079520000220e-04 2.765034916059999985e-23
5.964817293269999493e-17 8.340752748750000190e-06 1.167293315580000027e-21 1.861379090939999949e-30 1.552258992560000121e-20 5.025472575550000076e-50 4.202068924770000172e-07 6.298417171339999454e-01 3.701495219070000120e-01 3.936744813750000108e-14
9.574302270639999807e-03 3.413766734639999950e-06 5.688834146019999816e-01 2.101188370010000031e-09 4.182094984849999895e-17 3.783196391049999776e-10 4.210465091860000064e-01 4.554966795860000001e-04 3.686100825109999682e-05 7.716835511160000020e-12
4.683504988009999925e-01 1.532576502850000101e-10 3.459189930859999887e-19 1.041896887449999975e-11 1.780365759350000096e-03 5.298252955250000173e-01 4.383975047270000059e-05 2.491050175949999842e-13 1.872552158189999932e-30 1.014906901150000031e-18
4.126413140599999863e-01 1.204844865629999995e-09 7.333315829599999753e-09 1.102859043790000053e-44 7.086310795949999738e-29 1.614280830349999918e-32 1.479375999930000004e-17 5.873586774019999845e-01 1.944186855340000003e-29 1.193589972069999935e-51
5.836646140220000150e-35 2.830367764159999859e-07 4.661394364909999810e-01 5.338602804719999595e-01 1.334845245950000069e-74 1.737977132370000138e-18 2.263969976629999994e-38 1.304997797779999970e-57 4.095967221020000082e-22 4.163391635170000178e-21
2.945270536290000298e-11 3.237935707210000125e-01 2.346700919880000125e-01 3.178668720170000109e-13 1.852152618939999899e-13 1.120837049650000073e-17 1.315373622719999932e-13 1.842034879320000040e-01 2.573328476630000194e-01 1.664794763490000017e-09
8.952687837699999725e-05 1.145753406699999985e-07 3.686038233619999827e-01 2.628210508659999944e-01 1.358738069070000104e-28 1.376823944519999987e-14 3.412593820729999811e-03 6.518699352190000450e-22 3.650728904969999800e-01 2.993203308279999888e-32
6.851625905570000175e-01 3.060075298530000043e-01 8.829876994309999311e-03 1.118458018409999932e-21 4.537041004859999646e-25 1.386944106309999855e-20 2.188555355979999946e-29 2.303532953890000106e-11 2.051662907590000011e-30 2.572311334059999845e-09
1.088383073710000037e-01 3.231797747560000156e-01 2.730226248389999833e-23 2.438957156190000031e-01 1.687424011179999855e-05 3.091009033240000239e-11 3.240692789460000167e-01 1.295841010160000115e-19 9.394201997570000577e-23 4.903755235349999723e-08
4.670630751800000091e-01 1.424255447479999850e-17 1.701930833579999880e-08 1.723212265320000081e-20 4.063649381429999818e-02 2.024540589320000111e-02 4.220148218549999997e-01 5.004018623840000152e-02 7.589025409240000432e-39 2.363028128610000170e-86
2.194042029810000129e-10 5.525370735440000394e-40 5.778377718589999761e-22 1.950790105920000017e-01 1.226271708279999956e-01 2.482092963060000008e-17 6.059635305380000059e-01 1.050175016790000015e-29 7.633028782350000097e-02 1.030828352390000046e-56
2.733781354710000074e-11 1.310333164170000006e-43 1.585553714230000105e-02 1.521348652849999941e-27 4.354526362210000001e-01 5.486918266100000441e-01 6.854982737799999993e-43 3.471219909839999727e-14 4.511324404100000066e-21 1.004283424519999998e-73
1.291515950420000053e-37 1.801370703419999945e-31 6.985821867150000124e-48 7.614731414479999983e-28 3.099693295650000069e-01 2.191552575420000066e-11 7.354851274069999778e-02 7.058687568320000231e-05 4.344748500880000395e-25 6.164115707970000413e-01
3.961678257779999736e-37 4.546678051589999811e-04 1.139638807929999921e-03 8.739999075989999675e-13 8.891610268239999694e-08 7.102069662259999916e-01 8.157723534130000107e-20 2.671725056370000129e-01 1.140859605799999954e-32 2.102613260710000168e-02
1.664086364679999979e-30 8.844670848029999395e-62 2.253397662140000092e-14 1.586433569100000071e-05 4.391374278540000065e-01 5.606990829560000167e-01 5.154748810130000187e-20 5.361348852200000389e-32 1.476248546440000011e-04 5.738397447619999981e-39
1.906641429179999994e-29 3.198864660259999793e-62 5.451518384019999850e-15 1.025832690849999996e-04 4.374597113440000240e-01 5.602838728019999825e-01 4.224952097950000125e-19 1.036432430590000060e-31 2.153832584780000087e-03 4.238258832710000120e-38
7.613537536519999788e-05 4.998646932799999796e-30 2.756403406889999894e-13 4.946166084210000025e-30 2.416737785089999868e-01 2.532748528760000163e-22 9.901236117659999361e-30 2.263476191590000144e-02 1.402652369540000055e-01 5.953500872450000481e-01
5.629430291520000074e-01 8.321696631229999785e-09 3.858635613999999758e-05 5.295422461120000146e-02 1.317196592370000119e-16 2.010698459080000056e-02 6.957795672309999848e-08 1.406235528260000035e-18 1.228150917359999938e-05 3.639448158799999944e-01
2.859651523489999958e-01 1.203019306940000007e-06 2.283171441760000115e-07 9.780580451159999408e-11 1.883390706439999959e-08 1.177753746880000063e-01 5.962580219590000175e-01 7.361199371689999745e-10 4.377542932889999859e-21 2.098923561740000022e-69
3.796417803100000042e-53 3.653758016590000104e-34 1.899512052630000041e-35 6.220873625520000338e-01 1.372098101399999929e-11 5.304098274039999914e-07 4.566864715049999858e-19 5.064048921779999962e-47 6.923507743939999690e-15 3.779121070240000213e-01
8.445496083700000292e-22 2.167589885439999975e-01 3.923442316019999985e-05 9.987659449350000385e-02 4.519648200979999864e-01 1.883628185610000116e-01 6.610428865780000379e-05 4.289463077800000079e-02 3.680842884470000311e-05 3.848931414050000086e-10
1.862361783589999961e-22 7.742181267349999793e-24 2.182691497179999922e-58 7.577944919009999811e-38 3.659793908510000137e-22 3.516186968969999820e-47 9.221511081460000148e-02 2.277991609480000128e-11 7.988439693369999706e-01 1.089409198260000017e-01
6.671182403130000438e-01 1.876067033039999915e-04 1.858679866309999873e-01 9.918781087379999303e-18 4.472043257209999935e-16 1.750351751599999817e-18 3.394344253210000161e-38 6.462344480049999704e-12 3.020154933500000146e-17 1.468261663469999923e-01
2.525812480140000038e-01 1.663444373369999951e-01 2.103436947259999991e-15 4.130527078790000028e-01 2.538406884080000042e-07 3.888284074819999811e-14 1.680213529290000007e-01 1.859571636049999842e-18 1.476568096219999970e-22 1.212783275120000051e-16
5.423670941610000268e-02 2.433426913779999917e-05 4.833090166289999989e-01 2.161430534540000038e-08 2.616274030780000015e-19 7.246522231089999599e-02 3.862976770489999767e-01 2.522565325720000067e-03 1.144453384830000035e-03 6.531831190130000488e-13
4.092665880210000009e-32 9.039478873009999962e-33 2.728571128020000146e-42 3.633696179609999799e-01 8.931728037080000071e-02 2.841796821069999855e-11 1.351653575860000123e-01 7.305786479010000632e-30 2.308718884679999972e-01 1.812758555850000064e-01
1.292195382170000074e-17 6.227101479729999890e-43 1.014753314069999941e-138 3.767932682990000080e-12 3.367273301510000049e-11 1.313495632430000021e-79 7.955393707290000505e-01 5.777207069470000005e-47 1.333733035520000092e-10 2.044606291000000131e-01
1.040538973499999948e-10 7.449868402299999853e-14 1.170364732000000075e-16 1.084226543999999892e-19 5.101666475220000274e-01 4.896152819399999800e-01 3.009400787350000129e-19 2.142949044659999986e-04 9.889372940010000471e-21 3.775529749260000068e-06
1.358263017809999939e-58 4.454958048600000109e-01 2.916376083600000067e-42 3.222703512589999972e-56 1.091853759119999968e-54 8.270166008610000319e-54 6.671949524729999381e-14 5.145858353779999561e-01 7.265226069170000315e-32 3.991835976270000086e-02
2.121923841139999878e-17 8.367522878090000518e-03 3.201213373580000243e-01 8.352978346000000363e-09 1.103641280020000078e-15 6.715111313870000265e-01 3.885532564999999819e-19 2.301765690050000131e-11 1.452556844960000087e-38 1.423591383830000083e-16
2.907300968339999736e-01 4.573779605650000191e-01 1.694143113340000062e-01 1.731607436539999964e-06 2.633571015240000015e-15 2.167913428499999911e-20 4.317025235100000245e-09 1.740881731469999979e-09 8.247589360220000665e-02 1.709030685220000103e-17
6.815392174700000034e-37 7.568359839169999924e-08 7.215018657919999835e-08 1.086816776229999942e-24 1.739791006399999872e-55 9.999998521659999584e-01 2.370673439819999921e-38 1.060336874340000041e-31 4.650380472270000136e-109 7.924803324530000055e-58
3.499157766810000061e-20 2.065280461909999865e-01 6.461424969329999646e-10 9.560669925859999977e-20 1.307789612619999994e-33 4.948878183809999624e-10 2.601991080900000197e-01 3.202429615890000081e-01 5.493810358469999970e-24 2.130298829889999968e-01
2.417888216890000115e-28 2.513938844709999731e-01 2.076716488080000179e-03 9.714686734169999384e-07 8.317073382150000153e-24 1.864292199810000106e-01 5.558814067799999585e-03 2.874156748960000028e-03 5.184340451679999573e-01 3.323219160620000112e-02
4.099113046530000143e-09 1.709224959139999944e-01 2.562848517260000181e-01 9.068239295100000314e-10 5.392529368899999641e-26 1.148920247019999917e-02 4.249049485490000166e-01 1.363762469979999947e-01 6.955396924349999537e-14 2.224933636799999868e-05
9.639570554309999836e-30 1.830361208510000067e-10 1.987538456090000069e-17 1.264550671230000032e-17 2.773465913290000131e-27 4.005615016699999864e-01 5.994384980239999550e-01 1.233277676319999920e-10 2.666696350959999815e-49 7.347408593729999810e-26
6.633635102169999800e-52 1.017964903699999930e-20 3.572475503110000148e-17 2.133033953419999906e-01 1.896844169040000014e-02 1.731832530390000069e-01 2.225684202179999960e-01 5.386255919710000110e-11 3.719181136429999812e-01 5.837601386429999885e-05
2.131758323580000070e-04 2.816020278999999960e-01 2.069796451230000083e-04 7.179705937670000093e-01 7.173367466299999737e-06 2.137289825929999861e-08 3.238169413689999974e-28 5.220175972669999968e-26 7.650552990800000061e-27 2.811530996890000100e-08
5.826243504770000081e-01 9.931958274759999921e-12 4.385379731059999876e-03 2.163412422429999906e-49 2.634198842929999890e-32 2.268203132930000046e-13 3.273237579160000061e-24 4.129902697810000078e-01 1.695489754329999977e-34 1.588110718400000149e-73
4.102310176539999964e-01 1.643348639039999952e-13 1.881989585920000041e-01 1.231568998610000054e-26 1.385548306450000043e-03 5.677583579860000500e-07 1.933411436479999872e-43 1.754468147150000101e-01 1.750822812779999848e-05 2.247195847460000118e-01
2.137654674790000129e-39 3.348908461330000197e-01 1.898698322809999964e-03 1.515886196519999896e-01 1.301132078760000008e-09 5.036431954190000448e-01 2.256513996149999977e-14 2.403622406759999801e-06 2.392161945179999895e-18 7.976235549720000345e-03
8.384233488569999475e-27 6.900795061360000260e-02 1.662223354489999867e-42 2.367783877459999862e-54 1.112704720639999931e-68 3.296635816820000152e-78 7.133291911010000153e-01 2.176596318289999998e-01 3.718058849060000014e-14 3.226456548500000027e-06
7.858049196030000739e-12 2.381426448169999806e-19 5.386498059959999862e-01 1.682114537750000084e-39 3.819405182169999839e-17 9.114331255829999652e-06 2.710483128019999773e-44 4.613410796649999868e-01 3.635180406930000127e-18 6.923301714899999814e-29
1.982586030189999971e-14 8.979789522130000575e-45 4.801647753619999737e-01 1.748549582529999868e-01 4.169958823780000260e-07 2.775231234429999802e-06 1.404758486720000030e-77 1.874587178849999992e-50 2.489986252049999904e-01 9.597844895219999339e-02
5.980321597019999658e-01 3.257296157640000146e-38 2.165519521200000123e-03 3.970496495149999916e-01 2.389160673660000200e-13 1.190632331129999922e-11 1.867645780330000000e-38 2.158136945959999910e-51 2.752671249669999889e-03 1.339635017730000075e-19
1.299434636640000029e-142 4.343155571999999680e-34 1.758723564530000107e-92 1.618492570270000097e-01 2.063726189080000106e-24 2.313532098930000183e-18 7.222486340070000121e-02 7.333866350680000275e-65 7.316177053889999858e-56 7.659258795719999791e-01
1.012533867599999912e-21 4.699752786899999877e-16 6.241043186180000174e-03 1.031247366680000018e-15 1.324192173730000079e-11 2.413306214229999913e-01 1.252766654009999929e-15 3.706824944470000216e-01 1.357849626890000050e-01 2.459608782409999916e-01
1.499713041679999921e-66 2.646499508929999744e-01 1.465336288410000024e-13 7.127138550020000185e-01 3.229809767329999837e-40 2.028553542770000166e-03 2.060764054200000042e-02 8.743406088539999684e-26 5.576857922609999674e-38 2.014980254060000059e-11
5.059423194420000293e-22 3.007256356639999861e-19 4.344737845950000232e-01 1.256222483830000076e-14 1.984730602870000138e-08 8.380545695440000658e-05 3.358842834370000268e-20 1.422553160670000094e-01 4.187157405890000184e-01 4.471333445660000301e-03
2.200987219460000164e-12 8.208646011900000296e-28 2.300151536010000146e-15 5.233596152180000191e-10 4.188474163470000062e-10 6.080474205379999830e-01 3.919525785169999943e-01 3.676332782909999723e-17 2.004880571609999996e-20 1.249959565499999997e-45
7.484574178110000162e-31 1.914644614819999932e-12 5.109733335449999935e-46 4.290986417259999852e-01 8.625138042320000062e-28 3.387640661760000265e-23 5.585600904640000142e-01 3.358776868199999784e-44 3.188770334229999872e-27 1.234126780750000041e-02
5.496634559929999735e-52 3.922738036150000274e-02 3.010228057909999921e-01 2.540823278759999889e-05 9.669972377249999917e-37 1.137683856680000037e-13 2.371675768129999911e-17 1.683467072060000064e-15 9.197804384930000682e-12 6.597244056059999862e-01
3.686665050420000329e-27 1.935867129430000028e-34 1.751510079309999902e-11 2.110691220829999937e-01 1.132321539519999991e-20 6.351117673859999766e-25 3.724919299909999910e-65 9.434677450350000273e-65 3.528894266229999910e-01 4.360414512760000250e-01
8.687994747919999816e-02 1.605550997019999893e-04 2.354105199929999910e-04 3.528946138850000231e-10 2.733265205059999817e-28 5.528338806070000159e-14 5.745847326249999831e-01 1.308815704010000083e-09 3.381393526140000216e-01 3.805261291109999897e-28
5.448972808009999724e-01 1.500428416039999879e-44 9.548195442250000184e-07 3.821320586290000067e-03 1.243716982470000065e-01 3.269087455460000236e-01 1.306396334529999965e-45 1.231998926939999967e-60 4.741555738700000381e-31 7.403247891569999887e-62
3.198375739639999919e-23 4.980878474980000026e-01 8.455436969520000764e-15 1.589644986550000066e-10 1.275712904780000079e-25 2.959587241489999940e-03 4.989525651010000007e-01 1.052789961069999988e-15 4.878989993160000029e-54 6.357677999139999594e-48
2.836628047810000186e-17 2.025998633930000126e-01 1.366388947119999897e-03 1.165702359850000064e-01 2.497572372309999900e-01 1.699408339310000127e-01 1.495194458090000067e-01 1.102459899549999983e-01 4.749393727779999587e-09 4.259438006710000226e-14
1.511925407939999910e-01 1.682471913710000081e-09 1.860707082239999989e-08 5.835358194409999571e-25 1.456304415360000013e-25 3.900714693170000109e-13 5.231770583020000087e-01 3.256303806140000145e-01 3.253818133610000102e-13 4.425212094159999830e-28
1.208382743810000048e-01 8.350882271909999552e-47 1.078378793459999943e-33 1.178108573350000049e-01 6.105761258670000524e-01 2.041682531540000084e-20 1.507739352249999887e-01 4.694283337959999779e-39 8.071928158759999498e-07 1.622315783549999864e-33
4.313416834109999914e-14 3.572581207589999869e-29 4.476931991350000020e-17 1.535736215530000009e-10 1.801840119950000108e-10 6.080474261480000031e-01 3.919525735180000026e-01 4.172954342200000292e-17 2.165648800490000063e-19 3.181509494680000033e-43
3.779672442180000147e-02 2.245968754439999835e-12 3.667325508250000032e-01 7.834624917619999307e-06 5.602327364009999819e-09 2.769703407759999861e-18 1.791617412309999857e-48 4.026886317740000167e-28 5.954627841490000018e-01 1.003747416239999978e-07
2.106770676539999887e-01 1.895471256650000103e-01 2.747498129040000237e-01 4.773473168060000137e-19 3.344806952099999872e-24 1.317713260750000000e-21 2.714010853799999760e-44 3.899516521330000201e-16 1.443316886950000009e-31 3.250259937769999774e-01
5.968937426839999727e-01 1.154752198390000004e-39 3.092958087049999839e-03 3.961580627460000170e-01 1.111296994629999964e-13 1.778608734559999921e-11 5.001069886670000271e-41 3.996307362449999949e-52 3.855236465539999945e-03 3.459058600469999881e-21
3.637549070460000008e-09 3.219928510839999980e-01 2.582465833660000063e-11 5.981081011809999959e-01 1.902445306420000089e-18 7.989904407200000558e-02 2.116942518790000142e-21 4.568989986130000080e-35 3.326877443319999899e-40 7.582534215069999536e-14
1.312881606129999993e-08 1.742603767880000089e-12 6.586349304689999884e-06 6.538190451719999574e-01 1.052276612469999962e-37 1.944504625060000083e-32 8.152708527489999840e-44 3.582117027529999868e-55 8.291653354370000153e-05 3.460914388149999854e-01
1.336531444569999941e-05 3.120082216050000246e-01 6.450794733459999653e-02 1.416920861150000044e-01 7.281322160989999845e-28 5.221543693710000348e-19 2.826067662460000074e-01 1.116881247510000044e-14 1.991716133850000015e-01 2.095332990850000053e-17
4.313755383949999800e-01 2.225966406840000153e-33 2.830618761640000258e-01 4.304449111340000277e-14 2.064256526280000146e-12 5.773936244369999952e-07 8.671090598720000521e-07 4.467306990890000067e-13 2.855611409359999908e-01 3.078098372789999864e-63
6.822250414580000278e-96 1.778246487200000103e-10 2.429713612260000114e-29 2.553736805410000028e-26 1.899153939189999931e-28 4.704763548149999974e-01 8.414303587499999751e-04 3.407596893860000056e-03 4.593463545139999711e-56 5.252746177539999728e-01
5.069634971830000447e-01 1.870071753330000114e-14 5.476189906840000024e-03 5.108168267120000033e-17 1.380159004950000082e-16 3.897057242239999696e-14 4.469502138609999786e-01 4.056729829570000084e-02 4.280075332850000051e-05 3.387493118540000159e-31
9.772331997379999281e-15 1.420992867579999979e-05 6.859742419569999628e-10 3.446082995909999780e-01 1.239048965199999975e-03 5.282042913009999952e-01 1.909259408929999968e-25 1.364740393690000001e-21 4.241031596069999807e-15 1.259341495280000001e-01
2.634716861879999872e-01 1.849969484419999866e-01 3.605750973479999848e-54 4.725636833660000172e-50 1.239677597310000030e-29 5.822010409100000037e-87 2.552154471929999890e-01 2.006531641969999946e-01 3.463009575149999955e-12 9.566275397699999794e-02
4.251859681200000171e-72 7.739800935469999697e-23 2.231617060579999880e-50 4.244294447320000052e-01 5.483779249000000089e-23 1.263397025430000014e-11 3.769613288379999951e-06 4.329507335609999945e-47 1.667368022479999961e-34 5.755667856420000339e-01
2.751087665149999923e-11 2.199327007930000158e-46 1.137535463230000087e-52 9.555539556789999593e-61 1.990124849100000180e-03 2.876387889010000105e-64 1.009862120700000026e-13 4.336715630870000004e-01 5.615251142880000046e-01 2.813197748150000205e-03
2.100760693719999973e-26 3.361509309309999779e-10 2.099553062269999872e-07 6.320275276770000311e-14 2.259695496380000057e-01 3.447184776539999884e-01 1.049852699679999983e-13 4.293117624159999979e-01 3.116096942019999975e-27 1.154361019999999933e-13
9.542394702019999837e-11 1.761728099369999947e-31 1.531978641539999914e-12 6.309733149109999495e-01 2.344009882230000037e-08 2.718380634670000034e-06 3.690239166420000161e-01 1.046797455630000061e-29 2.652970772770000012e-08 1.064852594850000049e-73
2.171199856039999859e-33 3.863467021530000245e-38 1.361815436769999896e-100 4.064065791389999989e-60 1.482608264299999933e-21 1.768040937149999910e-102 9.272714184050000197e-02 1.787569010460000056e-08 1.521262638239999909e-01 7.551465764600000519e-01
4.686974090539999804e-01 1.298640620139999901e-10 1.404478316739999993e-09 1.624662090420000032e-10 1.142442651990000050e-13 3.805274158599999765e-10 1.266279200259999956e-08 5.650162931879999843e-11 1.245497911880000020e-06 5.313013306520000256e-01
2.323876232219999893e-01 2.168017379409999893e-03 5.570477744990000268e-07 3.645341787310000205e-13 1.754608358370000074e-03 6.717814644410000091e-02 6.729846461470000429e-01 2.352640140109999931e-02 3.070906225340000101e-18 1.600822711210000054e-48
2.934261162379999885e-02 1.224305034410000034e-02 2.618919606139999967e-01 1.192485996239999914e-09 6.720157488530000348e-03 2.067186013389999966e-01 2.883788141949999995e-01 1.947048032029999876e-01 1.833940493560000157e-30 4.417197298399999892e-32
3.560680500749999995e-48 3.760718304540000079e-17 9.699168093069999914e-17 2.618591592919999878e-01 4.487824373060000233e-02 2.088734667220000160e-02 4.300178911959999795e-01 1.840033637470000005e-08 1.674396117020000019e-01 7.491772900599999452e-02
