1.938107887819999849e-11 3.953943483559999954e-09 6.585698353200000447e-20 5.002407780140000204e-01 6.473638292370000047e-04 4.749444298100000155e-62 1.638636890630000044e-04 4.989479904940000154e-01 2.493727942079999881e-23 6.924417052629999651e-41
1.788164779470000018e-08 6.793454670039999801e-07 3.786567096260000098e-01 3.373775684299999966e-01 6.357429825569999658e-25 8.913859577910000650e-08 6.766577478249999652e-37 4.668903463950000009e-31 2.839649355780000106e-01 3.879817259450000207e-35
3.560835139800000022e-38 2.114677489540000010e-01 1.010542313819999993e-15 4.603423278120000184e-01 1.244293766429999980e-36 1.266614616539999937e-28 6.829317677279999676e-25 1.085461095440000028e-30 3.281899232339999806e-01 1.347358729969999903e-29
9.820594411130000306e-88 5.155836278799999967e-51 4.238598242109999693e-22 1.696031840619999925e-02 3.970200209329999841e-01 4.083148276309999709e-24 5.860196606609999748e-01 9.565789529050000637e-30 5.418658232439999851e-14 4.360109665079999760e-66
3.878405447180000029e-19 9.392233780170000657e-02 3.810802702490000075e-08 1.201304712170000039e-01 1.760861878609999967e-41 5.408806055850000332e-16 5.795378510439999784e-28 2.343804410550000126e-20 7.859471528729999878e-01 1.844884390350000106e-23
3.934483018889999865e-25 1.256405328719999946e-14 1.408922628859999952e-70 3.245443697009999795e-01 6.754536004460000020e-01 1.050856555410000040e-13 5.195659415660000439e-25 2.281835351420000100e-54 2.029852757800000043e-06 6.643757533390000303e-20
3.415794190489999791e-53 2.318564653350000082e-11 7.530754708129999696e-29 4.031338956679999894e-41 8.852542660809999847e-05 4.470016769190000017e-01 3.670806957620000033e-02 5.162017280549999754e-01 2.322548883360000130e-63 1.271017486469999900e-59
2.389601475100000099e-15 1.245496497720000069e-08 2.003859056940000133e-02 6.484038458699999986e-04 3.734280377839999796e-34 4.546515325150000120e-01 8.561985654819999965e-30 5.246594902610000055e-01 1.970353180690000033e-06 7.082287663659999961e-25
9.290731923860000177e-10 5.320818507639999933e-44 2.504070399379999965e-20 4.960014707929999989e-01 2.493264695299999948e-05 4.020614250350000189e-05 2.284364598139999940e-06 2.621057575749999850e-11 1.471518955540000045e-04 5.037839532019999789e-01
3.516396730049999864e-01 4.905914779150000182e-01 1.929310498010000140e-06 1.438794055919999926e-01 1.194970040689999979e-09 1.388741171839999976e-02 1.354085084469999909e-40 1.012618109200000010e-07 2.336843616330000153e-12 3.462266301879999967e-81
3.753847894659999903e-30 3.577049968690000162e-65 1.899879906779999848e-21 1.029117114969999951e-62 1.096499946580000010e-28 1.000000000000000000e+00 3.853287936889999928e-50 1.325008326409999953e-61 3.438867272270000071e-20 6.564184015870000371e-21
4.068430679309999656e-30 3.211598591069999811e-29 1.074556048729999966e-22 2.528884338779999741e-01 1.251800637329999934e-03 4.920010390669999900e-01 1.735402679339999874e-04 2.158450194480000085e-12 2.536851861400000185e-01 7.582987395700000436e-12
4.666472333220000055e-04 5.569360324840000320e-02 5.628741161439999585e-01 1.863479321339999994e-01 5.168489360089999884e-49 2.852684119630000213e-03 8.634296762349999340e-43 3.729140672150000342e-21 1.917650171199999920e-01 5.002435768680000107e-31
1.347089840509999996e-07 4.337210123709999979e-18 5.571985772109999679e-01 4.342047237050000175e-01 3.641988785459999940e-19 7.504787065070000378e-45 2.897362132959999882e-05 8.567590753949999582e-03 3.737385687569999815e-22 3.513594458870000092e-23
8.666742362410000122e-02 2.046694907790000016e-23 1.997230803460000121e-09 7.546804807510000061e-61 3.381387397019999796e-01 2.839886752710000066e-12 4.786900988399999776e-75 2.467287093199999802e-16 4.543475954180000165e-01 1.208462392559999932e-01
2.873038955000000172e-01 1.019585004729999933e-12 5.256363630999999977e-50 5.868998061829999724e-01 1.257962978890000139e-01 2.484612069350000073e-60 1.646887893450000036e-31 6.822003615300000181e-48 4.274405579399999874e-10 2.422696797519999816e-21
1.069786378519999948e-44 1.204214796550000027e-06 6.661852811739999429e-14 8.858918690980000530e-28 3.346335024020000160e-01 7.797733871880000212e-27 8.451586329759999412e-14 6.653652933820000115e-01 1.204719083319999909e-12 2.539854841360000080e-24
7.406268453850000100e-01 2.593726382370000194e-01 2.687774700569999766e-26 4.809717019160000385e-07 1.292659627830000070e-50 5.259478334220000036e-41 2.101912340779999885e-41 3.540653130699999789e-08 3.606849131139999921e-30 2.884282795810000134e-35
8.528579906910000328e-16 2.824789213489999856e-48 2.273506239530000158e-06 6.707670640579999700e-52 7.756999069089999337e-58 3.508941249490000141e-31 6.724406213219999559e-116 1.072862590510000031e-69 9.999977264939999833e-01 3.254173098610000222e-22
1.484976159050000109e-35 3.466181218959999977e-01 6.482465680790000517e-01 1.783688249990000076e-27 1.980156160040000005e-43 5.084982253900000027e-03 5.032762053370000047e-05 1.505237299730000062e-10 3.355959732810000124e-26 1.820670974740000030e-25
7.633049229940000550e-20 6.396336321050000162e-01 1.696232666550000109e-23 2.895182832959999897e-01 3.875839081490000101e-06 3.676989183439999952e-50 3.260726836619999822e-37 6.870383019729999999e-25 7.084420876029999536e-02 1.242470165120000052e-44
1.122788092589999953e-01 1.491713688849999886e-01 4.822505031000000331e-02 1.547503922439999895e-19 3.104397439950000170e-01 9.530402748830000091e-59 8.737737672149999699e-04 9.696838414029999790e-13 2.922506121650000077e-10 3.790112534910000108e-01
8.200239652110000166e-02 1.098949950110000018e-01 4.549525328020000393e-34 9.356166589450000679e-41 6.287155655249999701e-37 1.812505270669999930e-03 5.614109131050000160e-28 4.160253240840000033e-01 8.388605543749999573e-45 3.902647791139999822e-01
2.243143250830000046e-01 5.117445769920000415e-06 1.529709214759999910e-13 2.907784733050000070e-01 5.815248048659999680e-76 4.849020839459999843e-01 6.020379748149999955e-14 9.219075977380000459e-18 2.205354476709999907e-17 2.203592441669999902e-10
7.466337668579999809e-01 4.398386846289999869e-07 1.554817275859999893e-32 4.737940067890000042e-21 2.861575986209999810e-25 2.533657181089999932e-01 6.357103228430000209e-17 4.365108987629999603e-37 7.771444449629999980e-26 7.519481954330000634e-08
8.886423234760000623e-09 1.025180834920000061e-01 8.066785535529999754e-56 2.767232974120000244e-01 4.782063766550000015e-16 5.705599311620000129e-23 9.733158331650000481e-16 6.207586102100000058e-01 1.170413314629999948e-37 9.599631513679999812e-17
1.108591634739999999e-46 2.912650376630000120e-61 1.370195986470000016e-01 3.571517769170000036e-38 5.341138206079999451e-01 4.706728883809999645e-22 1.521667721070000035e-15 3.624657229469999934e-31 3.274194571960000189e-01 1.447123549320000107e-03
6.544497306670000532e-67 1.720632781629999944e-60 1.310773417049999935e-13 7.153483145430000056e-44 5.274397912449999559e-01 2.043167933170000061e-01 2.681214326010000204e-01 3.448191449899999855e-71 1.547101931320000054e-08 1.219673667669999965e-04
4.508490470090000257e-01 1.573983304689999958e-07 1.138725244200000002e-03 3.032626767769999919e-21 9.288236836900000404e-02 9.138235073259999118e-22 3.015300965380000307e-67 1.684417602250000066e-41 4.551297019789999898e-01 6.623466819569999565e-35
2.675467975140000121e-01 5.690236006719999740e-01 7.439545645059999872e-03 1.068839883660000048e-05 1.344535168609999921e-02 2.591665667539999809e-18 6.139965795150000237e-48 4.410007875430000192e-26 1.425340160839999870e-01 1.215157171060000049e-41
1.532570856139999953e-18 2.939546517380000102e-15 4.186687984560000028e-12 3.782497832969999862e-01 1.215134174999999946e-31 2.879089794779999910e-05 5.725549916650000186e-23 8.055526400050000234e-26 6.217214258009999828e-01 3.178319767820000269e-32
5.263919104860000302e-09 4.152344474279999864e-22 7.747542324510000545e-24 4.979279010210000208e-39 4.088634446080000040e-02 3.544971872900000154e-01 1.178629768479999979e-01 4.867534435579999874e-01 2.420464219240000106e-42 4.257890007389999980e-08
2.162238624659999819e-34 1.229546786190000046e-14 7.089455651980000050e-01 2.910491377250000178e-01 4.392539253650000234e-06 6.100457454819999513e-29 9.045261507979999809e-07 7.603038652999999610e-23 1.184498584100000072e-11 1.647632691649999862e-54
3.266163294769999781e-01 1.303430973590000059e-14 2.994901700990000181e-07 2.451781118480000077e-01 2.234658891240000056e-01 1.899228445069999952e-42 8.822532331469999181e-09 2.047393612389999951e-01 2.108772026900000015e-34 1.212744251140000015e-56
1.775087563990000147e-21 9.267760302089999957e-39 1.038431229350000011e-44 1.767569045890000001e-03 1.889542578670000070e-03 2.298474883099999877e-23 1.967988294359999946e-01 7.995440589400000242e-01 9.728032973960000198e-72 8.375074076540000066e-72
5.775456435550000217e-10 4.577319305099999958e-01 4.144396733890000073e-01 1.278255709339999879e-01 6.566142956670000124e-70 2.548058113789999888e-06 1.025305597350000023e-43 5.234881716499999898e-11 2.764789274089999934e-07 6.233926317650000205e-41
2.549060964199999871e-06 6.680987983370000327e-01 7.648404567949999234e-12 3.265507750640000162e-06 9.614548812630000759e-19 2.964352998879999908e-36 3.619156046049999763e-49 9.783962380699999417e-11 3.318953869890000075e-01 3.031790257550000175e-38
1.808331168079999875e-08 4.644855699039999730e-01 1.127770098439999941e-20 1.418802005279999916e-06 7.456158645579999888e-04 1.490652612420000121e-42 1.037195342940000079e-39 1.703042035060000014e-25 5.347673773459999946e-01 1.132202337949999981e-27
4.272355242780000199e-15 1.112703985119999992e-34 9.438589436449999759e-02 9.476055111930000805e-99 1.129462986610000044e-50 6.333041656910000095e-01 6.612834368290000298e-80 6.396333760509999675e-29 5.424104702749999905e-14 2.723099399450000235e-01
3.305655474469999861e-11 1.339703597400000029e-02 2.433979872990000015e-01 1.010032946429999939e-01 4.694472285349999588e-68 3.504475278769999928e-05 4.885445682089999964e-01 1.536220690890000018e-01 7.101507202149999742e-33 5.244097679890000076e-37
2.139014704759999996e-01 3.480655354889999886e-01 1.865707874410000005e-03 1.460755578250000097e-12 1.398059726160000092e-140 7.124302563869999716e-02 1.270142647649999921e-25 7.149281835919999658e-08 9.773431705869999218e-16 3.649241890280000011e-01
4.431830056200000145e-01 1.540843473459999989e-26 6.664599094879999908e-04 1.174374722479999966e-01 4.134027511619999802e-33 1.447038496850000126e-23 1.581051720080000001e-32 7.479215581559999554e-41 4.387130621320000090e-01 9.059776533330000551e-11
3.873093776350000073e-01 6.126901559180000234e-01 9.726507241660000600e-30 7.287059410780000615e-12 5.859481303969999995e-24 6.664906048710000342e-24 2.092573998039999943e-20 1.503694218600000034e-27 1.918944120279999906e-23 4.664397470309999982e-07
1.667109403890000088e-11 7.944326327690000060e-46 1.113414342790000015e-03 6.685016131619999885e-31 8.248692260549999663e-16 4.935481523320000008e-01 3.990208810590000210e-01 1.063164842410000005e-01 1.842167786370000011e-33 1.068008092560000064e-06
1.553935854500000104e-04 1.178543435799999952e-62 3.212023023639999919e-01 6.699352857950000131e-06 1.451304356050000036e-02 5.277937866460000009e-03 3.220860296970000092e-01 3.367585935740000092e-01 4.262594631420000008e-20 4.655898120150000054e-16
2.787750832799999936e-36 9.884339377249999018e-94 3.170872944920000158e-01 4.049191735990000398e-28 5.643232406129999879e-01 1.185894648960000020e-01 6.842493657740000147e-17 4.364148291629999739e-36 1.125410716720000036e-19 1.024071966239999951e-38
3.343569479130000244e-01 3.131968066840000176e-01 6.417896391380000296e-07 1.483538299809999961e-01 2.019212152440000019e-01 2.160496672900000074e-03 4.584580944310000041e-39 3.491134972079999946e-23 1.006171557030000054e-05 1.143004388189999986e-60
4.256007371759999859e-08 3.086800992759999841e-20 9.749270825369999282e-43 4.391400514320000165e-04 2.712535203089999930e-58 6.790062975399999701e-01 2.154990758470000101e-01 1.234351800139999941e-02 3.320233060280000023e-39 9.271192600079999901e-02
8.234196944979999960e-36 2.755229500400000180e-03 4.421667577539999949e-01 5.899256352650000118e-02 4.948113747870000199e-23 8.242265053600000485e-28 3.556441500960000335e-02 1.125942754850000060e-01 3.479267587239999737e-01 3.413675400719999877e-22
7.826092309659999683e-45 2.649107405670000131e-39 3.664715685779999788e-02 8.176667344079999842e-06 1.715745656749999862e-05 4.171731777480000014e-01 5.518096783330000282e-02 4.909733634369999877e-01 3.327649299610000264e-24 5.261637170150000183e-68
3.690147717059999999e-01 2.013621835140000024e-02 2.539716247700000156e-40 6.108484150749999841e-01 3.026481817570000089e-26 3.101860055539999851e-40 1.862635609239999911e-28 5.948681203450000021e-07 4.730124563240000185e-21 2.013616905359999992e-27
3.003005734730000035e-56 1.282007573430000016e-14 4.023279081800000071e-42 3.256757542220000134e-01 2.102117421699999888e-51 3.374255555700000016e-62 6.743242457779999866e-01 5.237130564590000263e-49 3.275058330780000106e-32 8.664657585069999343e-52
3.951129571889999784e-10 8.619232493799999662e-17 5.211520433449999823e-01 3.493572124200000073e-01 2.469483306860000049e-18 9.197084576469999627e-52 2.956779794989999877e-02 4.074152955469999976e-02 1.954543126780000119e-03 5.722687320920000209e-02
1.000000000000000000e+00 3.647012353610000154e-43 1.347122993600000028e-29 3.281116218299999708e-14 2.203505462760000075e-18 8.693325404400000551e-27 4.429285532060000174e-53 5.756101549419999713e-45 5.505167275799999662e-22 8.224758917590000465e-43
4.981829563340000005e-27 1.157545108789999963e-57 6.007089924649999801e-01 2.151550469309999891e-04 3.990754049040000084e-01 2.121513175069999992e-19 1.504537619840000048e-18 9.381077253280000526e-67 4.475842545240000065e-07 4.311986595179999702e-65
5.747875988420000359e-01 2.340348933709999841e-10 4.111735429069999841e-39 4.252124009239999780e-01 2.410532524609999910e-17 1.031336294949999984e-33 8.223127310899999749e-32 1.144709468150000007e-21 6.863464990690000442e-33 2.999282542270000122e-48
2.557467189700000088e-01 7.131209209459999920e-01 2.299337795449999874e-02 4.176870149150000286e-61 2.071373099030000100e-49 8.138982128819999273e-03 5.081815877170000366e-83 1.394061445130000052e-19 6.112186398909999811e-17 3.041400374800000033e-21
2.376227041760000103e-01 2.836058766560000238e-07 1.410311660890000100e-56 1.142890647949999977e-80 8.185160875589999985e-18 3.221811947469999874e-37 1.926686853059999960e-56 2.086042871989999902e-08 5.989645248460000274e-41 7.623769913569999890e-01
5.881197356579999860e-29 1.072675029229999935e-86 1.000000000000000000e+00 7.713093132129999525e-93 5.058918957630000041e-64 4.031095482569999986e-44 2.819657518869999797e-131 3.437129189180000192e-59 2.193572310400000162e-31 8.528543618620000032e-63
4.570572271840000124e-71 7.404715533520000076e-22 1.862352116559999959e-29 7.707781469940000463e-01 3.051746946499999938e-14 1.647460162350000075e-19 7.978243241349999689e-23 6.275983449149999904e-81 2.292218530060000092e-01 4.489063599520000135e-73
1.512837228279999860e-48 4.149499561800000012e-29 1.495887384689999982e-23 4.455143215839999998e-36 2.477332676950000097e-28 1.157589734980000011e-33 5.493697740849999844e-01 1.576368518590000108e-10 1.597138869679999926e-28 4.506302257579999915e-01
7.367476208790000229e-20 9.918835982839999445e-16 1.448847454950000051e-02 7.855154212569999589e-48 4.954238796959999913e-01 3.427930187289999742e-24 5.476386013429999634e-29 4.900876449400000112e-01 2.776882022910000025e-10 5.364314688090000326e-10
5.646079048810000341e-03 2.039568705990000194e-37 5.547850744460000039e-01 4.325844512759999816e-01 2.783360528290000198e-20 5.250314036880000000e-23 1.186267526160000075e-05 6.972532554020000051e-03 6.532882235210000336e-28 2.627331043170000134e-34
2.120314635910000079e-31 1.486308750179999941e-72 4.388507293510000018e-01 8.533137538309999934e-20 3.275898169820000150e-01 1.278135267130000014e-26 2.175617863049999941e-21 2.372994207440000192e-56 2.335594536670000110e-01 7.464130733050000498e-39
4.167878742940000098e-05 1.083823876370000039e-23 3.377588384649999886e-01 2.930508162370000196e-11 1.369063117769999992e-24 7.707902040930000404e-13 2.057069475770000122e-57 3.073350684479999786e-57 6.621994827170000208e-01 1.982466947629999912e-31
3.093774171090000127e-18 5.521433953950000140e-01 1.019090293639999995e-18 4.478564624990000187e-01 2.620897331170000034e-112 1.409789939540000091e-07 1.127247977670000036e-09 5.926369569800000268e-15 6.376513022819999785e-28 6.516244338350000114e-14
3.535869331440000035e-05 9.479696623989999521e-55 3.988544212979999726e-01 9.036024152220000186e-76 5.984605221569999634e-01 6.966748512699999826e-07 9.241331732889999241e-56 2.649001177229999993e-03 6.074997322919999822e-39 4.978715413379999654e-40
6.242593020250000305e-09 1.289285698409999991e-16 5.138131241710000019e-01 3.943622292269999829e-01 3.557527226270000169e-27 2.150226082739999965e-41 7.545535218379999804e-08 9.182456490439999675e-02 1.897380030059999825e-21 1.114398727040000065e-23
5.267973053999999915e-42 4.706421608079999763e-01 6.616176608539999631e-131 4.813771641549999938e-19 1.029564121430000003e-26 1.395979713409999953e-38 3.759584176149999846e-01 3.974500294729999942e-08 1.116475478859999894e-53 1.533993818319999980e-01
3.754115292329999869e-17 2.854095086160000072e-01 2.310813595769999895e-01 1.701494261260000142e-23 2.298059009070000022e-23 9.878115308269999933e-40 5.202412444149999704e-45 4.835091318070000033e-01 1.502562948159999995e-29 7.162715233669999868e-95
2.206332398990000040e-46 1.038788195229999964e-14 1.626969550080000058e-80 3.762416549219999890e-37 8.626396722479999563e-19 6.699246234399999755e-41 6.007612123459999953e-01 3.992387876540000047e-01 5.499053162559999740e-76 1.096618002199999917e-24
2.479978603770000256e-10 4.303964590850000160e-01 2.916491758649999988e-01 9.764051978410000488e-29 6.256761449739999828e-103 2.779543646120000155e-01 7.467322173509999276e-55 2.333354006780000176e-27 1.903931468740000124e-10 7.070484524739999858e-19
1.198123323420000039e-33 3.424760381069999987e-59 5.327551314549999695e-34 2.584066760659999851e-01 1.828221692359999889e-04 1.112838414250000074e-22 2.883061641470000171e-26 8.750807894659999998e-151 7.414105017640000295e-01 1.185815343100000038e-43
2.955561512250000224e-29 1.672956809599999869e-64 2.110225906579999988e-21 2.013200297680000097e-62 2.132737205669999974e-28 1.000000000000000000e+00 1.324291301520000007e-50 1.416659890189999980e-61 5.746326416710000292e-21 1.186405673259999909e-22
5.781265534070000323e-01 1.381125475810000042e-08 1.604974633059999979e-35 4.218734041500000198e-01 2.403861891090000067e-14 4.134658155980000340e-37 2.788007819259999834e-24 6.318713828070000301e-21 2.863151448499999972e-08 3.984713137009999779e-13
4.999602726779999728e-01 2.657566871709999743e-04 1.219576927950000009e-10 7.142895587620000391e-37 6.958637947779999860e-12 4.997739606709999949e-01 1.735850449170000110e-55 2.190863085960000158e-46 9.834700377920000585e-09 1.613922336330000090e-28
1.668550288659999975e-23 1.361734052470000055e-14 1.232963451700000050e-27 3.301616252169999877e-01 9.286624847449999679e-44 2.753776194429999982e-17 2.427083823090000093e-09 3.823255623419999916e-01 1.372765819999999986e-12 2.875128100120000196e-01
9.112689843529999974e-26 2.254033284030000032e-24 2.536620750339999993e-47 7.901670412940000650e-06 1.347345661599999920e-27 2.271878305399999964e-01 3.376006106639999893e-01 6.940688911200000064e-28 2.027486469649999950e-16 4.352036571260000097e-01
1.148250098049999985e-26 2.589129745249999919e-20 6.396715798530000292e-21 1.759264671229999948e-25 1.621337500360000028e-31 4.895483665420000130e-01 2.127795630249999971e-22 2.511114547290000179e-93 5.104497585130000070e-01 1.874944306540000056e-06
4.731516871669999995e-48 5.070461936090000221e-41 1.265552066339999874e-04 1.176606033359999936e-41 7.557661535710000211e-02 4.926256237950000227e-01 4.316711986130000178e-01 3.239006052210000089e-21 4.468143481299999979e-09 2.560184296890000112e-09
4.755898742250000292e-12 1.888424109169999887e-60 1.110180848359999946e-07 4.374768163270000009e-10 3.738595774580000253e-01 5.756030975829999896e-01 5.976338833270000010e-37 4.751633533699999865e-49 5.053721349939999802e-02 4.358747460780000421e-28
3.753258373780000157e-01 3.739749631309999990e-17 8.235262043289999501e-02 2.716300240009999865e-34 2.630221142569999856e-44 3.123470106849999724e-61 4.383273789110000200e-54 5.423215421899999500e-01 2.809374822650000105e-39 8.185517495289999809e-47
2.747904629969999903e-45 1.156482207320000122e-75 2.734682959249999934e-01 1.118466433719999964e-78 1.843240151559999906e-03 7.246884636670000157e-01 2.562717854979999782e-10 3.258199487559999867e-19 6.643099131930000311e-36 6.365108329570000292e-26
9.071181111659999578e-09 4.859464833780000064e-06 3.786588866899999739e-01 3.373768906549999835e-01 1.807870802200000097e-25 8.739026606720000319e-09 4.609056350939999902e-37 1.732300807459999997e-31 2.839593453800000056e-01 1.981263885910000180e-34
6.394220369020000263e-40 1.346522328970000014e-28 4.429714985020000162e-01 1.026372875909999983e-19 1.514957594899999926e-01 4.897117113770000432e-10 1.862680278699999914e-01 1.670871870900000056e-01 5.095995878759999875e-02 1.217567770179999983e-03
2.076269257800000120e-34 2.952414485529999914e-15 7.089456228079999978e-01 2.910500972949999765e-01 4.236124195450000415e-06 3.866946260080000100e-29 4.376885487999999845e-08 2.172060247249999941e-23 4.265196756169999747e-12 3.778625137730000227e-54
3.789662285570000014e-06 4.457363203959999905e-84 5.213874184279999602e-01 5.838002060439999778e-52 3.366545615460000080e-21 1.667764046920000046e-15 3.196611566879999886e-30 2.889371970269999923e-01 1.878921595590000101e-27 1.896715948819999997e-01
5.782884168759999666e-02 7.950867807260000223e-12 6.039478814750000531e-57 3.074409565499999775e-01 4.426277849230000307e-18 3.225186215029999750e-05 1.349931632750000071e-18 6.346979498920000129e-01 2.039799507599999854e-42 4.267834637500000092e-26
4.127244383179999802e-35 3.706060314819999634e-52 2.671592080990000118e-01 1.503593731290000023e-14 2.223700846229999945e-02 4.517190011269999750e-01 1.089149069700000061e-04 2.587758674050000263e-01 5.177553204199999913e-24 1.724834111860000070e-49
3.847571759489999793e-41 3.041221766109999947e-01 1.297710975140000111e-01 5.406414096349999865e-02 6.184652901289999553e-22 6.069968454159999777e-02 4.513429003700000219e-01 1.342516253159999906e-23 1.082771358900000003e-23 7.700636429520000584e-83
5.282753244520000389e-35 7.144012721000000087e-03 4.896067175420000250e-01 9.750677650700000088e-02 8.429708155819999275e-24 1.661002734060000111e-28 4.159570500919999858e-02 6.462142539460000168e-02 2.995253628260000078e-01 5.626006833519999656e-22
1.290158566029999972e-14 1.064617831300000012e-01 9.001621942309999506e-97 2.347725096610000006e-07 2.285904302050000003e-01 1.120616956529999982e-17 3.749791320420000074e-01 2.976754646900000141e-16 1.141362392000000054e-29 2.899684198499999921e-01
5.324178960370000238e-49 2.394339390290000091e-01 9.801861476459999334e-25 1.025025928610000001e-19 7.159757100589999823e-39 2.614770545930000245e-01 7.653836147149999619e-07 4.980798349850000124e-11 9.001028025019999985e-08 4.990881509349999745e-01
2.115546890400000132e-39 1.324558123149999985e-27 1.290033185579999891e-25 5.312882686319999603e-01 1.531312190099999882e-16 1.940624477760000055e-19 2.252413660010000121e-23 2.363512398370000131e-71 4.687117313679999842e-01 4.542205905609999859e-43
1.553371239869999981e-39 1.650670053259999885e-26 1.401299671540000040e-26 5.312882686319999603e-01 1.322838881120000080e-15 3.079810995729999821e-19 5.032884944929999905e-23 9.678511436260000724e-71 4.687117313679999842e-01 3.502189470820000132e-42
3.146422054959999857e-33 9.742280177210000803e-50 5.573565171879999906e-60 6.396334034519999950e-07 5.362230650059999681e-06 9.366369587569999603e-09 3.022952493450000166e-01 2.269899859870000081e-82 2.053186015119999855e-12 6.976987394229999806e-01
5.023471970280000143e-01 7.769531878590000235e-18 2.450287421189999981e-01 1.001613515880000060e-17 2.526208361580000172e-01 1.362754355599999964e-68 1.690315696759999987e-19 3.224693739679999813e-06 1.700997807339999903e-25 2.135046936549999978e-26
5.493243808369999617e-10 1.829958199049999956e-01 1.616494127230000133e-01 1.423793309939999918e-01 1.255131510820000074e-01 1.217931260930000053e-12 9.257949753970000620e-16 3.874622847449999963e-01 1.410995156600000067e-24 1.528400508399999995e-119
4.205455857849999996e-11 4.177868265849999929e-01 2.947556037249999889e-50 5.822131733730000480e-01 1.070031533669999941e-28 3.200111090480000164e-95 3.578903499549999880e-32 2.336650430849999908e-18 5.441397856630000071e-21 1.694573727979999896e-25
9.330846915780000090e-52 4.460005819890000001e-01 2.691118884829999947e-01 1.042960076880000018e-17 1.317864633660000092e-37 1.990730800840000155e-14 2.848847980259999746e-01 2.627270255180000194e-12 2.731499920180000161e-06 6.461952030680000215e-17
1.491729061049999975e-11 2.744321314759999950e-20 2.281759009570000104e-28 4.932243385069999819e-01 5.067756529139999522e-01 2.873412245339999895e-96 8.564363920699999601e-09 1.761867657710000014e-22 1.109381018869999934e-24 1.847599959549999917e-39
3.561494530730000105e-04 1.846917136789999900e-19 6.231333992859999782e-01 1.238977377700000001e-46 7.044140472099999977e-74 3.363942610969999850e-16 1.108201178100000015e-22 6.695787888770000218e-10 1.017117716030000052e-34 3.765104505910000232e-01
1.669931743560000038e-36 2.537851859289999862e-43 1.221725508620000039e-01 1.142106513500000054e-03 9.899522708440000358e-55 4.697219964409999647e-13 9.865840968809999612e-02 7.780269329360000041e-01 2.331387037040000034e-25 3.578982346009999908e-19
7.819171477349999566e-03 5.750524122929999576e-14 5.960337089030000035e-01 5.473040654539999690e-38 3.961471196190000099e-01 1.923086770499999843e-49 1.100098135750000014e-63 4.156302291039999770e-21 3.900358954430000210e-19 6.286299566400000068e-47
1.735703965859999995e-16 2.026094808320000051e-01 7.770140801479999827e-110 7.973905183560000554e-01 8.124681409730000167e-10 9.430895929350000332e-93 2.360374502779999940e-24 2.792411500339999894e-24 1.318785218360000003e-43 3.400690333399999701e-52
1.099445300919999943e-45 1.819485074599999803e-15 4.292024333779999959e-83 4.957562571479999925e-29 4.353377399140000136e-16 5.900042990460000341e-37 6.007612062849999601e-01 3.992387937149999844e-01 2.985327817969999811e-147 1.558418944390000125e-61
5.781252740329999584e-01 1.552974872370000012e-08 2.660894214810000134e-33 4.218720007980000242e-01 2.719276533279999981e-14 3.108388506360000312e-36 1.445597644939999930e-25 5.022121303119999721e-20 2.709638967160000150e-06 1.062841037049999950e-12
1.744758621939999899e-23 2.757896715550000044e-01 5.342589909820000215e-51 2.536372425880000205e-19 2.646608308910000096e-01 4.559144032179999750e-01 6.886057435060000519e-07 2.959145552009999974e-20 8.068714791300000530e-14 3.634405729220000197e-03
3.360384955240000229e-10 4.303964526819999969e-01 2.916491509879999833e-01 7.900730439989999772e-29 1.132150121019999933e-102 2.779543957180000135e-01 1.006952018199999957e-55 5.923701815909999741e-28 2.759107272010000226e-10 5.230183562320000027e-19
2.083169840999999885e-08 1.838216621019999886e-01 9.123550518269999202e-03 8.582098317910000218e-02 2.526907905519999889e-46 6.995125841370000153e-01 8.827845328380000128e-28 4.406351162419999995e-43 2.172119923159999966e-02 9.101597797440000298e-39
3.730917084109999782e-01 4.387139781200000144e-01 1.881943131069999942e-01 2.437912084500000027e-26 1.915770476399999865e-37 2.240405841100000050e-12 4.928175817409999847e-83 3.379739146910000019e-10 2.131630034750000064e-11 1.516507394619999943e-45
2.243911930889999912e-14 2.963553007170000135e-06 1.939488967980000089e-01 2.242624628420000155e-92 4.543075310499999908e-01 1.671047997959999865e-01 7.232396846380000081e-20 3.521171391680000262e-02 1.265863360679999966e-30 1.494240948860000029e-01
1.663863375680000039e-15 5.616657530789999959e-08 5.117621438910000492e-38 4.516353731020000262e-01 4.663523379110000033e-01 1.079201127579999931e-37 7.845366532259999778e-41 1.245415958339999966e-67 8.201223282099999456e-02 3.253943948360000040e-47
2.167705322100000054e-01 1.014839388339999996e-29 5.627658955860000128e-23 1.761537946210000052e-23 5.615500189390000285e-01 2.216794488499999882e-01 4.307769712379999778e-58 5.275788012760000294e-38 1.304013576830000041e-12 3.407338954260000020e-28
1.311953714479999937e-03 1.382940550150000072e-02 2.660110810190000075e-28 1.319783353300000017e-01 4.387717437770000117e-01 3.142274991980000265e-01 6.910419124550000424e-22 9.988106247889999567e-02 2.787065100149999983e-23 1.486498629910000129e-38
1.147326612319999994e-74 3.832026083139999928e-01 1.591423318739999949e-40 5.105822934870000163e-01 1.716914373570000085e-26 1.166826306679999946e-02 9.450395033590000549e-02 1.040927509360000078e-83 4.288479568500000265e-05 1.581809674690000065e-33
6.347257631350000304e-03 4.934195020370000240e-01 5.470998596990000300e-08 2.668607702810000259e-01 2.224628651380000040e-237 8.663188708050000020e-02 7.111755429220000144e-14 1.427026978489999987e-01 4.522763144590000167e-20 4.037830410959999602e-03
3.442626133489999907e-01 2.344962353740000114e-34 4.219362327599999740e-01 1.149581789919999905e-40 2.338011538910000076e-01 1.820920377320000045e-26 1.004824043080000049e-63 1.428964912479999953e-24 7.969184360939999752e-24 3.444868837489999792e-69
7.506664152440000182e-01 1.633006121749999937e-25 3.025730074729999893e-40 8.499492835120000048e-03 7.457920463959999413e-02 2.535091911030000014e-42 2.334754462970000074e-23 1.583331734219999883e-45 1.662548791010000082e-01 8.179776511569999576e-09
1.639473056390000025e-35 4.055457280130000085e-03 2.072731401959999950e-17 9.048977707749999988e-02 1.142947995529999959e-18 3.304916064749999910e-02 2.948323528479999869e-03 3.922019119310000135e-01 4.771974833389999726e-01 5.788619586459999841e-05
2.576217041700000134e-36 5.333254125759999521e-10 5.600139146590000108e-26 3.734768379859999977e-42 4.291457684130000061e-01 3.117658179530000129e-01 2.158178186240000129e-01 4.327059447639999834e-02 6.984373524189999411e-70 4.134860260070000342e-46
4.078673042950000105e-01 2.929029003229999714e-20 5.155156387310000287e-20 6.758749199100000079e-23 2.139320375479999981e-01 5.336738758559999867e-25 8.505781578409999798e-65 1.594253520189999966e-49 3.782006581569999915e-01 9.813357643079999884e-29
6.908691823509999566e-04 2.317627637840000002e-29 1.838070787309999865e-21 1.631191169869999902e-01 4.602982345390000073e-32 7.068928314330000046e-53 3.247126314540000036e-30 4.835079640209999859e-48 6.060675737259999529e-01 2.301224401049999924e-01
5.076334570249999706e-02 7.779656265090000081e-30 6.809473673779999903e-01 2.682879716650000135e-01 8.640071477470000166e-09 4.891647603739999630e-46 1.306087972210000081e-06 1.391433904780000004e-14 8.744957186799999539e-13 5.251308444339999760e-10
5.103181556730000180e-41 4.703033716489999905e-01 1.004217614250000063e-129 4.663349744739999555e-19 4.028479067410000358e-27 2.986223569090000146e-38 3.749000073200000061e-01 2.610728380150000064e-08 3.139389579439999936e-54 1.547965949239999972e-01
1.893253907830000174e-18 3.825209022070000242e-01 1.009169477869999998e-01 7.479941376510000413e-47 4.926859765130000013e-01 3.668162669879999945e-27 3.614317395279999840e-18 3.910586147940000033e-35 1.013591076849999946e-02 1.374026272410000006e-02
1.499791406189999960e-39 7.576927633929999573e-01 5.285891392230000165e-10 1.788069726979999996e-01 1.275653964189999918e-64 6.350026300889999309e-02 3.936999360489999904e-13 3.195828390789999926e-37 3.707170832970000164e-10 9.246772717669999520e-31
5.163662927669999899e-44 1.408613341549999973e-12 2.572449940239999733e-01 2.632864927809999799e-35 1.703428284139999905e-06 1.113871465059999989e-13 1.821531799349999925e-01 2.296630051559999904e-49 4.058751948700000112e-01 1.547249277409999957e-01
3.255248144069999815e-11 3.662745758559999842e-01 3.818738132089999904e-01 5.015532783550000256e-11 1.937011186760000114e-01 3.543532037999999849e-38 3.730250507910000188e-24 5.815049217639999685e-02 1.002064918740000010e-20 4.141320603699999803e-58
8.899157600319999996e-14 1.866696338810000091e-10 1.147201067129999958e-80 5.160608591530000400e-01 1.678861605780000122e-05 4.636086773019999756e-17 3.889904909900000205e-08 4.839223131450000048e-01 8.971766781159999983e-62 3.780675656020000077e-35
1.600678400269999994e-55 3.497238434900000066e-06 3.992204970780000150e-29 6.699871927480000120e-14 2.507331892619999927e-08 9.509140449340000578e-02 2.778107232829999940e-01 1.668283462159999866e-36 2.566745163440000144e-01 3.704198335669999786e-01
4.780389364569999680e-24 7.358984857349999686e-02 1.222599821029999922e-31 3.871102089990000050e-01 3.305618543120000302e-45 5.332411676220000002e-30 5.982351759970000339e-08 3.953568397539999911e-49 8.981601181869999881e-05 5.392100665919999924e-01
1.754011311440000073e-04 5.833080188199999674e-04 2.915605012799999951e-01 2.423830364410000104e-01 4.652977531290000135e-01 1.342921808660000072e-26 2.463769120090000057e-23 2.110581542330000110e-14 2.091862305450000104e-25 5.872943420529999497e-107
5.641078084970000406e-01 1.473917845910000029e-27 4.364944665040000333e-06 4.358676190519999993e-01 7.241036554579999639e-58 2.020750308809999928e-05 5.642304619969999784e-30 3.398661129490000028e-16 2.747528822920000061e-12 1.289730291130000043e-26
1.280021488569999952e-39 5.997782235830000088e-13 1.980162243939999900e-01 1.022092814770000084e-52 2.032590077919999797e-03 7.225898355690000411e-10 3.115253618259999884e-41 7.999511848050000484e-01 6.840116412229999774e-28 4.630296024739999842e-70
2.052530604970000100e-54 4.097431483999999839e-17 1.589026556910000110e-01 2.984506904750000052e-13 1.850120921459999903e-03 6.844251308529999715e-11 2.347365009680000003e-01 4.040331012210000017e-01 2.004776211300000055e-01 1.698555750499999951e-14
1.558447902109999929e-07 4.343895666699999784e-54 2.005121028880000045e-01 2.993073938970000037e-56 7.994876960069999816e-01 4.512412186889999925e-08 3.538462160670000067e-52 1.366834246009999897e-10 5.034872222959999752e-48 7.255192512970000401e-63
8.579761704880000056e-05 3.184564603829999942e-11 3.563583202360000035e-01 6.478209563549999772e-02 3.678259557380000107e-29 4.316908095389999856e-07 5.787733547890000496e-01 4.685422587340000318e-15 1.171525350270000074e-21 2.265909760589999973e-23
3.350641051309999896e-01 3.147276779240000266e-01 1.736686278529999970e-06 1.464267672020000133e-01 2.026656773989999882e-01 1.103785306530000090e-03 3.977695956210000138e-41 1.935931727579999868e-23 1.025035037119999952e-05 8.367115256579999698e-60
3.905841880180000216e-09 3.129550952309999762e-16 5.315342011000000477e-01 3.574388114879999967e-01 1.734583078920000002e-19 1.200496879430000001e-51 3.192713991349999808e-02 2.108466103260000016e-02 1.316560696729999905e-03 5.669862186349999833e-02
1.165147006959999995e-02 1.218009051950000100e-34 9.136843551560000133e-10 8.113517097770000426e-62 1.574482957989999926e-77 3.301163747890000222e-01 5.239572388260000074e-55 1.481708422940000039e-12 7.583720677730000387e-35 6.582321542260000102e-01
5.679295698430000261e-01 8.837979948850000444e-47 1.662130314399999870e-07 4.181084747530000034e-01 8.055617951020000204e-18 1.329632058109999957e-13 1.070825132349999986e-29 3.697339372420000224e-57 1.396178919059999982e-02 1.562722042810000149e-20
3.062986707420000121e-01 2.602826909539999733e-01 4.340475819090000117e-30 1.690254353359999981e-05 4.586967517760000124e-73 6.241130825810000275e-46 3.221060482250000059e-47 4.334017357600000175e-01 8.741054391839999836e-41 7.510765701599999687e-49
7.823355407939999728e-02 3.704994443399999837e-01 1.599749564469999863e-05 1.789397295400000087e-01 1.121768840580000090e-47 2.897749187970000053e-03 2.262764376030000012e-11 1.405818905600000140e-23 3.967445175010000218e-08 3.694134856599999850e-01
3.037650403440000119e-37 1.619706112070000041e-26 4.810907675830000119e-01 5.272090764240000107e-13 1.642389084230000129e-01 2.216825398830000082e-06 2.031112108220000101e-01 1.515568963460000029e-01 3.935994170290000024e-20 8.776239795970000306e-28
2.726994984860000074e-27 1.201348495390000069e-57 6.007379537450000528e-01 9.635723681880000227e-05 3.991656226299999943e-01 1.675486973660000051e-20 4.075030423949999893e-20 8.433258172949999792e-68 6.638821518920000011e-08 5.656524824500000075e-65
2.830518294209999913e-36 5.074572164380000139e-01 1.202124361069999909e-43 2.044626563529999861e-29 1.966976944690000118e-01 4.089562218290000198e-07 2.167409621000000022e-10 4.367617194880000204e-21 2.155678512150000121e-13 2.958446799200000199e-01
2.786274346189999900e-36 2.249286498609999918e-94 3.684059139890000223e-01 2.180665501349999884e-27 5.839444171350000046e-01 4.764966887580000116e-02 1.658629154819999936e-16 1.527146647419999968e-34 1.028221730540000042e-19 2.047024081740000140e-39
2.463017068380000119e-01 4.049976461240000214e-01 2.136199539459999846e-28 3.487006344420000015e-01 2.162002402029999858e-37 1.973415402550000153e-61 7.744688136969999914e-35 1.215588429570000016e-08 4.404832857540000116e-10 1.762844415659999943e-16
3.412310843480000332e-05 9.184357924859999719e-20 6.036688210600000013e-19 8.723348551639999590e-41 2.278082003430000058e-02 3.856567934710000145e-01 8.932394902349999333e-02 5.021396120040000355e-01 2.264571223010000160e-46 6.470235947499999700e-05
4.432539918339999949e-20 4.410026691950000299e-02 3.149792160620000162e-72 4.617199297049999762e-01 1.279957105839999928e-03 4.315456625039999919e-42 1.357098884980000031e-03 4.652229499709999994e-01 2.182941833250000032e-26 2.631979741409999976e-02
2.929662728979999932e-37 8.710397543840000505e-78 1.706472388379999981e-22 9.008388830920000047e-35 1.937016277689999899e-01 4.692652836559999823e-19 4.668492191299999927e-01 1.086304915599999944e-47 1.816629015220000083e-18 3.394491531000000117e-01
3.462027149309999996e-50 3.664771372119999657e-18 1.156362263709999965e-39 1.490284211119999999e-12 3.481809555180000064e-15 6.811809008900000517e-01 2.278430899459999992e-01 2.496768989219999916e-38 2.186266600010000095e-03 8.878974256240000640e-02
2.294068658909999971e-44 5.291780860410000027e-04 5.565746204679999920e-01 4.334737208459999991e-01 3.068118271780000291e-20 1.791718218949999881e-26 6.108097612350000020e-05 9.361399623759999664e-03 4.044312268690000303e-24 8.725412930500000474e-72
8.587243349770000574e-17 1.020642117050000047e-01 6.880749344440000345e-116 3.940495116490000393e-03 2.349581911170000037e-01 1.447285312380000111e-19 3.708061220259999957e-01 2.944651470210000070e-32 1.438058375869999972e-27 2.882309800360000063e-01
6.758352774289999587e-01 1.316503419919999862e-01 2.336226719199999963e-35 7.734868705099999867e-03 7.988179533129999982e-03 4.882909852629999797e-02 1.263685659919999982e-01 1.293541127400000007e-47 8.899477311800000179e-17 1.593667822240000045e-03
1.304155709119999939e-21 5.280257122920000157e-01 8.988355973319999206e-03 1.892900150779999892e-13 1.015015897319999959e-03 1.371263200639999957e-01 1.419778059869999942e-01 1.828667897859999891e-01 2.626343934659999911e-35 1.363321429389999984e-82
1.300671417739999941e-49 9.122636393130000239e-29 2.767452962470000055e-01 5.635859639199999758e-75 9.245776179380000296e-40 4.615772140930000100e-01 5.973177757129999655e-17 2.616774896610000178e-01 4.878354406629999897e-39 2.341648433740000103e-18
1.491463786720000076e-77 8.919001444089999482e-29 1.414873215429999996e-42 6.033114379680000194e-01 2.601276432610000189e-01 6.403680912060000230e-02 7.252165243170000108e-02 2.099760357359999952e-38 2.457218851040000116e-06 4.911197948459999808e-29
