6.412221001670000108e-15 4.067988783640000272e-01 2.295449711640000009e-17 7.862927161009999628e-04 2.651886917060000133e-08 5.238119461589999758e-21 5.730456318919999736e-01 2.773674214019999809e-04 6.128294410749999665e-05 1.903052014369999850e-02
3.096702178289999712e-17 1.185495690450000046e-14 6.419149167979999460e-01 1.035442116229999959e-13 9.258732465440000642e-24 1.520164432770000027e-22 2.351214224630000214e-53 5.890251293769999523e-11 8.927117681139999948e-23 3.580850831430000270e-01
1.306717792690000057e-04 4.374882147079999783e-01 7.292076277340000112e-16 1.459704998789999990e-24 7.355520974660000165e-27 5.749691013690000006e-23 9.000399948450000260e-32 2.609843310199999947e-03 1.375254269479999973e-33 5.597712702020000153e-01
3.418700508840000207e-01 8.372914911100000724e-52 5.617452577570000010e-43 1.013669987149999941e-91 3.323381651360000175e-25 1.234914006029999987e-33 2.965186344769999982e-01 3.616113146389999811e-01 2.493263936039999992e-16 6.427769509510000415e-19
1.334982397989999922e-21 1.801324160120000017e-01 5.110825389690000220e-01 1.752217519060000151e-08 2.344661381809999933e-47 3.959275669469999949e-23 6.643906474170000326e-56 1.970558992250000119e-15 3.149367044670000246e-10 3.087850271820000159e-01
7.261869203680000329e-01 5.399390469390000225e-02 1.045009535640000002e-18 1.309469105620000093e-13 2.070224337719999974e-01 3.198704725120000199e-03 9.598036279409999372e-03 4.856525346330000287e-11 2.550217091290000117e-36 1.129794846759999978e-10
2.424271887679999931e-42 5.144625160739999718e-27 9.658435474589999279e-22 5.281314258819999971e-05 2.310399954239999998e-01 3.512700206439999806e-01 4.078319651799999779e-01 7.451204000729999824e-39 9.805205609450000012e-03 1.132123220630000073e-61
2.918612518339999944e-03 1.852302594780000000e-07 1.429224616919999996e-08 1.675625930020000125e-07 1.729900281319999917e-54 5.522262070100000253e-01 3.312708827599999827e-36 7.625656182650000113e-36 4.448546597520000034e-01 1.536350501709999991e-07
4.725888378429999870e-01 7.857105279330000382e-21 5.061481207789999999e-15 1.547292648420000092e-17 3.503664969830000025e-59 1.913735555610000015e-18 1.502905420270000096e-23 9.809759032810000634e-30 3.346325809969999954e-01 1.927785811599999899e-01
2.262601765410000073e-03 4.128846856739999960e-01 3.581383580870000108e-06 2.738576805049999785e-01 3.061658795000000155e-01 5.499974070889999738e-04 5.570795579789999721e-10 2.143082110970000089e-11 3.704671140150000240e-20 4.275573186120000015e-03
8.217202720039999686e-02 2.938266793080000186e-32 6.294381911830000398e-01 1.644468427320000002e-09 1.249212632580000079e-03 4.870174543740000278e-02 2.374710931690000026e-01 2.472810494659999917e-16 9.677287297679999919e-04 2.738306287440000072e-12
6.597808560760000107e-01 1.970442226140000086e-01 1.282651122150000025e-13 8.837885276999999296e-52 1.149000436040000022e-54 1.431749013739999910e-01 2.870297112419999884e-42 1.993646941769999889e-08 9.813635338929999779e-20 9.730643007509999328e-22
9.228020602530000039e-39 2.544808482190000041e-11 7.764859655979999831e-01 2.235139711659999973e-01 7.508434980779999438e-51 2.463152361569999926e-19 2.418071290639999869e-75 2.225460568990000120e-39 6.320537583570000337e-08 4.720580675620000194e-12
7.841465117630000426e-28 1.607750561259999886e-36 1.885886599399999933e-02 2.669649553709999806e-15 4.173724793620000083e-08 4.955296443769999891e-38 9.075237822009999262e-25 1.845210054370000075e-02 5.965396833660000508e-01 3.661493083590000031e-01
1.198234095439999921e-11 5.596889125270000376e-01 2.223511324149999987e-33 5.813783759550000372e-37 1.196402617960000017e-57 4.403110874610000058e-01 1.778344120609999925e-43 1.908663698130000016e-34 1.573790102709999926e-35 4.817481134620000342e-43
1.690980812120000057e-06 8.192253205049999931e-02 2.668159218630000076e-31 1.191449053839999973e-02 3.894267416979999702e-02 7.821909049630000217e-22 8.611232734330000194e-02 2.535944115209999930e-21 8.200208155320000279e-55 7.811062849169999600e-01
9.625714088889999702e-18 1.705703452189999969e-01 3.421653739910000227e-38 4.158503266060000323e-21 1.395364102800000016e-25 4.870284119280000046e-01 3.423987179879999787e-01 5.182221792809999806e-20 2.524865837460000105e-06 4.387761149419999948e-39
2.613572407720000098e-25 2.171007898439999972e-01 1.678825735699999988e-02 7.660808270750000259e-01 3.709360405680000023e-45 2.920376236039999910e-05 4.248042572370000262e-64 2.189556025879999933e-37 9.219620477610000151e-07 2.709832202519999926e-14
5.935172970059999890e-24 3.944730486249999890e-01 6.055160189920000269e-01 1.031233114349999927e-46 3.230717370229999925e-76 7.914326058129999919e-25 1.480599767399999978e-124 1.093237745689999971e-05 4.286387581540000229e-29 5.322034757890000081e-12
3.687375395729999811e-86 6.025916545689999737e-30 3.432137246020000032e-01 1.832011458470000076e-01 7.615256384900000175e-02 6.504216299559999908e-31 2.154015713899999936e-27 6.602927369629999931e-20 3.974325657030000070e-01 6.154286610329999833e-37
7.419889532069999429e-05 6.334441440670000034e-01 5.229258742860000443e-35 5.875138820139999809e-06 9.761923792030000627e-06 4.384387265570000145e-26 3.559965134800000160e-03 7.297342524149999916e-16 1.054583772519999968e-50 3.629060548410000253e-01
1.010031845010000016e-18 2.230746545969999883e-01 2.536552916710000095e-14 1.692738121750000102e-01 3.400949689559999989e-01 1.772634984300000022e-23 2.519809515340000194e-01 1.544600137989999948e-02 4.745275616520000077e-12 1.296113530050000036e-04
1.794824088120000043e-28 6.273788555979999367e-42 3.002681623309999948e-37 7.132683291420000016e-01 3.179945493530000093e-49 8.556442468920000309e-04 2.913370695180000128e-13 3.509050047529999662e-145 2.858760266100000003e-01 3.122427176069999835e-51
1.313936265970000084e-06 1.749385322569999924e-08 2.912631859879999952e-01 3.678926733890000023e-01 2.661568487099999882e-04 2.739669865989999876e-10 3.440090786030000170e-10 1.820681364999999984e-08 1.252051231669999936e-10 3.405766333940000168e-01
2.315789405539999913e-19 8.512188214709999946e-10 9.298063598920000561e-02 5.508167131729999610e-01 3.562026499739999741e-01 1.303232353270000093e-13 3.221320008000000157e-22 6.882352417099999905e-17 1.539736929009999978e-31 1.214675643380000032e-11
2.904810856569999822e-01 1.942019452279999946e-20 3.671781867579999888e-32 3.827902446509999779e-01 8.064503779250000095e-27 1.936970349649999867e-01 1.326110470640000094e-01 1.844198303279999970e-53 4.205876624439999810e-04 2.083094344380000155e-14
1.020486833130000021e-03 7.416716802370000190e-17 4.359602997110000021e-16 1.650929308050000144e-67 3.863395491140000004e-44 3.115194746950000204e-01 2.327755201970000071e-27 6.295177997280000382e-01 5.794223874329999802e-02 1.850429535550000024e-30
4.604571502699999773e-07 9.182227172329999297e-50 3.599921461390000237e-18 2.392222278620000110e-57 3.640293279970000166e-08 1.057835620870000011e-19 3.333331090020000276e-01 6.666663941079999933e-01 2.966007995470000161e-11 1.173077754160000021e-26
4.800673333930000243e-12 1.950009030150000044e-01 4.991702113950000075e-01 1.449855733340000071e-14 3.057577287009999867e-01 1.523084305049999987e-07 3.372525803500000203e-41 7.100457475320000279e-05 6.749394316980000022e-49 5.661107482209999907e-13
2.962616200400000018e-09 4.147629202199999698e-02 3.809210225799999905e-01 2.409662156519999932e-01 2.991805129219999859e-01 2.359548096429999964e-11 4.030528575259999902e-25 4.487965200029999899e-08 2.092301276419999872e-29 3.745590895760000233e-02
1.092625762499999965e-02 5.352649913770000101e-01 1.627918958010000128e-10 2.792153641900000094e-39 4.644267620979999989e-39 1.518749909050000026e-20 1.698010867250000024e-45 4.532596345989999831e-01 9.949333814440000068e-40 5.491162364220000250e-04
1.681194483050000059e-32 2.777403435170000052e-29 1.126025003680000019e-23 4.062608460999999798e-08 9.038393808250000383e-05 4.515687289540000204e-01 5.388223600699999505e-01 5.433501000849999852e-37 9.518486411860000579e-03 3.468402728549999714e-54
6.586461674300000269e-29 1.100981185269999970e-29 2.395402333180000065e-01 2.196866777580000024e-12 4.273673840529999764e-05 3.371752706719999985e-27 3.171569689420000223e-22 3.907542141120000090e-01 3.696123315570000178e-01 5.048427194240000167e-05
8.222560664040000356e-02 1.289078725719999993e-09 2.561998957230000082e-10 1.080114765170000024e-09 4.608551114939999915e-01 1.617642004950000018e-04 2.183768009819999911e-01 2.350660743069999947e-01 2.965822932539999984e-03 3.488168182379999815e-04
4.882815969460000124e-15 5.291958096329999597e-25 6.578342012199999630e-33 4.963760174410000268e-16 5.244149386969999784e-18 1.387892871710000031e-01 4.336372413049999763e-01 1.842715923910000042e-35 4.275734715239999928e-01 1.582033851199999887e-36
1.485692135970000003e-18 1.404096830390000050e-01 5.098724253170000553e-01 2.760997149530000083e-01 3.103378454490000260e-38 4.270676523649999746e-07 1.622840183480000092e-42 4.009231862340000049e-21 7.359808158059999439e-02 1.966804283759999902e-05
1.381202372279999945e-17 7.667554604080000225e-01 1.318084573560000085e-38 2.332445395809999988e-01 1.407609452429999907e-26 5.789310420550000251e-24 5.276219539979999805e-12 7.256748519810000301e-37 1.595977906080000000e-33 5.545828640670000090e-12
8.934023688910000538e-02 7.777937671800000397e-01 6.073169895640000265e-39 2.058384606659999884e-36 2.559451735799999914e-06 8.301537608489999664e-26 7.292913886670000593e-18 1.328634307559999894e-01 6.160052664540000251e-96 5.723956911610000189e-09
3.398712650930000201e-32 6.490983944180000265e-23 5.133349465719999616e-01 1.627895748569999912e-01 2.893245541059999782e-29 1.988146633669999885e-01 1.625175192019999987e-35 1.576494014830000117e-45 1.250608152029999975e-01 1.882937264050000012e-35
1.105234602769999939e-34 3.503780828630000108e-42 3.895929411899999943e-11 1.665756307360000132e-01 2.343699986330000096e-01 3.319413574729999826e-53 6.129643848210000051e-02 4.368059280850000343e-15 4.062219217720000053e-01 1.315360103379999979e-01
7.418169381389999651e-17 5.922766027160000259e-04 3.998116661419999773e-01 5.995534982939999535e-01 1.720438841890000132e-32 2.156939159279999879e-07 4.550339144480000203e-35 4.840251488059999954e-20 4.229094804690000073e-05 5.231861620999999843e-08
1.238091790650000001e-13 1.628002819079999971e-13 6.379666891240000082e-01 7.115321678250000427e-14 6.860490219200000384e-40 2.170946677379999920e-16 8.113610504010000407e-63 9.102950497250000557e-16 2.028559598979999897e-14 3.620333108759999918e-01
7.524322457950000374e-23 4.504132391730000203e-40 3.593057725750000160e-22 7.633483112500000223e-01 1.645288944340000115e-01 2.447695071540000104e-49 9.365181525739999691e-11 7.320033845420000005e-31 1.405847034069999988e-40 7.212279422249999461e-02
9.065790102509999993e-31 1.034762381970000016e-103 3.059423095289999885e-19 3.786074248279999908e-23 1.769119574380000148e-08 3.282711707209999911e-51 2.587873927129999974e-01 1.675495116400000093e-26 7.412125895960000044e-01 2.313955450169999948e-17
1.146676038699999921e-02 2.223488667629999912e-76 3.599250167619999776e-15 1.314432010949999964e-50 9.585409443700000415e-11 6.553021736400000414e-38 3.739653004750000120e-02 1.192484483029999931e-01 8.167939555430000498e-01 1.509430562309999925e-02
5.997770793569999622e-07 6.505478561199999834e-53 2.445941248960000009e-07 4.833529876439999992e-78 2.981656960970000014e-22 2.915945310720000072e-01 2.273954787779999891e-30 6.290103989699999953e-01 7.939422558660000351e-02 2.041710319629999903e-37
6.783373851509999497e-02 4.099331133810000249e-01 2.787148225410000038e-07 8.669957122829999557e-21 5.204361194190000317e-01 1.366532041439999978e-04 5.814898228900000207e-27 1.660095858960000019e-03 2.294833411890000115e-52 9.060081196200000069e-10
5.021570062410000146e-01 7.422058409969999951e-22 5.377352178280000213e-07 3.336567823189999782e-01 5.318364174869999515e-13 3.383755463219999954e-02 3.265721717990000103e-04 7.192064328060000295e-27 1.300215442669999943e-01 2.633552695099999912e-09
3.084855724809999811e-33 5.380296643459999695e-01 4.381408253469999695e-11 6.970344105130000379e-38 3.570356188770000176e-39 3.722264458140000063e-11 1.200400612430000041e-46 4.619702663649999930e-01 6.920882602229999389e-08 3.182385931390000101e-35
2.501158890150000005e-03 1.298135115810000028e-24 2.190716975009999976e-15 2.588182970619999905e-41 3.920583471490000019e-11 1.151525690930000068e-01 5.379259985290000146e-04 3.066877874600000276e-01 5.751205585190000136e-01 4.608633708729999665e-25
8.884019414199999194e-06 3.367724745710000134e-01 1.800715950729999995e-33 1.389849820090000021e-01 6.321248359120000498e-20 8.704815533849999613e-22 3.823592806529999694e-02 1.639678164139999822e-27 3.890768477660000131e-28 4.859977313350000161e-01
1.210433976220000063e-29 1.368293213199999939e-75 3.774551676179999688e-39 2.008293504820000018e-40 6.909063034179999798e-07 1.637814068980000020e-131 4.927129012950000053e-01 3.066547755840000268e-04 8.805998323589999591e-28 5.069797530230000238e-01
6.190246934929999810e-28 2.793426214420000053e-02 4.184407220130000179e-04 3.017240495289999894e-08 1.012953081309999893e-28 9.901253701160000450e-32 3.787567800230000138e-28 4.773349392560000126e-02 5.970226229020000330e-01 3.268911501339999970e-01
1.932994957209999956e-04 9.155630768330000335e-02 3.554723814379999736e-01 2.775482179579999986e-01 8.513648377270000012e-02 8.974523326240000385e-04 5.063846821429999931e-15 2.439833619330000078e-09 1.476301883090000086e-21 1.891958548799999862e-01
9.070430178819999503e-43 5.990577381379999684e-45 2.746243360730000194e-01 1.088061207370000082e-56 1.388984986839999997e-16 6.490230991759999985e-26 1.974551959410000014e-72 7.253756639270000361e-01 2.668083754270000185e-25 1.677794405279999952e-34
2.857744224750000117e-01 9.314707456229999460e-02 4.031358582409999899e-07 1.143740575720000041e-01 3.271272484759999988e-01 1.948889514520000046e-02 3.150830007570000138e-12 8.150877697839999730e-11 3.850635788220000178e-26 1.600878985489999906e-01
1.182101070509999924e-59 5.255012671730000529e-01 1.824834468109999906e-17 4.741823926770000197e-01 2.693804115459999939e-15 3.163401493769999969e-04 1.338808700479999972e-50 1.153142349510000093e-46 2.375174835909999972e-45 7.703762899069999707e-63
1.685479468059999930e-02 2.687375098790000250e-01 3.497014241720000200e-24 3.761589329650000257e-01 5.787070206839999994e-29 1.971785291569999876e-01 1.410702328389999982e-01 8.854722221960000408e-39 4.798997896030000029e-10 1.312720555300000064e-16
1.809500420209999907e-75 1.198375920740000033e-11 7.577437628890000276e-01 1.857812579179999866e-45 2.298305954880000061e-35 4.756452891520000228e-05 6.741917926939999853e-99 2.099421464389999992e-01 3.226652613079999954e-02 1.267376231579999932e-66
2.033026044540000091e-02 3.455952121909999897e-14 7.668687654429999594e-28 1.349989083790000030e-44 1.002040318740000002e-19 1.439204150919999911e-37 1.600208803940000083e-24 3.379667040730000016e-01 7.949802198129999736e-63 6.417030354820000282e-01
2.019709640079999854e-02 1.332772632869999998e-13 1.921089046469999906e-18 7.724570335249999847e-28 4.177009633140000033e-19 5.039597491119999475e-07 4.409891095619999923e-01 2.453526301589999958e-01 2.934606599189999998e-01 1.218991081889999969e-14
2.652148063490000190e-16 3.098683624290000105e-01 2.382182457399999838e-19 1.683246851599999847e-17 8.946797864060000191e-15 2.756220963420000225e-01 5.470873048419999662e-02 2.218779743399999994e-08 3.598007885580000176e-01 1.159040834349999917e-27
9.191533404669999614e-29 3.737592669350000058e-44 3.283381551459999687e-02 5.001006084730000096e-20 8.363096873900000204e-08 1.142628108589999990e-45 6.794683590590000024e-20 7.321535537380000416e-03 5.900237558309999741e-01 3.698208094859999906e-01
1.040509497940000020e-38 2.136841602700000065e-02 2.526882202519999954e-01 8.336879563379999705e-39 7.960892234699999484e-36 9.299071234560000159e-14 3.312099085979999967e-67 7.259433637200000122e-01 1.563116741919999913e-13 3.348450154789999782e-33
5.277444765390000162e-15 3.734209141860000255e-10 7.705435797680000309e-01 2.585604606890000005e-39 1.778534118070000102e-31 3.548392823359999900e-19 4.470713750559999962e-85 2.294561709440000041e-01 4.153962361589999884e-45 2.489152407699999854e-07
1.772332686190000040e-22 5.361516757420000306e-40 5.882801320230000109e-15 5.655731450500000035e-01 2.644688558520000069e-18 3.090594716570000100e-41 1.447045365939999912e-17 2.628130249830000041e-33 2.437748235929999868e-12 4.344268549470000074e-01
1.093585630059999969e-18 2.536482554250000142e-24 4.647614689569999999e-13 4.919775330970000005e-44 2.234141460640000076e-01 7.255557077459999782e-01 1.797877324650000092e-12 5.103014602239999697e-02 1.651398675009999989e-10 1.878994634069999947e-47
4.046058715359999704e-14 2.846416372539999871e-09 1.021988114639999900e-03 4.294033644549999904e-10 1.216956204799999933e-10 1.645298213669999976e-10 9.122750424180000202e-20 5.162367224799999654e-01 4.827066785490000123e-01 3.460729501559999839e-05
7.470847766310000342e-04 1.469627020389999987e-16 8.388287451570000668e-59 3.675150949820000235e-01 2.136059367620000132e-40 2.589377472350000062e-21 6.317378202419999811e-01 5.059021966909999718e-77 8.826269691289999973e-33 5.754870167109999416e-14
9.656540285709999960e-48 1.986823240879999897e-01 1.598251014280000085e-09 1.988966526660000123e-01 9.741659837369999464e-02 3.511810569389999803e-01 1.863776610359999971e-14 7.666734009200000288e-15 1.538233663359999948e-01 3.010785132660000073e-40
3.970412773389999908e-44 8.962653580329999258e-25 2.055469908450000131e-45 2.515619944100000102e-02 3.305406697889999885e-33 8.235446867359999743e-14 8.102506443450000484e-01 1.380179889360000066e-73 1.645931562129999970e-01 2.540071599849999961e-54
2.028076931039999924e-30 1.236067239320000066e-01 5.410595892689999964e-01 3.353329957050000254e-01 2.105512545260000082e-19 6.910936333359999970e-07 2.272371004350000043e-38 1.093017158109999905e-19 2.408656822169999916e-15 3.377898416390000059e-21
3.969438966080000332e-03 1.092733708349999996e-03 7.801243446599999813e-07 9.942446313439999893e-48 3.811752976949999846e-38 2.955454304140000046e-28 8.728806853459999471e-82 6.944878303999999503e-01 1.631524928460000090e-78 3.004492168019999854e-01
1.120034376429999978e-01 2.748206579739999965e-31 6.181821655960000328e-01 8.750792546940000128e-09 3.055222453389999822e-03 4.270213118130000013e-02 2.222989515419999951e-01 1.377942103759999943e-17 1.758082826960000048e-03 5.999863433089999866e-12
2.495873122840000166e-02 6.277267169129999713e-01 1.214392104819999901e-28 1.053816682590000088e-06 1.000296796119999952e-15 8.513421849940000442e-20 8.721479134140000186e-04 9.374752851620000184e-18 6.044027595009999726e-33 3.464413501279999807e-01
1.186599755460000036e-35 1.878777208850000019e-02 3.694120270619999924e-01 1.006734601929999973e-01 5.111267352710000544e-01 5.384376231429999991e-09 4.687649070580000055e-38 3.915574379720000193e-21 1.266848399280000000e-46 4.150105536020000087e-29
4.799746052020000264e-01 4.141608303369999686e-06 1.078528611849999943e-29 9.536059905190000488e-07 3.764376786660000135e-90 1.808928369259999938e-09 2.727115576179999923e-18 2.558372422930000169e-49 5.200064344439999653e-01 1.386333097620000018e-05
1.928802806540000012e-03 1.725480483329999933e-31 1.185385424700000006e-19 2.204607278390000036e-02 4.480069611390000032e-33 1.838282454850000016e-23 9.920763200569999996e-02 8.092781036800000382e-42 3.571674583889999921e-01 5.196500340149999841e-01
9.675084775349999789e-17 3.263021574219999998e-02 4.208685371109999740e-01 5.065270543989999503e-04 1.633135779319999925e-01 4.697431134830000058e-28 5.925907049700000166e-16 1.418377904060000028e-01 3.851840339710000277e-36 2.408433517549999903e-01
9.995986612810000215e-16 7.598430267730000280e-21 9.640949029380000335e-06 5.566957165950000140e-21 5.507830758919999778e-03 3.225264494520000239e-13 2.611685885999999734e-01 3.311208340899999825e-01 4.021931056020000006e-01 4.354615334480000066e-18
5.963474201899999771e-01 2.733494048829999766e-29 3.969945964800000171e-01 6.584940572309999858e-58 2.235470096669999980e-28 3.692871123380000141e-03 1.609364869870000014e-52 2.965112206120000191e-03 3.544830630280000213e-20 5.522478306269999870e-18
2.806782799080000045e-40 2.706150658790000274e-01 3.074724120619999904e-12 1.837590822409999880e-01 1.568156579790000156e-05 3.241074492109999872e-01 4.315322388190000111e-15 1.252226468649999931e-15 2.215027210999999940e-01 1.403352377940000026e-36
2.428769494059999867e-19 1.523212896929999869e-36 1.263681495360000073e-01 2.583281340240000260e-35 4.276507737140000098e-01 4.603883177260000015e-02 9.563232585870000555e-09 3.507673081619999689e-02 3.648655045979999900e-01 2.454853884140000090e-40
1.128720649980000019e-15 1.087019300179999943e-14 6.419149167859999894e-01 3.619195150830000110e-13 8.536009618829999605e-23 4.789199157899999926e-22 1.726935929519999993e-51 9.455835449260000128e-11 3.828771240459999926e-25 3.580850831190000028e-01
1.054851183999999993e-08 7.993287317430000649e-02 4.242187113029999893e-12 3.195945395309999800e-37 1.076477141219999950e-35 2.346312604040000013e-03 2.450739612090000089e-21 2.767749658659999779e-01 6.409458378029999626e-01 8.486407220490000490e-21
2.218138613879999974e-29 4.810824289579999949e-27 2.384799717739999880e-01 1.109604081060000057e-12 2.152043557580000071e-07 3.234668300599999983e-28 1.509705956599999937e-25 3.913378583300000102e-01 3.701599751169999952e-01 2.197957300679999904e-05
5.018078600839999658e-37 7.974269402100000062e-22 6.731796263109999687e-07 7.370871857150000399e-51 3.499763638980000100e-68 2.840946563810000103e-01 6.586364428570000265e-87 3.454228321440000206e-22 7.159046704389999682e-01 2.045129913220000037e-54
2.731510097559999850e-01 4.663189587919999739e-21 9.712878686040000097e-28 3.690194819759999856e-01 8.234497419209999312e-28 2.005682529370000078e-01 1.494706735590000113e-01 2.302947190640000108e-53 7.790581771840000315e-03 5.472121195009999960e-14
4.605551662879999738e-09 3.299131875159999767e-27 2.387859549740000158e-13 6.057380951100000437e-63 2.413135041010000128e-25 5.494627742979999452e-01 4.804024017620000041e-23 3.854488979519999914e-01 6.508832314449999878e-02 2.611785417340000159e-38
8.277644848660000419e-23 6.970331736479999751e-59 1.131680619180000009e-06 1.572618500660000000e-19 7.289086962299999861e-01 1.609673318580000008e-53 6.020920376680000206e-05 2.119677792519999993e-01 1.157280666150000022e-04 5.894645556690000093e-02
4.023041542800000171e-33 5.380296513769999844e-01 2.121232667009999859e-11 1.742388626329999956e-38 1.447744577810000087e-38 3.359726219859999865e-11 7.786269202729999274e-46 4.619702460089999962e-01 1.025589057859999997e-07 1.641661124120000042e-35
4.465086311790000262e-01 4.402614792180000116e-17 2.052625356129999908e-47 7.896717333630000187e-21 1.767454872290000125e-14 4.830609368300000355e-18 5.534913688210000293e-01 2.356474539430000104e-33 5.143265162170000056e-62 3.023192579219999920e-21
2.055318478460000098e-01 4.671295056499999987e-01 4.485912444799999941e-05 3.770013114879999794e-02 2.607827414120000109e-15 3.174019831739999936e-02 1.156736966559999968e-01 3.433891203580000198e-11 1.421764935150000020e-01 3.267708136289999879e-06
3.844831340239999729e-01 8.427056875669999879e-04 2.234855577720000084e-21 3.490342216339999927e-50 5.677094309809999841e-33 6.796760636439999876e-32 2.696178054220000069e-49 5.907346856509999578e-01 7.939036252149999657e-87 2.393947463710000001e-02
3.846372756459999764e-01 9.195235439070000309e-05 2.455475185760000150e-21 5.759409920730000588e-48 3.595597638480000039e-32 8.529215797699999595e-31 2.019974912570000165e-49 5.909465661560000527e-01 3.473000800489999871e-86 2.432420584429999949e-02
6.752849855379999822e-01 5.235686165600000169e-38 7.610190128079999721e-12 6.379305192270000086e-18 5.832958082610000232e-08 2.081752942569999840e-27 1.764917778950000071e-01 1.803208364080000083e-11 9.011606567999999705e-15 1.482231782110000062e-01
2.033825884599999981e-14 4.410251476259999942e-02 1.142512529599999938e-01 5.529752252009999952e-02 4.197234190399999898e-01 7.597029615290000482e-02 2.627614512149999939e-13 2.661378811479999870e-02 2.640412063540000243e-01 9.640500633470000302e-11
2.814564221959999979e-22 1.130419222910000049e-01 4.426813131410000370e-06 1.194033656290000023e-02 5.446071541729999854e-01 2.256652207550000067e-01 1.198270872829999997e-06 3.933785323280000237e-07 1.047393477559999952e-01 1.272167557930000030e-20
3.617846249019999826e-05 3.349093466979999878e-01 2.876320141449999907e-43 1.462358570729999918e-01 7.614344489140000206e-19 6.646550434989999715e-26 2.279323343319999973e-02 9.486037899930000526e-29 1.123179899610000065e-38 4.960253843329999746e-01
3.969866702699999920e-28 1.882930635879999925e-01 1.163423437169999976e-09 2.243541540650000055e-01 2.347559009250000002e-03 5.143849693689999907e-21 8.341314016799999953e-02 2.642181113959999883e-01 2.373739689050000101e-01 1.704983710689999970e-09
1.254672306400000008e-13 9.164508786769999970e-21 2.473938342609999952e-24 4.331573492870000237e-21 7.011961921749999826e-02 5.608597544840000327e-37 3.210605461869999733e-01 1.765044784149999990e-01 2.925482067129999914e-22 4.323153561809999768e-01
3.544731547850000082e-75 9.559381775560000540e-29 3.640728528639999850e-01 2.061055859229999898e-01 1.414468204800000071e-11 4.311072818870000391e-28 1.023077336980000033e-35 7.727576411340000288e-25 4.298215611980000239e-01 1.164885888240000008e-32
2.721667029150000032e-30 1.742870466720000001e-44 8.481907055729999603e-45 1.193924052280000019e-34 9.811798714269999504e-64 1.734199033019999893e-20 3.938846364900000081e-24 4.860873343589999730e-53 1.000000000000000000e+00 2.090685701100000103e-43
1.133763669550000074e-39 4.402401517039999934e-02 2.304705633219999994e-01 1.672867882759999984e-19 4.572421975159999818e-01 2.181746036580000103e-01 5.613086917949999939e-42 5.008862033369999855e-02 1.001084431199999997e-21 5.048504435619999824e-45
1.796017123760000036e-04 4.890275794359999665e-06 2.008163025740000003e-47 3.103274489900000193e-09 2.699147066849999972e-09 2.682854865020000036e-35 2.992893023220000170e-01 7.181372396600000247e-24 1.012566324960000049e-66 7.005261998880000229e-01
4.365031292789999900e-43 5.771798364350000379e-93 4.683295404770000030e-30 1.820159013229999919e-07 2.245653407490000031e-01 3.900707988459999873e-18 7.543223483609999835e-01 5.216893636960000352e-62 2.111212887369999860e-02 4.574966554300000459e-47
2.676866592800000028e-02 6.274912851189999863e-01 9.586589407899999800e-29 2.191186102919999823e-06 1.302922523750000018e-15 2.658356826430000017e-20 6.072574820850000022e-04 4.422456315730000077e-17 8.290651196380000582e-33 3.451306002849999777e-01
1.259114524130000023e-01 2.057794950150000080e-01 1.452176450350000000e-08 2.187136403569999998e-01 4.681874283140000093e-02 8.341011617370000519e-02 3.193665382299999966e-01 1.140359036259999987e-14 1.588979738859999997e-20 4.586126288700000032e-10
8.817872232680000696e-30 1.236062708350000039e-01 5.410597147350000302e-01 3.353331230550000153e-01 3.228416886359999980e-19 8.913755189579999535e-07 1.922434942170000053e-38 7.308141350049999701e-20 1.026707001620000042e-15 4.590490541550000314e-22
2.185005567399999881e-26 2.072741953180000194e-31 3.978744086770000243e-01 2.560721140250000194e-01 1.004855912429999942e-01 1.452457654150000006e-38 1.684675715479999946e-21 1.858565924219999964e-16 2.857171082980000066e-24 2.455678860559999954e-01
1.048740733560000034e-55 6.173166184139999846e-01 2.634936182100000163e-16 1.404803692490000055e-08 7.716504193780000034e-37 3.826833675379999744e-01 2.649071247690000120e-89 1.080647796579999942e-51 1.692159893150000033e-38 5.324079663660000038e-61
1.318223213290000093e-31 1.437975911470000013e-26 4.212791919769999731e-15 2.715427131539999970e-19 5.194338270899999666e-01 4.805661633980000125e-01 2.081114003760000031e-09 4.572848489589999823e-20 7.431270106549999647e-09 3.778575457990000132e-57
9.778218817509999345e-05 2.661200825860000063e-01 5.779218444190000183e-18 1.117226833000000098e-19 1.777530923579999922e-01 2.662139051530000169e-24 3.186494142470000142e-17 2.160179949200000116e-02 3.762971786819999868e-66 5.344272433760000052e-01
4.602515003679999994e-01 5.085039967000000086e-17 4.499789042180000272e-08 1.702559893069999920e-34 1.496618923610000020e-02 5.243965314799999833e-01 6.809999688290000167e-23 3.857339180800000182e-04 1.502129215759999894e-39 1.598342285750000041e-18
4.799214969089999894e-01 3.421937205919999915e-16 7.087149698360000533e-27 1.575976175110000013e-37 5.556561758620000018e-08 5.200784475249999872e-01 1.028409679550000035e-14 1.471798694269999845e-14 2.131506556190000020e-49 7.670228661400000279e-29
2.182965566680000037e-07 1.968549443500000031e-15 3.184387391080000217e-23 3.729085576229999979e-25 2.385931696340000130e-01 2.406141034020000083e-43 9.079497429769999798e-09 5.686541929379999860e-02 3.386113288969999858e-65 7.045411836960000507e-01
9.348121512609999617e-29 4.339370783450000014e-30 3.472056228530000167e-06 7.414424579449999664e-01 3.204277763859999956e-45 6.621840324990000454e-39 7.638510769450000246e-40 1.386539645380000060e-36 2.414238007810000086e-01 1.713026921829999966e-02
1.213990801360000094e-40 1.080057818769999955e-02 2.057993601670000117e-01 3.730252482469999666e-24 4.464068371359999898e-01 2.861364611919999801e-01 2.614995478360000180e-37 5.085676331729999805e-02 2.970735882099999897e-21 5.112840752349999969e-49
6.544026019030000199e-06 5.846673855990000002e-01 5.691779130540000013e-11 3.091453019340000194e-06 4.166705425060000188e-13 1.609700485219999913e-16 2.065126222579999920e-17 6.614290734370000365e-12 3.651536613919999848e-26 4.153229788580000137e-01
3.147570755519999985e-01 3.938476262980000198e-01 5.708582743059999600e-19 5.663240121400000045e-14 2.076719801989999995e-57 4.528290992570000069e-03 1.415499399760000016e-21 7.010450403869999766e-25 2.868670046840000043e-01 2.472662304450000012e-09
2.551776915810000146e-21 6.609571081400000274e-54 7.191296213009999880e-19 3.554221963890000065e-24 6.941724785870000414e-01 1.517787267560000009e-05 3.056263950440000210e-01 8.658705631670000907e-25 1.859484966549999928e-04 4.300649272670000126e-45
1.833454073800000160e-08 7.092525049679999638e-01 1.406963457989999935e-11 1.314908199800000032e-27 9.103097639649999576e-09 3.646313427970000100e-19 7.444508606850000140e-31 2.907474669669999900e-01 5.905775813639999645e-62 6.131359630759999502e-10
1.179405679850000011e-08 3.090595132780000198e-01 1.053663391670000005e-01 1.081370393699999894e-25 1.390941457699999969e-45 6.964054834260000445e-18 1.709881184490000018e-65 7.668797572930000517e-04 7.940465199879999538e-20 5.848072560039999646e-01
3.833983029090000067e-20 3.298937270590000041e-29 2.157976871729999913e-01 2.816945137990000202e-22 6.140501419389999923e-15 1.391392101900000120e-26 3.826831795639999732e-30 4.002669710630000210e-01 3.838266810679999974e-01 1.086606960099999934e-04
7.306671501260000130e-04 4.074162376869999793e-17 1.715578284240000077e-59 3.675205824509999997e-01 6.305387441839999550e-41 5.896229411829999634e-22 6.317487503990000253e-01 1.241831736690000045e-76 1.240283636820000035e-33 5.198979030230000071e-14
4.877160506080000114e-39 3.795545070999999937e-01 1.431133500879999944e-14 2.474479021110000073e-16 5.836981501800000416e-01 1.846817818510000145e-20 1.090944714290000003e-22 3.674734271979999967e-02 5.184054977080000477e-38 1.850101360819999999e-32
2.995810392980000226e-11 2.988349729730000011e-07 2.150075362620000041e-01 3.202413796460000239e-01 2.307078123869999997e-01 8.926232693029999950e-15 7.024683348950000082e-16 6.497418794370000114e-06 1.894018961590000076e-19 2.340364754220000121e-01
3.428210358150000258e-38 4.088378570190000401e-03 2.314747265759999895e-01 7.396908319289999603e-03 2.539871321389999825e-01 8.005007374630000099e-22 2.121000610949999977e-19 5.030528543940000485e-01 2.280128186659999868e-13 5.590159775510000492e-17
1.512847850309999949e-29 1.310601044480000088e-01 1.191253765049999932e-10 1.053476820329999950e-21 4.178311350680000147e-01 4.093854286099999906e-01 2.030534484599999963e-25 4.172333175580000136e-02 6.796828514509999591e-22 4.091287055709999895e-42
4.195817538969999760e-01 2.348099803609999872e-32 1.497477615420000088e-21 2.345398479830000105e-01 1.760809123639999908e-12 5.589251987169999852e-02 2.899716686339999794e-01 3.913840805650000357e-49 1.420955466650000011e-05 5.758561868159999978e-11
4.821243859120000197e-01 2.895324540579999861e-08 1.798605644050000063e-01 1.975757085790000034e-01 3.520628402950000093e-05 6.164811211410000313e-05 9.771904725570000616e-02 1.745213132550000119e-07 1.507725186399999943e-03 4.111551079129999869e-02
1.278050835440000056e-30 5.159763362439999757e-27 9.819194366199999153e-16 3.257097022220000193e-01 1.628355813530000036e-28 6.117498239909999645e-54 4.990169158780000189e-27 1.205029527040000033e-32 2.244182939999999916e-21 6.742902977779999807e-01
2.923434662910000048e-21 5.507296012050000313e-15 3.891634340760000122e-04 2.081493259140000022e-18 7.489231573040000534e-01 1.610255842659999934e-13 3.329718186980000160e-23 2.506876792609999960e-01 1.023004960299999959e-16 2.464633236980000034e-15
1.317066335259999867e-04 3.357598834870000049e-02 4.819983873479999903e-01 1.449164647739999968e-05 3.658095231150000085e-25 1.126709351549999918e-02 2.392138436510000000e-26 3.922634444909999800e-12 1.227946930439999945e-03 4.717843855739999870e-01
1.153752488280000040e-35 5.977818810619999674e-18 2.116465373309999965e-34 1.137992521070000048e-11 2.099788021869999913e-16 6.881108861039999525e-01 7.614909547300000026e-04 1.964169802060000042e-40 3.111276229300000140e-01 1.546733059689999985e-56
2.184554820150000007e-02 2.353629849499999926e-01 3.311915527079999929e-26 5.446345877349999681e-36 4.322819706169999688e-31 4.235788728690000060e-02 5.767694746480000285e-04 1.303455933040000014e-01 5.695112167829999850e-01 9.087335300059999324e-21
3.460605021519999807e-08 3.046565318860000117e-33 1.172052859190000062e-18 3.733769842810000031e-57 4.204624574099999901e-01 4.498309613640000260e-01 6.900113550179999674e-08 1.297064776179999990e-01 2.142687037889999966e-18 1.420102002389999899e-40
5.441784256420000382e-16 6.436722234259999750e-52 4.700358179360000195e-08 5.305825795290000226e-17 5.294173290250000496e-01 1.140298888830000006e-41 6.907091595419999341e-02 1.266032527410000108e-01 2.136051479009999990e-02 2.535479404859999897e-01
6.510066833390000529e-02 4.109533980150000265e-01 3.298043523829999888e-07 1.198791294000000008e-18 5.201978909419999741e-01 2.277302380319999977e-04 3.245563060809999984e-27 3.519982640759999806e-03 1.443764332559999909e-53 2.676576517440000063e-11
9.136667313929999636e-30 3.397920719139999740e-02 3.169281276310000192e-04 1.196785667129999986e-08 4.215411145390000133e-28 1.597868653339999919e-32 2.296435609380000028e-30 4.438536252209999977e-02 5.960138991600000269e-01 3.253045910310000122e-01
6.086258048419999950e-21 5.670306321930000004e-18 3.502232934230000150e-01 2.156254530789999957e-01 6.293651740959999683e-48 1.683306395750000170e-02 3.749319504529999865e-48 7.492644825059999643e-49 4.173181895399999952e-01 3.852654454800000180e-21
3.312485797039999845e-09 8.804697655670000614e-28 4.421051898239999889e-01 1.166794682120000003e-32 3.923976181990000341e-24 8.263781913539999622e-25 5.737540026090000356e-54 2.425416392669999931e-04 1.131859354200000023e-26 5.576522652249999989e-01
4.714777546379999698e-19 2.727680188630000058e-01 2.330353388800000045e-19 7.271974892810000313e-01 3.671681953170000174e-44 3.449181344089999822e-05 7.773541200749999539e-36 2.199305928660000007e-44 4.279065892829999821e-11 1.371358736630000060e-16
1.121702290620000064e-32 2.643611897410000236e-47 8.319975735849999277e-03 5.589278904429999528e-01 2.270316929189999768e-19 2.338538455380000092e-47 4.288546434039999923e-37 1.152727012580000051e-31 2.238990082299999988e-11 4.327521337990000161e-01
7.067584295850000576e-11 8.160677827950000126e-28 1.386689402799999875e-04 6.351591197290000237e-40 2.965218827000000143e-15 4.675802458440000108e-03 4.883218753580000453e-25 3.418435641800000035e-01 6.533419643500000262e-01 2.618338975489999876e-22
6.056306556659999514e-42 3.014270139609999840e-43 2.746243360730000194e-01 7.476108442830000561e-57 7.920587267469999311e-15 2.638966557149999794e-26 3.732294184879999652e-71 7.253756639270000361e-01 2.715702669310000203e-25 4.804134741529999767e-34
5.563076996929999622e-03 5.109735466270000082e-01 1.701442495229999929e-35 1.056506445400000024e-12 9.096242887859999407e-08 5.751041203469999669e-02 4.259528733779999743e-01 7.509731172019999601e-26 3.569149040779999956e-48 1.278371630539999968e-27
1.833533682989999930e-06 2.933578205029999824e-52 5.538377075110000301e-07 1.680437040490000080e-78 6.689295483730000207e-22 2.913595385980000119e-01 5.547127079500000079e-29 6.290007107160000555e-01 7.963736331460000151e-02 1.384911825979999963e-36
1.128640665170000046e-07 5.240311371339999580e-01 1.971262411620000093e-42 4.717891011020000080e-01 4.579576047219999699e-42 2.919879835620000029e-26 1.202189549899999968e-08 4.302075522660000131e-38 3.843474885170000096e-23 4.179636878169999854e-03
4.485202533499999805e-45 2.316400054690000176e-52 9.348010761239999293e-21 1.656114776000000011e-01 1.022154467989999996e-02 2.056616093689999897e-17 4.049800390550000184e-01 7.638072069350000424e-50 4.191869386659999863e-01 8.716210978489999408e-40
4.478300096460000046e-01 3.355566762380000206e-03 4.743932406850000141e-48 2.770452804340000075e-01 4.859976008030000292e-42 3.176988694240000179e-04 2.714514442879999989e-01 1.674956677359999943e-56 1.554031052790000039e-14 5.942765268980000277e-16
4.948915412020000060e-04 6.247193792999999654e-62 1.629505824369999991e-15 3.002606807750000121e-44 3.563888571580000108e-13 6.383390713420000311e-37 4.943877539739999771e-01 4.950051963070000172e-01 1.011145287479999974e-02 7.053020177909999777e-07
4.390374529130000036e-01 8.000242032319999919e-02 1.594433817500000017e-01 3.265391002869999894e-04 8.993870208659999722e-07 8.521738162240000136e-02 2.359509683909999933e-01 2.051773589539999983e-05 2.021181317669999895e-07 2.366587257010000038e-07
4.360160003189999805e-18 8.083490257010000392e-07 3.303901660860000117e-02 6.293173451539999777e-05 6.138083745760000015e-02 4.303750958250000036e-09 1.661981063319999893e-13 4.593207012180000048e-01 4.461940853599999923e-01 1.614969217559999984e-06
1.272928263740000059e-02 6.942911859650000108e-32 3.528273607360000181e-24 7.614724248950000170e-03 6.817611196849999649e-12 2.794075520310000108e-29 5.603663425710000423e-01 2.356199551660000172e-38 7.602709716869999740e-28 4.192896505359999804e-01
7.676151138790000376e-11 2.385507168599999974e-14 2.444392801680000146e-04 3.055263103010000258e-01 5.822368277870000330e-01 3.085947591310000022e-21 1.880336857029999915e-22 4.483168773930000170e-16 1.187709544329999929e-41 1.119924225549999985e-01
4.028341973520000312e-59 1.038021866770000024e-10 4.178854050119999660e-15 3.174545654290000241e-01 6.825454331729999824e-01 1.291152149269999973e-09 1.799073026650000005e-12 4.162090480370000346e-28 1.267389834329999961e-12 1.180058296679999954e-48
2.805010174320000048e-36 3.821231988299999864e-19 1.763729002940000158e-08 2.992781643999999867e-11 1.191056359099999934e-01 4.634992726509999939e-01 5.024587987460000167e-07 4.681005718339999892e-15 4.173945713130000068e-01 6.476366991809999689e-51
9.999999999099999926e-01 5.283728861100000397e-34 1.148211365959999969e-38 1.342309779079999887e-69 6.441467930060000098e-35 8.428994871199999552e-34 1.703686060620000114e-19 8.919847183629999675e-11 9.496880686189999902e-43 9.987706101729999208e-13
