1.285817372229999997e-54 2.253782338869999990e-72 1.162966105469999950e-68 6.479280916039999964e-41 3.788709663920000244e-12 7.395352483380000484e-69 1.999972721730000069e-01 1.782491022889999839e-05 7.999847297369999666e-01 1.731761671010000088e-07
1.072384591579999950e-08 6.524826871480000044e-05 3.633598136380000176e-01 8.925000977060000166e-45 2.984758109469999839e-10 3.632077842020000058e-01 6.153478817399999861e-27 2.338294913290000143e-06 3.492059937440000065e-101 2.733648045739999755e-01
2.309687968370000011e-03 6.008177477829999860e-38 1.048999798730000057e-16 4.156929166070000179e-69 3.922795130489999949e-01 6.054107989829999870e-01 1.959982735469999907e-40 4.475721874360000047e-16 4.843903449789999938e-29 8.375755433279999513e-16
6.743355659529999860e-22 3.073664270579999952e-26 2.475511311390000012e-31 4.377237514090000208e-50 2.234263273179999953e-01 5.562963612690000141e-05 1.141772988830000040e-07 2.605721040799999777e-01 5.283911245150000384e-10 5.159458242600000188e-01
8.134126164739999831e-01 9.333479088309999550e-39 1.979214343049999962e-07 4.602673727420000053e-41 2.574823249620000095e-05 7.256758756280000382e-29 7.131004328240000045e-24 1.621051880999999917e-01 8.684945352080000698e-49 2.445624927189999839e-02
2.044010372350000072e-07 2.555785467709999879e-13 1.076847962429999991e-16 1.174213402359999974e-58 3.446954032009999965e-06 7.872864945369999550e-18 3.185997772829999852e-01 3.046221112649999951e-01 2.693167024169999780e-25 3.767744600960000190e-01
1.337422658070000041e-73 9.121254763990000342e-21 5.013853441169999706e-52 2.057976759729999978e-09 1.850842751660000037e-22 4.314301635649999637e-50 3.664739305859999741e-01 6.335260673560000333e-01 4.591107082070000029e-14 7.899396750099999878e-38
3.052469728799999837e-07 3.018890196509999792e-57 7.919378581069999590e-02 2.345114404430000149e-44 1.621672771989999896e-11 2.139076026089999916e-01 1.864216598759999984e-99 7.068983063170000136e-01 1.725945414620000090e-73 3.027629154130000024e-28
2.812260460650000127e-01 2.056310969969999976e-75 6.693493822409999886e-10 1.577640837320000146e-05 1.979045135569999898e-14 1.361661036400000033e-61 1.828948278739999948e-18 1.852304375969999934e-08 1.762190308269999960e-09 7.187581565720000398e-01
2.271675073209999909e-10 8.692172967609999803e-18 3.342907212300000319e-02 1.775889190140000129e-10 5.166201534570000187e-30 2.483613909500000105e-02 7.251469835610000315e-38 6.277849037930000042e-01 3.139498845840000274e-01 1.306315783110000027e-26
2.310823492509999957e-08 6.728789071279999990e-07 1.945243028170000055e-01 5.881939529749999895e-01 5.269353172079999748e-05 2.588718070549999886e-20 5.279467316219999699e-07 2.171036693600000012e-01 8.698101309250000224e-52 1.241573832379999935e-04
4.281311178600000211e-01 6.719423293120000275e-51 1.345361498140000046e-07 1.598024757850000072e-18 2.509598241839999799e-01 2.334118819730000095e-06 2.610517587410000040e-30 7.506636083029999407e-02 2.458377424550000079e-01 2.486015512639999825e-06
1.247635978919999954e-06 2.261511402190000024e-28 7.717071697720000456e-01 4.897643456070000007e-37 3.807926546050000069e-24 8.041733951590000269e-18 1.070282461549999953e-47 2.282915825919999975e-01 2.352282864709999981e-80 9.080077837689999492e-14
9.249575140370000347e-13 1.674498188759999950e-01 1.250141178109999973e-01 1.858207810440000014e-10 3.370226191749999968e-23 9.567233101449999777e-02 2.537345277280000165e-18 1.381647490800000008e-17 1.300848327390000063e-26 6.118637321109999805e-01
6.249112507959999618e-01 2.629919003870000099e-27 5.023262157449999777e-11 3.076364048879999824e-43 6.555620503350000208e-27 1.241954483299999995e-36 2.247964536819999848e-15 3.750887491520000228e-01 1.588624176770000042e-12 1.774793812500000021e-20
3.222096680719999801e-02 8.464730125119999601e-03 1.402937911819999957e-08 9.061251987180000453e-15 7.918403812289999729e-11 9.940467778270000695e-10 1.472610419690000005e-01 1.040145412300000099e-25 2.966007440549999763e-01 5.154525019410000075e-01
1.915591413630000113e-23 1.962564863739999887e-69 3.465869796210000246e-57 2.928215543600000158e-83 2.462839570240000140e-06 1.780106083570000008e-52 6.706864725340000029e-07 7.650554804470000025e-01 2.349413860269999876e-01 2.091446204709999865e-20
1.610734463669999952e-06 3.793087429709999935e-08 2.832489353959999900e-01 2.396868887899999967e-01 2.633850702489999970e-23 3.960478840130000161e-24 1.091137636069999892e-03 4.366330918610000222e-01 2.182870438669999927e-02 1.750959326439999880e-02
9.999999902389999917e-01 5.073488735000000224e-48 9.761388690380000665e-09 1.139568112119999950e-37 5.182656174770000154e-57 2.360588558959999875e-28 9.695882928330000427e-102 1.760561954749999955e-50 6.712030351240000315e-40 1.814828772749999987e-51
1.731807975419999971e-07 2.424304788589999871e-01 1.632204831569999959e-01 3.467945565619999782e-01 3.736686992700000312e-18 9.207536281180000038e-24 2.452602698599999937e-10 2.475543079950000003e-01 6.256679160220000414e-51 3.043743246120000180e-14
2.044522317210000135e-04 3.946514663979999836e-18 7.168516306100000515e-23 6.858365320979999828e-76 2.169321128770000107e-01 3.763405486260000266e-01 1.100677341289999990e-12 3.074291755520000002e-01 9.909371071309999723e-02 2.866586805730000078e-20
2.913824436119999925e-08 5.255362343299999628e-01 5.809907430360000430e-23 1.877588582449999870e-07 2.709913065140000013e-24 1.765958750970000048e-24 3.644487114409999950e-01 5.865630329669999819e-57 1.100148373320000011e-01 8.900249859439999809e-24
1.087069138810000010e-16 5.197146439780000321e-02 9.217241818500000477e-07 2.020895938249999968e-01 2.572920386459999877e-14 2.327184854530000174e-40 2.581972083180000266e-01 4.877408117340000238e-01 2.085964075009999948e-48 3.067859463480000144e-15
4.664943665000000102e-29 2.602602817279999812e-31 4.093955605549999917e-19 7.624060838209999469e-01 1.391572472450000032e-11 2.279776781270000108e-01 2.816385775780000159e-54 2.793732995299999777e-17 9.616238037589999732e-03 7.004223187299999628e-56
2.500611038890000172e-22 2.415911786849999909e-01 1.184610986799999924e-12 7.414136192189999530e-01 2.452697584070000116e-55 7.126586126879999974e-38 3.600049835640000063e-10 5.673604814429999732e-16 1.699520173470000020e-02 7.674073029979999852e-48
6.857980144249999703e-60 7.615803435839999554e-22 5.899521207380000355e-41 1.268987262390000099e-50 4.099118067499999962e-01 4.176069638959999934e-06 3.058732722070000121e-07 5.900819324129999988e-01 3.665885346020000055e-22 1.778893161599999912e-06
5.336612104419999891e-01 7.497534867150000386e-04 3.301624255510000096e-07 5.040727044520000131e-31 9.224797287249999686e-12 1.673428128320000050e-03 1.115776202649999978e-08 5.908497220750000008e-19 4.104382056619999803e-19 4.639152666140000103e-01
1.896872785260000083e-01 1.503093363659999959e-01 6.332066064510000267e-12 8.536369942240000508e-02 1.646755690719999904e-05 1.337141094500000098e-12 4.481797581909999773e-01 4.601147004699999915e-45 7.491832974899999289e-21 1.264434599300000017e-01
1.095384920819999982e-07 5.648099087469999890e-01 2.186400899929999975e-01 1.155333439079999997e-43 1.126113642220000001e-54 2.165498916889999903e-01 2.332820508490000013e-35 3.215700821710000136e-11 7.257458558169999888e-19 1.136682877459999943e-32
5.515648877859999847e-09 5.759190208550000190e-01 6.192824783079999701e-02 8.712531147860000216e-47 5.540101539710000137e-22 5.977200967500000128e-02 1.757411590219999961e-17 3.023798277359999731e-01 3.010578677070000048e-40 8.883872732310000035e-07
5.421122488320000432e-01 6.812564323849999631e-49 1.479886298180000129e-07 3.036217573169999934e-17 3.113357069350000139e-17 7.942869223119999877e-02 7.789115949749999932e-66 2.993882114990000114e-26 3.784589109479999935e-01 2.544228756950000077e-29
2.447929086719999910e-76 4.010314725999999740e-15 4.252909097280000144e-46 3.152362427750000085e-01 1.182775980759999987e-20 9.573728608009999498e-36 1.798385536150000075e-01 1.836758551350000102e-01 3.212493484749999739e-01 1.293135514440000073e-36
1.448191376189999932e-10 2.960327432900000111e-01 1.666734901120000001e-01 1.060726274790000051e-26 2.862321947500000114e-23 1.647690073460000015e-01 9.139921844079999494e-19 6.347837906579999766e-07 7.952179790259999832e-42 3.725241243230000276e-01
1.959729622590000155e-71 1.962016514690000102e-02 8.042008406000000064e-36 7.804849661839999589e-16 4.388450997659999828e-31 3.159151301090000197e-01 5.405604065659999800e-09 3.847448807970000134e-29 6.644646993380000088e-01 7.719001768069999767e-14
3.436674788189999931e-90 4.402538203769999898e-56 3.799294601740000008e-60 2.205877825209999945e-20 1.602685925860000004e-23 1.550727815569999904e-54 7.950752654829999766e-02 5.365691735030000409e-01 3.839232903829999932e-01 9.566108476000000660e-09
7.906770007350000352e-07 2.398246706990000123e-45 2.979842822689999782e-01 6.059882717709999875e-40 5.208237214129999790e-25 2.976294855250000149e-01 2.790395486289999909e-101 4.043854415290000226e-01 2.383641181830000133e-43 1.662014127159999893e-45
4.088226664990000092e-01 1.337361681599999947e-40 3.767022787220000246e-15 1.990410376459999887e-55 2.315129283750000141e-15 1.543709334799999999e-12 9.569688056089999585e-42 5.608395879980000442e-01 3.033774550150000054e-02 3.406050750790000012e-42
1.081277945589999984e-02 1.257045707069999969e-18 1.202119377310000020e-20 4.073012488120000191e-75 5.754835774670000301e-12 6.602215965469999670e-01 6.352292832300000095e-27 9.928707010690000684e-13 3.289656239900000112e-01 2.536250352989999943e-39
5.930610357379999947e-07 1.334720157650000072e-01 4.861438234900000155e-01 1.667062360949999877e-01 5.225510162510000299e-03 1.257703523799999940e-19 1.464634464700000073e-13 2.084518214259999946e-01 1.828420048569999943e-82 2.980077694330000111e-20
8.676529358349999506e-59 1.059158190940000069e-29 3.390341668030000169e-42 6.521122519700000009e-01 2.234000450460000009e-01 1.985187917600000001e-19 6.063552231489999980e-06 6.956716644950000639e-02 5.491447298269999666e-02 3.354269209849999989e-16
8.651407106180000582e-12 3.855825843219999847e-17 3.990254177810000167e-04 5.599089560850000202e-01 1.080093296970000066e-17 4.396920184879999915e-01 4.247131139219999706e-62 3.510698347499999809e-13 5.719316995349999700e-17 7.008590654470000210e-71
2.842327470079999849e-08 2.540826330279999845e-05 3.488753103850000259e-01 3.106747653189999986e-02 2.510422732559999968e-22 3.684167859270000012e-01 3.223083402230000214e-26 4.548527903640000138e-56 5.692253405589999968e-22 2.516149904700000217e-01
1.067692705160000041e-26 7.103630396410000047e-01 3.951216275199999925e-16 1.059492524410000055e-13 1.460434330669999930e-05 4.021013985389999946e-17 2.896223557929999970e-01 1.315892365510000097e-12 6.244822536699999625e-39 2.209744760420000046e-10
3.397445134120000097e-49 2.990624847869999875e-29 2.642224421310000144e-28 5.099022127029999574e-01 1.482127502869999977e-17 2.716991202500000214e-63 2.626339887660000261e-01 1.878051943140000043e-09 2.311865669679999952e-49 2.274637966539999889e-01
8.991395241099999299e-27 6.100514276809999824e-40 4.366955531900000231e-12 2.640010291570000223e-01 1.065306218520000035e-36 2.964360575390000012e-47 2.978154935640000077e-15 1.925632925980000007e-02 9.774099147499999456e-18 7.167426415790000283e-01
3.296794812529999920e-12 5.223963143660000086e-02 1.590290935389999938e-01 2.502037362160000192e-09 5.329608007629999772e-33 1.636499025879999958e-01 1.437208042459999915e-16 6.383188484419999709e-18 6.606984737440000011e-19 6.250813699310000526e-01
2.116508245749999967e-32 1.704799156700000020e-07 2.243045828370000081e-20 1.147045624329999981e-27 2.296481110529999837e-34 6.666348175949999844e-01 4.980823764070000077e-23 2.211652193830000115e-14 3.333650119250000099e-01 1.729879046680000022e-30
1.966328220910000085e-33 1.088484192049999986e-29 2.919139386229999738e-20 6.071855730499999826e-01 3.924628736119999961e-01 5.125190059670000036e-09 4.304269143470000371e-25 3.515482107000000118e-04 1.526568725129999933e-12 1.724228322539999966e-23
5.424760270349999747e-01 9.469180325569999805e-38 5.005697727160000160e-08 2.395598668790000221e-28 1.002840354290000045e-28 7.905279907050000165e-02 5.582033575299999990e-68 7.453031566470000130e-13 3.784711238369999897e-01 1.525113640900000038e-46
1.970380024509999874e-24 6.144068421730000342e-40 6.160079096399999996e-15 1.488883854959999913e-04 7.121809341690000134e-12 4.466384824339999795e-13 1.677361663490000063e-19 6.106685231689999993e-01 3.956382355690000114e-07 3.891821927999999930e-01
5.127368343830000205e-18 1.086085854910000022e-47 3.721878680329999986e-26 1.057316445009999949e-27 2.484113349669999915e-01 7.580604301890000543e-27 5.232396081080000005e-13 7.898578020740000538e-02 6.726028141890000311e-01 7.063650531980000589e-08
4.422155170160000144e-35 2.337935505120000144e-16 2.861088342550000059e-46 6.417078330400000086e-02 4.860916938729999970e-01 6.227462475900000393e-12 1.852452276869999970e-01 1.436272662149999977e-55 2.644922872539999803e-01 7.874926185259999495e-09
4.667638069880000184e-01 1.242359499739999913e-28 3.820728023249999832e-08 5.356127378400000159e-04 3.527434403140000032e-20 3.009807617430000010e-37 5.815831962230000153e-08 4.059350108630000092e-13 1.637055480119999906e-01 3.689949358960000203e-01
1.691065134370000102e-11 2.502275515960000002e-11 2.860635180969999802e-01 3.407727087549999867e-01 5.872340241190000085e-62 3.230839770899999790e-26 2.409170710250000041e-25 2.140895474379999919e-20 3.731637731060000185e-01 3.203283238630000052e-22
9.549539178720001029e-10 1.095152587939999950e-01 1.267333987860000122e-01 2.434026132450000102e-01 1.416549800269999887e-48 2.644889682739999803e-01 1.566620052389999922e-21 3.705214619880000205e-44 3.116150854529999886e-07 2.558594483309999945e-01
9.167792911079999540e-44 1.808459838039999890e-08 2.401235586100000224e-25 3.102151926080000059e-15 1.778392252880000050e-22 4.999310004459999734e-01 1.919274716369999809e-15 2.682330749490000125e-27 5.000689814690000290e-01 1.452164905559999950e-15
1.009080692070000010e-08 4.821879990849999853e-01 1.059486706670000056e-01 1.817647533489999932e-04 3.267989503459999708e-33 1.080362098749999972e-01 3.756892501569999952e-53 3.036447405389999799e-01 6.049907819779999578e-07 2.666225917759999990e-148
4.962088449429999937e-01 5.794674548779999846e-08 2.168932538860000097e-07 6.711539390170000348e-03 1.743374435259999960e-07 1.180340194020000085e-33 4.970010735379999933e-01 7.803290328639999761e-05 6.004796011879999382e-08 7.738182588319999675e-25
4.321699368059999887e-07 5.293627608629999846e-09 7.841080660070000041e-01 1.158351155230000068e-01 4.517716336829999667e-83 3.677661592970000166e-22 6.570735591019999942e-28 1.119145225939999968e-20 1.000563810069999976e-01 1.120074542900000030e-22
5.715755339890000457e-07 3.874625703719999919e-29 6.086081847709999958e-18 8.284618916569999684e-26 3.188491271330000099e-01 4.696363484150000156e-01 2.488856554729999848e-19 3.011175915299999724e-26 1.009183106620000023e-04 2.114130345659999966e-01
1.513912770370000047e-16 1.262616764970000093e-04 1.791819783480000055e-25 2.540101833410000204e-03 6.980986190090000543e-01 6.904798091629999780e-03 1.757575911489999906e-02 1.789622389239999961e-32 2.747544602750000009e-01 1.649439055900000027e-16
1.706051520250000120e-01 1.557392402749999924e-29 2.619523878659999950e-15 3.037299410749999923e-36 9.517282762130000707e-28 3.345381219480000043e-58 2.772993674640000239e-01 5.520894092100000483e-01 1.108006591379999960e-10 6.071190350230000292e-06
5.454750705270000473e-16 6.306602932960000431e-29 1.344311207319999870e-04 5.300736267869999851e-01 3.847821243020000164e-45 2.240709825019999933e-29 2.100455937769999942e-21 4.080861485060000251e-12 6.190499880880000394e-11 4.697919420259999979e-01
5.780383253409999700e-01 1.334672608839999920e-29 7.887358610680000446e-08 5.618625352759999692e-02 7.094925429129999627e-54 1.230763713699999910e-35 3.126160824470000060e-25 2.156850405480000058e-49 3.657753404440000078e-01 1.813987889570000052e-09
3.771821317649999976e-08 2.467344222559999984e-08 5.000143181859999508e-01 4.326209386320000314e-39 5.188692027430000127e-51 4.999856194219999828e-01 5.767209749939999500e-73 4.742003352750000218e-59 7.967484485170000401e-84 1.180028265469999994e-29
2.517362777560000024e-39 3.493187857370000111e-03 5.419110849690000042e-22 6.641217018629999385e-08 5.789963230550000395e-01 4.175104226760000259e-01 6.322101535510000385e-19 1.788064868900000066e-19 3.288247302589999845e-42 1.065817275030000104e-22
9.344002826409999576e-11 2.907523486069999875e-05 1.469741485899999922e-01 1.878815336040000061e-01 2.392729062149999949e-54 1.081881276789999968e-29 8.626762941589999345e-02 4.026517931440000142e-01 1.755507858810000099e-01 6.450340372120000332e-04
5.335341512119999715e-33 1.601913369559999967e-12 2.343359342219999855e-20 3.430105911159999905e-04 1.324577216440000060e-20 6.665898141330000026e-01 3.451460564019999939e-18 7.550528881000000051e-35 3.330671750049999935e-01 2.691042015849999864e-10
1.362938626120000052e-61 4.388718715319999538e-22 1.382419336310000046e-72 3.164428040380000068e-75 7.449536489019999985e-01 7.224450206779999894e-34 2.548107542570000050e-01 2.355968410719999954e-04 4.963485707839999940e-29 1.780030686999999979e-40
3.544806019039999759e-10 1.752752231509999875e-13 8.764129117050000611e-03 7.530551145460000355e-22 6.196225397940000127e-59 3.199657639749999786e-03 1.180952624039999980e-53 7.617715401729999725e-01 2.262646727160000093e-01 4.102370106359999759e-60
1.485411494209999914e-76 9.385305731360000017e-77 5.625708059290000147e-96 3.977867724349999865e-25 6.220880937859999928e-11 8.271213690559999211e-102 5.999807240569999811e-01 1.495570648379999912e-04 3.998697188159999749e-01 1.754229919809999938e-35
1.329227200419999949e-08 1.057263332959999948e-04 2.125266266370000046e-01 2.877200649609999994e-01 9.312146006359999758e-23 4.996475685549999768e-01 6.893544826930000044e-66 2.210840683159999996e-10 5.824202836949999494e-35 4.116997872779999901e-118
6.002306210069999759e-01 1.143193574440000009e-08 3.788828086560000023e-07 9.109946029019999326e-12 2.822685090640000061e-19 9.793513527409999919e-02 2.994089430989999875e-23 6.361746918970000249e-74 1.217968569520000040e-14 3.018338533950000180e-01
2.769571428479999895e-08 6.589062641160000130e-07 1.944512199629999938e-01 5.882925387759999625e-01 1.705975746519999961e-05 4.660484591160000289e-19 1.352632694099999930e-08 2.172270138700000131e-01 1.432212903620000112e-53 1.146750508720000082e-05
1.996445966050000020e-01 5.603909400129999913e-39 3.488490877749999795e-06 2.973492230690000063e-21 1.083721269259999990e-14 1.751554693200000111e-07 7.183713573539999841e-54 5.377269357679999757e-20 8.003517397480000017e-01 1.977323521049999944e-33
6.455398555389999875e-10 4.887325915210000149e-01 3.045549601990000035e-02 4.808118215000000140e-01 2.794797094160000055e-59 2.855900342940000134e-27 2.619702716499999784e-22 8.423839144729999697e-13 9.031284349099999455e-08 6.752974767529999384e-55
7.913287490000000396e-03 4.796505596170000108e-82 2.420573454830000116e-12 2.667753198420000094e-24 6.027655580440000049e-01 9.082054181970000575e-22 2.312336161789999908e-33 3.892979755209999837e-01 2.184081099749999861e-05 1.338131360310000072e-06
1.188650687729999924e-08 3.527492051820000034e-39 1.625506641290000062e-19 3.509195438139999790e-01 4.429276486609999841e-01 6.015146033069999432e-67 7.513158139950000536e-02 3.276623821889999929e-17 2.256563706179999978e-33 1.310212142399999891e-01
5.462542111920000165e-01 5.465570043899999628e-18 2.975603471690000216e-11 4.537457887790000144e-01 2.473605586669999880e-29 5.338963057099999707e-34 1.627349885669999926e-30 1.972582688079999900e-63 1.291159936259999981e-27 3.958422351509999706e-34
3.374679687800000161e-01 1.684834090040000113e-19 1.560901293500000041e-08 5.325964906950000216e-02 4.989103531399999832e-08 9.687430508590000110e-40 5.909157088750000009e-01 3.048842039599999887e-03 5.954442998690000424e-31 1.530776573580000001e-02
2.794892286869999905e-12 2.386543058790000058e-07 2.481360692629999976e-01 3.038186624459999751e-17 8.099243317420000142e-20 2.478300286110000084e-01 3.442901137010000224e-25 5.853132833550000301e-22 5.242925625280000184e-44 5.040336634680000483e-01
2.456784887769999988e-19 8.325178897760000400e-13 7.743190867379999565e-02 6.261574495360000146e-14 1.721841200719999847e-58 3.110133280819999888e-02 1.617922880449999963e-58 2.785818721480000093e-01 6.128848863700000482e-01 5.246210449150000185e-63
4.022080632170000056e-12 4.188588586130000146e-04 8.990891818890000067e-05 7.201136765569999820e-01 3.099264188199999848e-18 2.134967255700000146e-24 2.740096494459999879e-04 2.791034711079999897e-01 7.684748728490000106e-37 7.490497405389999501e-08
1.231105027039999990e-08 2.818455823500000054e-05 3.633750789190000052e-01 2.131647449659999984e-44 2.508207181650000243e-10 3.632235499939999723e-01 2.426511011569999873e-27 3.256858932979999966e-06 1.579448414320000008e-101 2.733699171080000156e-01
4.077270871370000105e-01 4.523447241599999903e-34 9.655587208919999418e-10 1.234920593499999979e-26 9.057975609119999892e-17 9.221876656259999458e-40 2.238743914810000136e-11 3.173785545439999911e-01 2.185178523250000114e-23 2.748943573309999833e-01
3.373118722819999759e-10 2.960318715069999995e-01 1.665407049269999884e-01 1.112733250219999996e-25 2.693002504829999951e-23 1.649025499760000124e-01 2.229126445240000103e-17 1.024188849299999980e-06 6.998361183080000081e-41 3.725238490639999900e-01
3.813626947940000292e-08 2.352871080640000175e-18 3.728229393659999724e-01 2.171045949060000091e-01 1.671341306799999974e-24 1.414997443549999982e-18 9.101609737120000304e-14 7.541818342009999621e-02 2.808002828570000157e-09 3.346542413640000158e-01
3.940069336609999933e-53 2.492689046979999926e-49 2.734353887299999864e-39 2.426791686419999758e-13 2.273720670530000111e-05 5.461420689039999657e-34 8.654096016900000507e-04 5.905586726129999908e-01 1.671009409829999903e-01 2.414522395950000067e-01
4.670788900669999720e-11 1.688316491340000072e-29 4.920736897260000013e-03 2.789351014059999745e-01 1.164468381440000011e-14 1.188739831500000010e-01 8.005026228019999560e-26 4.425130822869999814e-01 1.542075974050000076e-01 5.494988076639999598e-04
1.159972173090000032e-44 4.761919251530000174e-02 3.665483810540000008e-29 2.920913622570000048e-02 5.873389744299999798e-02 4.870788450229999733e-01 3.773589258980000194e-01 5.713953015020000107e-11 7.743419193979999908e-13 2.837168981579999798e-09
5.426156930669999712e-01 5.134820336019999563e-38 3.242998866709999882e-07 1.810545413269999988e-28 1.791851578500000036e-29 7.887157924670000486e-02 5.671293256230000229e-68 5.795027665939999669e-13 3.785124033849999736e-01 5.216061762230000124e-46
1.128751364159999993e-31 1.616626348790000101e-09 4.976993535880000342e-40 4.171598318390000062e-14 5.129918940840000330e-01 1.392616103050000052e-12 1.718538170020000033e-01 2.636460316840000117e-34 3.151542872959999797e-01 3.815207509909999830e-25
5.023666250420000257e-01 3.247532505270000087e-19 2.258240809059999897e-07 5.981950359550000274e-12 4.971086860439999922e-01 5.138819286910000011e-07 1.699735831649999965e-35 5.239492013910000212e-04 7.528836110760000230e-20 2.069259185940000110e-51
1.099870738829999972e-02 1.691613793590000093e-30 3.206286596390000135e-19 3.621990161299999878e-21 8.224492338700000252e-03 6.562320552439999677e-01 7.607536204210000401e-23 3.677844429260000130e-54 3.245377326600000223e-01 7.012368899579999804e-06
2.087349775280000069e-02 3.726839502580000198e-31 5.337837103539999916e-19 4.171670146969999895e-20 6.749192522609999759e-03 6.508345866939999613e-01 8.941652392929999448e-24 5.702588911290000010e-54 3.210984238219999898e-01 4.442992091130000239e-04
1.483836298159999981e-09 4.322796870289999925e-08 7.294607863840000226e-21 3.482476270109999827e-01 4.322658758140000002e-01 4.723758627240000218e-21 9.601865420579999699e-02 1.271593900849999997e-73 7.256762380659999591e-28 1.234677982580000000e-01
9.400542071720000503e-13 6.261506707420000373e-01 9.655502177239999855e-04 5.736612122850000213e-12 2.863066147809999991e-42 1.875742753519999936e-04 2.788396384819999891e-12 5.345388226450000351e-22 3.726628343189999915e-01 3.337043573630000203e-05
7.399865889860000467e-32 5.310732385170000015e-22 5.897527196150000312e-17 4.629376910259999939e-16 4.270654077359999986e-47 8.129806053819999655e-18 6.923339480420000441e-26 5.600546122099999691e-01 4.399453877899999754e-01 5.041974277729999817e-29
4.561538624719999749e-12 1.598934465060000085e-14 2.420398453810000018e-20 3.509183212129999922e-51 4.431911766309999945e-01 1.603705179580000029e-01 1.723190620309999989e-09 6.291775728470000439e-02 3.335205463979999951e-01 6.253020385099999842e-13
2.665957095659999831e-01 1.248945301510000044e-07 4.414434080419999719e-11 3.558176568239999893e-02 3.408160553869999942e-01 2.107536120649999794e-09 9.322806182380000050e-07 1.863406580849999994e-01 1.706647519529999879e-01 1.210543595580000006e-25
2.786761039580000070e-25 8.153997298719999719e-19 1.305206909190000047e-34 3.385510224490000142e-21 1.360698951200000026e-39 1.043454544810000044e-37 5.194578365530000408e-01 1.493679141679999980e-53 3.724484046830000006e-01 1.080937587640000003e-01
1.478894562200000012e-08 7.454083903660000364e-03 2.438899429739999902e-01 7.486559583330000267e-01 4.362664613529999917e-56 6.358925653970000323e-21 1.887918666580000034e-45 2.714626857109999974e-33 6.045799706290000292e-39 9.496625807150000110e-52
8.093023658839999887e-25 1.324202699939999983e-42 3.462235038500000002e-18 1.036730330590000066e-03 1.289739712670000087e-03 6.205693216670000354e-14 3.116282685020000049e-17 6.103830410560000530e-01 7.664414784090000105e-07 3.872897224590000076e-01
9.604220187619999927e-09 7.235364006200000198e-01 1.311187183120000044e-01 2.510611858030000147e-31 1.942677422400000128e-69 1.165313270869999945e-01 1.133252450649999975e-22 3.440245679360000200e-10 2.881354403340000148e-02 3.142040696930000266e-17
1.383349093289999885e-26 4.841128480879999745e-24 7.508768408610000647e-36 2.121577020729999968e-37 4.261368090809999898e-01 5.803080992870000172e-09 6.992663569899999895e-04 1.826989329829999943e-19 5.324868401429999620e-01 4.067707861630000254e-02
0.000000000000000000e+00 1.410951469280000024e-12 1.669040775030000139e-73 3.130609096769999959e-24 4.965391592230000494e-07 1.813256337830000014e-16 6.905947308200000023e-01 3.094047726390000141e-01 5.231192997480000097e-21 8.847092608460000034e-27
1.996489543580000081e-01 9.331426508150000393e-40 7.600582335429999905e-10 8.249814962790000362e-22 9.391109356970000434e-16 1.777399997779999855e-08 8.227488284380000554e-54 8.473728923200000513e-22 8.003510271079999905e-01 7.904205589650000032e-34
2.197656237429999881e-01 2.948006995010000195e-16 1.092475230220000042e-09 4.262992288450000064e-10 7.213545670139999531e-08 1.904984605279999984e-47 5.579907442989999744e-01 2.222435583039999996e-01 3.650391378659999892e-26 2.889682016699999829e-14
1.585906936969999917e-08 2.907011594919999909e-04 2.125969456690000037e-01 2.875701691990000253e-01 2.039235102250000102e-22 4.995421680670000253e-01 3.266073464399999972e-67 4.657211309250000077e-11 3.747494603139999857e-35 1.097241656270000053e-117
2.165156408849999839e-08 6.618170423060000486e-04 1.951872965929999926e-01 5.865803802779999687e-01 1.856466007209999976e-06 1.357642873640000005e-21 7.817142773269999612e-08 2.149058765940000115e-01 3.236358175770000027e-60 2.662673203729999834e-03
7.809269135180000516e-07 1.032095586369999975e-28 2.976015747710000214e-01 1.349254819289999947e-38 8.144824553460000524e-65 2.972485236560000188e-01 5.395859873909999916e-101 4.031441915289999955e-01 2.004929117399999790e-03 9.734884309259999622e-113
7.225821839000000181e-37 7.661050012750000304e-01 1.016427608889999963e-25 3.909806546099999753e-33 9.725417285119999750e-22 7.781989510259999890e-26 2.252435502429999958e-01 8.651448481539999666e-03 1.797809064439999843e-42 4.270956448500000176e-22
4.629785723250000040e-01 2.554647115619999853e-02 1.101600109730000062e-07 9.843153603949999372e-33 1.175178710330000019e-12 3.187282945719999865e-04 4.372295351880000069e-01 1.748411399229999955e-06 6.354848609290000361e-05 7.386128597720000022e-02
2.694801048179999852e-10 4.605896935709999918e-01 2.423726696790000010e-02 4.214797074529999855e-20 5.030499343669999943e-22 3.696142518219999729e-02 5.691872709800000258e-06 5.022696173709999962e-02 2.837279502860000081e-08 4.279789320269999919e-01
1.796521130440000086e-39 2.543994217850000089e-13 1.110264394719999976e-27 3.547608001949999998e-27 1.852562017920000032e-05 4.521825814720000225e-01 1.181264413410000047e-01 3.027140718229999750e-01 1.182856844490000059e-01 8.672695294480000511e-03
3.161962058249999928e-09 1.750549618430000034e-04 2.854576140519999716e-17 1.106174854340000006e-02 6.901430650409999812e-01 2.986201274199999922e-01 8.558671119940000457e-10 5.261696280040000518e-38 1.580879540500000067e-11 8.041615665290000628e-14
3.794430035359999785e-13 8.031880088840000636e-12 3.692523927729999978e-06 3.932429339579999739e-01 3.842787822300000045e-01 8.830439551910000684e-02 5.967701620540000065e-32 1.341701957599999995e-01 1.239422531010000062e-29 2.061475398099999921e-31
1.431874967419999999e-11 4.420657492249999848e-02 4.503604873829999966e-01 3.007457540619999994e-02 1.040818432490000028e-111 1.021901837169999985e-25 1.455243845500000047e-23 8.166804739960000210e-14 4.753583622740000236e-01 7.959062912979999335e-30
3.946205191230000020e-01 9.743883925339999868e-24 4.148753504869999916e-07 9.198597173450000219e-03 1.738473746320000005e-44 8.915320432389999913e-45 3.564391359849999898e-17 1.237338359339999909e-46 5.961804687889999954e-01 3.944732952829999730e-11
2.893396863850000167e-01 5.245385189699999818e-73 1.065876938959999941e-11 1.172817756820000034e-56 2.555558730390000144e-01 1.009614099649999931e-12 1.735104695630000036e-57 4.551044405649999902e-01 3.151064757789999844e-29 1.188832826079999981e-19
2.429253588200000087e-58 3.774988244290000128e-01 3.145559815219999974e-32 1.445242561499999948e-30 9.698220435299999422e-27 1.001501017949999992e-29 6.151032533820000037e-01 7.397922189510000059e-03 9.847715077620000224e-63 6.100963185349999695e-16
5.999415449430000047e-01 2.527000831739999981e-20 2.964994776239999973e-08 5.535423294049999783e-15 2.478582991239999842e-56 8.529867330430000230e-37 7.560731063729999313e-24 6.335962730549999379e-30 4.000584254069999846e-01 2.680381809040000093e-25
6.046385528790000352e-01 2.936111379320000019e-08 8.384372029380000477e-08 5.428496609850000292e-12 3.635824937099999946e-10 9.163770575339999502e-02 1.244432496200000047e-20 2.522337245970000062e-72 5.881709028360000042e-16 3.037236277939999729e-01
8.520509944760000204e-09 9.266059084870000018e-02 9.593654991920000374e-02 2.652306114979999796e-01 9.889115083680000668e-35 3.031973910820000007e-01 1.486531102739999982e-19 7.254322902130000428e-42 4.722622304829999954e-08 2.429748009059999880e-01
1.196831743010000037e-60 6.088401096789999776e-22 2.524687099850000173e-72 7.638418201650000407e-75 7.449476406710000553e-01 4.227540720639999830e-34 2.547951070800000273e-01 2.572522492430000143e-04 6.334711259750000557e-29 3.805133567960000222e-40
6.745407493650000530e-02 7.407360780430000124e-01 1.769809923789999944e-23 3.060395619140000222e-23 7.883475669829999448e-24 6.191550424029999555e-25 1.914163192449999940e-01 7.665775322369999933e-44 3.935277755419999929e-04 2.838243041360000097e-29
7.986676482319999923e-33 7.961859183470000600e-02 3.571065116749999767e-20 9.829629465180000412e-30 3.660145252520000114e-01 5.543668236109999814e-01 2.392558264060000100e-28 5.930201172839999827e-08 6.339608294810000028e-88 1.164054273009999969e-35
4.028163345529999773e-01 5.480399624430000172e-01 8.512358126389999963e-17 7.958180135199999824e-05 4.818956739270000137e-11 1.541639391990000095e-15 4.906409190430000011e-02 1.911744472159999951e-66 3.121097273009999828e-16 2.925100829000000116e-08
9.901352323910000261e-33 1.250905479280000066e-01 1.302513107110000032e-20 1.276683201770000015e-42 1.801567271159999891e-51 5.955550840440000382e-01 8.539526521240000332e-24 5.101659273079999510e-04 2.788442021010000271e-01 1.832300307599999901e-48
8.590967406719999771e-68 2.057274090760000064e-23 5.191982038029999831e-44 6.685828708999999580e-34 6.203207827940000058e-02 2.169372281840000064e-08 1.618902081970000073e-02 4.107054180129999787e-01 1.888837447149999944e-10 5.110734610049999516e-01
2.016886729930000011e-01 1.426325911109999900e-01 5.923943396329999930e-08 6.773531452689999742e-33 6.537442840770000263e-01 1.974944962099999971e-20 1.028839071850000062e-06 9.644591679840000137e-20 1.443873661360000032e-121 1.933363740159999922e-03
2.226304511580000089e-01 1.508808469609999869e-01 4.992612894000000431e-10 1.517655271700000033e-04 6.187882125810000300e-01 1.339710621360000064e-15 1.316884052489999968e-04 2.617642651730000132e-52 2.997532233389999939e-41 7.417034868899999994e-03
2.470001697019999990e-20 5.107801220819999655e-01 1.035527581269999981e-09 9.219690435859999288e-19 8.988276961959999936e-41 1.397018027080000028e-10 1.693819784680000023e-02 1.916472456690000020e-02 1.884554516760000159e-02 4.342714091609999882e-01
3.259826358080000156e-12 2.858482432630000124e-40 1.317205941160000046e-02 4.167132994919999778e-01 3.039054291269999894e-27 3.283962238840000269e-01 1.452339837210000003e-68 1.393124262130000056e-21 2.417184172090000027e-01 9.826827911969999708e-27
1.390013357430000096e-60 4.579731073749999687e-53 1.087885237860000082e-49 1.199420350639999944e-66 4.604090646260000271e-50 1.047371754119999944e-45 1.849734621230000135e-36 1.000000000000000000e+00 1.196764372479999912e-24 1.875012338019999909e-48
1.049250387520000083e-03 6.383709960059999875e-55 3.387078849559999994e-18 1.723177303359999909e-28 3.146084299290000108e-01 5.379467135269999830e-20 7.771387935810000234e-16 6.531812283160000066e-01 2.654329830020000017e-02 4.617793067480000131e-03
7.902983057490000182e-19 4.641839837300000271e-01 9.912554384029999511e-08 7.999404965410000102e-19 8.484888938090000056e-38 9.894477682749999525e-08 3.141616540429999910e-02 4.153351927579999880e-02 3.661219748890000292e-02 4.262539360309999803e-01
8.634939680939999882e-71 2.837363755080000204e-06 6.048055911010000195e-54 6.242025368200000424e-01 7.101947681390000089e-05 3.120688517929999795e-01 3.382695730949999979e-03 3.862361171479999891e-47 6.027205881569999701e-02 5.983638829690000100e-18
5.046313698749999875e-32 5.087016453780000273e-07 2.679148725619999930e-20 5.792272105199999800e-28 6.325537017629999816e-34 6.666346042030000252e-01 5.453070907020000142e-23 4.927469279119999971e-14 3.333648870959999844e-01 4.684968204139999691e-30
4.665695666210000203e-01 5.143647811450000203e-28 1.792503233479999997e-08 2.332206369119999944e-04 1.960946137929999895e-19 3.064671316489999795e-36 1.906791608309999976e-07 1.464536669269999977e-13 1.644748893840000115e-01 3.687221147529999854e-01
1.038135042420000061e-07 3.764923031349999999e-07 2.321199750730000011e-01 4.839312250580000141e-01 2.256829287559999897e-01 8.263000745259999521e-19 4.067653560499999814e-10 5.826518383709999860e-02 1.540459610930000008e-53 2.065638827560000050e-07
1.463034496419999946e-10 2.437087498309999881e-08 1.837798547260000026e-02 3.939299258100000256e-01 1.525139996319999965e-32 2.835912496029999730e-01 4.959951544880000021e-31 6.613110011389999649e-65 3.546329011429999649e-18 3.041008145970000021e-01
6.896244008549999883e-11 2.371014654960000239e-19 4.158696210940000110e-02 1.375635470789999983e-09 1.699761611660000070e-18 1.856942138470000017e-02 5.615905562940000042e-36 6.264919459340000385e-01 3.133516691279999988e-01 4.464816782589999659e-28
7.023696177829999864e-16 4.815863433970000163e-01 1.696723804739999902e-06 1.296099602900000099e-04 3.687245765359999927e-01 4.772999560539999700e-08 9.220454395890000929e-13 4.374526278689999816e-27 8.180537466209999608e-70 1.495577256520000120e-01
5.274921252920000290e-13 5.679334035039999840e-02 2.746595043309999970e-02 1.723279961439999979e-36 1.482709235130000014e-16 4.325207707450000327e-02 2.069565761120000022e-20 3.206526794749999798e-01 2.764833321950000064e-73 5.518359526660000514e-01
4.357387981060000193e-09 1.261492239889999978e-01 1.573250894519999943e-01 2.241068571350000038e-01 4.239487357160000284e-48 2.241572119609999969e-01 3.073956301670000116e-21 1.069014348849999994e-43 5.618499547650000189e-06 2.682559946060000255e-01
5.131500892709999716e-12 4.710737021240000155e-01 9.130608360519999928e-24 1.506400961990000108e-39 5.163764227710000432e-01 7.527006180370000334e-03 2.861434165159999747e-07 5.022545691199999801e-03 3.708478185090000062e-08 4.307049538939999827e-48
3.723328451129999765e-12 5.305441364090000139e-02 1.480472699640000001e-01 9.575264477420000488e-09 3.203981874130000066e-34 1.738455773739999988e-01 2.366414774900000203e-16 3.790931413470000244e-18 1.141956554909999925e-18 6.250527294419999658e-01
7.521992261469999386e-02 4.467966650299999721e-36 5.772909955129999935e-12 2.757148429020000023e-32 1.320695542660000055e-01 2.832359127329999925e-12 2.343142619439999938e-25 3.591647011729999783e-01 4.335458219369999755e-01 2.539060722679999872e-19
1.372952640780000067e-59 8.024264947110000429e-19 7.797353340809999616e-30 3.273522516779999725e-01 6.516845827079999843e-47 1.584620486529999943e-81 6.001530440619999851e-01 7.249470425970000464e-02 1.324467314019999921e-25 8.194186962010000277e-22
1.597422847390000078e-41 3.350538428430000156e-47 2.277000219509999826e-58 1.796160877290000145e-89 6.048082767000000359e-01 2.732143830440000111e-23 6.030832429639999652e-04 3.945468251640000257e-01 4.181487458010000132e-05 1.938894819900000070e-11
2.839191816499999774e-26 3.212967059489999808e-16 4.709897282189999991e-39 3.472070994329999882e-01 1.070022870890000068e-14 7.383869667500000353e-36 5.782847176659999811e-01 1.386776759019999995e-104 1.291278937130000030e-23 7.450818290079999628e-02
3.283235314829999751e-01 6.619152531439999820e-25 8.754061083199999603e-08 1.575697641799999882e-01 5.044639827739999527e-01 1.262906778720000064e-08 9.265609614349999784e-22 4.508984051100000079e-06 9.638112408159999617e-03 2.255855148140000010e-26
3.617816202179999815e-29 7.820529161299999513e-07 1.526133875420000086e-20 3.293140212100000178e-20 1.540419220950000099e-11 5.889312271259999898e-01 8.188821371620000171e-04 3.499023027000000008e-01 6.504755752069999706e-09 6.034679946419999746e-02
9.265639848340000395e-29 1.035737226739999910e-18 3.050578903449999911e-37 4.268470038499999852e-32 2.732796343739999911e-01 7.206781447129999961e-40 7.267165606719999671e-01 5.004066896050000429e-31 4.861588352640000099e-52 3.804954422929999866e-06
1.262625601510000029e-39 4.967916238339999957e-01 1.928681939380000012e-30 4.875866548309999993e-01 9.857950017660000453e-33 1.977447698499999941e-28 1.562172131980000059e-02 5.323523440639999601e-56 1.490503227350000091e-11 3.036588570549999943e-19
4.503382346949999955e-42 1.959524595359999884e-04 4.692235621480000192e-30 3.496711701790000126e-01 2.338111823340000125e-24 4.281195061190000215e-24 1.654224002830000095e-02 5.033468113729999693e-01 1.302438259600000037e-01 3.561553671409999970e-43
4.056367474829999811e-13 7.221183469899999929e-04 1.772472032740000076e-05 3.903619566109999828e-01 1.044293090350000003e-09 9.992861160959999600e-02 2.053655997880000058e-25 5.089695876669999564e-01 1.268280280959999963e-21 5.914389681409999766e-44
3.534293949229999976e-14 4.945504625639999718e-45 3.629154181310000191e-22 2.057434514959999894e-68 4.797282951999999878e-01 2.387632296570000034e-01 5.140587131029999746e-30 8.270148861949999717e-05 3.068801190370000006e-26 2.814257736540000110e-01
