1.409112090680000051e-53 8.380310349410000580e-06 3.771071126969999887e-19 6.281653585539999445e-23 4.566542393970000058e-01 2.719631730389999865e-17 5.433373802930000496e-01 2.563278905560000137e-13 2.486859464350000154e-92 1.193660541789999931e-26
7.816608230089999720e-02 1.811225687180000108e-14 2.739024768839999902e-01 1.044335736970000031e-11 2.587975247629999975e-01 2.817492512770000133e-13 6.241089788260000492e-95 3.643676500449999911e-01 2.476626599610000021e-02 5.385907931849999611e-22
2.873217384849999940e-08 4.680741036750000195e-01 2.389796011660000083e-09 7.012983467220000079e-05 5.316516336869999693e-01 2.017497219679999872e-04 6.233778249730000189e-41 1.766456448249999904e-07 2.175314044020000003e-06 2.318265712809999793e-13
1.314260397859999974e-03 8.916843786899999631e-21 1.382517899300000085e-91 7.849803319510000321e-01 1.338749042519999964e-08 3.388040478840000091e-02 1.940835799750000061e-10 1.798249892809999917e-01 1.530087278899999938e-50 1.680960244409999945e-22
4.625416876369999687e-06 7.111522778499999864e-02 4.988144864010000123e-01 5.968147595960000331e-16 2.255325488400000130e-09 8.311634953850000591e-11 1.202221408279999921e-19 4.282581452570000113e-01 1.205490118939999951e-10 1.807512681190000074e-03
4.389184840739999982e-02 1.190742263839999964e-11 4.772045008989999693e-27 3.607127217259999963e-01 3.547547196019999854e-16 3.468853171469999941e-01 1.136243483580000051e-11 1.646288165310000088e-13 2.349230733939999930e-13 2.485101126960000129e-01
5.392543120449999890e-12 7.420759684269999737e-11 1.159325161520000061e-85 3.145078481730000015e-27 4.162065829040000058e-39 3.095540630710000264e-05 7.173180408310000367e-01 2.826510036830000017e-01 2.691069739440000041e-78 7.813160998009999646e-33
4.492323692269999946e-01 1.844900578020000070e-01 2.262276213460000040e-22 3.662296310500000041e-01 2.906600368990000159e-11 6.343084418089999856e-27 2.092353893169999868e-12 4.794188971859999685e-05 1.419617047209999935e-36 3.322424863610000056e-43
3.036432459480000096e-04 1.203897378609999967e-45 4.059827911480000107e-01 5.916622479459999751e-01 6.679697822709999556e-14 4.530739654950000288e-52 2.044869763329999843e-03 1.005989713670000053e-14 6.346638137500000264e-06 1.012583327560000061e-07
1.906329822360000114e-24 6.348082502170000474e-01 2.151845993560000019e-25 8.552598141499999606e-10 3.267952207670000164e-01 2.201400459010000032e-02 1.347554350790000071e-11 1.638252355730000082e-02 1.096760086099999943e-85 1.304433626860000138e-60
6.152959251980000266e-01 1.301652640279999943e-25 1.272266273839999941e-14 2.159912252209999978e-21 2.968299384999999827e-38 3.428916285920000084e-01 2.224777974149999886e-11 2.249542965440000057e-09 4.181244393880000076e-02 2.333941238730000116e-35
2.854938728049999930e-01 2.129339632159999995e-01 2.720209175819999986e-08 3.706045492910000072e-01 1.251997911469999908e-15 1.309675801450000121e-01 7.341336634720000403e-09 1.502845482380000036e-27 4.572729199409999689e-15 3.350946621340000337e-55
2.574657054079999841e-02 2.302026645359999858e-14 4.365883037889999874e-01 2.121813304869999972e-48 1.880587793919999907e-33 2.028336126229999950e-54 1.042287446290000071e-107 5.376651256700000214e-01 6.249163664310000249e-40 1.804507864560000106e-74
7.764596693659999946e-07 7.352141222969999930e-43 1.726232315089999969e-01 7.506865385179999896e-11 4.698747937489999860e-01 7.997107393020000486e-70 3.710790601629999884e-47 2.948885808169999789e-01 1.549173777370000069e-07 6.261246247259999453e-02
3.842210257820000141e-01 5.590635138030000117e-01 1.316147994529999949e-11 1.326922826230000070e-40 1.302577621489999976e-77 2.887719162270000166e-18 2.566756656779999932e-24 7.940427936530000545e-36 5.572352038899999749e-02 9.919400125869999845e-04
6.035319057209999510e-35 1.167514244809999932e-11 1.141074170620000050e-01 6.555592992569999607e-08 3.975610493519999844e-01 2.428785338839999919e-01 2.823989780389999786e-13 3.445145324500000117e-26 1.105030468090000016e-08 2.454529230830000130e-01
7.159426712029999529e-02 4.158639933009999901e-01 4.737246178070000331e-40 6.441556469730000262e-12 3.346555510029999793e-24 5.492188100469999949e-30 4.680212965050000173e-01 2.624839864240000121e-05 2.309595344620000026e-45 4.449419466860000255e-02
9.829691386259999441e-19 1.759876265099999948e-01 5.421714249669999930e-01 1.545243964379999935e-25 2.506924147300000018e-14 1.140223669609999938e-32 5.718369058240000157e-11 9.480419584160000579e-02 6.418905538210000001e-35 1.870367526239999911e-01
4.550944059740000269e-02 3.569439224900000096e-01 5.975466368980000276e-01 3.282480868549999939e-57 3.773281322930000175e-46 2.374498492970000176e-16 2.890026851370000045e-77 1.523618149289999848e-11 4.685671508790000175e-15 1.797853409730000113e-45
1.082146188060000039e-18 1.354840732419999876e-29 1.190808701280000040e-27 3.263996240290000015e-77 3.287182596109999771e-51 7.343143446120000106e-41 1.544640854480000049e-38 1.000000000000000000e+00 5.751254304789999984e-34 5.766177882159999914e-22
7.800575429779999460e-29 5.740799261700000322e-01 7.161390294290000337e-30 8.267080807600000398e-07 2.296131163390000007e-01 9.472907192330000392e-02 4.292296310990000188e-19 7.167552346910000135e-15 2.448434803179999972e-24 1.015770588599999996e-01
2.804823608320000022e-45 1.594645395940000081e-06 7.853060533660000120e-02 1.328334886510000061e-59 7.684445366610000271e-23 2.767367906880000006e-01 3.378435781860000147e-29 1.022515709579999942e-26 2.139858008530000182e-03 6.425911513209999759e-01
4.319548385750000136e-02 7.071749249489999898e-06 3.854450424790000218e-01 1.272309777749999921e-28 1.602984242820000027e-47 1.720739161800000084e-30 3.296036580259999898e-04 1.524345842400000039e-08 2.203313536549999943e-04 5.708024516590000097e-01
4.077899863769999564e-31 1.913673600910000086e-10 5.380274143900000139e-01 5.172486715080000187e-12 4.763343612479999795e-02 4.142159177859999764e-01 1.232315027699999895e-04 4.558759926570000401e-16 4.483135921899999749e-16 8.393020080169999757e-57
1.586524714680000007e-32 4.397549558470000192e-10 5.222200780339999460e-01 4.427433058569999806e-41 3.262841890509999835e-28 4.765633080730000137e-01 1.216613453220000010e-03 2.316801929200000128e-15 1.591456743879999962e-15 4.432032787100000286e-18
3.808457744670000103e-09 2.302740135809999977e-01 1.779927515119999989e-10 5.814502674210000333e-01 1.760842465210000000e-12 1.482116157210000007e-20 2.171430881189999977e-10 2.026776968140000168e-30 2.361579785660000168e-05 1.882520989940000000e-01
6.089089244419999547e-01 8.143860198199999886e-24 3.390466993739999762e-27 6.696140961799999746e-09 3.042595004779999932e-19 2.007766602379999928e-18 4.014274115849999887e-34 4.736361153609999728e-20 1.388499715710000137e-01 2.522410972910000271e-01
2.517620665729999874e-01 1.775070716959999950e-44 2.145292256440000202e-40 3.868312838350000150e-03 6.608799208749999938e-13 3.444150903609999870e-01 3.208324829880000034e-03 1.428488415429999972e-04 2.110853139430000081e-01 1.855180426130000060e-01
3.762831701330000139e-02 5.662048284849999780e-01 5.489933270030000062e-02 9.874340566050000317e-29 1.786573944329999876e-20 1.193761583419999939e-01 4.580902619569999967e-88 1.371877264239999906e-12 2.218913634570000015e-01 2.053502442120000043e-13
3.726957771849999856e-04 4.858280269329999790e-01 1.189295575179999932e-05 8.568294028500000555e-09 1.121988089120000073e-02 3.939356174630000151e-02 2.111745498659999893e-52 2.154545512300000132e-01 3.737684647689999684e-05 2.476820050519999983e-01
2.730222921739999912e-07 4.309828673009999944e-01 1.958312056719999916e-01 1.497807368479999924e-08 1.654561767870000033e-01 2.077294610400000074e-01 7.094636802739999927e-32 1.199305824779999922e-09 1.934904211070000020e-31 3.362317446760000216e-103
1.010953893530000026e-06 1.635174812970000002e-01 3.939594681840000054e-07 1.913332410050000143e-17 1.389095923560000058e-26 4.627938201460000262e-02 7.902017316360000487e-01 7.246053544729999930e-25 1.392431523859999934e-10 8.468618732040000053e-29
3.784170566200000083e-04 2.527318752480000055e-30 6.764380326710000007e-18 1.028863863569999991e-10 3.242810088729999873e-01 1.129791001610000066e-30 1.819430284749999923e-76 6.753405717470000180e-01 2.775656520810000135e-12 2.217990409860000173e-09
1.082961959119999967e-30 1.178881623280000034e-02 1.734399523810000007e-12 4.435129586160000193e-12 6.380556597100000005e-01 3.501555239959999732e-01 5.468497326270000004e-11 7.237054850480000145e-28 3.276037243909999847e-29 4.861781853320000287e-25
4.481124146329999913e-10 1.384068185889999962e-13 1.273448021160000058e-18 3.342799431330000237e-01 1.496478441460000072e-05 1.164057331689999911e-44 6.657050824350000395e-01 9.199103040539999328e-09 1.296368295899999983e-62 5.854369461929999590e-31
1.189057860509999936e-04 5.589062887419999903e-01 6.324997326130000347e-03 6.676825319749999372e-14 1.528609184379999997e-05 7.539691610669999869e-28 1.100246942280000106e-50 4.346345220530000164e-01 3.260341493590000155e-37 2.496861146189999991e-76
3.928495801539999668e-30 8.088892866519999947e-01 1.559631596050000059e-26 2.427771498200000026e-10 2.054925363250000026e-02 1.133185230880000028e-15 1.228886955780000012e-01 4.760428951379999662e-02 8.483407680310000118e-51 6.847438118450000259e-05
2.274122655880000008e-29 6.521329410980000185e-01 8.853609112900000030e-21 1.656549155600000039e-20 5.298116876800000297e-16 3.478670589019999815e-01 9.376960892449999680e-55 1.503892505590000101e-48 1.842143239679999987e-13 3.282028367020000086e-22
6.035738763210000135e-01 1.282383090199999914e-12 3.155818946950000048e-14 1.112793733229999961e-70 1.303421826119999936e-103 1.316060578180000055e-17 3.854851962759999833e-38 3.076709521390000222e-17 3.964261236780000086e-01 3.132189111489999836e-29
2.184921196329999893e-40 4.340285060690000313e-31 6.788124951400000403e-21 6.503489495990000296e-18 3.727636650310000022e-01 1.494658755689999907e-20 3.154761682469999773e-01 3.117601667220000206e-01 2.031165826510000035e-45 2.576512820269999859e-35
4.054407359700000175e-30 8.469765038800000645e-02 6.480514552289999841e-01 4.056348294079999773e-25 1.207125051710000036e-15 2.585380392750000200e-01 6.456158587579999543e-08 2.259727667400000035e-18 8.712790546249999865e-03 4.003734461819999843e-28
6.721360101930000179e-21 4.539299601409999791e-35 6.857422399539999658e-01 1.564036252290000008e-21 5.589321738039999701e-14 9.214107237929999589e-39 9.854088056300000357e-121 2.561205683720000213e-38 3.142577600459999787e-01 2.722108567260000000e-39
1.421112595099999993e-26 2.393797758879999868e-05 4.203932726190000024e-01 4.026687560290000034e-25 5.252177535500000316e-09 1.836976469080000033e-03 6.629102416819999809e-25 1.551688351689999999e-04 6.706292656530000648e-05 5.775235759210000097e-01
8.327309198629999571e-04 2.179677835369999850e-76 1.555790377200000035e-10 7.322640130790000410e-03 1.876472217790000201e-12 1.659250754520000071e-59 5.084045096020000098e-01 4.833742388810000068e-01 2.494136475230000193e-06 6.338617153859999452e-05
3.153150094850000196e-01 2.985434095169999903e-61 1.339989890959999958e-05 4.769798861460000095e-01 1.074642816429999972e-07 3.069795292580000238e-92 6.397706528109999541e-08 2.076915330290000083e-01 1.608022420639999981e-24 1.742316836599999887e-18
6.854859408869999893e-01 6.056779298020000135e-40 8.627937370629999743e-33 3.145138781480000256e-01 1.759982273000000133e-08 1.631638158849999898e-07 9.695136776299999716e-31 9.984782564960000059e-14 2.019048850280000035e-10 5.695703368850000166e-27
6.573534980559999771e-15 4.116497834519999843e-01 2.472985234639999823e-15 4.755552212970000162e-09 7.909144959509999779e-04 5.875592972959999827e-01 1.130829198280000102e-53 1.067367405269999950e-23 3.226430260609999873e-40 8.777912064820000313e-81
5.602669843550000232e-05 4.604393499339999970e-09 1.819501060929999969e-01 1.852168703169999875e-01 1.023083577160000025e-13 1.120120810099999942e-03 3.289814508860000042e-01 4.257832294790000340e-22 3.026754205909999995e-01 5.697252192370000026e-49
1.900035643819999922e-03 6.197394147529999842e-01 3.786261171020000212e-03 1.716692238160000017e-13 1.051143802199999977e-01 4.878022372640000228e-14 2.796766582819999790e-22 2.694599082129999768e-01 8.231815478680000705e-18 2.777201690600000035e-28
3.046029771320000190e-01 1.221188461549999955e-26 5.073531691049999909e-48 4.777389267670000272e-01 2.256183843800000102e-11 2.021333617589999872e-33 4.047024972070000073e-05 2.176176258289999887e-01 6.050974275240000188e-72 1.064874410660000059e-55
3.371592634099999912e-49 3.658854687870000122e-01 8.701566443080000751e-06 4.353570940500000039e-11 3.040483718279999859e-01 1.674330133980000160e-05 3.300407144740000187e-01 8.342509801120000727e-28 7.566548286810000369e-41 1.422222093869999978e-26
2.285940849170000079e-105 3.867677110309999801e-70 1.649146531079999943e-62 6.769831757279999986e-15 7.098173640610000446e-01 1.237750194150000092e-09 2.901825127009999838e-01 8.941242464689999370e-33 2.099395091160000132e-30 1.220009780189999893e-07
2.025434478100000052e-16 1.341785818730000066e-32 4.249450427570000133e-01 1.028272571849999966e-13 1.093072188149999957e-01 3.911486402919999796e-67 1.818553919010000096e-15 2.820998011579999853e-01 2.396742473319999836e-25 1.836479372690000000e-01
3.872402684409999917e-26 3.715201601730000035e-03 7.176666484849999472e-01 2.796405254230000158e-22 6.886912730129999820e-13 2.786181050279999960e-01 4.488461153899999902e-08 1.897528842660000152e-18 7.780971660550000095e-36 5.582198772259999963e-33
4.594736588330000093e-01 6.641448610610000255e-18 2.270444844210000072e-05 4.299662494040000014e-13 3.774237769920000263e-01 1.063907186409999983e-01 4.405328425980000018e-60 5.668914108439999933e-02 8.354013326169999887e-13 2.382258067370000119e-42
5.501939521879999890e-33 1.060494943410000002e-01 6.338543154140000024e-02 1.289583523160000062e-08 4.002249652989999795e-01 4.303400959220000099e-01 3.063891121159999939e-24 6.235797986090000095e-46 9.077690201590000168e-18 2.845132165710000130e-41
1.362691975010000095e-38 7.230664936780000218e-01 2.401903461540000133e-32 4.008534923939999847e-106 8.289058949210000069e-80 2.769335063219999782e-01 9.549957004929999996e-41 6.469967279469999791e-22 5.387791676380000302e-36 2.493814526559999877e-49
8.225472559130000270e-16 2.001082594570000039e-01 9.189018457689999975e-02 8.599155328399999879e-60 1.987772235880000014e-90 6.348100073439999746e-23 1.709388079390000053e-03 6.030248318840000257e-38 4.289413922329999851e-01 2.773507756540000146e-01
5.914992621119999905e-01 1.951861080109999996e-07 1.140719661799999979e-01 7.496835314329999540e-68 1.686635618670000051e-38 7.305824035559999650e-40 1.568339149699999957e-97 2.944285765210000183e-01 5.795731532319999861e-39 3.656129673560000116e-71
1.349575261269999956e-17 3.185670056290000249e-13 7.951211464630000173e-27 2.715601384870000069e-05 6.467010994899999865e-01 3.532717444940000062e-01 7.220674254470000073e-41 1.144678785840000005e-12 7.862404067119999777e-34 1.011291042650000039e-54
3.971640113169999752e-32 4.882470578230000192e-27 4.518541257590000231e-34 5.873399736420000135e-03 1.026808644480000017e-08 7.856395322710000056e-14 3.107853014409999726e-01 1.324542981370000005e-43 6.127270017070000074e-01 7.061428684760000241e-02
4.821801609760000273e-01 4.959414112869999685e-04 5.985497183769999833e-30 1.565244999700000050e-31 2.878029828309999890e-41 2.086231155690000023e-34 7.160848040360000119e-07 9.908194101779999735e-03 7.470311645309999809e-47 5.074149874259999971e-01
3.111471536160000014e-16 4.620214772979999968e-53 1.173413693550000025e-01 2.516035560969999921e-12 4.653308692490000231e-01 7.774750350670000235e-74 1.259259168890000006e-24 4.173277613929999852e-01 1.630273916009999925e-39 6.830185491749999342e-36
8.695222093240000420e-04 1.135513726080000063e-07 3.770173719229999998e-01 2.801320985249999857e-13 5.799537962529999896e-02 1.989482287550000117e-01 7.732752772640000348e-17 3.651693839360000138e-01 1.041977583439999979e-19 7.351120627490000493e-29
3.129730957910000222e-01 3.183207687350000014e-04 4.001917237909999869e-01 5.885836540669999750e-24 3.089683794069999984e-10 7.448722825169999673e-02 2.524191432579999839e-185 9.333052005990000242e-09 2.120296217550000084e-01 5.979319357050000118e-41
1.731340164149999987e-25 3.699675045339999791e-07 1.881017660040000105e-04 2.148091788590000097e-13 5.345739432060000462e-01 2.415887829859999991e-06 7.931226478179999227e-15 1.608670665540000016e-07 4.652349488879999884e-01 5.941658216299999722e-08
7.131487110569999510e-01 1.437350731700000122e-04 6.927017844849999888e-28 1.039099470629999926e-18 1.267180743239999938e-28 8.440353052990000673e-03 2.782671356970000121e-01 6.511958303319999854e-08 6.478301886909999759e-42 2.235949328790000004e-20
1.048894597930000010e-10 1.408941288759999917e-06 4.147755309880000185e-01 3.328651489830000113e-10 5.852116590689999676e-01 2.287295355649999943e-18 3.077619780669999915e-37 5.129957968029999710e-17 1.140056315030000055e-05 2.130277762089999971e-21
3.713101635979999868e-50 5.083648078629999693e-08 6.667585061020000107e-32 5.320190057590000102e-06 2.305565053059999774e-19 1.220927798650000007e-01 2.309135749900000090e-01 7.544366641369999215e-74 1.842439173410000131e-01 4.627443567769999877e-01
2.876364491420000199e-26 5.602589746230000056e-01 1.497716664039999883e-41 6.170792249500000277e-33 3.855884518809999801e-16 3.927795341390000348e-27 9.401638481029999652e-15 4.397410253769999944e-01 8.342175083309999900e-107 3.004360260190000173e-28
4.738986617919999938e-76 9.433407262779999529e-50 2.160147928239999920e-76 3.058844741280000042e-35 7.065051047800000132e-38 3.315919666579999956e-37 1.000000000000000000e+00 4.029618210180000300e-46 3.950835612149999645e-68 1.287529236590000021e-21
1.688797088370000085e-04 4.888813528920000206e-01 7.872010819090000111e-02 1.083653943209999968e-41 2.377336382319999849e-30 7.791317418750000334e-02 6.975294036510000118e-46 3.543083000750000267e-01 8.184945737620000564e-06 3.224541350530000006e-59
3.199022043909999918e-03 1.876198135299999945e-17 4.193193821810000110e-01 1.049208371839999990e-08 2.585666409729999934e-02 5.511844944479999953e-01 1.874641994279999995e-63 4.905276579309999700e-11 4.404266891389999896e-04 3.865086590019999885e-40
6.216920672610000143e-01 4.203379429129999820e-26 1.461665790809999988e-13 5.550196555010000091e-21 1.058597977850000011e-38 3.490795953010000230e-01 8.486762999419999568e-12 4.157763331720000146e-10 2.922833701399999914e-02 3.018045788600000192e-37
4.704256659270000022e-52 4.533566775999999798e-01 1.498294032960000022e-01 2.977869277389999700e-11 5.650531025790000300e-02 1.344526322790000061e-01 2.058559765380000017e-01 5.825545331699999443e-48 4.539727164599999893e-29 7.158051393920000061e-36
2.986524167489999890e-06 6.414253019849999737e-02 5.738522101130000275e-02 1.136753795220000065e-68 2.255386305819999960e-55 6.256598474560000067e-01 1.006411867570000000e-35 2.528094148100000216e-01 3.259359336439999988e-21 1.274587720570000009e-41
3.093088937129999817e-04 2.675550350259999862e-09 3.732162313099999795e-01 5.641612114120000410e-01 1.352841083510000066e-14 3.255134214340000046e-47 6.227640861820000345e-02 1.641642960850000140e-20 2.497323835320000029e-05 1.186385225569999920e-05
6.890591652519999525e-11 1.484427953980000003e-46 8.856597053659999962e-04 6.609892429809999682e-04 3.001321017649999693e-14 7.453259735139999849e-32 5.153772265649999573e-01 1.706006099449999942e-09 4.830761179999999988e-01 4.711434425950000285e-09
2.283023291429999973e-07 3.509482779960000118e-13 3.211783028140000051e-01 5.818859996179999950e-39 2.069271745850000116e-28 5.220592940589999786e-01 8.027441487489999426e-27 1.567621739299999983e-01 8.942147563120000023e-10 1.828623100269999893e-38
1.215338762839999988e-03 4.258883386320000196e-51 1.634471647189999921e-38 2.445467964410000136e-12 8.931356218359999707e-26 2.376241971040000146e-22 4.676051954489999773e-01 5.309690354830000070e-01 2.128584357020000043e-14 2.104303020190000084e-04
5.491131107579999560e-01 3.004288201120000171e-30 5.116268746440000045e-17 3.751325661700000147e-01 6.971677965570000212e-15 1.355638396819999932e-02 1.172768220299999989e-51 3.280403140800000193e-28 6.219793910370000067e-02 1.367084554700000092e-51
1.725135671410000004e-21 5.748018139639999857e-01 1.344723175389999914e-01 8.137104497190000167e-18 1.107439429940000053e-01 1.141938039500000087e-28 1.799816962099999862e-01 2.277471109439999917e-07 6.903771496359999880e-34 1.545085600629999914e-09
5.894698138609999472e-01 2.146399025090000018e-32 9.692857850100000291e-27 7.997449699910000397e-19 1.498453996719999905e-28 6.315423519519999633e-03 1.935036380579999993e-01 2.107111245430000057e-01 1.896821374600000150e-11 2.874171237449999971e-22
8.017125702140000254e-02 6.099641799810000013e-14 2.854923683330000128e-01 1.132987782410000091e-09 2.712554308910000156e-01 7.579963521510000044e-16 1.199607480409999969e-94 3.611345816059999825e-01 1.946361015780000104e-03 4.984588863650000150e-21
5.753618104629999452e-01 4.032180447929999785e-30 3.405506031259999991e-24 2.372192005789999974e-11 9.345588731329999910e-20 1.518068178959999991e-55 1.089198056890000004e-09 1.337074841399999992e-01 4.481554135129999789e-25 2.909307042839999746e-01
3.782822689880000269e-04 5.211007127319999918e-30 1.552513408730000032e-17 2.322769828279999875e-10 3.242810363609999746e-01 5.984053262690000006e-31 9.607834122389999602e-77 6.753406800260000065e-01 5.609201119289999709e-13 1.111072375219999957e-09
6.939653437389999846e-01 5.297207617339999662e-44 3.060023639280000096e-01 1.014374228440000060e-07 4.706871643340000072e-17 5.339181313129999751e-98 4.363213074649999812e-13 2.152785763890000126e-14 6.354683494160000248e-06 2.583621141959999842e-05
2.051385181300000028e-08 1.215756256209999941e-01 2.160470749079999961e-05 4.945694457620000151e-01 1.023725187789999920e-11 1.387390373669999926e-19 3.838333033860000243e-01 8.133570476180000279e-20 1.078547806259999977e-29 1.937915381869999879e-32
6.854841075659999783e-01 2.873584557700000197e-07 1.749287809669999863e-27 3.144902229139999728e-01 1.517749609919999918e-06 6.107767112169999847e-06 1.771827333649999856e-05 3.837142402019999816e-08 8.067645726640000455e-47 9.908097757260000772e-74
1.169333341040000067e-36 1.254586683060000089e-37 4.196977277000000005e-71 3.686694701710000231e-12 4.757428816140000238e-01 1.367571353589999983e-01 6.763437299789999606e-11 3.874999829560000220e-01 3.987987027939999634e-49 9.391300418909999452e-29
9.444891948210000065e-04 6.200099313670000001e-01 3.836169736199999784e-03 5.895804470159999667e-14 1.051560170779999998e-01 8.945736475539999995e-14 1.405714530339999988e-21 2.700533926240000215e-01 9.633632726120000101e-18 5.789913975269999749e-29
8.687559959819999645e-65 3.333736888309999981e-31 1.382494405329999962e-41 1.315853625189999952e-09 2.503114504140000152e-28 4.783506296210000008e-01 3.110568864670000266e-01 3.497296372119999955e-133 2.105924734940000098e-01 9.101089484660000368e-09
4.642362807210000109e-02 4.663446707689999915e-01 1.008435244360000024e-19 9.315727511179999793e-20 1.162767090530000042e-42 2.483129063520000176e-03 5.589562634300000016e-07 2.884097594779999833e-24 4.847480131390000113e-01 1.217328706460000021e-22
3.928931980049999891e-09 2.684410950299999899e-07 5.439089148210000512e-04 1.464887187580000079e-05 4.229095936539999934e-01 5.765315761889999724e-01 5.573259165659999704e-66 1.630097057390000087e-25 9.469777931259999759e-14 2.359526330520000035e-85
3.921312172160000113e-09 1.581504713720000098e-06 5.456974883370000048e-04 2.635842098600000129e-05 4.228966915110000113e-01 5.765296671540000029e-01 1.433104541750000064e-65 1.995569632110000012e-26 4.867331870099999921e-14 4.313962170170000218e-84
9.385951119900000246e-48 1.216555543519999991e-73 9.259963520530000302e-34 2.350628249189999908e-01 4.487368454420000230e-13 2.264363706190000063e-04 1.368029300580000116e-04 3.505900249750000078e-59 7.645739357799999913e-01 1.135880277830000067e-20
6.637283882699999536e-13 2.460467333800000003e-02 5.401741550759999733e-01 2.639585507240000095e-18 9.943470668299999801e-03 9.453050383179999272e-10 4.711157210399999789e-27 2.551529015139999940e-08 1.588505724089999903e-10 4.252776742969999746e-01
7.107036138400000302e-33 3.546124823290000005e-01 2.172668868210000121e-48 1.079901708919999943e-14 2.360635677779999997e-01 1.571102848190000009e-04 2.088538579410000040e-01 2.003129816670000118e-01 1.735818440739999873e-157 3.346372706690000292e-48
7.012801754029999751e-47 3.966923507269999871e-01 4.620660530240000137e-08 1.536627946630000077e-09 3.940493416379999836e-01 1.356992118220000010e-07 7.073783343139999726e-17 2.866777496879999745e-41 2.127695313309999925e-10 2.092581239799999882e-01
1.030422875770000054e-23 5.432668815189999750e-02 1.509627478359999952e-25 2.862978685480000055e-21 1.968459864109999903e-06 3.953424061799999775e-04 2.824502786249999953e-01 6.628248139279999673e-01 1.288061185419999948e-24 9.084287647769999509e-07
1.144664040300000021e-49 5.271891385110000141e-35 5.458139607439999687e-25 5.167770811770000157e-16 5.541882746520000458e-01 5.615112761580000085e-19 8.861411448450000384e-11 2.165682890559999922e-20 8.957600217549999378e-39 4.458117252589999802e-01
2.284331467240000140e-16 8.126892919490000322e-20 4.838655102709999989e-01 5.478773992049999853e-46 2.118110161270000020e-26 6.399001210319999602e-20 3.629597325459999697e-11 5.139405438549999872e-01 1.951282677409999985e-03 2.426631605370000117e-04
4.515483150019999892e-01 3.685105164759999927e-18 1.719494565980000063e-05 4.340545269359999958e-01 1.027399821689999997e-04 4.287595223529999761e-84 9.783283803660000610e-02 1.644438508610000099e-02 8.803539053470000014e-26 1.207148309520000010e-11
3.354012707890000056e-01 2.877270499030000206e-01 1.699091890660000085e-09 1.145428244299999888e-19 3.950084839809999868e-07 1.502122868459999927e-01 1.014311038480000076e-49 6.479649668249999606e-02 6.033883604470000133e-06 1.618564651880000094e-01
6.920207243299999883e-73 5.120449120829999766e-11 3.806491516229999858e-23 1.083638811100000031e-06 6.467035820119999556e-01 3.532491661189999799e-01 4.616817047870000012e-05 1.714082648000000018e-54 2.097385191119999863e-30 8.376133761259999641e-12
9.501985164630000759e-40 3.623405583229999868e-45 1.076140870349999908e-65 3.342758351149999752e-01 2.048950161580000029e-06 1.831514310440000190e-12 6.656889727860000328e-01 2.049100302780000053e-22 2.457420200160000015e-31 3.314314711419999714e-05
3.174534497660000077e-50 4.475571054079999778e-01 1.523320415499999914e-01 1.733036155260000008e-10 6.546932774819999579e-02 1.397860783269999907e-01 1.948554467939999923e-01 1.720841523070000046e-47 8.526484388079999849e-30 7.430971926460000104e-35
7.272922852419999584e-02 8.148459778759999244e-09 1.451989152649999993e-19 2.849332640729999975e-26 7.617496157060000295e-48 3.747917200579999886e-01 4.011787426210000063e-01 1.468960809710000062e-03 3.620615386100000103e-11 1.498313398030000076e-01
8.730092350270000619e-05 4.897841834459999988e-01 7.788200503379999473e-02 1.042002111429999984e-41 1.955391224220000171e-30 7.721783510999999378e-02 8.462729376339999943e-45 3.550218379130000157e-01 6.837573559630000118e-06 1.001907370150000043e-58
2.212203354650000006e-10 1.110029171769999956e-14 2.882099652499999984e-02 3.769238623030000085e-25 2.615643630080000081e-20 2.603701765959999803e-01 1.281846475940000003e-28 7.108088266580000480e-01 2.168555394130000096e-14 2.593254485439999903e-48
8.283244584729999966e-23 1.000000000000000000e+00 1.686374079159999937e-16 1.885427060020000040e-73 1.411249705539999892e-57 4.217786570540000097e-32 2.404324432550000008e-93 7.884807234949999430e-30 2.259843077060000089e-62 4.287333813999999946e-113
4.497612142119999934e-01 1.886150943919999877e-07 3.100033697789999911e-37 3.147671464150000111e-44 4.841822075129999651e-62 8.554153604399999944e-02 1.028536293229999991e-24 1.720850952639999908e-15 8.560902703950000079e-04 4.638409708580000235e-01
4.801741362860000201e-06 2.273355516569999926e-05 8.911056904900000299e-04 6.509498532350000226e-06 2.916800911349999859e-01 5.779436502900000550e-01 5.291434601809999753e-24 3.866413178550000274e-02 3.391292824719999713e-14 9.078697630389999385e-02
4.628909049459999925e-01 2.055015063830000038e-12 8.788610657069999112e-22 1.115320485180000038e-04 2.604889886820000056e-24 5.369936467570000094e-01 1.874445777270000118e-24 1.225536961479999943e-30 3.916247105990000216e-06 1.579521043849999939e-16
8.061037713360000301e-02 1.073606921379999940e-01 2.973222628119999866e-30 3.449817192799999876e-01 4.267158337660000158e-23 4.670472114490000215e-01 5.392138245190000006e-21 5.589289870030000169e-40 7.544629724829999998e-19 2.179007584649999853e-40
2.984728331010000194e-37 1.351240683059999963e-32 9.296021086239999815e-42 8.451444393140000021e-07 4.226948127660000165e-01 5.773043420729999653e-01 4.269680885249999837e-18 1.710857248459999999e-11 5.788347574919999905e-24 2.270940715730000078e-27
4.487317290290000245e-23 6.304535220479999709e-03 4.058705927260000124e-01 3.078991756050000000e-12 8.755326053869999514e-02 1.115986743480000065e-07 2.152359815880000027e-01 2.850355083130000078e-01 1.001193303860000020e-08 3.295237531789999792e-14
1.040071091940000037e-07 3.605674778010000137e-01 1.516600675339999979e-08 1.354519976889999930e-31 3.691720507020000026e-17 2.118358020220000026e-01 1.081163560260000108e-22 4.275966010039999876e-01 1.802021272119999896e-48 1.142613149930000074e-46
1.024063689370000033e-38 9.898859014280000609e-05 6.391961931080000214e-01 2.086633530940000042e-21 2.993540901899999839e-12 3.505713286409999907e-01 1.013348965850000005e-02 2.946527033259999835e-32 8.280140832870000158e-23 5.550436158789999608e-15
1.724746736270000025e-01 3.888404569439999903e-01 1.986639421370000120e-15 4.376741956269999956e-01 9.513962323300000168e-13 4.116429103549999680e-18 1.010673168700000060e-03 5.688338425619999723e-10 3.003138148509999978e-16 6.341255550299999908e-11
8.559462550359999646e-07 9.359427253190000462e-35 8.011443617319999997e-73 1.304816888349999970e-08 2.178731188849999963e-21 1.930275877019999864e-01 1.427726996919999880e-01 2.857395907129999801e-01 6.242958805110000145e-27 3.784592528979999759e-01
9.269889631030000681e-09 3.167878629879999908e-01 2.632095198680000081e-01 1.268819375660000050e-34 4.456113095530000195e-25 4.200025725529999976e-01 1.303590654150000061e-27 3.532212249129999680e-08 1.660056475109999847e-27 1.212033367890000093e-34
1.120341772850000034e-37 6.321333006179999661e-31 6.006189657199999532e-01 9.900485191279999741e-24 1.580953971630000063e-12 2.364283090500000101e-28 1.855051794789999875e-76 3.320226440880000146e-49 3.993810342779999800e-01 4.552135847870000283e-24
5.143215470609999998e-05 1.926964038600000130e-29 5.859457874760000129e-01 3.471828843630000144e-13 3.737489895169999743e-01 4.059396851510000108e-36 2.074880483969999911e-43 2.014417617960000129e-03 3.815741392460000186e-02 8.195930985030000526e-05
3.852635105020000114e-50 5.376471875150000025e-09 4.772233158239999783e-32 9.462317793459999537e-06 3.828488122439999997e-19 1.072840157300000014e-01 2.434513861740000007e-01 3.416328086310000147e-74 1.998601677609999905e-01 4.493949626409999842e-01
2.629259088180000127e-19 2.064381052620000052e-03 1.002148210829999982e-20 1.322812742539999947e-78 3.417164700430000257e-45 5.254594257500000420e-01 9.137561418920000495e-40 6.162005117149999739e-10 3.733423639810000148e-12 4.724761925779999983e-01
6.301241065629999920e-09 1.717418451970000037e-02 3.176869245639999678e-11 1.423928861770000082e-07 1.052700690699999997e-01 3.565983763739999923e-01 1.861775998289999994e-28 4.606763776069999761e-01 6.028084370290000271e-02 8.142765088389999577e-14
2.523347447909999857e-10 8.561872781759999599e-12 2.940819950460000021e-12 4.892022135809999772e-38 1.473245592110000031e-17 1.878859223869999984e-01 7.059914525490000050e-37 4.305432769770000112e-01 3.383437706160000169e-01 4.322702975590000246e-02
7.507596805480000441e-10 6.565678271070000127e-01 1.737960407709999924e-28 4.025227794640000036e-13 3.209701153380000171e-01 2.238645389550000114e-02 1.894286192900000037e-26 7.559271390779999996e-05 2.261485962430000049e-26 1.019448318730000026e-08
4.260317999090000121e-23 9.432045327830000138e-04 6.259251672559999957e-22 7.792853359289999560e-01 4.326587260159999832e-10 9.416621090469999567e-03 2.103548377610000020e-01 3.184529913000000217e-44 3.122544965640000062e-17 2.539893727930000033e-10
2.005893041240000008e-01 1.412769848780000037e-22 8.252945083659999691e-38 4.262140841849999733e-17 5.412491130219999637e-34 3.291969952279999841e-09 3.288058061930000278e-27 4.158006166240000290e-08 4.474856056150000039e-01 3.519250453889999908e-01
9.703348388489999491e-42 5.265889797649999678e-30 1.341813590919999910e-01 5.116446331249999788e-21 1.822050589800000009e-01 5.178064461919999641e-16 4.803691366970000057e-30 7.952187342129999392e-11 4.265438735600000086e-01 2.570697082889999985e-01
3.081143830650000010e-18 1.047168278609999956e-14 3.001618877989999799e-38 3.211099958940000236e-10 3.499181623670000185e-01 2.840016073659999973e-01 2.355942605849999857e-12 3.539148935090000170e-01 1.417671522170000016e-44 1.216533643379999995e-02
3.383427122460000015e-27 8.321539398959999668e-07 6.342158013780000436e-01 5.448807309389999934e-09 3.657833576319999835e-01 3.387415172230000002e-09 4.021671404619999809e-25 6.458025241589999550e-30 1.314554317560000092e-37 3.335276551729999980e-137
3.564200380320000083e-01 2.559033037260000087e-01 4.297397959430000102e-45 7.756961602970000484e-13 6.563192615360000141e-25 2.768661978959999804e-32 3.610895891740000252e-01 2.658706810099999845e-02 2.058242952159999989e-57 9.659814034999999427e-10
5.093801403879999468e-01 1.371419853759999919e-06 1.263786705940000020e-27 1.201752288070000035e-01 9.212788101020000511e-08 2.534355916229999970e-28 3.418904187530000249e-01 2.855257498689999993e-02 4.995851184889999802e-29 1.735174972679999879e-07
5.658473047290000224e-01 9.144564630400000097e-17 1.389107333710000085e-35 1.018429118700000038e-02 6.219533756849999782e-13 3.735054027049999892e-01 8.577330814229999295e-06 3.925782194169999859e-11 1.554563849410000029e-18 5.045442400890000345e-02
3.369177182980000014e-31 3.297974558660000272e-27 9.261404678190000596e-12 8.191248326180000307e-13 6.399865511019999786e-01 3.599811533819999854e-01 1.655253839510000051e-11 3.677491182380000221e-18 3.229548898659999903e-05 9.604014829830000136e-26
3.205029199860000148e-15 4.116490731890000143e-01 1.658603470289999999e-15 2.382733616439999826e-10 7.921751769410000435e-04 5.875587513950000229e-01 6.060506369349999744e-54 1.538010044450000071e-23 1.178718805520000009e-40 1.970600745410000068e-81
4.593480185680000480e-16 5.667578182589999617e-34 4.247807811009999823e-01 2.090463826029999980e-14 1.097340666210000065e-01 1.438950623529999992e-67 5.804711290309999787e-14 2.820139760889999736e-01 6.047049561180000196e-24 1.834711761889999959e-01
6.124640982389999849e-02 5.303159971760000294e-22 3.103081251509999805e-01 5.728439206290000396e-48 1.798846458659999902e-72 1.541287279220000128e-51 8.379407301479999744e-29 4.928805759539999663e-22 6.284454650249999830e-01 2.794448506120000060e-27
1.130781214090000086e-22 2.340491316590000151e-41 6.270042294680000516e-01 3.474765539750000195e-05 3.612324990529999780e-01 2.119095761319999803e-15 9.246134482710000168e-59 1.703054660899999897e-33 1.172852382350000021e-02 2.258913553750000170e-47
4.480078509449999998e-26 6.045270936150000107e-01 8.156322627550000037e-02 5.753141678069999743e-10 3.062580397770000018e-01 3.289413137249999942e-33 7.650514290510000356e-03 1.125188506870000099e-06 1.235087215819999992e-34 2.776469302999999944e-10
1.181030228449999892e-22 3.649794414369999955e-31 4.651196233040000294e-02 5.336183673770000183e-15 6.842780204499999963e-02 3.465688217609999861e-23 1.111057864520000108e-28 3.504609055619999913e-01 5.304345109829999849e-01 4.164819079880000344e-03
6.302653677389999931e-01 2.270756198100000215e-56 1.307204035000000079e-44 1.217684987649999967e-01 8.353011551570000772e-12 2.381853341749999820e-55 1.382137893770000042e-34 5.159996921150000271e-04 8.149631100719999728e-18 2.474501337960000047e-01
4.594267055780000275e-01 2.018916671560000072e-19 3.025718340600000076e-05 5.630275613619999933e-13 3.773802390689999786e-01 1.064312927659999963e-01 1.106715573629999925e-58 5.673150539329999825e-02 9.487059850770000220e-12 7.537457107040000257e-42
1.738605611929999878e-17 3.681181970229999850e-02 3.457963052559999857e-50 3.799920318879999775e-30 1.155875672909999945e-69 5.772210358229999949e-01 2.127446749209999934e-13 6.808434179279999671e-66 3.298707877359999818e-01 5.609635673780000165e-02
6.854859385820000206e-01 4.346832223460000352e-40 7.061142537870000391e-30 3.145138367170000060e-01 5.456652224069999738e-08 1.700028528670000114e-07 1.784831222900000151e-30 1.358934408659999919e-13 1.315947431099999893e-10 7.116489421639999585e-27
1.358716567439999997e-39 5.950187635589999635e-01 3.078549246290000069e-02 1.598621354989999898e-10 1.227019530879999987e-01 5.496209939179999894e-23 2.484428385580000065e-01 7.994572924780000420e-19 2.104104830109999864e-26 3.050952171949999816e-03
4.509103473630000000e-08 8.050883116720000415e-44 1.205403714080000006e-17 6.814164444589999902e-22 4.813629274739999965e-30 4.831775957659999624e-44 6.708774084170000540e-01 2.308806530399999946e-01 4.222718306310000170e-21 9.824189345169999366e-02
4.623318693899999908e-25 4.432400858950000244e-02 1.205937790939999981e-15 5.397929639340000030e-01 1.410701242470000014e-15 1.186853965810000034e-15 4.652975248010000243e-09 5.220442032299999646e-59 3.806112554020000101e-05 4.158449616980000041e-01
9.916510866480000266e-32 4.388306544410000455e-84 5.044174954179999560e-35 1.014063444550000054e-02 1.876625155879999937e-07 8.244497713789999724e-18 3.138928102399999864e-01 1.273989398550000010e-33 6.174013592610000378e-01 5.856500839099999800e-02
2.661709267049999772e-01 9.936149367830000175e-11 4.597554046620000015e-14 7.638632290329999642e-04 3.737093030850000280e-23 4.395049618870000008e-01 2.193467705150000113e-01 5.592487569149999536e-22 7.421347756460000555e-02 8.620178616639999996e-38
4.411999267009999830e-05 3.785362481870000149e-08 4.096319955260000219e-25 3.048681230089999899e-09 5.399663005450000552e-01 9.601458531760000131e-21 6.911203973019999879e-45 4.599895385600000219e-01 4.051615207239999748e-28 7.960044639670000415e-22
7.112917999030000718e-49 8.462959546390000219e-48 7.839399314249999632e-33 1.011050308109999934e-04 2.017653660939999952e-18 3.732119234979999773e-07 3.168269176849999869e-01 1.192421140739999933e-55 2.951070472160000069e-01 3.879645568560000091e-01
6.163694582069999745e-34 1.110416128370000028e-21 1.182070633729999931e-01 1.846840566340000018e-22 9.563930375099999428e-13 6.308474847130000063e-01 6.701502412319999782e-17 1.374396287659999974e-23 2.509454388760000154e-01 1.303683997939999973e-08
5.339764330979999936e-42 1.163374920409999973e-08 7.462979988839999532e-63 9.265146439799999459e-36 1.897370673220000075e-14 1.272990638879999969e-01 4.433849001190000028e-01 4.293160243590000147e-01 9.649563950890000280e-122 2.031301521710000046e-38
6.934577347820000126e-01 2.576744866240000039e-03 1.156156491149999983e-29 2.199136259229999924e-20 1.687851599269999983e-31 4.309623373839999811e-04 3.035028959239999824e-01 3.166190254429999870e-05 1.876394686570000026e-10 6.448508021059999984e-18
1.832033666149999896e-05 8.701933363470000493e-16 2.270353414520000112e-51 7.873251987229999971e-01 1.068166015850000047e-13 2.126564809400000033e-01 7.226685358410000013e-26 1.401086593579999847e-17 1.020897519530000064e-27 7.826031714419999639e-38
