6.878245729510000313e-36 7.853398158840000444e-23 5.915689894300000397e-39 2.931517318439999847e-21 4.137041516589999857e-01 5.862761840100000343e-01 2.909727202490000154e-06 2.144642385260000006e-27 2.506795352799999926e-21 1.675460438810000144e-05
2.183954986220000123e-25 5.934060540110000139e-09 3.204224008650000122e-01 6.456774088690000298e-27 1.316926704929999901e-29 9.274919143969999296e-18 2.328784904920000200e-99 6.795775932009999742e-01 1.195963275419999973e-14 2.242167904069999928e-52
2.316774744240000003e-45 1.190752606460000057e-03 4.041942938160000276e-01 1.902522982080000048e-25 5.526774417239999765e-02 5.393472094050000276e-01 3.547093478269999797e-48 3.945877699209999936e-16 3.909003341560000194e-21 3.262177903019999998e-51
2.911385209490000081e-14 9.762010475260000490e-26 8.131050050939999576e-22 1.051616676980000054e-01 2.408713471900000014e-01 2.589520738230000063e-02 1.540864931750000055e-01 5.004272382979999567e-31 4.537687927619999950e-01 2.021649179209999980e-02
9.747406908640000061e-45 3.210202161869999863e-21 7.738975549500000106e-01 8.877813553450000006e-43 1.623016105260000064e-01 5.036251113369999801e-05 5.745140530179999570e-112 6.435894192740000091e-08 6.375040765389999864e-02 2.132543875620000095e-31
1.694613238800000064e-19 7.822505397619999638e-11 9.022657822170000457e-12 2.736054981270000241e-01 3.576183287820000100e-06 2.211919505329999948e-10 1.615701182440000066e-21 5.015694282270000034e-33 5.821221529619999835e-01 1.442687724189999909e-01
1.523656387460000095e-01 5.912380689929999817e-24 1.183307563420000091e-78 3.404566876810000142e-01 3.591263167050000038e-01 5.845300691719999766e-42 3.415632883490000043e-09 2.945460184919999918e-36 1.686314801019999903e-39 1.480513534519999896e-01
1.361816147869999973e-12 1.609058838059999885e-01 5.975936226070000228e-06 5.366708065390000115e-01 2.049439150369999907e-01 1.073033328999999967e-09 1.204333362029999939e-64 8.810116352009999922e-04 9.659240597179999388e-02 2.445483598840000219e-31
4.218720746609999860e-14 6.364211184149999800e-24 1.518967388970000054e-01 5.018227331720000184e-02 1.168832150760000050e-24 1.489387759730000011e-21 2.115709416260000087e-45 2.639576742999999895e-42 7.979209877859999578e-01 7.304415835539999892e-26
4.775725801949999905e-36 4.440418075249999985e-01 1.642153497819999921e-25 2.364079482589999948e-01 6.453521968619999787e-04 3.189048920190000191e-01 2.861898100880000198e-56 1.332822473330000062e-17 2.499502337040000005e-21 2.669303899179999751e-29
6.833552013270000058e-01 3.376720758280000228e-29 8.870055695999999970e-10 3.166447977860000207e-01 2.988225200629999985e-62 1.744901501120000127e-61 5.758796231230000413e-44 1.454937263410000017e-44 2.589818279090000095e-16 3.375882858360000086e-35
7.423140155770000117e-37 1.417573143580000021e-24 2.860241185440000056e-01 6.959316615909999504e-01 1.780476132569999888e-11 9.062434588020000167e-03 3.854268235670000112e-03 2.657193867979999891e-113 5.127517024219999976e-03 1.923304104999999917e-26
3.771004805269999923e-19 4.508267941600000057e-04 5.708410754749999594e-01 4.889771183900000152e-22 2.943091228140000131e-15 1.535901382340000026e-26 2.581222630210000159e-188 4.287080977300000151e-01 3.709986904539999844e-20 2.539415321139999965e-61
1.170212640579999995e-32 1.155390053790000008e-47 5.231833487689999679e-30 3.154830464750000066e-78 5.260147679580000132e-46 3.998987223100000166e-33 3.806686549480000183e-53 1.000000000000000000e+00 3.672478604989999844e-28 1.072888738869999969e-33
5.898727041579999818e-05 8.559646628799999490e-02 5.741881095269999458e-01 3.401197130779999855e-01 1.275919672719999956e-07 3.131185461580000092e-28 2.165171213319999939e-11 1.304134181969999965e-31 3.614078801849999762e-05 4.554352193879999869e-07
2.288716315350000121e-73 7.226710175190000256e-45 1.314756325410000054e-30 5.714285978569999729e-64 1.629800838369999904e-41 6.644225932199999685e-01 7.542329947749999907e-37 2.520602581670000094e-06 3.355736660340000177e-01 1.220143226339999946e-06
2.481828622910000073e-14 1.787092728909999953e-08 1.891009617379999927e-19 3.235300707450000091e-01 6.764698971450000542e-01 2.380011835749999900e-16 9.122487464000000035e-10 1.694698434909999928e-33 5.706894812850000394e-10 1.275627162590000015e-08
6.806070292010000095e-31 3.770975323090000053e-01 5.696014562890000158e-05 2.343570281290000046e-26 1.194116115499999925e-18 6.457921172970000184e-15 2.198844971320000083e-85 6.228455075450000100e-01 7.519795210469999395e-17 3.824329429210000152e-38
1.583068705779999885e-38 6.847333115769999965e-18 1.000000000000000000e+00 1.971165308960000078e-35 1.106980404350000022e-33 6.774735025179999777e-43 3.904485460409999766e-83 8.015755435379999754e-53 8.152538419440000157e-44 1.475150363659999952e-94
4.325897596380000043e-01 7.583290368489999920e-23 1.177872697730000034e-06 3.807714365069999962e-51 3.793665837579999756e-01 2.164126024320000101e-55 2.856877296179999806e-84 1.880424787320000013e-01 3.749883270919999887e-45 9.387753551089999535e-34
5.700037641260000163e-65 2.693243949699999917e-01 1.251287614940000011e-11 6.753343533830000162e-31 2.083710999770000127e-01 5.223045050410000112e-01 1.019298278519999933e-45 1.079300966810000066e-17 4.384686001129999734e-28 3.484180940629999882e-43
4.716087275500000255e-14 4.814803832160000195e-23 5.366386539319999642e-09 1.711804581980000034e-79 4.589356768510000073e-02 4.029715830050000138e-24 4.792067263729999915e-01 4.229089527659999903e-01 3.728416752420000044e-31 5.199074780909999915e-02
2.576310594860000136e-01 2.960754987420000095e-02 5.571771052040000174e-11 3.553483560839999734e-04 1.380395786969999990e-02 6.503694144060000036e-25 6.285270351550000347e-27 4.884389863020000000e-01 1.687646418160000010e-03 2.084754516379999922e-01
9.126290444040000005e-02 1.827714893550000108e-01 2.493795241610000167e-05 2.864431930279999761e-01 1.562429900249999978e-06 9.779200296230000644e-02 2.235862861850000105e-01 1.181176236480000058e-01 6.736902224979999893e-18 6.128551407020000133e-15
1.744426773730000102e-01 3.326267557690000265e-01 2.118203679300000061e-05 8.498458285170000515e-02 2.687049334549999987e-17 3.669606899300000140e-06 1.850298535360000028e-05 1.733166469849999891e-01 1.607687448169999908e-07 2.345858216230000126e-01
7.994901678530000357e-29 2.262123994100000146e-02 1.620226759660000075e-43 2.894227013060000075e-01 2.940022697850000062e-22 2.053864124360000043e-01 7.614664995519999761e-05 4.451040972499999970e-01 3.738935796659999949e-02 4.445071854720000115e-08
2.392595206460000068e-01 1.232803959739999971e-26 4.225000915450000116e-01 3.642070257159999921e-23 6.523818197599999799e-22 2.203796737509999912e-23 1.651820583610000004e-01 4.172655880000000199e-09 1.729706294070000039e-01 8.769586802400000181e-05
5.245667039600000470e-01 1.559899687190000009e-62 2.093197005129999909e-16 4.271335924219999713e-24 7.222773005519999520e-33 7.881666922010000052e-43 3.320704740529999976e-01 3.652016630859999980e-44 1.449473310360000025e-08 1.433628074930000107e-01
2.818405923180000053e-19 5.821165813330000383e-01 4.067347916370000344e-02 8.930040274439999724e-24 3.097972746589999947e-45 6.439484650950000374e-25 1.554256776800000058e-46 3.772099395030000246e-01 2.077793572519999993e-23 7.475756441720000064e-43
3.593276294459999796e-29 3.770965312489999999e-01 5.869468249279999745e-05 1.060679852569999914e-24 7.123767756640000603e-15 1.229283599140000044e-14 3.165380607999999789e-76 6.228447740679999844e-01 4.871205193139999947e-18 6.179338778249999586e-35
8.554702717370000539e-42 2.088381764550000072e-04 5.155086486650000133e-01 3.979505883930000154e-01 4.486680061139999693e-14 8.633192476550000105e-02 4.435881246419999886e-24 1.898547765679999923e-69 1.730373897900000013e-27 6.452122042420000148e-60
1.945424073600000026e-01 2.673568284040000147e-15 7.102445290060000434e-60 2.349557119219999879e-01 7.004906247960000134e-19 3.571843896029999848e-47 5.705018807030000083e-01 8.330112072580000761e-31 9.826038171719999554e-51 1.454899788069999971e-11
1.471302050030000030e-01 7.544402415419999486e-11 1.197406040909999997e-01 2.683321846359999879e-30 2.331462603769999972e-07 1.854106908619999967e-35 1.681778874750000048e-59 7.331289576839999933e-01 2.775095656810000035e-33 1.615679350429999961e-35
1.608495344449999964e-24 3.196418636550000247e-01 1.070763946810000001e-36 2.902658272130000080e-07 1.080769015130000076e-34 1.777237609239999960e-01 4.488751774959999774e-01 5.375890765989999737e-02 8.436339651299999598e-32 5.671701592269999846e-21
2.444972860350000151e-17 6.143718974200000138e-14 8.013596582369999850e-56 5.457807918089999655e-01 6.766442928079999727e-10 1.708670502590000078e-04 4.478951689569999684e-05 5.947998417419999731e-08 1.717329472350000098e-12 4.540034914659999976e-01
8.007125618360000368e-29 5.217535879239999508e-01 1.454327242010000076e-01 2.224375992080000062e-12 1.015605596340000000e-01 2.936858816430000171e-02 1.701436396069999936e-98 2.018845400710000126e-01 3.513782719900000117e-12 8.024902019380000417e-54
3.028925821060000246e-76 4.690283141009999879e-01 1.808100240450000052e-08 3.770157670389999780e-22 4.315725729350000095e-01 9.939909488260000037e-02 3.818216911300000182e-63 5.080255969970000160e-32 6.864322542449999731e-25 6.723448532400000355e-53
3.407150201530000215e-52 6.211991699050000149e-01 2.467073678269999881e-06 9.449376141370000292e-26 9.270161167539999815e-09 3.787983537510000165e-01 4.037017251879999906e-13 2.485019957189999858e-26 2.967469034590000173e-28 3.174990674539999973e-37
6.885733324430000080e-01 2.171295450330000020e-10 3.109948171399999906e-01 4.318501994400000040e-04 4.225889261199999893e-41 2.432132987450000003e-72 2.001978037220000040e-58 1.173841278269999978e-32 1.706251632039999964e-29 7.666021694690000256e-58
2.464507550189999896e-01 8.548721586509999513e-14 8.643144647999999423e-28 2.139976860490000118e-02 2.968273590409999940e-01 1.604639721739999914e-01 6.892775251640000100e-02 1.904458983419999862e-01 1.767959919050000028e-14 1.548449430270000017e-02
1.593000997200000046e-01 4.654652680949999954e-01 7.709541349220000301e-06 8.427841084960000550e-14 1.148673830989999957e-02 5.002267905339999598e-12 4.034803734800000014e-02 3.233921469809999949e-01 2.236083341419999952e-27 7.392269564319999356e-21
3.004654986779999841e-26 1.606390554129999880e-10 3.202740104690000034e-01 3.939353096690000004e-26 2.338745524789999985e-101 4.766783902900000163e-22 9.971339781539999163e-44 6.797259893710000389e-01 1.578428088339999925e-18 2.063406672349999942e-65
2.061731972419999948e-48 7.708317712070000107e-31 1.646234800460000059e-43 7.438110780469999799e-66 7.956424101260000043e-20 8.930269103630000233e-20 1.218527350069999958e-37 9.999999999930000438e-01 6.391326954620000386e-25 7.156387546020000049e-12
5.805342122150000117e-01 1.000717474929999985e-55 1.710970027079999971e-41 6.353503879119999994e-21 1.592346736960000037e-31 3.195648829290000076e-38 1.003569411619999956e-23 2.032073852630000059e-10 1.841868644309999943e-06 4.194639457129999971e-01
4.834390753969999843e-01 9.659459949960000636e-34 3.774919090259999866e-27 4.424082084339999798e-10 5.588761264099999592e-38 4.473765228890000060e-24 8.411649007250000689e-25 1.926927469739999927e-04 5.162321840039999499e-01 1.360474093999999921e-04
6.273107359580000209e-01 4.964592788570000130e-29 8.888318337500000040e-18 4.022362661650000226e-02 5.797867553079999881e-83 7.378538814090000448e-25 4.026885605850000145e-05 3.448971969959999841e-11 3.324253685029999739e-01 3.181360462450000195e-11
1.583927727759999993e-35 4.448481629209999899e-01 1.630575523089999860e-26 2.356003046179999949e-01 2.924787223330000090e-43 3.195515324239999733e-01 3.720141171560000161e-11 7.989636902849999599e-16 2.836905432650000059e-23 1.414219496840000055e-29
2.781369689240000129e-07 3.557848890669999990e-25 7.386251258980000379e-32 6.177210749829999958e-01 1.896832752860000084e-37 2.927003986150000163e-22 3.822786468769999724e-01 2.191894305929999893e-21 1.330463251680000013e-12 1.643729287879999925e-12
6.916460742799999647e-12 2.763155500900000075e-02 5.540428354209999684e-01 2.086063861599999947e-15 4.183256095630000226e-01 5.279943938270000163e-29 1.115256962819999989e-18 4.214968155129999919e-44 3.093074864249999929e-66 9.833342725149999808e-62
1.773111553960000086e-01 7.467304946770000362e-26 3.048209249220000131e-34 5.704156011819999650e-01 2.498282306110000128e-01 5.698005063860000314e-16 1.626117884059999989e-18 5.218304337530000084e-14 2.443653545719999829e-09 2.445010367100000203e-03
1.323808972480000045e-42 1.019600299609999955e-01 6.237349290590000292e-13 1.218507867380000040e-02 1.132962932560000052e-01 7.725585981089999610e-01 2.204393229299999951e-36 1.504445686759999962e-43 9.322732416169999751e-22 1.020741204869999921e-33
2.576794714370000037e-38 1.924353051609999912e-60 5.970883273119999980e-46 7.306022986930000210e-63 6.944060603839999346e-02 4.855516742679999997e-01 3.104099064340000158e-01 6.157358727169999890e-13 1.291504728400000043e-18 1.345978132589999987e-01
2.983890404300000151e-19 7.682731867690000107e-31 3.240072741039999871e-01 4.086740885970000070e-54 2.277808841249999994e-01 9.457023433329999458e-08 2.061457474590000136e-26 4.481261142469999958e-01 8.562962892189999477e-05 3.325225849599999882e-09
3.151470838210000214e-14 1.964856254840000038e-01 2.168126467040000158e-02 4.036520728460000207e-01 8.686681417899999314e-46 1.699313223339999832e-02 1.039620082309999990e-19 3.572774947640000032e-01 3.910410002089999629e-03 2.835927669669999861e-14
4.502214109109999862e-01 1.910992389740000135e-12 8.804392511420000567e-02 8.451900367320000496e-02 6.999788435539999490e-45 4.805346742809999761e-04 4.468230269799999951e-04 3.735537631990000218e-01 2.734538248630000168e-03 1.151724987080000044e-09
6.920331577419999897e-32 3.565365880999999959e-01 3.447624632019999953e-32 8.083169180270000087e-02 7.777450190320000254e-71 5.625745409160000099e-01 5.707218581760000023e-05 1.069956041689999940e-07 1.233820653590000040e-19 1.757644446170000053e-28
3.229011640790000307e-11 7.669796964639999937e-01 1.136020149280000008e-23 2.493797515260000122e-19 2.330203035039999926e-01 4.487016026909999630e-56 1.972128207870000094e-32 3.126612261570000129e-34 1.569132457040000027e-101 5.422761492180000079e-49
8.532082951480000552e-03 1.293925008740000012e-04 4.778323955370000209e-01 2.151331308079999955e-10 5.467855379929999626e-06 4.011600605109999890e-24 1.536514781059999946e-01 3.899955975330000003e-13 5.069829297520000316e-06 3.598441130050000214e-01
4.462028212399999916e-01 7.580014432730000206e-06 5.537895987440000223e-01 1.335179060040000046e-32 3.147360077590000022e-29 2.419448661719999862e-71 3.341494643369999993e-80 9.096587465209999859e-13 1.200954463520000029e-80 1.930796748350000059e-86
6.339212313869999713e-31 1.938409585069999949e-06 2.162300928249999976e-01 2.461373342840000172e-02 1.177353937699999918e-05 7.591424617980000455e-01 1.091446450899999963e-39 2.793684421020000023e-39 6.678837929590000247e-16 5.514502661150000128e-43
1.649498287869999996e-02 4.293914228699999925e-14 5.659806580409999788e-02 1.066848728869999956e-38 1.307846856730000007e-01 1.276961189019999978e-28 7.888963631469999571e-01 7.225902496939999760e-03 1.065023730129999994e-25 3.061067740489999868e-21
7.226993424859999571e-02 4.738766746489999782e-11 1.410648443389999895e-01 1.846885229830000082e-10 4.990806577329999771e-01 6.124120743790000059e-25 2.446545323199999980e-24 3.782265698220000183e-14 2.239764938680000039e-01 6.360806957879999723e-02
3.332610527050000049e-01 2.310979249909999955e-14 2.392114916540000072e-04 4.828068240999999934e-03 1.274437212869999989e-15 1.726545337109999865e-04 6.482810303569999944e-25 5.108742212669999949e-01 1.506246838589999915e-01 1.079018909849999968e-07
3.857919638439999965e-01 2.837204355729999773e-23 6.008627064820000196e-01 3.107807655310000031e-04 3.101092669529999846e-11 5.588430875819999625e-09 1.302933663119999926e-02 2.697819011040000140e-37 2.848313293839999914e-09 5.203809191209999835e-06
2.817088595800000060e-16 1.150765391190000062e-04 5.710203269639999579e-01 8.332986184130000117e-21 3.959693084390000187e-69 1.805156384829999987e-28 3.951353095910000186e-54 4.288645964969999835e-01 2.089534917940000190e-25 2.260752254339999979e-66
8.294005035399999576e-31 7.324888197990000586e-08 5.162129790339999700e-31 3.918642614189999760e-24 8.723364827700000323e-02 1.940985169820000078e-01 1.310181769559999892e-13 7.186677614919999568e-01 3.592470698799999800e-27 5.706261580810000128e-25
4.749406626839999812e-01 1.018522692659999989e-16 9.678963028950000116e-25 5.250593371339999926e-01 1.743345492260000017e-36 2.355526818579999939e-45 4.735420481980000053e-17 4.863050355100000238e-32 5.415278954800000039e-24 1.821007240789999889e-10
7.510307498560000535e-14 2.319982013620000005e-01 3.206567077739999898e-13 1.801107279690000125e-17 3.478446292599999778e-22 1.797083534719999913e-08 2.229023821639999903e-01 5.450993985019999544e-01 1.671528627419999855e-39 9.387598704679999835e-39
2.418602625319999854e-44 3.080543795719999922e-15 5.950824700629999870e-35 9.228744522609999581e-26 2.571789995570000209e-01 3.093433967379999872e-01 6.021312944599999800e-02 1.319349388799999956e-09 3.600444464420000240e-02 3.372600282959999918e-01
1.397678363780000035e-21 5.153918414610000331e-01 1.083217449670000026e-27 4.417499708519999700e-24 4.846081513570000276e-01 7.007426757729999745e-27 1.162348241390000036e-57 7.181827424000000067e-09 1.798409691650000011e-60 1.167024641399999991e-43
1.585051577800000168e-30 8.244374080660000408e-45 3.505821517770000138e-71 1.920654170300000054e-15 3.249882996849999817e-01 2.602370056650000014e-22 2.234298395819999949e-01 4.591758062400000059e-65 8.289846594410000467e-27 4.515818607329999956e-01
3.471591408329999795e-01 6.339876339390000393e-01 4.201477035200000152e-04 2.899322155269999831e-12 1.843307752119999893e-02 2.907472799919999960e-48 5.493910230210000208e-36 2.132047033599999915e-29 6.572260783059999542e-69 2.048880269950000034e-62
1.159145631080000035e-25 1.909306222889999950e-21 5.943095402089999535e-01 9.840873022399999578e-10 4.989139681830000358e-50 5.104443494020000083e-02 5.065402338910000126e-16 3.421021906530000012e-27 3.546460238670000042e-01 1.995939977890000047e-23
6.833552013279999837e-01 8.117876128210000100e-29 9.229231952830000136e-10 3.166447977490000065e-01 1.759233952930000006e-61 1.918354719820000107e-61 1.877541473429999909e-42 3.281767348799999765e-44 5.268160934730000351e-16 7.098400524379999669e-35
4.309807666570000302e-39 3.532079005389999748e-01 4.739998005570000104e-10 8.454754045479999369e-02 4.100645878080000084e-21 5.622444646049999939e-01 9.392690376479999445e-08 1.816768159569999957e-48 1.831774171440000067e-25 4.686156019319999946e-34
4.668674230520000190e-01 4.653910668299999775e-01 4.461705556219999801e-04 6.728595643359999712e-02 3.843355016519999957e-08 1.878155254729999931e-15 1.135074801459999927e-17 1.395554838240000069e-11 1.176435235040000006e-17 9.344681390619999440e-06
5.341315054199999776e-21 6.045619982190000158e-02 1.099337446900000015e-01 3.636124774590000081e-02 2.259061130760000036e-01 7.175097586510000014e-02 3.804379739640000251e-20 1.847180843559999910e-15 4.955917188010000030e-01 1.623164835060000010e-25
2.816925149719999855e-01 1.390572485019999951e-32 1.114834686819999959e-07 1.550315975099999901e-06 3.721960207970000014e-03 2.320626504250000170e-27 1.500090371390000025e-19 1.840684714990000123e-36 6.272861832420000283e-01 8.729767977840000026e-02
3.898187162289999952e-01 1.171375066159999998e-24 6.011952223269999562e-01 1.704789974269999920e-03 2.123717071059999927e-07 1.593833838130000100e-12 1.828169142699999914e-04 8.385984114239999849e-42 1.036480829709999921e-05 7.087877373920000237e-03
5.536064674089999915e-01 1.721327672639999855e-55 1.860432130699999817e-15 1.258899853470000035e-17 7.677999905019999849e-02 5.377618927869999991e-39 3.062819946389999865e-21 2.056715274660000010e-50 3.178407040629999866e-07 3.696132156999999974e-01
9.003648925200000153e-02 5.452333944409999650e-23 1.470896911400000052e-05 4.918837793320000040e-01 1.714973089800000045e-112 7.920098191350000406e-35 1.218007472299999912e-27 1.466966393509999883e-13 4.180650224470000009e-01 2.747567489590000073e-27
2.181420989579999939e-10 6.891664145360000271e-01 7.936245242300000231e-27 8.315608553640000363e-24 1.355567178240000073e-02 8.652260561840000559e-17 2.346668200070000099e-01 6.261109345590000486e-02 7.995558366300000406e-56 1.131460529860000090e-18
1.000000000000000000e+00 2.670473847800000153e-58 1.112010792999999975e-40 2.905988093209999724e-14 3.912005698969999854e-56 5.454370722630000467e-97 5.557677812119999504e-26 6.082503911780000584e-67 5.842168163140000348e-40 9.277255657599999590e-26
1.427766366769999868e-26 1.926321371120000197e-09 3.204224047950000043e-01 1.540374851790000092e-26 4.150819460520000258e-31 9.087550208759999518e-21 1.533001111429999911e-99 6.795775932790000251e-01 3.551552256940000150e-15 2.383800733930000035e-55
2.373370671220000061e-01 4.910285426550000122e-27 2.880244190910000168e-01 8.715488382940000619e-19 2.418898145120000065e-01 1.470979390339999978e-30 2.292758998859999999e-30 4.581845793589999988e-17 2.327484369599999992e-01 2.623151731209999756e-07
1.471072871050000119e-01 4.045451325150000087e-11 1.197659854689999970e-01 1.674616339280000031e-31 9.278221874459999556e-07 2.514556727280000215e-35 1.580076700259999976e-58 7.331257995640000358e-01 5.219172619269999593e-32 3.051766208709999913e-34
5.804042516930000284e-01 1.521051057989999884e-13 7.173086602660000421e-02 8.015869622539999925e-07 1.124423635949999914e-58 2.197942399820000091e-30 1.407657260190000009e-14 3.477182102290000132e-01 1.458704641439999923e-04 4.309212387390000237e-22
5.520780152650000232e-37 2.500112872260000201e-16 7.051190362840000122e-58 5.988281332920000199e-01 7.160702052660000119e-29 3.869692618950000274e-01 2.476106592550000147e-20 3.725253695530000001e-13 1.420169513790000074e-02 9.096742318879999746e-07
3.736970123980000169e-01 5.482196324969999812e-25 1.019808576029999978e-34 6.263029876019999831e-01 2.558945130309999899e-29 6.187220161400000370e-56 8.817439861080000449e-13 3.086598471989999989e-56 9.024676466470000518e-55 3.326350860909999862e-37
2.787792542160000275e-01 6.083988495660000119e-14 4.696824787680000068e-29 8.498550643279999262e-03 2.842608977189999830e-01 2.025330475229999982e-01 5.115902969769999670e-02 1.656203951930000084e-01 4.438905427299999914e-16 9.148825007619999436e-03
7.149639555630000023e-12 2.770869906639999991e-02 5.539944368300000477e-01 1.777749698560000090e-15 4.182968640959999762e-01 7.197461656050000342e-30 4.532700702899999989e-19 5.837904581720000329e-44 2.253750132589999999e-66 3.271402595139999784e-61
3.029440038480000130e-60 1.153494303450000047e-24 1.501253793169999905e-40 1.075335603960000057e-04 1.428580523170000019e-49 2.402563545789999921e-01 7.594195182230000229e-01 3.072847775989999721e-48 2.165936380209999965e-04 8.516206724579999596e-15
1.213794425779999991e-01 9.020792149780000658e-08 3.025234694550000270e-01 2.953090438329999956e-01 2.807879426880000029e-01 2.315364527509999900e-39 1.123853988659999949e-08 4.581580098910000281e-59 2.912348875250000078e-30 9.097866904149999794e-34
3.063401920480000232e-32 5.934643083410000124e-05 3.605702289739999844e-01 1.230483946620000019e-01 4.073212089819999987e-29 5.163220299290000037e-01 4.218853804320000140e-12 5.728574074869999793e-44 2.294409338040000047e-20 2.556975438560000013e-48
4.282699960229999856e-32 7.159969061600000568e-05 3.604840638619999926e-01 1.231474467389999938e-01 3.065131487040000160e-29 5.162968897049999839e-01 3.695404502529999716e-12 4.318877362990000106e-44 2.872298339399999954e-20 1.359261110780000027e-48
3.793421199280000164e-10 2.814585781609999925e-51 1.378086348409999907e-15 8.192886774750000300e-20 1.369145049749999972e-64 1.702583111830000163e-30 4.354127241629999756e-01 3.280255153260000130e-31 5.645854424339999955e-01 1.833024125589999972e-06
2.239633980949999950e-02 2.644051842380000239e-01 4.837692334870000040e-06 6.234329927340000285e-27 1.292742608129999936e-41 2.938859653960000159e-33 4.538158264000000173e-04 7.127398224340000255e-01 7.575482556659999572e-44 1.761843733400000122e-27
9.299978311260000600e-16 7.114137204569999373e-02 3.614111421440000010e-30 4.415955748079999910e-01 4.868616722290000087e-01 4.013801767089999811e-04 1.949708692849999968e-24 7.407411518420000360e-10 1.307726159060000047e-28 1.151127119410000040e-15
2.749021315410000050e-88 4.268355243099999898e-06 6.132894620420000006e-21 3.740536757049999704e-68 2.566576458629999877e-02 7.547664640810000103e-01 3.122189824320000137e-40 2.195635029780000080e-01 2.877799437669999961e-31 5.460479727439999886e-39
1.445865167310000087e-17 4.153639913540000218e-29 1.364557587449999979e-09 4.105185255080000315e-39 9.999999986349999981e-01 8.860315664270000828e-37 2.692088373119999884e-45 7.339542995329999626e-37 4.294108147610000218e-49 7.889351082189999674e-53
1.701813989979999909e-55 1.018682007280000006e-48 2.774063304410000026e-33 1.001636755500000079e-71 1.130726458889999910e-25 4.620108314279999795e-01 4.747537836479999953e-21 8.763235535890000205e-03 3.008587390039999944e-07 5.292256321770000271e-01
5.678350326959999972e-01 1.551208862919999982e-14 8.483233143470000112e-05 1.857513305199999822e-46 4.916486280350000291e-13 1.278302116019999949e-44 5.847386922770000306e-27 4.320801349719999851e-01 5.662545999109999658e-53 8.832890555029999969e-32
1.212719219310000041e-01 2.715919980139999793e-07 5.465637347110000110e-22 2.957058583159999920e-01 1.527532625090000096e-01 3.488006753219999918e-10 1.086567945609999896e-03 4.291816137539999909e-01 1.277137522729999911e-07 3.758898421530000068e-07
1.459245006859999916e-01 4.259796248400000152e-01 3.108965587079999895e-05 5.897063183189999775e-29 4.828665425320000306e-15 3.899420203639999738e-35 4.707471105419999793e-22 4.280647848179999770e-01 7.767930546809999806e-45 5.399277918229999766e-25
2.481649657859999833e-155 4.462087849110000139e-47 3.297021526169999942e-73 1.189020041330000019e-52 3.243765056009999844e-44 1.000000000000000000e+00 3.763808642569999895e-29 4.205084183790000235e-38 3.091886808129999995e-22 3.930446732140000213e-27
3.229254579239999798e-12 2.070766885380000052e-19 0.000000000000000000e+00 9.610672506019999456e-05 2.334003006939999996e-26 1.338129449840000063e-20 4.190964847609999766e-01 1.964879856450000017e-01 1.067442850160000064e-30 3.843194228660000156e-01
9.006125896060000233e-39 3.524060096089999816e-01 9.931941193800000379e-09 8.543615077900000576e-02 1.396278271580000105e-20 5.621578218149999584e-01 7.865047798219999934e-09 1.841122962099999933e-47 1.743176694820000105e-25 3.944591852579999826e-35
1.042968043700000019e-04 4.388023201750000261e-20 1.241420543589999972e-07 3.031547601440000017e-01 1.567783402609999877e-01 7.002001182500000202e-29 6.936305671709999495e-29 5.649840128350000250e-44 8.785687212770000587e-02 4.521056065210000141e-01
3.462867645709999942e-01 6.330562322839999867e-01 1.190521965629999946e-03 1.037750977240000023e-11 1.946648116889999891e-02 4.998833840219999687e-49 5.100159586300000084e-36 1.096761616830000030e-29 2.811585317809999841e-68 1.970320533889999835e-62
4.279489966700000259e-01 2.385908272730000125e-08 1.167744036360000015e-01 5.214556147439999845e-02 5.530584697350000162e-02 8.293316388130000516e-07 2.585572240119999756e-44 2.867845846920000219e-01 6.103974687899999668e-02 6.483826651819999698e-09
1.143858439079999955e-45 1.000000000000000000e+00 1.010293344819999986e-21 2.229661529060000181e-21 3.599744602079999847e-34 4.766473154199999717e-47 5.293579035259999691e-82 1.690435503189999918e-48 9.941510336350000410e-97 3.836375273119999922e-133
6.256761418609999570e-01 9.019247440080000002e-19 2.701511045630000147e-32 8.947219036620000796e-34 5.589696153340000188e-16 1.217262069930000099e-50 4.575741034069999782e-03 7.935674152350000177e-02 6.704657447839999775e-34 2.903913755820000109e-01
3.103794451010000126e-24 6.478606945009999543e-10 2.990636655910000052e-01 1.671354037870000036e-14 1.129932732169999917e-03 6.117451045259999498e-01 7.352501757720000137e-35 5.307439088649999892e-13 8.805943990079999339e-02 1.856601860170000054e-06
1.954117016620000034e-04 1.857241631459999875e-12 1.874767878469999895e-14 6.659496074599999815e-01 8.739594765899999902e-68 7.054649332839999520e-26 1.710793802479999895e-14 9.983690458559999448e-07 3.338516438460000235e-01 2.338621863540000174e-06
1.867463001739999970e-38 1.650041749349999976e-13 2.290502453300000027e-46 7.915692747510000293e-01 4.212616707969999834e-62 4.141714688500000401e-03 2.042889214359999983e-01 1.829693478549999919e-16 8.912348242110000593e-08 2.043830122369999899e-13
3.315617299010000052e-21 2.833225373260000132e-23 2.571399986600000126e-14 1.170246642260000009e-09 3.743028918540000083e-01 6.256970997409999624e-01 1.534688715370000075e-10 1.537026270960000082e-31 7.079871951799999687e-09 1.178552333870000073e-12
8.017520361269999559e-19 1.420459348919999865e-01 8.986925678440000016e-11 5.657999924849999884e-13 3.125877519929999848e-01 1.656636584480000111e-04 3.224642691380000147e-31 5.452006493659999897e-01 2.423444963310000089e-20 1.208934923899999987e-33
4.707462247540000200e-01 4.644107206959999790e-01 7.680322797139999360e-05 6.476620320560000366e-02 9.015394297270000074e-15 5.009118547579999852e-12 7.501426872000000501e-15 5.898693698239999919e-10 4.075103064900000184e-20 4.752103537170000110e-08
9.976786875200000118e-19 8.143750296380000350e-03 4.947377375590000237e-01 7.492498543279999543e-04 8.295979802680000196e-24 4.951469174299999998e-01 1.591664112000000093e-07 3.074981877800000151e-18 1.222168601230000070e-03 1.709266952690000133e-08
2.210139689259999873e-26 4.781249140870000265e-06 2.702264053960000134e-01 2.578407461850000248e-01 2.773376225490000180e-01 8.346742884779999631e-05 4.718550650459999619e-37 9.265018818040000038e-29 1.945069771919999968e-01 8.218344029410000570e-33
3.829813578819999953e-01 7.191887837570000296e-37 2.736720899930000131e-56 2.246413306239999905e-17 3.987147040549999852e-21 4.930953045630000031e-51 1.518052755089999957e-23 1.401992797760000092e-15 5.085831585470000153e-23 6.170186421179999492e-01
1.954706784769999986e-20 7.950604381159999401e-02 5.644798401249999653e-01 3.065543050149999726e-01 1.447800722910000102e-09 4.945452395739999979e-02 3.951080671409999941e-12 1.240787195550000069e-31 2.890035256349999896e-07 4.996635777840000265e-06
1.070639416299999929e-43 1.997466247239999878e-24 5.427138919009999452e-01 2.730272370279999940e-49 1.514721816369999908e-56 5.320662212740000230e-02 6.554349148050000224e-19 2.906815327260000026e-01 1.133979532459999939e-01 1.488289653120000061e-27
1.469166912809999892e-01 2.763690447380000091e-12 1.197818441190000027e-01 1.505999927990000102e-31 1.224588724280000036e-57 5.382776419719999623e-38 8.844097306079999252e-18 7.333014645969999634e-01 1.862545985249999900e-36 7.802795025430000500e-42
3.388309503970000220e-44 3.139986840179999763e-16 2.070552383289999900e-34 4.536498460290000150e-26 2.535062062610000111e-01 3.241516075249999962e-01 5.129475601300000076e-02 4.419316762509999992e-10 1.629234160549999921e-02 3.547550881529999978e-01
1.896779274650000138e-02 2.346950037130000173e-15 2.586727106269999799e-01 5.187841756090000079e-52 3.406352270069999966e-01 2.743888440790000200e-29 2.047078231680000138e-01 4.784078415009999918e-02 8.281666239080000283e-28 1.291756623009999994e-01
2.324179902979999911e-18 1.420739403160000136e-01 2.845476010509999955e-10 1.816424922610000020e-12 3.125796925429999984e-01 1.207306728140000068e-04 5.144621040829999668e-27 5.452256361809999508e-01 1.264069929930000013e-19 1.201195025690000032e-30
1.619162683919999901e-01 1.131449004799999911e-28 4.020936442899999963e-01 1.935086185890000037e-61 1.180958092080000021e-01 5.643152542069999651e-24 2.009083945119999881e-01 1.151314598209999956e-01 1.581710595819999899e-20 1.854423776849999919e-03
3.643071091070000112e-10 6.964169538169999729e-01 2.329329388900000198e-28 3.028160467729999916e-26 5.246285360190000059e-03 3.278094845709999813e-19 2.436009334950000049e-01 5.473582696379999946e-02 2.496255285780000030e-57 1.878806011130000117e-19
1.113248865009999939e-39 1.299101656359999966e-18 1.899492662240000061e-84 3.746116271530000041e-01 1.771132496170000042e-55 5.281559699150000231e-01 5.503794296779999496e-10 6.578824146530000098e-06 9.721694233010000352e-02 8.881227231410000349e-06
1.060536342689999967e-01 3.904380513399999780e-26 9.364760919350000046e-02 2.346827973089999912e-28 2.650109911619999981e-01 1.799850033489999915e-30 4.416335667340000264e-23 1.686118658340000083e-09 5.349687700370000520e-01 3.189936518779999848e-04
7.963170758610000811e-37 2.839548297439999998e-44 1.520697446730000051e-06 6.264121807539999693e-88 8.506879973719999599e-02 3.264541921040000055e-03 3.754758545489999869e-20 6.543780796689999679e-01 2.561713005699999823e-01 1.115757404589999948e-03
2.604854700320000105e-02 5.201235754419999968e-02 4.414639889180000124e-07 1.931135348399999896e-01 1.122034317089999969e-02 4.886924359729999867e-04 2.639766697350000079e-20 4.492050223430000266e-01 3.609266861550000271e-08 2.679110251060000114e-01
1.004403656390000003e-25 1.150739862649999973e-01 1.120737229330000024e-05 5.148514807649999803e-01 3.081228836329999863e-51 3.700633252330000067e-01 2.108178181529999926e-24 3.653474710850000242e-10 4.110698037250000126e-19 4.625149628950000156e-53
8.575610773979999669e-04 8.013768808160000312e-02 3.130189015170000103e-30 4.352922247509999898e-01 4.837125260599999810e-01 3.994894897360000266e-29 6.090562362859999718e-26 3.056733291089999726e-11 6.041971200609999914e-27 1.164734535030000003e-16
1.234158008639999913e-03 3.088027116860000239e-14 9.079901552960000302e-03 3.526758156099999986e-01 6.367036385959999878e-01 4.864500686149999984e-16 5.094044311940000120e-15 1.399096357249999906e-26 3.064862318609999831e-04 7.661253441480000601e-18
2.141661126109999924e-01 7.076705484560000400e-17 8.693133256470000635e-21 4.269471267320000263e-01 3.751643722629999920e-56 2.749989059079999994e-21 1.818126475549999843e-02 3.759725301010000030e-06 1.247356873399999922e-03 3.394543793029999867e-01
2.142124304460000157e-06 1.118695828240000048e-07 3.530273509610000004e-22 7.235199356429999772e-11 1.324442267579999954e-20 5.037670586759999693e-10 6.329166859029999870e-01 3.670810595269999865e-01 1.619296477589999917e-38 2.526850553849999925e-24
6.631371632719999880e-35 4.448479922720000035e-01 3.005254626870000111e-26 2.356004963979999867e-01 1.690368874759999907e-43 3.195515113230000259e-01 6.704391704930000129e-12 4.352310943780000126e-16 1.805766287700000136e-24 6.166792244650000163e-30
1.693694375210000118e-19 7.261989162839999880e-31 3.240050898440000049e-01 6.956065246420000309e-54 2.277818642720000064e-01 1.428197386809999910e-07 3.071623736660000016e-25 4.481219718700000243e-01 9.091628501929999932e-05 1.490953842070000054e-08
5.734491610399999884e-01 6.047583013820000289e-11 7.843819073350000171e-02 1.084214297980000062e-07 1.104825844300000038e-42 2.447892657819999882e-27 4.514786803779999915e-17 3.052914746670000179e-01 4.282106507769999765e-02 3.008606421879999944e-18
1.715233646520000071e-15 6.799993902889999498e-10 1.191279231170000036e-01 1.866306638559999953e-01 1.754394087659999811e-108 2.067449732730000059e-05 6.833960278240000309e-15 4.294744672940000174e-01 2.647462705559999741e-01 5.434016174599999870e-31
1.574969330819999956e-53 5.769919066359999738e-01 7.057612502810000147e-25 3.210924153899999827e-24 2.948386821070000194e-09 1.928641483140000057e-01 1.757531928369999952e-54 2.301439421010000042e-01 2.459925954419999842e-27 3.505876655799999809e-40
1.543938222800000009e-32 1.181002302709999968e-38 4.498591136990000212e-23 2.272397248419999837e-61 2.604103189479999916e-32 2.464142857490000123e-23 1.823734255090000056e-49 1.000000000000000000e+00 2.704516692649999849e-16 1.068328304710000011e-24
4.087268731839999725e-01 3.383202439170000199e-24 5.432086380390000210e-12 6.737553840600000205e-16 5.791828041740000223e-25 7.708840970230000096e-29 3.577407491510000013e-32 5.043057261179999529e-01 8.696740068939999568e-02 2.607333242889999959e-12
4.502320951639999791e-01 2.033665385110000076e-12 8.742422577260000605e-02 8.482979128310000339e-02 3.939596918500000009e-43 3.378223763880000238e-04 3.466822879009999817e-04 3.738547931719999884e-01 2.974589340679999975e-03 6.015103396770000214e-10
7.353631666049999633e-20 4.231517837909999913e-01 2.078282941220000093e-08 2.359162799669999911e-04 2.990647513610000113e-02 3.685310000270000330e-12 5.467058040059999957e-01 1.150447225679999946e-28 3.739380759499999738e-15 2.220373418619999867e-15
6.276352192259999629e-01 3.257808016940000180e-28 1.633371379169999964e-17 3.970277171710000219e-02 1.666305916880000026e-82 1.387019209350000076e-24 3.427337255309999839e-05 2.059473081549999859e-12 3.326277356239999983e-01 5.838860848760000634e-11
4.516361570029999837e-65 2.692535498359999724e-01 2.359787550740000243e-10 3.768092335049999845e-32 2.084442558369999920e-01 5.223021940909999827e-01 2.524499981889999851e-49 5.642591365470000106e-19 3.066089571870000159e-27 9.864820252389999726e-46
3.829813444069999906e-01 3.094297339960000319e-33 3.478983058959999915e-53 9.656176722250000565e-16 1.461727917409999897e-20 8.724899006560000503e-48 1.858120610029999869e-27 5.911716683510000342e-14 1.063264891179999944e-21 6.170186555929999539e-01
2.461045036010000084e-36 7.502284120620000005e-04 9.265420294389999318e-21 5.418832448709999911e-19 1.570621629879999925e-01 4.533537607520000123e-01 1.349784995959999942e-04 6.609038549269999341e-02 3.225999824549999895e-01 8.501400655609999226e-06
1.915925723720000029e-01 2.701672525179999893e-83 5.281565170309999911e-17 9.197374357280000252e-35 1.877540709559999911e-65 4.044102219230000016e-42 5.150313811910000039e-01 2.200033942049999854e-25 5.863710538729999949e-02 2.347389410490000050e-01
1.806639137820000041e-11 1.848881385769999898e-28 1.485128328270000070e-17 6.095075568619999773e-01 3.865126374729999786e-02 1.261450630920000018e-29 3.518411793730000237e-01 1.194742387680000015e-90 1.399551970690000077e-22 1.427741866449999967e-16
4.066283584749999827e-14 1.385648568579999906e-01 1.579128644119999930e-12 4.861756993309999704e-15 3.142652791230000076e-01 6.362059599299999927e-07 6.301143080909999970e-24 5.471692278119999475e-01 1.305558778519999968e-30 5.071408675020000043e-34
5.988606877330000368e-67 1.639776058439999957e-77 9.790866740120000206e-68 1.659342685440000042e-50 1.456623336970000128e-48 5.735458704220000324e-17 2.422224378289999856e-20 2.059602444849999963e-34 3.391307600069999872e-01 6.608692399929999572e-01
1.553704163479999960e-09 8.208155958870000564e-05 2.091907522130000192e-09 2.814370486619999917e-02 8.057063511520000395e-45 1.854561482649999895e-04 3.952493732649999814e-01 5.762648416829999620e-01 6.881802544109999584e-05 5.720807045240000400e-06
1.681884631819999991e-03 1.077869946180000011e-09 7.747566175409999448e-54 3.223034088449999723e-01 6.760145096349999827e-01 1.031744392050000008e-20 9.647040135759999091e-16 3.531968232290000103e-15 9.865457983930000327e-43 1.958105134690000112e-07
7.135981589019999571e-01 3.831022267749999849e-02 9.392009085139999752e-28 5.458675614869999693e-02 1.935048622199999901e-01 1.888334180660000050e-59 5.171971785779999697e-11 3.313466971699999796e-50 4.630231391589999749e-93 6.364979447280000087e-56
1.609394818780000141e-39 3.220263954879999855e-27 5.857222994879999504e-26 3.149846463759999882e-01 6.510778381469999888e-19 1.810266790700000017e-01 1.661561536740000009e-15 2.846811592770000137e-50 5.039886745539999824e-01 7.018042359280000174e-19
