5.027464068060000279e-71 6.593822064049999977e-27 3.255408954729999938e-34 3.152690939719999915e-64 2.102427748790000088e-34 2.077143726850000042e-46 1.672709517360000120e-01 8.327290482639999603e-01 7.871643517300000694e-43 1.961340637250000131e-71
4.809939864219999750e-01 1.159877869949999946e-06 1.036909180130000048e-14 5.186586439510000313e-01 1.167456103960000087e-50 1.871686131019999977e-07 9.403932210440000358e-75 6.797512546720000477e-30 5.900735340720000160e-43 3.460225807179999748e-04
4.098764334089999902e-13 4.454484666060000112e-23 1.639024211819999910e-01 2.761925781799999896e-12 3.267953672669999745e-29 3.764287578649999791e-07 5.747585563800000213e-11 2.569519539510000117e-01 5.451891277359999881e-18 5.791452483769999882e-01
2.096566797540000068e-02 2.067451494299999913e-16 6.626573098869999966e-25 4.244232094349999838e-33 1.320185300929999972e-33 4.048142574360000245e-01 5.742154610230000289e-01 4.607622921169999694e-06 4.199565471309999824e-09 1.743206347479999946e-09
5.430509963049999804e-04 3.357991230779999725e-01 6.636545128290000095e-01 3.235706107420000037e-06 6.679069183489999374e-42 1.859098189939999961e-08 2.630559546009999862e-58 5.879903476289999708e-08 2.145180881659999895e-41 5.873997725789999638e-16
5.114788739019999990e-23 1.514930343489999942e-01 3.420808105579999925e-01 1.323407456560000057e-15 1.745736705650000054e-01 2.187799937650000068e-21 3.318278774660000097e-01 4.220775689050000008e-20 2.460706213960000112e-05 5.162162586649999581e-28
5.059018929189999703e-16 1.179977741370000082e-13 1.740706867589999961e-26 1.524771857699999992e-33 3.881078575009999922e-12 4.228084367150000134e-01 5.771894523709999447e-01 2.110661432429999910e-06 6.382152120579999815e-12 2.422841531089999956e-10
5.955778748719999997e-23 1.652012659509999870e-01 8.806257922590000334e-18 3.895043730300000212e-19 1.896038836190000003e-39 6.709705084970000177e-01 2.087298198679999974e-21 1.638279909679999924e-01 7.701517199550000043e-56 2.345840651879999972e-07
1.814429869039999859e-64 7.798132111279999501e-01 6.111245558370000423e-05 1.769773991359999914e-36 2.200887394499999872e-01 2.279989358809999859e-40 3.693558438779999663e-05 1.382031040929999901e-09 9.210178338539999962e-30 1.696091782540000117e-75
2.540099467149999905e-30 3.469295944539999878e-03 4.281532299529999808e-02 1.930519299170000071e-20 9.059038719980000130e-11 5.162687313089999730e-01 7.905140680340000173e-09 4.374466414259999825e-01 1.971566390880000011e-28 3.292571944929999855e-10
1.877672646769999980e-07 4.918725563169999704e-02 5.517776560780000373e-23 2.114543806590000081e-06 3.885767743529999763e-01 5.622336668189999997e-01 2.161177841210000050e-55 2.938549619339999769e-78 4.807541184739999731e-17 8.849703316559999910e-10
3.756960363630000274e-40 5.481656426620000218e-18 3.383661931919999984e-03 3.307843529909999997e-70 1.965002167890000095e-01 8.001161211959999520e-01 8.308015681679999851e-11 1.206100785060000092e-16 1.769357532619999918e-20 1.569099534699999927e-35
5.485891288409999733e-01 4.511760313539999734e-01 1.123781145109999937e-05 2.919383260750000029e-06 3.881502093019999985e-54 2.206826095010000033e-04 2.013441189140000022e-113 1.499838063039999995e-21 2.660102311340000093e-61 2.338903257280000112e-15
4.487816706630000096e-01 1.663343918279999858e-08 1.794256077330000191e-46 4.946498301130000108e-01 2.437826187269999974e-84 9.116762561190000149e-45 6.874122072829999775e-27 5.656848259020000325e-02 2.082601291999999844e-43 6.292901555629999677e-24
6.599312303759999956e-37 6.505501780120000030e-25 7.459942738410000329e-01 1.540483321860000075e-84 2.540057261579999892e-01 5.912186951689999997e-13 1.714490541609999953e-46 2.388793057489999976e-58 4.856800187160000240e-14 6.295803230100000138e-79
3.505850982779999992e-31 1.394976508580000052e-01 3.293685061780000090e-01 2.122769541110000047e-01 1.559087763970000071e-05 2.351023115469999959e-44 3.188388699490000144e-01 2.428026899809999970e-06 5.913213620800000564e-14 2.004273641359999984e-31
4.451848858079999908e-17 2.043067937610000084e-36 1.268517503909999955e-01 1.052868951950000036e-91 1.374358005049999953e-16 1.619868580080000009e-01 1.405073342610000109e-01 5.433163358489999650e-01 2.733772149109999980e-02 1.473348416989999929e-32
1.467535126289999975e-17 3.990055997599999960e-01 3.223151808659999729e-01 6.622359383929999878e-06 3.819041114700000179e-34 7.032670487780000395e-25 2.957819636810000048e-44 2.786725970139999897e-01 1.008769168159999965e-48 4.544454584710000275e-30
2.814712488760000020e-01 5.292410449900000308e-15 7.169607817549999984e-01 2.423681992579999958e-23 1.054709205710000050e-37 1.567969368969999956e-03 1.113376821339999969e-133 5.921419828429999734e-40 9.217526195609999928e-42 2.003047767480000042e-28
5.879224732700000233e-01 1.587103036580000070e-04 4.935803685929999798e-21 3.854676333250000031e-01 9.116105891999999490e-27 1.354098033059999953e-13 2.543765977609999982e-24 2.643008295690000078e-02 4.989474263510000281e-17 2.110014373100000014e-05
5.427067507479999562e-22 2.379052345349999937e-35 3.496854452120000123e-01 3.738385461809999951e-15 7.707726371310000586e-23 7.013160065640000230e-15 2.875537520199999975e-02 2.792376861640000207e-01 4.140813609189999770e-11 3.423214933809999860e-01
6.395957530820000354e-17 5.349826228360000026e-37 6.929911498349999609e-12 2.989322067899999880e-01 1.442895216780000010e-12 6.854679726040000295e-78 3.012386403549999984e-03 4.468312600910000253e-04 6.976085755380000419e-01 4.753153056840000069e-26
1.085801472520000045e-24 2.638586306069999887e-01 5.252620783919999606e-03 3.657139524420000010e-01 3.651634151570000153e-01 3.399957418180000193e-22 4.534982832580000248e-13 1.138101036370000028e-05 6.609340033410000061e-18 3.256261647800000210e-17
2.818765660389999727e-29 2.696741949590000242e-01 5.149786792750000207e-30 2.084490823859999967e-02 7.374149159210000451e-08 2.359730853020000074e-01 1.900690184789999876e-14 5.327816511980000236e-11 1.257395995959999899e-41 4.735077377060000203e-01
1.060234812540000007e-11 3.142613281679999815e-02 5.906726001660000253e-02 3.233266645569999875e-01 5.861799425820000131e-01 1.741336600279999896e-11 4.779298639260000403e-37 7.099219726079999806e-20 2.901153340659999787e-20 1.095757862389999925e-14
1.893103346419999951e-23 2.857403099329999807e-01 9.307043305679999919e-08 6.236137720469999736e-03 3.628025053549999874e-10 1.729257283200000012e-03 2.563332150020000144e-01 2.291983235889999970e-01 1.285020590809999960e-26 2.207626630389999955e-01
5.269606289379999975e-01 9.308094864099999600e-26 3.789409252539999917e-12 5.733232802390000002e-40 4.534015818449999931e-19 1.793334983390000155e-15 1.272175342030000011e-26 1.614902060290000065e-35 4.730393710579999800e-01 1.178834112300000001e-35
1.864199622130000011e-01 2.011344401919999899e-09 4.636067241730000258e-52 5.743071263679999693e-04 1.121156023510000061e-07 1.098207156900000077e-14 9.563387090389999869e-13 1.803633414459999926e-57 8.126866857350000251e-01 3.189307986639999901e-04
4.833429729429999933e-01 2.773957889969999903e-33 4.983975393060000036e-01 1.773769052350000069e-02 3.654170106580000312e-14 5.452545129730000237e-16 4.767398291019999966e-51 8.147236070549999925e-55 2.996213976149999969e-05 4.918350878780000527e-04
5.946753677089999801e-02 7.218911334959999503e-13 4.735627994780000072e-01 4.667470925259999959e-01 1.741662651640000008e-25 9.804338180430000006e-15 2.424874940629999894e-29 3.553175525720000351e-15 1.785248769779999995e-12 2.225712216239999889e-04
1.917613083679999901e-24 7.270965250310000457e-17 3.996704576560000111e-01 4.902083519629999529e-35 9.225781910770000503e-10 6.003295058459999778e-01 1.149224430599999994e-17 3.557543723280000059e-08 4.839491717149999874e-23 3.922255729150000243e-17
4.582777629850000153e-14 3.614876588189999924e-09 1.118891034019999982e-24 3.566553837970000199e-27 4.520776604469999710e-02 4.031513579109999856e-01 5.516201244380000146e-01 2.074776398979999840e-05 2.273889779299999901e-10 5.452859417560000097e-17
7.317151969820000490e-01 3.162444576680000283e-14 2.452773223319999752e-44 2.682847711229999765e-01 1.286344735169999950e-82 1.935950316990000070e-35 3.868713403539999954e-25 3.171130682439999874e-08 1.506762626840000022e-31 1.840884695730000005e-10
4.104676954429999913e-01 8.376836576569999411e-18 7.328958309939999699e-19 5.984184271409999889e-15 1.006106478900000052e-23 3.352124389650000118e-05 4.100245805159999923e-01 1.794686315329999948e-01 1.338050421160000036e-08 5.557882971959999964e-06
3.620882833930000146e-37 3.721395575040000181e-01 6.490486985950000237e-48 8.520957266399999447e-42 9.335311160260000157e-31 4.237808155929999939e-14 2.691074521869999958e-01 3.587529903089999861e-01 3.886523688840000039e-48 4.269754254550000102e-40
6.327743562480000304e-15 4.670884504620000148e-05 9.139235001419999383e-27 4.198967024429999673e-09 2.031392987969999852e-83 5.558557338859999586e-01 2.850560500450000200e-60 4.333440359610000181e-01 6.552557076030000095e-96 1.075351710910000050e-02
4.404292183930000194e-40 1.021015770790000043e-30 5.337461425070000320e-01 9.788298274430000671e-43 1.548957849159999831e-33 3.453475982350000010e-07 1.204686677900000027e-25 4.662535121460000265e-01 8.994661845260000281e-42 2.411112329829999872e-19
3.195246426370000113e-18 4.219197903649999850e-74 6.283646840519999666e-01 8.878900416860000713e-34 6.993850855650000247e-20 1.085512560909999980e-07 2.816959315420000060e-11 5.620462862509999896e-16 8.463537831960000438e-05 3.715505719900000225e-01
2.987428284179999838e-01 8.187232780610000251e-08 3.257086580889999743e-10 1.344179103610000008e-04 3.181306849309999962e-01 3.813491354560000213e-01 8.262382240320000459e-64 1.668820326890000138e-61 6.525843917429999708e-13 1.642851085699999908e-03
1.079351247620000041e-25 1.748713424049999909e-01 6.962998068510000284e-82 1.982303679369999960e-01 5.436849959120000281e-36 1.747996174330000019e-18 1.811350040930000127e-01 3.645075673600000066e-01 4.021760646300000165e-45 8.125571820499999376e-02
8.281177781869999896e-20 8.932150159069999592e-06 1.046439898980000014e-21 3.065565133829999955e-01 6.505927150559999898e-19 2.890997398069999891e-01 1.028452087659999934e-31 1.868673755510000050e-04 1.249306803820000030e-51 4.041479472839999976e-01
4.811227079859999867e-01 5.922514880149999608e-06 9.632028494750000683e-10 5.188713569520000402e-01 1.580548321789999985e-36 1.158314978650000047e-08 9.928083252809999951e-85 4.507674631200000025e-33 9.295750580709999667e-46 3.172535356339999882e-15
1.161845282639999965e-34 1.638182174040000106e-28 5.972490673179999682e-02 8.185670331240000319e-01 1.105891495099999983e-01 2.481693092459999794e-59 9.810981615920000634e-03 4.077987775250000398e-12 1.307929014159999988e-03 2.340300929199999990e-18
1.015587253540000004e-16 6.650036499120000055e-01 3.340150587259999895e-68 7.301104203470000064e-04 5.080938775880000034e-17 4.835318823049999718e-42 3.342662396669999758e-01 2.753678958479999930e-16 2.016489359380000168e-15 9.241070637149999955e-25
1.221535319279999933e-05 8.151937360950000100e-01 1.142517093869999972e-57 1.559190565660000110e-29 9.026277265720000667e-43 1.698744995710000001e-39 5.523540586399999916e-04 1.842416944930000133e-01 3.155987383430000215e-20 8.900547397319999972e-65
5.144781430039999659e-01 2.269126896579999886e-01 4.905499429110000183e-40 1.280764823789999987e-18 1.890960044579999975e-06 2.260505491460000140e-08 2.046115144360000088e-07 1.507508198580000005e-46 2.586070491610000244e-01 2.548482362660000056e-21
3.044935367280000149e-11 8.201665234199999718e-24 2.141238297170000027e-01 9.685061455869999787e-18 3.308012769660000269e-04 3.727136199400000183e-01 6.778695315460000299e-04 1.093927904779999953e-13 9.265733983830000409e-02 3.194965396650000233e-01
1.200855005510000068e-45 1.383426018799999990e-01 2.280577011160000017e-48 4.369755938359999998e-08 2.858921454550000241e-01 5.266349170270000490e-01 1.710335414239999921e-02 5.291736037429999802e-20 6.993585500310000403e-39 3.202693779739999858e-02
4.186471028070000155e-01 5.329189971689999920e-55 1.415433036850000104e-01 2.384931112809999796e-65 1.799838856080000068e-38 5.308079237419999902e-02 1.267724328689999887e-25 3.867288011030000083e-01 3.104273339319999828e-11 1.415337219260000090e-18
2.046641501480000026e-07 9.943140930900000451e-02 3.416695075220000225e-50 8.395598209120000837e-34 2.057278993320000162e-40 6.159087674900000087e-01 4.995126270889999748e-02 2.347083558280000093e-01 5.260944479949999862e-26 5.923876636780000167e-19
6.585686983819999792e-90 2.686833281989999822e-01 4.995515604550000016e-02 9.985136092779999473e-29 2.155655496839999942e-03 1.063409566279999924e-14 2.786755499949999937e-03 6.764191047580000449e-01 1.752598747509999920e-50 6.244975912460000376e-34
8.498917882469999927e-25 3.175868715280000089e-25 3.601394199060000253e-70 2.776518335529999937e-01 8.261986777640000571e-54 4.668710789260000315e-42 6.497362583100000366e-01 3.448910581089999813e-03 1.926972122090000027e-32 6.916299755639999935e-02
2.469305273540000067e-01 8.879668472679999591e-02 7.437759600010000402e-04 1.468242145129999992e-07 1.172024739640000036e-33 2.580677928389999823e-40 3.440349727899999958e-38 6.635288651349999789e-01 3.067626567489999874e-21 3.167371907900000185e-47
1.270090486609999955e-14 4.999347261239999729e-01 5.000652664350000443e-01 3.360604637820000018e-15 7.441565030280000188e-09 8.627175023660000483e-14 1.248599273600000037e-39 1.235129518129999918e-18 1.668120037610000000e-28 6.200568850090000522e-35
7.771042893920000472e-01 9.457960198860000667e-02 2.224146063349999915e-40 6.097963895150000005e-08 8.007377115520000042e-10 2.136032059630000097e-13 7.557763913420000338e-05 4.787587709889999591e-37 1.282404691990000067e-01 2.665457791530000083e-13
8.921338301830000365e-11 5.918326564059999702e-05 8.775416022580000142e-02 6.858662136519999564e-02 7.131391489429999729e-04 2.941471954370000197e-01 2.136035116140000134e-01 1.319122078309999946e-01 1.238085211780000004e-13 2.032239810229999888e-01
4.251228811670000244e-20 2.378311503220000122e-46 4.281472881119999796e-01 3.841543992109999897e-25 1.047833653949999995e-04 9.535074525789999367e-03 4.001159101469999782e-28 4.620367320710000056e-21 1.088376981119999973e-09 5.622128529080000492e-01
1.771685474209999897e-41 3.306542162069999927e-19 2.096935853670000016e-01 7.557619907429999752e-22 7.903064146329999984e-01 1.558066952159999882e-39 2.474606104140000171e-27 1.882667490589999877e-21 5.030219464350000128e-22 2.522885955399999896e-47
1.000000000000000000e+00 5.478693853860000306e-34 6.907313272630000251e-23 8.260831890659999946e-51 7.342256803790000406e-78 1.700494368880000087e-15 4.342860713850000269e-163 6.968622311760000021e-39 4.405696597089999977e-52 3.863583005749999752e-48
2.366246859770000026e-15 7.099508831750000153e-06 7.799135736189999812e-04 9.220810968049999571e-09 5.678744937390000006e-16 2.403475651589999929e-01 1.782226832200000111e-01 1.879264754490000133e-01 2.230918079560000131e-15 3.927162538680000203e-01
3.990393977569999841e-04 9.057750715369999969e-31 2.071601238380000096e-27 4.008013190399999732e-12 9.087556705960000628e-15 2.483415349340000017e-12 4.760830325290000276e-01 7.921468167079999613e-12 1.579685875250000093e-01 3.655493405340000113e-01
1.327436611319999917e-15 1.741973199180000059e-09 2.618775800440000245e-01 2.653093931400000103e-46 7.714557277379999465e-09 3.225793363469999989e-24 1.748889564459999921e-02 3.756288322990000150e-01 3.450046825549999974e-01 2.893846785939999844e-60
1.633485183700000010e-01 5.809977247309999759e-01 1.025239278120000025e-43 9.695787621790000463e-10 5.349528044220000287e-65 3.927352175210000225e-38 2.481008164340000048e-29 2.556537559300000040e-01 1.884990341430000093e-39 4.206244096469999898e-35
4.348028924769999914e-01 1.118633358249999932e-01 2.418027158430000045e-01 8.834140498290000020e-32 1.070365570920000066e-03 8.345921489609999803e-07 2.293937226220000114e-11 2.888335878970000179e-07 2.104595668350000004e-01 1.962107425459999865e-37
7.235997842069999963e-01 1.822833889070000054e-19 1.032079864859999987e-07 2.480156182150000110e-01 2.996947917390000151e-31 2.808096278220000019e-02 4.981983865339999854e-129 2.722500979619999874e-76 2.627687812289999784e-35 3.035315880149999776e-04
1.585807239509999955e-45 5.252369545220000337e-26 1.113090093989999974e-73 5.542871092490000429e-01 1.516159417339999932e-62 9.074928215029999682e-30 1.171053378739999888e-22 4.480268186209999781e-17 9.015539894499999233e-77 4.457128907510000126e-01
3.190869464600000205e-01 2.389856443779999895e-01 4.552167157059999747e-03 2.229362150190000016e-53 1.460088855280000097e-01 8.263995199139999304e-03 6.401194175290000008e-13 1.376324308149999887e-13 2.831023612770000031e-01 1.525242589989999885e-50
5.197841103179999811e-01 4.362309388520000165e-23 8.161013157339999447e-45 5.797140978620000313e-06 3.512120522080000186e-67 1.924938299909999905e-11 2.597952052699999817e-18 3.106482261490000063e-01 5.727086803399999554e-35 1.695618663719999919e-01
1.348066788990000076e-48 1.049120069409999974e-22 1.818328228130000048e-03 3.062724780409999820e-03 4.060980053399999845e-02 3.339160595640000030e-18 6.633495782089999793e-01 3.508011592049999993e-08 8.349146504670000471e-19 2.911595331679999732e-01
3.115615281149999860e-01 1.458246482179999929e-39 4.070716859589999919e-09 8.488636608179999730e-46 2.248233067090000232e-53 3.566033234479999790e-03 2.811640311300000067e-31 6.848724345779999556e-01 5.358995900389999799e-18 1.908489334719999947e-12
2.694543925350000052e-93 1.389710845020000090e-15 3.524341275470000057e-27 2.473981856000000096e-79 8.381624692989999810e-13 1.053898304650000052e-34 7.586009736269999637e-01 2.413990263720000029e-01 1.158814183649999994e-46 5.375804019469999704e-83
1.852977509679999877e-14 7.722330432620000514e-36 2.135406572309999829e-24 2.104314618309999974e-21 2.307645766410000030e-30 3.007944750959999913e-01 6.080297152959999876e-79 1.348269316719999962e-40 1.516518490760000090e-40 6.992055249040000087e-01
4.461861571160000151e-01 1.922337550669999938e-05 2.194922598409999870e-01 8.105256662579999466e-03 3.111969866779999982e-01 1.559150034310000050e-05 4.104781188349999951e-24 8.994509589740000392e-39 1.498399367300000048e-02 5.311536110969999478e-07
2.173403115890000060e-07 4.922913953389999875e-02 5.607685042230000257e-24 9.918313769049999348e-07 3.885622356530000210e-01 5.622074155509999560e-01 7.015328676440000067e-57 1.957052649139999936e-79 5.032234142480000350e-18 9.066581403439999493e-11
1.596042410379999959e-48 9.983475942749999370e-07 2.095353035689999921e-01 2.002155585690000154e-34 3.015602813730000054e-01 7.654216304779999647e-02 4.554865766989999788e-04 4.119057670860000187e-01 8.872746360209999776e-33 2.342806098169999927e-26
8.713503887680000559e-02 1.116617432470000005e-07 2.896525056290000233e-01 8.241334633199999538e-02 3.950168647519999854e-01 1.457177883670000007e-01 9.559542267630000713e-49 2.413146691929999934e-35 4.468926095180000105e-11 6.434433580659999448e-05
1.159171782729999996e-49 4.394793437749999754e-01 8.446864047090000736e-06 7.547756831140000390e-29 3.540145746990000127e-14 4.613488059430000121e-02 4.693290718999999809e-11 5.143773287189999932e-01 5.266622261119999756e-51 4.550508873119999849e-23
1.739382759880000111e-75 5.460301864059999843e-01 1.481514666970000098e-34 8.960310420650000601e-11 4.523405854509999768e-01 4.514754600270000069e-49 1.629228052680000045e-03 4.786859842199999837e-25 3.029691762109999799e-34 7.333057872519999954e-38
5.733139350139999924e-02 8.118811765179999473e-07 3.054990797359999899e-01 9.764828763499999731e-02 3.775732208149999991e-01 1.598367426149999992e-01 3.998423892600000187e-47 1.819562770260000139e-36 4.548784676650000250e-10 2.110463360969999907e-03
3.445651746960000124e-09 4.418527530240000112e-01 5.618702188690000519e-20 1.357377921069999897e-16 3.201138864040000212e-04 3.102795414779999836e-14 4.426902100289999836e-02 3.437534056569999854e-10 5.135581082969999933e-01 8.259090533280000580e-20
3.520307021130000269e-01 1.281251838689999867e-01 7.828502720399999606e-19 6.211051265139999568e-05 4.352558675530000115e-02 4.762069452330000008e-01 3.767721690650000115e-30 4.292792383650000115e-76 1.334970659259999943e-07 4.933801996640000103e-05
3.135122892150000173e-01 1.756165564730000102e-35 1.198236625279999989e-04 4.277814128979999940e-40 8.577069058949999670e-32 1.472424800440000044e-03 2.979904865670000193e-32 6.848954623220000482e-01 2.785056407270000102e-19 2.064980189389999943e-22
4.569159547530000087e-01 1.341182986929999876e-01 2.954735694530000139e-35 1.313634815429999924e-15 3.580269005739999955e-01 1.536685013950000100e-03 2.819168758799999938e-14 6.920886226089999770e-37 4.940216096589999939e-02 4.146262570979999832e-14
4.797998217810000021e-01 5.092312456339999672e-06 2.427192686849999886e-14 5.166789728739999976e-01 1.585228808280000059e-48 1.243538984580000090e-07 4.367117336279999696e-70 1.297912828860000072e-28 2.904601887439999939e-42 3.515988678890000045e-03
2.574765122830000030e-01 3.079000292390000060e-01 1.172810035060000006e-01 2.008866878070000114e-30 3.958614724139999677e-11 2.794012150280000148e-11 1.567555395509999927e-06 2.009949096080000108e-01 1.163459777399999950e-01 3.239572706410000052e-35
7.317151969570000469e-01 5.952729508010000316e-14 1.298647123519999893e-44 2.682847737319999926e-01 7.848587020879999843e-83 1.027219671779999950e-35 1.224505458260000093e-25 2.914926262619999910e-08 1.247496000809999950e-31 1.612666307929999933e-10
5.486926823859999969e-01 4.513073087519999804e-01 3.996351708670000268e-15 1.596277000710000009e-26 1.104524283859999959e-17 7.229188207780000185e-14 9.995424433679999687e-23 8.862190410610000564e-09 1.478727742929999968e-18 5.458302752760000102e-46
8.799852233389999719e-75 6.263985621709999840e-01 9.196328484350000438e-19 1.593684430449999977e-41 6.658030207349999695e-11 1.828211106919999938e-06 2.070074517069999953e-01 1.665921578450000051e-01 3.121622099019999999e-57 6.221654484580000491e-32
2.194780721360000131e-01 8.900652140349999481e-17 1.795388024260000047e-41 1.482810700090000081e-67 4.946724331949999804e-29 7.804662753229999472e-01 5.532014284969999720e-05 3.323957453679999842e-07 2.899700842040000111e-12 4.110912285639999901e-31
2.969230724560000211e-11 1.116129704229999897e-34 1.064598117230000038e-94 3.885857383189999748e-14 8.102406386469999441e-57 1.683731611140000030e-30 3.535809726210000226e-01 5.057391653330000420e-16 1.287453265780000074e-16 6.464190273500000083e-01
4.186568679459999887e-01 2.422712826449999920e-56 1.415352216029999999e-01 1.656621630019999955e-66 4.777327820030000262e-39 5.307293462160000280e-02 1.737354076179999934e-28 3.867349757760000228e-01 5.350241402769999782e-11 9.627656968470000383e-20
7.764154565760000144e-91 1.204656291040000032e-51 1.708834804879999927e-35 3.178859520410000073e-40 5.612840262210000430e-01 5.148748872999999656e-35 4.387159737790000125e-01 2.409819084720000049e-46 1.451175495199999959e-21 1.221603294790000028e-21
7.762550411689999979e-24 1.931779441569999988e-40 1.051645718680000011e-04 1.488842071160000074e-28 3.096579862730000077e-01 4.023450309559999938e-01 6.881263289240000205e-18 1.550215126249999871e-23 8.015678325290000483e-09 2.878918101840000077e-01
6.768097878369999443e-11 7.321325510740000361e-22 2.458717256190000033e-01 4.898026211050000072e-18 1.952535082449999987e-03 3.622858905670000018e-01 3.419595516969999721e-02 1.523567088970000089e-14 1.864845637049999949e-02 3.370454371239999802e-01
1.809474723880000141e-11 1.193969218429999933e-22 2.203689628050000127e-01 1.156579184700000043e-17 4.516448826520000066e-04 3.704590542739999992e-01 5.901171542009999577e-03 2.727562485720000090e-15 8.014410944819999605e-02 3.226750570299999898e-01
3.619072316539999798e-30 1.497060163500000050e-07 1.682576610109999919e-40 2.654333106130000175e-01 7.345665396810000525e-01 1.338137047590000056e-31 4.492841226960000189e-13 3.930169988259999957e-59 4.568952167620000165e-15 9.525964813139999945e-17
5.850628628180000179e-01 8.196810613640000053e-19 9.351267880910000294e-05 4.071406009680000188e-02 2.258711688570000052e-16 1.361568322719999968e-42 1.969975788950000002e-06 2.940228105909999945e-01 8.010478383899999333e-02 3.349127744610000262e-26
2.964460032550000028e-05 2.703850880070000005e-18 5.381870173109999705e-14 1.094483606779999920e-37 4.784947885879999907e-27 3.651916305949999830e-01 1.209574243430000018e-07 6.347786036779999863e-01 1.642641374549999891e-10 5.606525727990000125e-12
1.647538834559999943e-34 2.900234238860000019e-20 8.424752782640000659e-02 2.063074306480000009e-01 3.670408718729999765e-16 5.688192728949999612e-20 7.190093534640000505e-02 5.695820002000000493e-01 5.259680401570000288e-23 6.796210597959999322e-02
1.209753810469999941e-07 4.785986017849999889e-41 7.130719973489999885e-13 6.649573340469999980e-24 5.278105782930000464e-22 2.045553077909999921e-10 1.305831566330000122e-07 5.613169004369999993e-01 6.087649839040000337e-03 4.325951979600000108e-01
3.880153590349999863e-07 6.375932753849999739e-03 1.943077893510000015e-03 3.170019950579999746e-02 4.049942536360000176e-13 1.144433645549999988e-59 2.380454948530000003e-01 4.369385975269999833e-01 2.849963094510000183e-01 1.744778096370000009e-46
6.072698728409999802e-01 4.848639811809999831e-04 5.187071601079999960e-17 3.919222387290000054e-01 3.374677379499999863e-16 2.327801796139999807e-16 7.298097563889999769e-29 3.230244479860000105e-04 5.121972104039999846e-20 9.740539443800000233e-17
2.353504750270000187e-13 4.363709707469999866e-01 1.221543106759999994e-53 1.365227856339999988e-25 1.353089503200000073e-56 5.665264207119999687e-03 1.845175237509999954e-17 5.579637650459999820e-01 2.941139152569999897e-57 9.932570435830000633e-18
7.382098913639999482e-01 1.590464329179999995e-61 3.025342435209999958e-07 3.111336543909999848e-36 1.090211041449999953e-32 4.628703560030000222e-36 9.223825132529999413e-43 3.914612071949999904e-32 2.617898061019999778e-01 1.507568105450000064e-31
5.363349311960000142e-46 2.775058974900000003e-02 1.850545283070000047e-01 6.537100212190000148e-02 3.509829364699999822e-09 9.372886031110000480e-12 4.572247435289999995e-01 2.629061033410000081e-01 5.125313809470000069e-34 1.693029433090000035e-03
6.948032475529999550e-26 1.188768406410000077e-10 4.473534773680000305e-123 2.472597802220000054e-03 1.093887774350000023e-42 1.886858047809999933e-25 8.434248581009999857e-01 1.076574720410000027e-21 2.961801702249999961e-38 1.541025439779999950e-01
6.963225226330000364e-48 2.652332171140000062e-06 2.133913236670000046e-01 4.231954511769999579e-34 3.104055137010000021e-01 5.921537072750000102e-02 1.026466968919999972e-03 4.159586726039999904e-01 6.772971519309999897e-33 2.654133508860000024e-25
9.034636384359999466e-62 1.714519222520000108e-01 3.017813227260000136e-11 3.046235250219999767e-20 7.711054197619999773e-01 1.501419707939999959e-32 5.744265795569999944e-02 1.895209521209999936e-13 1.586864686360000054e-21 1.569752577550000106e-34
1.296245181469999965e-14 2.244396756070000098e-35 9.756060990390000645e-24 2.124809282250000059e-20 3.839308968829999759e-29 3.007944750959999913e-01 1.436614802410000065e-77 9.413645913139999342e-40 5.527130270400000303e-40 6.992055249040000087e-01
1.837365816579999945e-05 4.563097633109999829e-01 6.196796840749999697e-13 1.645032244069999927e-01 5.572886552750000203e-07 8.400419649959999999e-03 2.766024325660000117e-45 2.047238844460000173e-37 2.599298969309999875e-16 3.707676616839999939e-01
1.966968276369999949e-16 5.386810960699999922e-44 5.793930622440000011e-01 5.904547047050000246e-49 9.738466322770000070e-37 4.206069377559999989e-01 2.467804884869999973e-58 5.151668941459999920e-17 1.202301944570000076e-36 3.065720511739999780e-19
2.877634126699999961e-01 1.261039002400000069e-35 9.566958775039999522e-38 1.849911573099999900e-12 4.279540060780000137e-19 5.055405762959999780e-21 5.932740321160000120e-33 1.102967154309999980e-61 7.122365654479999586e-01 2.187975064700000002e-08
7.218054760810000068e-18 5.515252129559999910e-05 5.865261129119999639e-01 7.553582786790000170e-02 6.415004397189999616e-04 7.973995279689999998e-26 3.205997373000000206e-01 5.051012484250000311e-15 1.664166895859999981e-02 4.133591747639999752e-13
1.841652250910000010e-01 5.979195611259999731e-04 5.920594450300000112e-05 4.251093657240000397e-12 4.730959422209999876e-01 3.420305851350000093e-01 5.521994477199999707e-27 1.548996700190000082e-48 5.112204216619999818e-05 2.721173183319999906e-14
1.030901934089999976e-17 7.118093727429999487e-26 9.696790645500000037e-12 3.734870847129999727e-26 3.032360136540000056e-02 6.816191148950000445e-01 1.854386192930000121e-01 1.021200373749999909e-31 1.016139383730000068e-01 1.004726063689999945e-03
3.418957358879999889e-43 8.155260154240000560e-26 4.776715064729999932e-22 9.775818929070000059e-11 5.636684212729999966e-07 1.107121646840000024e-18 3.535804323710000086e-01 1.220056374499999912e-22 6.328622710810000032e-14 6.464190038629999968e-01
1.188782680200000030e-36 5.437147943630000341e-02 3.032164705630000049e-37 3.525292419880000083e-01 1.728902501350000070e-39 2.506043804799999862e-08 1.068949845410000028e-28 2.687850894589999817e-01 1.490437386120000093e-84 3.243141640559999983e-01
4.381378962470000027e-01 1.092909091169999986e-01 2.400507988720000097e-01 2.496545774060000261e-32 5.530355073899999654e-03 6.493651444900000436e-05 5.352841757340000257e-14 3.375719219479999940e-08 2.069250704180000122e-01 2.392865141440000128e-37
1.922140631880000018e-39 7.639957647360000326e-02 5.256626520129999980e-01 3.588648543939999771e-22 3.979377714830000246e-01 4.334032783969999963e-32 5.186058927869999763e-18 3.089075304189999820e-11 9.715021775490000225e-27 1.424852712020000048e-60
4.561869693239999706e-37 3.169351049620000041e-06 6.485454506500000493e-02 1.786022889529999900e-32 2.854273130350000053e-11 5.564009313290000369e-01 1.037400497040000087e-06 3.787403168260000119e-01 4.472490241940000223e-29 2.265662940959999876e-18
2.822874106930000026e-07 1.095878573460000077e-08 1.326234478399999941e-50 2.318139688510000018e-01 9.660208312979999426e-11 1.880239732290000065e-26 2.383553197549999891e-01 1.496040143089999949e-36 5.298114487639999926e-01 1.896928774540000085e-05
3.755956983439999856e-28 6.887911661700000089e-10 7.537027109839999905e-01 8.351864577750000183e-40 2.462972883270000135e-01 3.233910819789999878e-16 1.044064159069999894e-31 1.289008450530000051e-33 5.493009400789999825e-18 1.331450303520000062e-49
5.372223219510000036e-02 3.554103886119999998e-12 4.768472463599999767e-01 4.694305214410000038e-01 7.518648533739999932e-17 6.837964136959999650e-19 5.186391248859999909e-35 3.282281603329999957e-18 2.765777330120000176e-15 1.775283115839999906e-16
7.317148363900000119e-01 2.305263412140000021e-14 4.885234832700000411e-38 2.682851636019999986e-01 1.315753139880000049e-54 1.882539741939999912e-39 1.106891125750000030e-32 8.851904355260000684e-12 7.934697143559999694e-33 2.440542931279999789e-25
6.032902837209999843e-49 1.336513192820000064e-22 1.510300653590000057e-03 3.302283906729999827e-04 4.177903713339999742e-02 1.458336984150000056e-19 6.631420951700000010e-01 1.085103913219999975e-07 5.048454791719999707e-18 2.932382301420000115e-01
9.294150281359999644e-07 8.408086908090000181e-108 1.419042449310000083e-12 1.032628669740000043e-22 1.659378207999999940e-33 1.292160783889999937e-61 3.476976807880000323e-49 7.570050659099999715e-40 9.999990705839999494e-01 4.377205615929999904e-20
1.432130878429999982e-33 8.717446160850000253e-40 7.723028389270000350e-61 4.289131580229999856e-11 1.732196976490000019e-66 1.369331622470000123e-26 1.869895789269999982e-48 9.053207353130000093e-41 1.575474313989999919e-58 9.999999999569999520e-01
4.700761535999999907e-01 2.277860774650000029e-61 2.032052402800000189e-28 1.699988147719999963e-09 1.098291955720000100e-28 4.330311005979999914e-40 1.563257205850000061e-39 1.665742222950000091e-47 5.299225247659999916e-01 1.319934832139999928e-06
5.110773571490000444e-01 1.459738079599999918e-74 2.847096267790000001e-10 1.342991792530000059e-43 1.181272939950000065e-39 2.250786614800000089e-04 8.636503298279999681e-08 2.537148851809999939e-01 9.194778479659999892e-02 1.430348075619999881e-01
1.198076689110000029e-42 4.985537552620000201e-01 7.192477273420000317e-29 6.672764319369999741e-13 8.738671176780000127e-19 2.467267261499999956e-06 5.014437677309999675e-01 3.599318006769999979e-10 8.095833467319999463e-46 9.379149050079999458e-09
7.604244317180000128e-14 5.976899591149999755e-12 2.918571299260000201e-11 4.442348024580000110e-01 1.036664902860000015e-01 3.625089738539999854e-15 4.841405153179999630e-13 1.485454390709999976e-34 3.540915130139999922e-01 9.800719420660000680e-02
3.037304829909999877e-36 4.629238502529999577e-28 7.678297156039999571e-02 8.178416789619999960e-01 7.803612129850000245e-02 3.820107914080000230e-60 2.675482475160000095e-02 8.627199165230000363e-14 5.844034271129999649e-04 2.733679338329999961e-19
5.843464136679999976e-01 9.432037145920000362e-04 5.033503203480000070e-14 2.117501365980000144e-03 1.114880688370000070e-19 8.964601416629999924e-25 3.590544683349999877e-01 5.022844691770000057e-03 4.851556822409999747e-02 5.470537169109999692e-15
2.376553885780000147e-16 1.170152414060000035e-01 2.079904334009999973e-22 2.059500922320000056e-08 5.452166672139999915e-40 6.095572142690000028e-01 8.080928929519999565e-38 2.734261271389999970e-01 1.220161245959999987e-71 1.396590738430000052e-06
1.201568112550000045e-08 6.120613411169999945e-22 5.072844468719999718e-10 2.367687262530000014e-56 4.307880817750000183e-24 4.147241627889999838e-01 1.109612847419999950e-04 5.851648466109999891e-01 1.679170938549999942e-08 1.971609600270000133e-23
6.998176676919999625e-10 2.135083305770000145e-22 8.557798205139999673e-11 7.131634374009999747e-56 2.855373897469999813e-23 4.147261996380000038e-01 1.022839421370000032e-04 5.851715062760000086e-01 9.358721868469999566e-09 4.739913647439999899e-23
3.787453775729999750e-01 2.117915423909999984e-04 2.576979761909999797e-19 1.748726512209999944e-30 4.616960156249999976e-07 1.809132666899999992e-08 1.625761980530000063e-10 7.090486907180000094e-34 6.210423509350000426e-01 7.873069554229999340e-33
5.674068033150000316e-04 9.839972358349999764e-23 8.615893293450000573e-62 1.026950680509999939e-04 3.119299179599999915e-28 2.136128378470000216e-22 4.009532625630000124e-01 8.018381607290000419e-13 3.739496999860000261e-11 5.983766355270000448e-01
1.666663953149999847e-11 7.032206158429999803e-25 2.161152271219999865e-01 2.984024866289999989e-18 3.486154223470000198e-04 3.721371054190000249e-01 1.334234361320000076e-03 1.020615185249999966e-14 8.951970435570000273e-02 3.205451133030000066e-01
2.475459346699999952e-01 8.824950993970000213e-02 5.228706859249999993e-04 5.750197701010000327e-07 5.982307933790000330e-34 6.632000210290000198e-42 3.607720481479999916e-37 6.636811096839999591e-01 3.628198352900000066e-23 1.851985595510000059e-47
3.726025192919999850e-03 1.658882564999999976e-01 6.319219056879999555e-07 3.817226236979999743e-01 2.753681634869999950e-01 1.732942920589999880e-01 4.025688559549999934e-49 1.499792433369999961e-34 2.245377309160000011e-19 7.141122086510000351e-09
3.506447015840000181e-01 3.496513295759999806e-01 4.679564814359999927e-14 2.997038086380000022e-01 5.318716545500000163e-15 1.601978573400000047e-07 3.678438518760000304e-45 8.124852568149999761e-40 4.916623423060000057e-23 3.524825256659999992e-12
3.117878972959999838e-34 2.601998531220000022e-01 1.441376874669999912e-03 1.041173620740000046e-10 3.536507247790000027e-31 2.146037983570000043e-02 2.739498225150000035e-40 7.168983900600000014e-01 8.049663923180000016e-78 3.138681374469999873e-12
2.746677471099999876e-32 1.598211428299999999e-25 8.221106977500000191e-55 1.000000000000000000e+00 1.441856029939999959e-52 5.860703308390000370e-54 2.790481583309999908e-58 4.210931148490000002e-47 1.368654993549999979e-57 4.592877494220000127e-17
6.610600650179999649e-01 3.247359088730000232e-01 1.824989066770000036e-34 3.407001370970000266e-04 1.038133224010000075e-28 6.759758344960000017e-20 1.386328230579999925e-02 6.039847630269999628e-15 4.360810253959999834e-08 5.791326521859999752e-11
7.784898071239999551e-01 9.742272423070000298e-02 9.871910882360000934e-41 4.764648266230000146e-08 1.584425241440000027e-10 1.451262926740000005e-13 2.211296549619999895e-05 9.289612575219999644e-38 1.240653078739999970e-01 2.522960323229999966e-13
1.627743936639999978e-41 9.728631735199999689e-79 1.344716144669999993e-08 7.530576584140000543e-45 2.455786203810000068e-01 2.096892804689999917e-05 1.219462372489999932e-02 4.204385252400000159e-30 3.530834858640000129e-01 3.891222876550000098e-01
5.144877282859999790e-01 2.269210963809999981e-01 1.455714135939999929e-39 5.711487645219999786e-19 1.576881456659999983e-06 8.488219927759999839e-10 1.212531473730000061e-06 3.073999949570000153e-47 2.585883850710000154e-01 5.526819293889999518e-20
2.250990213890000046e-66 9.944380481080000810e-13 2.787669837860000110e-01 9.751739671720000666e-28 5.681860801009999665e-26 1.101613199149999991e-15 2.372104299250000093e-27 7.212330162129999556e-01 9.872128579519999702e-71 8.819747005619999736e-29
1.127712739650000001e-23 4.985174727419999785e-01 2.441427212339999871e-29 2.225017346910000108e-13 2.085414471719999982e-04 1.598731258670000093e-43 5.012739844850000459e-01 1.461051004069999923e-11 1.311806006330000060e-09 1.331224009929999969e-44
2.257253503489999990e-41 7.495896589289999625e-07 2.880645724800000029e-01 1.666942351540000051e-10 7.628302658049999537e-09 1.360486496810000107e-07 5.393242510179999671e-01 1.726102830150000045e-01 3.132925802670000095e-31 5.372181586869999721e-11
4.275872415319999933e-09 7.432795884489999867e-05 1.089870507610000014e-44 2.266812111529999951e-01 6.348085825589999676e-02 5.130266105469999562e-31 2.186612027710000128e-01 4.904162445430000328e-35 4.911023955850000178e-01 4.930608104859999929e-17
1.233185877800000048e-45 5.838251035460000277e-27 5.282201842270000249e-27 7.088759351160000282e-38 4.075115477310000123e-01 5.924884312170000111e-01 7.042050057510000401e-10 3.094618387399999707e-33 1.114078490959999882e-19 2.034812038169999872e-08
4.062700731309999980e-01 4.297614287029999961e-31 1.373751812810000034e-52 2.718675104070000121e-17 5.019116883329999854e-120 2.426919727240000015e-13 1.405967989980000020e-23 2.153673783370000094e-01 1.381389288830000057e-39 3.783625485309999870e-01
4.612021967840000266e-101 6.556328146360000314e-17 1.512484161839999936e-37 8.846278856440000571e-11 5.636403202369999477e-01 2.842393038850000160e-99 4.363596796740000228e-01 8.770479390639999927e-48 4.507402705530000130e-24 1.611360943030000147e-48
2.693966291019999994e-21 3.721084469250000062e-22 1.215620860380000079e-16 4.846357799789999810e-01 5.153639032969999922e-01 5.960472694380000336e-33 1.462948255409999993e-21 7.907630594209999906e-44 3.167238898899999827e-07 2.306790121550000190e-13
8.312777806839999533e-09 5.948681315340000323e-19 5.448903345150000117e-17 5.644908363379999437e-23 3.421745446020000121e-13 1.188654366380000049e-01 2.699758146799999814e-01 3.454645100600000074e-01 2.493793776399999855e-04 2.654448509310000093e-01
1.997707794149999883e-01 1.454309567430000060e-33 5.977529717360000127e-36 9.535207074399999764e-29 1.550245436649999889e-16 4.476710736639999966e-01 3.509791280809999788e-06 1.862143681240000093e-14 1.395380357140000027e-01 2.130166014150000064e-01
1.640874206959999961e-24 1.756879954710000111e-04 6.718577143879999867e-16 6.196682145750000373e-13 4.359452266079999949e-11 5.640447730180000452e-01 4.337401007219999771e-01 9.127881450879999745e-17 7.472442364640000062e-20 2.039438220560000140e-03
