1.383444898500000046e-03 1.010265188540000010e-03 1.099399423589999955e-20 2.151358231710000135e-51 3.777875943129999855e-25 2.837140433790000015e-17 1.255707600210000108e-01 4.812965482039999743e-01 3.907389381549999929e-01 4.353276866450000298e-08
3.992765436390000158e-15 6.112901398070000094e-27 2.670986020169999753e-01 3.813877127990000085e-12 1.574504921929999949e-27 4.657821363510000201e-01 1.048314442249999966e-17 2.671192587549999775e-01 9.670639145219999749e-100 2.872121040420000009e-09
2.301758141229999905e-15 1.948144591220000012e-18 3.809654754039999841e-22 6.028615867909999786e-31 1.969653338930000172e-18 4.092208307669999989e-01 4.100734568329999820e-23 5.907770249420000175e-01 1.071723162410000074e-76 2.144290848510000018e-06
2.760602759169999781e-04 4.722010118000000145e-01 5.751842261199999969e-97 1.858558514219999969e-41 2.102103514889999969e-01 1.216991336959999948e-01 9.115487916169999921e-52 1.456349315970000100e-06 7.824700162630000209e-08 1.956119081419999961e-01
4.172164794639999785e-01 5.103885633639999850e-20 3.265227307520000011e-01 6.618275281650000159e-11 8.738056202819999786e-33 4.446083402979999935e-04 1.200678164740000062e-23 2.558161809189999913e-01 2.568765616650000082e-59 4.578940088310000109e-10
1.706044704680000079e-01 8.019523107789999451e-17 3.493453575729999890e-44 3.297156571180000250e-05 3.468095857729999731e-01 2.681867536530000085e-42 4.707636556850000035e-54 2.614006362010000103e-12 5.661377475880000404e-10 4.825529716249999934e-01
1.045835838150000072e-27 8.433884883349999471e-07 3.728715697279999970e-63 2.789223759689999915e-01 5.444411610640000366e-43 1.875635854229999943e-10 3.641961200780000074e-01 2.816816656359999952e-37 3.568772382759999862e-01 3.422100415580000035e-06
1.624752806310000094e-19 5.183316471059999930e-01 4.604264523010000165e-02 3.680466124899999802e-01 7.174933100350000085e-11 6.757891991160000500e-02 5.026173698290000259e-25 1.751909932049999971e-07 1.090456101720000084e-55 4.494331071930000172e-28
2.249021147159999956e-01 1.088400072579999920e-05 6.808566306940000423e-02 2.795655423399999979e-11 3.925393350540000159e-01 3.537195393229999750e-57 3.739216472949999890e-52 3.144600791819999741e-01 1.923949678440000068e-06 7.075043322969999448e-27
4.137871262230000124e-01 6.880755127650000225e-15 1.811938148090000032e-03 7.868518262439999980e-03 1.996491371649999849e-27 9.594229944279999978e-02 1.763421214349999988e-01 2.655202444329999830e-04 7.223426453670000484e-29 3.039824762450000217e-01
1.746498974819999939e-01 3.611894207390000187e-24 1.933526061150000076e-03 6.315537128360000363e-01 1.918628634840000013e-01 3.394912133860000127e-21 5.505643645079999709e-74 2.156409409430000025e-21 1.368166782499999927e-10 9.593048508590000309e-31
4.524183137619999795e-01 7.124115312239999434e-14 5.813196905069999644e-24 2.105073227190000081e-13 5.475816852020000125e-01 2.228341073459999917e-13 1.198667912460000049e-75 4.339564549050000187e-21 1.035206145739999992e-09 1.214221463490000067e-30
1.651077074799999978e-10 3.383049194470000226e-22 5.559421998000000364e-01 1.928650977359999801e-06 3.698399598459999709e-48 2.872421585409999922e-01 5.326200395200000044e-12 1.568137022720000051e-01 1.315114571000000094e-84 1.056601370560000069e-08
2.591741582529999950e-39 1.547631075019999941e-02 3.338539402849999838e-01 3.714368678759999724e-52 6.420312562070000019e-24 2.577968633500000162e-01 3.415390491529999850e-01 5.133383646169999842e-02 3.557833363400000045e-59 6.433604233889999951e-38
4.681290534079999843e-01 4.985584553470000337e-31 4.022178112589999769e-12 5.318709460089999785e-01 5.783646127659999628e-10 8.275513223459999809e-33 7.400607020109999727e-76 1.626998497190000044e-36 5.659191742669999806e-14 3.063749360390000198e-38
2.405173796859999893e-03 2.767207709260000229e-35 1.170038970969999950e-16 5.922002755340000325e-31 1.443471841599999957e-10 4.480830129059999753e-56 6.675634908599999764e-28 6.654177806369999670e-01 2.304627897749999790e-22 3.321770454219999946e-01
2.975721600530000086e-09 5.481958736750000005e-01 2.711750380389999957e-34 2.531196212090000008e-01 2.522771284999999989e-28 2.706609841950000095e-02 3.394588112300000162e-06 4.482521984769999976e-27 1.716150091320000071e-01 1.814889434639999942e-13
3.398723232580000083e-20 1.088868222119999998e-31 6.623302241740000040e-01 8.065593650839999564e-07 1.167913632039999936e-45 7.708712626560000053e-39 3.376689692020000133e-01 5.372172527430000127e-12 1.610308920809999909e-45 5.880348999850000316e-11
5.908022443879999974e-01 1.296884421430000033e-58 4.091977556120000026e-01 5.598999604130000596e-17 1.049140544300000077e-30 8.422127557449999920e-15 1.519479729589999968e-81 8.658812062479999909e-29 7.866382316439999721e-53 3.396454458119999930e-43
1.663759353050000054e-14 1.082564359789999942e-26 1.172135841760000019e-01 2.650845517579999977e-01 4.665448865949999921e-71 3.335415769780000206e-01 2.841602870889999854e-01 3.102835329009999829e-28 1.538979724209999917e-24 9.053761543800000131e-21
9.461916225599999150e-13 9.572222219629999859e-12 2.926010495699999768e-16 3.785381058200000191e-19 1.705054899809999949e-18 3.146640100720000111e-01 5.130064998160000308e-05 5.887869308979999661e-02 3.765586776539999990e-55 6.264059961769999907e-01
6.459355191950000308e-07 1.747442302189999944e-31 2.637080878679999834e-03 8.399404141099999672e-10 2.483858015040000130e-20 9.969746416009999518e-12 5.016896829470000041e-01 2.541063319870000079e-20 4.956720355670000133e-01 5.538225578930000256e-07
2.401314786169999898e-51 1.557822865300000069e-12 3.444477003650000168e-09 6.626969469600000329e-01 2.273305314620000145e-25 8.552238100530000335e-75 3.373030495939999818e-01 1.110425974889999926e-19 8.941296292019999448e-23 1.238033554899999914e-21
8.298293100689999375e-08 6.828583979139999906e-15 5.118304575619999630e-01 3.282402434749999909e-09 6.078852535259999965e-05 1.086362253899999951e-11 7.037401440840000688e-02 1.243447594790000055e-01 1.338410950199999949e-01 1.595487987289999909e-01
6.052526272360000265e-02 9.375540169619999488e-61 3.866178101439999848e-01 1.762926350850000101e-01 7.118039275300000387e-27 3.977117006520000172e-51 1.810389617610000122e-13 1.689790843069999970e-19 3.513492669500000165e-01 2.521502509729999994e-02
5.914415795129999495e-41 3.790827295359999738e-01 1.824212295910000001e-08 1.112482216779999977e-01 1.787337434669999947e-01 2.110341935690000067e-24 3.308857884690000195e-01 4.949860764530000253e-05 8.735393864010000375e-47 8.897509147809999579e-13
3.034119133819999838e-03 4.905816263720000175e-09 8.821686794780000122e-13 1.178179373929999930e-03 3.702175141390000035e-01 5.514080297519999840e-01 1.262203372599999919e-52 5.559384618729999689e-33 7.416215269459999759e-02 5.991805957380000421e-41
7.752805207870000492e-02 2.445463259310000109e-13 8.378174753760000512e-42 4.462110553679999819e-14 2.496923793080000065e-01 1.906383755430000049e-01 1.846388183640000068e-47 1.058524259820000031e-23 4.821411640759999950e-01 2.899436382239999963e-08
3.087699097959999833e-02 3.087044366189999966e-41 1.136657314970000027e-01 3.941892572219999891e-01 1.902887349390000107e-19 4.410943459650000231e-01 2.007546475320000079e-11 3.002952837939999769e-14 9.245091773310000204e-45 2.017367431589999968e-02
4.178062218069999766e-09 1.215073661420000010e-25 2.376690312199999933e-01 1.074089084590000021e-01 2.655547226270000212e-31 2.294571374559999932e-01 3.246155867449999899e-02 1.585157721210000062e-05 1.085436068930000041e-64 3.929875084359999993e-01
6.896683460689999601e-01 8.829147744089999953e-15 2.077147730010000110e-20 3.524849814429999876e-44 7.681526894739999745e-05 3.408816449770000340e-02 2.824989800599999826e-40 2.761666741650000145e-01 2.310502970759999948e-26 4.841700583780000241e-15
2.448759600690000110e-54 1.358440374770000003e-14 4.664087754939999957e-20 1.074041783560000058e-03 2.285533393180000075e-36 1.311420105309999992e-20 2.764695852499999829e-01 4.481916400580000345e-62 7.224563729670000489e-01 1.924546309559999959e-48
1.073081220419999976e-17 5.786334517629999836e-10 3.242511123479999992e-04 1.452205556449999957e-24 3.822871927309999926e-34 8.989739161040000148e-01 1.865049260069999958e-03 9.883678294509999629e-02 9.943030927749999667e-58 6.584427494320000364e-15
7.243905875599999637e-06 4.292138115319999985e-06 3.089600794570000071e-12 9.637806597660000791e-40 1.863534707770000132e-01 2.636643264499999861e-01 3.943170766860000231e-01 6.214218674040000029e-02 9.351140176119999980e-02 1.539008460010000002e-09
3.014819823470000029e-27 5.841347155389999823e-01 4.284421673409999956e-18 2.475461153120000056e-13 1.095395777060000040e-26 1.072061857809999993e-21 5.889911679330000344e-02 1.603494159350000071e-27 3.569661676670000117e-01 1.306215727329999903e-35
1.442761248770000011e-17 2.553991100370000231e-16 3.219859367740000033e-01 9.786981423719999728e-14 1.541165072230000027e-37 4.617285564540000165e-01 5.322100793080000041e-09 2.162855014500000006e-01 8.872335469479999647e-83 7.628569494879999781e-16
4.025414734550000206e-01 1.667633444750000068e-10 7.816715209659999553e-03 1.021952414849999942e-02 3.540681223090000197e-27 1.008060383319999975e-01 1.638835378490000050e-01 1.834808694979999928e-04 4.012071334950000114e-29 3.145492299700000105e-01
2.033630987139999902e-01 2.107640878509999998e-25 1.361952998610000075e-09 4.924955634919999821e-07 1.222094677010000030e-08 4.162493861450000110e-01 1.449508454090000078e-15 1.905980433029999880e-10 3.806523481069999971e-26 3.803870088719999987e-01
1.669392854660000070e-21 5.083411837230000082e-36 2.500785161310000171e-01 7.499214838690000384e-01 4.697522269039999738e-23 1.462128907379999964e-16 6.259594704729999997e-71 1.347567961480000051e-46 3.498592897689999894e-41 2.166125459880000088e-66
2.836028476499999838e-08 4.369889505320000145e-02 1.059423608029999991e-01 4.691400859449999942e-29 1.643712914189999920e-21 8.963276802750000806e-06 4.540810935590000041e-01 2.189187051110000060e-01 1.773499538370000017e-01 4.459042114819999970e-18
2.860967852129999871e-31 4.581852355599999762e-28 6.634523575799999850e-01 7.887734558260000244e-06 4.010695266830000049e-28 1.256275254520000078e-13 3.365397546850000254e-01 7.903075464210000601e-24 6.439398340989999901e-25 3.839145309549999831e-19
7.864257304790000388e-32 6.550207567669999931e-19 7.887815994719999946e-01 2.654866965450000078e-35 2.179117702350000019e-05 6.137975133360000285e-04 2.615518481030000051e-14 2.105828118370000057e-01 2.866138042309999922e-78 1.156942848239999986e-23
4.409834619589999573e-28 7.647775322459999700e-47 1.900970761899999917e-01 1.374803838970000136e-01 4.806260345450000119e-34 2.189936749870000057e-41 6.138535948279999488e-01 7.085144865690000090e-14 2.400353280799999950e-48 5.856894508419999840e-02
4.667033307439999931e-25 4.589162090209999989e-01 4.573572709050000018e-02 8.646724756770000561e-03 2.100724289490000105e-16 1.536681091040000057e-19 2.542110156769999962e-03 2.119070814640000120e-14 4.841592289750000222e-01 6.175307485189999746e-27
1.187332243199999952e-07 6.012844705600000061e-01 1.623108118250000120e-01 1.289316176489999997e-15 3.885607492930000226e-07 3.253827962890000228e-22 1.152408042959999935e-29 2.014546371050000010e-10 2.364042101200000134e-01 4.741972260340000136e-42
5.322400912300000002e-03 2.755664138139999825e-10 8.420723837649999675e-13 7.303710868909999874e-04 3.690532442159999982e-01 5.508654826290000361e-01 1.566328020280000084e-51 2.791396038739999857e-30 7.402850087949999769e-02 7.766254165979999555e-39
2.033625598749999874e-01 1.876847846739999995e-29 2.963019885519999932e-10 1.104315960090000044e-06 2.525696679770000126e-10 4.162491949359999888e-01 1.890082836000000030e-12 8.525923445049999763e-10 3.200347961639999960e-26 3.803871394700000241e-01
2.119146165430000056e-22 2.907744926889999949e-04 4.139218365620000312e-02 3.563364436640000243e-01 5.125005893220000441e-01 3.096764934260000231e-17 6.365926051049999888e-08 3.087086104249999962e-12 8.947994520280000419e-02 8.446905607479999856e-22
3.286149249399999972e-01 2.530171760179999908e-17 1.356549065680000117e-16 3.628017925839999965e-39 2.504200296660000031e-20 6.713850750540000245e-01 9.866325738449999646e-40 7.876656653999999426e-20 6.315887457050000385e-12 2.005154331150000034e-35
1.354534664120000086e-02 5.436604584840000198e-01 1.360125127560000057e-19 5.447774586499999966e-08 7.688670096010000252e-16 2.873482190409999970e-01 2.416956488230000128e-34 1.295008744269999912e-19 1.554459213559999942e-01 6.414005439469999916e-28
2.937599745410000018e-01 1.847534729879999863e-15 2.723938010440000044e-10 2.088840713410000011e-19 1.092835766620000040e-19 1.030291745299999985e-42 2.375007526890000079e-06 5.371767054399999575e-01 3.992781368230000072e-02 1.291331310570000002e-01
2.391377768229999961e-39 6.958299141960000433e-03 1.316833883440000100e-63 5.134042813100000428e-100 1.581170175079999924e-18 1.672298045729999912e-22 3.963282049740000090e-01 5.746749836000000222e-01 2.583993622960000044e-10 2.203851202469999868e-02
7.135349311640000079e-05 4.011625762109999882e-01 4.160788075710000200e-01 1.949812382269999825e-40 2.259419697830000086e-22 3.652718205370000146e-07 5.017965295069999768e-09 1.826868332749999879e-01 5.915988699119999809e-08 2.774473454369999936e-25
4.945561850080000266e-01 3.329169633210000158e-47 5.000632616660000140e-01 3.826773028470000122e-03 6.454750236390000260e-21 3.602251005020000024e-45 7.721555635709999253e-15 6.343620327470000095e-18 1.553720881879999986e-03 5.941605521569999906e-08
3.159971959790000007e-01 5.762488069769999752e-24 7.429282225750000129e-16 4.812325606909999800e-39 1.070413684849999951e-10 6.840028039069999677e-01 4.786429601030000477e-38 6.576322794879999994e-12 3.625411764440000103e-22 9.338598028729999722e-23
2.918176980789999889e-05 4.776748552019999874e-18 1.360727130409999930e-01 1.719076578240000042e-12 3.890773186909999848e-01 2.350629526159999855e-05 3.266663394229999962e-01 9.202918301840000426e-02 3.149482908030000065e-15 5.610175775870000076e-02
4.818098128489999868e-08 1.763681630659999868e-60 5.075867166469999779e-05 6.635946264609999812e-01 5.477229610969999920e-58 1.366932647949999872e-04 3.362073872160000199e-01 3.605830720709999788e-31 6.351463021730000533e-33 1.048620531209999930e-05
1.055062366880000045e-18 3.462454230189999665e-27 1.587941100550000015e-03 5.150250899389999804e-01 6.422919613829999800e-06 1.534460161160000063e-77 1.680610181689999965e-24 7.597289453690000275e-23 4.833805460410000032e-01 1.175761147629999933e-20
1.655234468150000000e-16 5.190888742700000135e-59 4.119843622039999764e-01 6.128248238109999744e-18 3.464608287340000093e-74 5.880156377959999681e-01 4.898835669779999815e-49 2.797411894800000000e-70 3.792855991680000316e-43 1.194767856530000093e-96
9.396328562579999745e-04 3.066356564529999909e-24 7.136107788190000212e-52 5.412543316780000256e-54 9.229192578420000670e-15 4.359514313340000058e-07 8.894666764110000306e-54 6.666106944090000042e-01 6.207692936850000247e-59 3.324492367829999795e-01
3.480458390970000037e-44 5.908732400749999725e-01 2.025556756539999871e-18 2.843935550499999835e-13 5.066504886029999689e-03 7.248310950090000159e-04 1.085832026620000071e-02 3.248161931419999991e-28 3.924771036779999833e-01 6.390533440269999941e-31
1.953741121439999950e-01 3.896720982510000209e-01 1.609408474500000147e-17 2.688091398369999996e-01 1.889666304140000065e-22 1.071054686280000032e-06 1.081501200329999977e-13 1.134876477389999935e-18 1.461435787129999886e-01 1.877636960410000074e-13
1.509140088670000014e-04 3.306126922470000173e-01 4.257833539759999786e-01 1.177116118999999874e-38 6.933874043140000187e-22 1.325334389470000040e-04 1.564594058610000075e-05 2.430178245219999922e-01 2.870358666100000073e-04 2.089976533029999960e-25
7.404141866169999808e-01 5.168427191729999795e-22 2.205695529999999788e-22 2.663704898740000053e-54 1.401924270750000070e-30 2.567781751529999990e-01 6.199172714380000054e-49 2.349294782550000182e-31 2.807638229730000101e-03 5.837528911700000131e-52
1.994411717019999931e-05 8.184931416820000683e-43 4.614042556990000099e-01 8.919017178600000372e-12 3.854622165530000171e-12 5.385758001679999962e-01 3.711526693149999746e-42 3.477029185390000101e-12 2.910852243820000249e-76 3.486590471219999851e-15
4.555939823930000457e-47 1.194686409640000041e-14 2.059443961040000048e-02 7.613319025860000264e-22 2.513854879689999989e-18 1.913274060689999883e-12 6.033633708210000002e-01 3.760421895669999737e-01 1.436478871599999943e-84 1.326460051659999890e-13
2.430477529819999871e-01 5.934987323489999370e-14 9.692273023050000581e-08 3.034520249909999912e-01 2.175172616259999976e-18 1.255431158280000126e-01 9.300194149770000313e-38 1.445373731150000117e-44 3.279570092770000000e-01 5.464429627119999727e-53
3.772261566949999905e-53 1.644294441040000110e-01 8.553377324890000521e-02 2.746708757999999757e-66 1.489163631609999881e-13 6.692277274710000112e-01 8.080905419190000105e-02 9.831071007620000578e-10 1.412453905489999995e-43 6.007171885159999557e-63
2.550823111679999884e-55 1.791907769080000046e-01 4.330049301279999845e-40 2.103693430250000093e-02 1.493524000720000133e-01 5.926057977410000006e-59 3.101089658399999727e-01 1.161508320299999977e-16 1.947521824310000079e-10 3.403109226830000056e-01
4.152980853540000238e-13 4.376448075969999941e-27 7.360340277789999634e-06 1.421122513389999897e-01 5.111442947760000020e-86 4.764135529410000180e-01 3.814668353790000022e-01 1.478736636309999998e-42 2.681626183290000120e-19 4.752508884700000197e-32
1.447634645870000052e-62 1.257065236849999879e-01 5.344161243549999859e-99 2.070483848070000143e-51 3.576024875419999911e-33 3.982727357600000173e-72 1.613409337989999970e-01 4.230518180819999755e-24 7.129525381129999673e-01 4.403130970710000400e-09
2.478527340180000064e-14 1.461123942450000120e-38 1.206736013130000063e-01 4.274895500329999876e-01 8.731835540020000119e-38 4.518367031730000094e-01 1.454788697240000119e-07 1.366778908290000053e-23 5.761343178410000289e-34 1.977562630779999865e-12
6.573028410800000332e-01 2.339202077740000133e-40 7.376112026649999581e-25 6.221762049230000524e-54 1.564702240810000033e-01 1.949827375130000021e-18 6.908414950670000008e-75 1.862269348160000004e-01 2.157531489180000029e-54 2.282756571680000005e-11
1.780507560769999942e-01 2.194022253349999900e-24 2.719032053739999996e-03 6.301922610300000338e-01 1.890379508320000068e-01 1.486086768689999872e-20 3.046044966689999976e-76 4.316130494699999954e-20 7.244016190720000347e-12 6.952186431639999882e-32
4.890268179160000006e-01 4.356743869309999896e-16 1.905564870620000081e-08 1.345899480300000032e-25 9.169567395569999712e-04 2.187478024760000109e-27 3.387283522370000127e-09 3.607971716619999825e-01 1.491767325330000116e-01 8.229870679319999365e-05
4.683922566689999734e-01 2.277474707590000009e-107 4.563453530719999700e-13 5.312864539880000070e-01 5.563722751000000392e-60 7.754302663710000001e-35 3.169232437429999969e-23 1.648967334180000072e-41 8.678036586440000475e-17 3.212893419409999763e-04
1.297925398420000068e-16 5.366150056480000208e-01 2.062862728700000092e-01 4.595997165340000014e-12 1.696710341050000070e-01 2.296583029030000013e-30 1.887886902920000060e-28 8.742768737230000031e-02 7.188067604339999990e-24 2.779144497219999765e-29
2.160717117379999797e-06 2.904637459319999911e-10 4.033768985279999961e-09 3.560571045020000103e-03 5.383791237079999653e-02 1.540586417729999899e-68 4.719581480079999716e-31 4.204404229740000276e-01 5.221171791580000443e-01 4.174941064869999745e-05
7.804451549659999765e-01 6.216417916639999907e-82 2.254565770170000099e-21 7.252317733440000191e-02 1.180755650959999923e-33 4.854096008950000369e-46 3.476557425819999713e-45 5.952888759230000464e-32 5.929178290440000306e-07 1.470310747809999985e-01
2.348805274859999959e-01 2.706322098330000148e-01 2.029399874189999816e-31 1.978010834709999963e-09 2.594452596720000004e-14 3.367033081079999848e-14 1.399318074459999911e-27 7.515964671669999859e-07 4.680748341789999767e-01 2.641167492710000050e-02
5.745960431179999994e-02 4.419396912350000266e-26 1.112747428620000038e-03 2.775152093570000256e-01 5.468235497600000272e-01 1.170888891419999966e-01 6.367389575650000503e-61 3.078230172370000008e-18 3.881561521039999742e-37 1.025443575139999999e-29
1.313758992020000090e-24 1.773380124800000012e-21 4.258790417750000223e-01 3.081797726989999965e-15 3.952057129810000089e-45 1.237366542890000060e-01 4.503843039220000177e-01 2.448590685200000047e-45 1.390475339919999926e-11 2.132247706880000089e-55
3.569743020500000167e-05 4.549189032450000268e-15 7.391445149999999577e-04 2.937337547330000076e-01 5.029516373879999558e-13 2.674912606450000063e-01 9.938443828230000941e-47 2.406937774110000076e-35 4.380001426769999928e-01 7.980823606080000200e-48
3.827155415909999972e-13 1.487552148200000003e-27 2.670986015330000241e-01 4.432275370210000322e-11 3.047588777920000020e-28 4.657821371029999824e-01 1.966705274660000051e-17 2.671192603720000114e-01 9.671847821139999424e-101 9.474993772470000409e-10
3.158900036989999993e-01 6.014912963590000050e-01 2.514374403169999743e-07 8.003876863219999693e-02 2.895286339760000138e-16 2.532589678900000040e-03 1.345920965670000063e-36 2.404766774980000055e-22 4.709019406489999861e-05 1.440137886470000077e-35
5.474831964720000338e-18 2.259972712450000075e-09 3.653256798279999953e-04 4.339733996790000106e-23 1.707313905250000053e-34 8.986881801189999797e-01 2.676717432879999756e-04 1.006788201979999936e-01 2.373494065039999927e-57 1.125157484900000032e-14
4.418837314229999653e-40 4.055000211770000140e-01 5.819869533599999478e-01 7.534139576330000027e-04 2.315822350979999808e-18 1.009455703289999905e-06 7.671454489649999799e-29 1.241031042769999893e-66 1.175860204979999914e-02 1.337032390430000019e-173
5.570245744209999931e-11 2.760255862630000001e-01 6.267318115450000360e-08 3.234266498669999823e-01 2.854406975030000099e-02 7.341095495100000421e-36 5.580159261049999660e-03 3.223351750719999909e-01 4.402934361730000135e-02 5.895344048900000105e-05
1.194735379539999898e-06 4.249487684679999905e-02 6.036191210030000138e-15 4.933907198200000386e-12 1.540410729269999987e-02 5.911880641840000505e-01 8.737404456989999679e-55 4.108336345330000199e-29 3.509117569360000188e-01 2.965428621369999928e-56
7.058241428509999595e-29 1.576576289529999907e-04 2.151040571499999815e-49 6.843240980790000447e-51 2.328702893969999859e-24 4.318584558160000197e-01 1.541639546290000107e-01 7.171771676690000293e-07 1.931452628450000163e-21 4.138192147479999861e-01
3.286149249470000089e-01 2.385305182100000009e-19 2.271346489550000137e-17 2.443248563030000019e-40 1.622507907190000004e-21 6.713850750530000466e-01 7.102755564929999506e-41 1.988522048749999943e-20 6.474830354689999960e-13 7.003406356130000082e-37
5.234046253490000229e-37 1.179455558510000046e-22 2.074251029889999893e-64 1.386041999929999929e-23 4.566753496529999956e-01 2.928813493820000107e-76 8.943801970699999372e-27 2.030459468119999942e-24 3.148827964359999787e-01 2.284418539109999979e-01
3.480940089430000027e-07 2.328014918460000066e-05 1.072727318399999942e-13 5.690732188199999486e-01 4.194191746490000261e-01 1.138710705570000065e-02 2.368889140989999903e-24 1.677162023270000042e-14 9.687122805319999647e-05 3.409675597100000044e-12
3.456487045439999850e-01 4.343468720470000113e-22 4.918251129460000289e-33 1.502808004849999969e-50 1.763928638649999991e-01 1.063873267440000048e-01 1.405986007919999992e-46 3.715691357270000106e-01 4.245174410139999740e-38 1.969120911470000016e-06
3.619836649009999796e-01 9.072916275530000359e-24 2.211079183350000070e-31 2.353336599860000002e-48 1.794511350250000137e-01 7.713313158899999522e-02 3.921696571670000161e-49 3.814229727230000200e-01 4.818387890619999592e-38 9.095762625799999393e-06
1.240644425699999937e-16 7.943429430139999598e-39 8.715535885259999596e-28 4.802900432369999926e-09 6.998100186869999906e-01 1.968929308999999891e-70 2.137564671810000045e-47 1.570230675039999971e-22 3.001891445020000160e-01 8.320072181869999570e-07
3.462651463639999824e-18 1.734766621049999886e-20 4.088700748210000180e-01 1.424764590040000005e-14 6.050068162689999700e-24 1.626129397380000063e-01 4.285169854409999757e-01 1.146773944990000025e-27 1.979048490700000022e-15 1.940488654509999979e-31
3.884606707239999790e-01 3.564038854630000033e-06 5.431723502530000323e-30 1.343595372929999969e-23 9.215291371799999825e-35 1.725569700300000064e-01 3.982130116400000031e-01 7.985998994859999783e-09 6.123746693690000021e-06 4.075965183500000061e-02
2.138414846800000087e-28 4.069573298410000012e-13 7.780671219280000312e-22 1.511924090199999897e-32 6.184409937720000149e-16 1.020092474799999932e-23 4.080587331450000188e-01 5.887444007540000301e-01 1.439195440760000064e-46 3.196866100670000144e-03
4.502142292019999971e-03 2.351734740250000042e-03 3.327483324820000187e-17 4.185022451919999672e-18 4.230735447880000325e-31 4.366571518699999821e-01 1.170839852270000037e-01 3.487121294800000162e-06 1.690927693319999869e-01 2.703087294159999820e-01
1.545260282020000061e-08 1.762337158919999959e-05 2.737578162010000186e-28 2.319359859209999976e-50 5.561599751540000488e-17 4.013314316680000083e-17 1.165336823019999940e-01 5.668698501559999992e-01 3.126609218249999933e-01 3.917906893109999664e-03
1.497173640929999946e-33 5.353214771100000410e-31 6.620192867559999694e-01 5.005524455799999814e-07 2.705503379519999983e-60 1.306990798759999904e-06 3.372257786410000069e-01 1.570256943660000022e-60 7.531270600720000284e-04 6.532934816899999806e-53
1.415547481469999915e-53 9.060589811439999641e-01 9.394101395659999743e-02 1.576440979700000157e-14 2.254375289120000019e-39 4.892119154170000270e-09 7.154331640449999913e-12 2.610420884339999941e-43 7.246978762239999571e-26 1.298164154220000017e-107
2.239279317759999963e-08 5.646514200670000002e-41 1.420422692070000025e-10 2.791901594969999900e-01 3.452572953519999916e-44 7.152667198269999638e-01 5.543098141319999748e-03 4.125695871280000016e-42 2.871822968529999956e-15 5.794301932210000286e-16
1.248893705039999917e-30 2.829468875830000140e-19 3.317152390059999960e-53 1.490401496019999869e-70 1.706278303239999984e-14 3.719363273409999728e-51 1.727442262340000065e-14 6.666609685219999637e-01 1.140727667120000007e-32 3.333390314779999808e-01
8.440518999810000398e-78 1.308799227530000053e-01 6.039008887670000020e-106 1.022910959650000015e-40 6.462443408749999725e-21 1.667557184209999977e-56 5.731199650730000039e-01 2.223671481360000021e-32 2.960001119930000257e-01 1.808594454549999943e-10
4.890261171870000090e-01 2.870342839619999783e-16 2.208390502090000121e-07 2.791854495950000052e-24 6.140581668970000262e-04 1.262440486649999949e-26 1.078307521109999958e-09 3.610248619399999970e-01 1.492508788520000018e-01 8.386193731739999496e-05
1.767929263120000092e-05 1.550355628879999921e-35 4.679061289419999874e-50 3.079793306460000268e-01 3.556846744600000343e-21 1.141409621479999913e-89 1.527161246489999918e-52 7.011159124170000192e-26 2.304676887140000019e-01 4.615353013480000266e-01
2.601548488790000135e-14 7.904919328069999621e-38 1.206790919009999991e-01 4.274869751609999824e-01 2.263946468169999890e-36 4.518337517409999893e-01 1.811715873460000020e-07 1.174629111330000042e-23 1.481874577980000071e-31 2.498828656270000159e-11
7.664810817459999370e-02 8.031517399780000437e-30 3.852807933749999858e-01 8.475813496999999586e-02 6.345114796749999850e-35 1.329541374139999940e-13 1.074893276829999963e-14 7.235019103080000276e-06 1.211673574960000052e-30 4.533057284609999793e-01
4.243056509270000154e-05 7.899166168730000039e-40 1.206975441720000014e-01 4.274526487570000088e-01 3.937402635520000043e-37 4.518069045109999737e-01 4.719954301889999806e-07 1.668857364770000123e-24 6.173993992739999491e-33 1.026390479970000058e-13
2.594197947840000208e-44 6.320646961039999608e-14 7.943916324670000010e-43 6.360868197860000128e-01 1.621884138900000033e-29 1.366085034400000009e-01 2.258068683639999907e-01 1.279250507960000123e-63 1.497808409850000071e-03 1.990722216969999969e-23
3.909579730919999774e-01 4.680009080099999691e-37 6.540055872620000092e-35 4.396147659850000100e-41 2.265478353109999857e-17 1.672196754389999848e-33 2.756984681619999830e-46 5.240565340359999713e-02 1.555638517359999943e-44 5.566363735049999484e-01
1.250546415269999934e-01 4.268303170639999685e-27 1.196821992769999964e-18 4.845310698470000066e-01 3.904142550199999895e-01 6.893211365289999859e-15 9.039874525429999860e-39 7.090083722279999757e-18 3.642705169340000135e-18 3.360557230609999804e-08
7.184675243730000306e-10 5.531886390929999844e-09 2.406631266340000077e-28 3.205793934180000138e-01 4.448780936130000141e-01 1.039115823990000020e-01 3.078772713509999814e-12 3.755704287709999986e-16 1.164160704580000056e-13 1.306309243160000133e-01
2.487504397129999966e-16 1.231385478929999885e-22 1.593199656990000146e-48 1.479729756460000050e-54 5.907214311399999979e-14 1.290806404200000005e-16 3.044617094249999811e-40 3.333276531070000215e-01 4.155157424649999999e-46 6.666723468930000340e-01
1.262767496989999888e-35 5.506154709470000479e-19 4.937609136639999896e-01 3.641494383359999921e-16 7.665964582060000490e-32 4.795389205350000092e-21 5.061513995969999513e-01 8.768673875340000673e-05 2.450761242140000100e-54 2.015529157599999942e-15
5.655923252360000042e-01 1.149239689739999933e-39 7.352216146769999969e-07 4.199691893549999805e-02 2.513794701889999912e-57 3.206662438330000198e-01 4.542510918140000305e-11 9.360752176379999744e-51 7.174377672909999781e-02 1.144101622219999915e-28
7.012104765940000428e-01 2.105899153259999848e-31 1.821161138300000093e-01 2.181805516279999888e-24 2.187985917009999928e-05 1.591113170560000043e-68 1.650237484989999941e-22 3.817074838780000045e-03 1.128344548550000020e-01 2.365543350310000102e-11
2.929163157560000230e-01 5.375437357990000553e-01 3.355363157650000022e-07 1.183945396100000019e-01 6.087055388869999639e-03 1.905803217299999902e-04 4.802914902660000112e-35 4.486743758810000232e-02 3.746184235540000319e-24 7.306514382400000320e-16
4.520280307819999790e-29 2.837577222770000033e-05 1.561793834760000082e-54 2.501685799830000168e-01 1.500946650120000042e-23 4.484389451139999839e-15 2.356878966260000097e-01 2.095953472469999928e-29 2.224881033180000078e-01 2.916270443010000046e-01
1.000000000000000000e+00 6.129970470369999921e-105 5.582683146990000296e-32 3.745160356270000121e-22 2.236401291199999938e-45 3.323907399309999892e-60 5.852174123649999861e-78 4.459168628960000083e-44 4.561466764140000205e-27 1.616862402920000030e-21
4.347457954330000049e-08 3.197629808480000177e-28 5.348224074449999810e-01 2.704934561850000099e-36 2.406966161440000085e-01 2.864546630279999857e-17 8.275208686299999932e-39 2.244809329359999939e-01 8.329003843549999741e-44 5.037631417600000321e-21
4.894512234609999837e-39 1.430887147060000059e-08 4.614185212999999952e-01 1.630629948819999900e-47 3.247352579050000185e-15 5.385721571320000178e-01 9.307259095100000050e-06 3.783164367739999855e-14 1.895576462370000086e-39 2.428567319069999966e-52
2.220299504819999779e-56 1.685648389849999929e-01 7.375422883920000510e-40 1.961376118939999955e-02 1.602204638689999905e-01 7.907186151480000257e-58 3.189936248229999771e-01 9.041739326029999311e-16 6.902934281579999657e-10 3.326073104439999928e-01
1.127705237269999985e-03 9.379378632300000393e-40 5.769613325920000275e-18 1.494324188199999959e-01 1.136099994769999991e-37 2.993898577160000185e-01 4.634768107699999834e-02 1.069466473749999949e-35 2.293367595180000051e-01 2.743655776330000129e-01
1.275613832939999902e-31 9.955888906429999444e-21 4.251174292539999969e-08 2.570865431750000123e-07 9.022471818789999973e-26 4.318946364060000098e-01 1.543227387199999912e-01 5.643783407370000127e-05 3.227050582459999820e-79 4.137258874409999732e-01
3.083559201479999998e-02 6.731118082659999592e-28 2.762967187870000030e-12 1.485981973070000053e-05 7.368790354879999685e-19 6.064616715970000405e-01 5.358420163740000157e-11 4.004484761150000086e-19 2.345456732310000070e-01 1.281422032810000111e-01
2.295864449779999847e-25 2.967709466839999911e-37 4.919614203630000329e-31 4.252116972740000123e-11 5.471480611439999822e-51 7.342055495560000367e-01 2.657944504010000264e-01 8.779553394940000453e-53 1.308614166400000001e-20 5.006849341660000411e-19
5.744833598960000205e-33 1.514483361929999938e-01 1.605593588479999894e-23 1.750691038540000122e-08 4.567922124650000137e-01 3.087564966480000010e-32 3.238241473110000102e-01 5.366586808250000361e-03 1.263550497440000010e-23 6.256869971570000466e-02
6.052721404799999855e-18 1.843671873349999879e-01 1.007821291580000080e-15 3.358516594020000134e-01 1.260810367880000060e-01 3.319543053329999847e-11 1.422543019289999904e-17 3.745044615709999802e-02 2.739565479169999849e-28 3.162496702850000063e-01
2.118524166010000088e-24 1.068249577349999932e-18 2.484308172899999945e-01 3.181325265619999889e-12 4.525433165499999840e-15 7.110874383990000443e-23 1.784963605300000089e-01 3.921812879689999809e-01 2.084067838039999999e-33 1.808915342090000045e-01
1.624981160239999944e-01 2.650271906130000110e-12 7.918153425450000444e-16 2.153933974040000090e-14 1.458799651569999878e-26 3.994115489819999865e-01 8.648340693820000258e-02 4.603763917779999686e-08 8.503594929890000320e-10 3.516068811659999738e-01
1.495680274369999924e-07 1.005374602699999931e-12 5.998598537789999741e-01 1.568045424970000012e-33 7.244398852530000354e-04 1.453692359970000132e-07 6.970367079419999907e-21 3.994154113980000198e-01 2.882518079430000122e-21 1.318297659099999960e-24
2.626484596799999805e-35 4.861043225910000043e-01 3.433221515239999973e-28 3.726716376850000012e-01 2.035239004309999950e-44 8.172399491050000297e-02 5.950004481300000259e-02 4.708213076609999757e-47 4.300511006729999818e-13 1.324778944499999930e-39
7.429933387470000206e-02 6.401345987440000274e-01 1.196991321199999939e-19 1.666785659169999977e-06 5.276025355719999527e-19 2.165561354810000005e-01 5.087690346840000340e-38 9.572751324369999764e-25 6.900826511520000150e-02 1.244485764239999978e-31
7.602553375150000433e-04 9.880824864810000032e-08 6.965773863969999764e-20 1.465472622339999975e-01 6.111555249819999869e-02 4.282747163350000275e-01 1.993297928719999849e-21 1.129383445079999901e-22 3.633021147869999745e-01 1.602261029689999988e-16
2.460317863619999964e-15 1.145761202999999917e-05 4.020560191909999833e-13 1.213076604370000114e-38 2.084470541210000083e-01 2.550469858500000186e-01 4.046658874499999836e-01 4.885275765029999800e-02 8.297581037710000107e-02 4.693859574290000141e-08
2.033628909859999945e-01 2.684038352280000117e-30 4.283548894909999852e-10 7.876894195190000009e-07 5.550948113339999807e-10 4.162492819740000183e-01 2.011948174349999901e-12 5.226076574109999936e-10 3.965361235839999913e-26 3.803870378420000087e-01
7.988673386049999756e-05 4.011650108909999846e-01 4.160742172849999920e-01 5.234103361540000039e-41 7.382932654539999717e-22 3.147498358270000024e-07 6.095513975750000320e-09 1.826805394150000095e-01 2.482985873430000126e-08 2.502812297060000169e-25
9.470901549849999443e-45 1.012271551629999988e-22 5.001046366529999787e-01 4.998953633470000213e-01 2.979631032749999955e-15 5.248907039140000272e-43 3.107954196309999813e-31 1.860711538170000146e-40 1.059430281690000033e-20 2.641176416170000063e-63
2.407222955840000090e-07 1.918652473989999901e-31 5.364434982769999971e-01 1.000561554860000013e-34 2.108387671899999982e-01 3.518151368429999625e-18 4.536250772030000327e-40 2.527174938100000268e-01 4.483869100040000239e-42 6.160658121129999713e-21
1.480361295189999923e-24 3.694694527720000074e-19 4.937823314429999888e-01 8.663207927970000410e-17 1.865182406640000053e-30 7.888021903929999911e-22 5.061689764290000504e-01 4.869212802620000044e-05 1.629863739049999998e-55 1.319475055820000005e-15
6.770465834529999639e-34 1.208725896390000063e-24 4.551875346570000147e-01 1.682204045520000058e-12 6.541895855870000394e-22 2.336668765859999978e-22 4.662817656780000042e-01 7.847922765819999313e-02 3.224061739789999848e-59 5.147200500820000213e-05
1.307011145220000060e-25 5.212758298270000479e-01 6.828266901149999976e-11 1.234161379809999987e-01 7.463205771430000202e-14 3.553080321239999728e-01 1.080603301129999949e-22 8.918838149910000474e-25 2.042736634670000173e-28 1.300854391739999945e-37
3.159971959260000074e-01 2.488538878509999924e-24 9.041565927150000024e-16 1.470786986079999904e-38 1.156477737169999964e-10 6.840028039000000115e-01 6.333095535220000142e-39 5.906899606750000406e-11 1.631606864669999877e-20 6.403786033570000304e-22
2.341636928659999896e-27 1.538345220550000013e-10 2.094671156769999927e-45 4.821379394840000221e-01 5.189445015889999901e-02 2.099254736039999940e-14 5.415933122360000278e-12 6.086952553510000196e-26 9.518623654339999294e-06 4.659580915739999774e-01
5.710536556469999851e-03 2.285355928869999960e-10 4.353061079120000003e-14 3.471491087980000181e-03 3.690023579050000224e-01 5.494322277669999588e-01 4.034843232239999744e-51 9.462788371189999477e-31 7.238338645559999618e-02 2.716923564259999841e-39
9.063839773960000179e-02 2.530874484290000187e-13 2.448680580619999880e-01 6.786308414659999796e-09 1.513622839780000053e-18 1.927453326220000008e-25 2.678094439540000260e-01 3.268306377690000097e-01 2.963847102549999757e-11 6.985345565940000168e-02
3.486329441510000101e-37 4.514721462199999840e-10 1.945314324980000070e-21 1.156434883230000009e-02 3.630649501860000087e-35 4.313481435339999645e-46 3.359646722010000142e-01 2.354427906169999955e-32 6.524709785150000219e-01 6.346447259610000397e-22
1.470967924239999959e-33 3.530897056749999763e-01 2.230708805299999987e-24 7.998184828690000465e-10 2.994241252270000153e-01 4.130768825800000184e-35 1.653251875650000036e-01 1.677643315850000055e-04 1.984737462249999993e-24 1.819932164009999964e-01
9.449068677839999618e-29 1.709867719409999974e-09 2.749286097950000163e-34 1.014413006660000022e-39 4.487011366190000183e-01 5.137892979940000269e-30 3.974690807380000086e-35 2.029565356480000059e-20 5.512988616720000401e-01 3.772628103779999802e-27
1.684601014790000073e-01 2.995857263260000179e-19 3.208600283499999946e-28 2.218921740800000042e-01 4.264960535980000245e-01 1.167610947629999973e-18 4.913684797090000252e-48 5.498882459309999978e-18 1.831265985860000001e-01 2.507225738350000075e-05
7.722095805589999888e-69 8.091619968890000059e-05 1.297480315080000039e-45 1.267524046519999933e-80 5.530868345629999777e-48 8.330366076309999590e-01 1.668824756410000054e-01 5.285265623349999817e-10 7.607715279229999568e-108 4.667596199429999758e-27
2.843907070359999840e-35 7.067232409449999690e-14 6.593743374420000057e-55 8.196806160900000036e-16 1.658276290450000079e-01 3.043731326270000227e-123 5.645859192209999998e-28 1.088221691969999907e-15 3.523961404600000069e-01 4.817762304939999796e-01
6.066238342379999743e-12 1.297367422509999987e-42 3.918900397619999865e-01 8.528279406500000048e-02 2.149370740860000005e-13 2.736522398779999900e-30 7.211713478589999726e-02 1.992480099230000080e-13 3.646856981030000074e-10 4.507100310159999901e-01
9.071790915500000177e-03 9.836528287640000724e-31 3.064157750609999907e-29 5.248770133200000333e-03 1.172684823159999956e-72 2.964269840880000024e-03 4.198586167469999797e-01 1.984312602669999992e-35 2.090370348070000051e-01 3.538195175569999740e-01
4.222596684440000266e-49 1.614618503960000048e-07 1.249776791200000009e-24 4.829978720809999793e-01 4.576428097810000323e-34 5.154663640419999693e-01 1.487220311339999933e-12 3.051324257319999982e-71 1.535602413999999924e-03 3.131375337179999840e-59
4.196106082579999709e-09 5.937451071620000054e-05 1.321948424120000045e-63 3.502382244780000267e-32 5.450990856130000228e-01 3.316944965599999691e-08 1.229117880759999972e-53 9.889693464260000677e-02 6.544735328350000109e-36 3.559445678679999947e-01
