2.611502187009999818e-10 1.013053622950000066e-01 1.531925999769999946e-30 8.450055170560000497e-15 4.909545274400000047e-31 1.755520644629999893e-61 5.145138220410000462e-01 4.912720944020000214e-29 1.756167511330000103e-42 3.841808154029999756e-01
1.800492272579999886e-01 3.745432471190000140e-02 5.266774467649999458e-01 6.966953557830000390e-10 2.558190005679999990e-01 1.471600619729999908e-16 3.081155645010000180e-40 6.249124059379999825e-16 2.659702168870000073e-23 2.371008853900000064e-21
5.874081814229999976e-01 4.117867257150000238e-01 7.599699906659999589e-04 4.312326147220000269e-18 5.078163807089999532e-19 4.276404595019999982e-16 1.033220798769999926e-09 7.734523056600000426e-19 4.511319964830000118e-05 8.638585501979999752e-09
3.628743412120000178e-01 6.197570420829999633e-34 5.855898113969999584e-28 2.950297511509999863e-37 7.272867850190000165e-58 2.781872474329999921e-24 2.223261059059999923e-04 1.748079480300000071e-02 2.736270795540000043e-03 6.166862670839999838e-01
6.604357292229999787e-01 1.856312705480000145e-27 3.395642699590000202e-01 2.878207459119999845e-31 5.649960823649999414e-17 7.144404303769999910e-11 1.610618181219999937e-39 7.463628302470000474e-10 2.571766930289999996e-55 2.638064622069999958e-49
4.607075257420000236e-01 1.818936927650000060e-34 7.362046076350000468e-32 8.707755972249999876e-04 8.857290199299999722e-02 2.624660138429999858e-28 1.076961552999999979e-54 2.360274774659999966e-18 4.228395971889999938e-01 2.700919947860000100e-02
1.108288545150000042e-53 1.771088239559999981e-07 8.364872717659999713e-50 4.871300647279999760e-58 3.002154242589999866e-16 4.086709849900000259e-30 4.623661782189999575e-34 5.283363648250000155e-01 1.146731638339999931e-11 4.716634580540000066e-01
1.809500505440000045e-10 2.787687981629999867e-01 1.332278078949999944e-01 2.667933735349999952e-55 7.579168969019999866e-13 4.292024298109999858e-01 4.187074639949999870e-17 1.588009639490000069e-01 2.667551319760000104e-18 1.640541717250000085e-16
6.828132323559999994e-01 1.062955510050000034e-40 3.455656271350000063e-25 4.656061161869999630e-06 1.926850878040000103e-01 9.074542864770000589e-09 6.188580225180000299e-07 4.813120868269999694e-09 1.179310234390000077e-15 1.244963910330000034e-01
5.628292051850000144e-01 4.339890370110000006e-01 3.181467030170000067e-03 3.906932724459999847e-12 1.062838080990000005e-14 4.330341922820000069e-16 1.978847314999999891e-16 6.938054996010000186e-19 2.907283142710000208e-07 4.113269497050000190e-11
1.992864404590000138e-01 1.281683093800000093e-96 1.111597420810000039e-15 6.688581533800000193e-19 1.088758399380000032e-35 8.006317327969999509e-01 1.816457978379999934e-19 4.638959946520000030e-07 8.136284800399999888e-05 1.714824517390000076e-39
2.696488260129999981e-01 9.761915361670000326e-60 3.544629271119999908e-09 1.582801949339999973e-28 5.831946512030000308e-58 6.727536155369999438e-02 2.654064106269999890e-01 2.390550439479999934e-15 3.976693982619999845e-01 1.549815285349999995e-27
1.913823548190000112e-01 9.711844863849999881e-13 6.776981666950000482e-01 2.170084278689999871e-45 6.208376733930000583e-05 9.817411430420000641e-15 4.063444743370000182e-57 1.308573947180000085e-01 1.682974751799999953e-84 5.267182152869999961e-43
6.320244534710000000e-05 6.605766998700000059e-01 3.260648488660000122e-01 9.877978161240000799e-13 1.185468968749999992e-03 4.417122878359999742e-15 9.824286849099999809e-10 1.210977886630000035e-02 2.189216368029999911e-73 3.060165586599999999e-18
7.575810359820000048e-07 2.910324398219999863e-38 2.625184488399999938e-04 3.632500378049999812e-01 4.407632767440000177e-11 5.482464659460000167e-01 2.732220120610000137e-40 4.126711796219999795e-30 8.824022017509999816e-02 5.626549806070000274e-36
5.121318063959999761e-05 1.994179015239999960e-12 5.565679444250000113e-49 7.762550863860000483e-01 4.441313401109999717e-05 2.258468203249999969e-77 1.649503893980000070e-39 2.246375507059999965e-49 9.837312711279999666e-31 2.236492872970000101e-01
1.288087919140000049e-09 1.728245273119999870e-01 6.711744191430000029e-07 1.278757824799999932e-22 1.078693931820000030e-14 1.097382398440000066e-07 7.940139743030000048e-13 3.971730721410000053e-01 1.200934501940000053e-03 4.288006838439999968e-01
1.569304562329999890e-13 2.663342849790000244e-01 3.937921471790000183e-01 1.191829999219999916e-06 3.398723760119999882e-01 5.595233543650000380e-25 1.362143598320000035e-36 4.302466221769999907e-47 1.800149824759999929e-70 1.883928423880000030e-43
3.273817289989999768e-01 2.167296101719999868e-74 6.726182709979999785e-01 8.214308918959999855e-15 2.483220707619999923e-62 2.674701960809999958e-12 2.140953608420000049e-27 9.550507260019999667e-48 3.976954534899999786e-37 8.989159507549999222e-90
1.948527005019999871e-15 1.124455155259999979e-12 2.528843331239999936e-01 1.808037771139999917e-51 6.462682008129999901e-35 5.186461460010000072e-21 6.532346068519999867e-28 7.471156668749999730e-01 2.076178345649999976e-105 1.100798084129999945e-58
2.565795697680000043e-01 4.871278408560000273e-01 2.605353748179999848e-09 1.295052454390000016e-06 1.275828636700000074e-13 1.043073376290000026e-27 8.373409931700000715e-27 4.991695081460000311e-36 2.562912885649999972e-01 3.153635976130000101e-09
5.953924896230000427e-35 2.265048480209999882e-01 1.545661565100000078e-22 4.527861884700000172e-01 2.200251353250000097e-01 1.933529656330000147e-14 1.506194316700000134e-04 2.558970636880000165e-04 1.760499741700000027e-06 1.002755511890000006e-01
1.206670962050000082e-47 4.044453950319999803e-33 2.018240089859999953e-22 1.746682853230000012e-57 9.999928600190000072e-01 7.096828893809999882e-06 7.803672741500000321e-66 4.315206514109999814e-08 2.877223370310000083e-57 1.382501175099999997e-51
9.646675521010000721e-16 1.412698137479999928e-08 1.383776127069999938e-02 3.975662716830000221e-15 1.803402792730000028e-09 4.144939172870000244e-01 5.716683055119999857e-01 2.061878012539999983e-16 3.870036565930000226e-19 1.148828015279999939e-27
7.475070355839999426e-11 1.079505725100000065e-11 2.105107997310000020e-02 5.341171045999999478e-01 8.925360372299999401e-02 3.555775439080000044e-01 6.676731508440000274e-07 3.624100577869999712e-11 1.086467349229999936e-15 3.103169569980000034e-23
3.351626462350000024e-56 4.836765548570000073e-01 6.069984187910000295e-43 7.057325346199999745e-27 5.163229081379999696e-01 4.716944934609999752e-35 9.934102381149999587e-43 3.254011949859999963e-50 1.462407540009999898e-11 5.369912630510000342e-07
5.522339483449999892e-03 1.363276047869999993e-19 2.458744620960000016e-01 3.803678052750000121e-02 1.347532136690000084e-24 7.321508798790000300e-03 1.108412249109999997e-01 3.184908503300000193e-01 2.739127712880000121e-01 6.256449518339999649e-08
1.649611606490000105e-06 1.194275688289999979e-70 6.907595539230000082e-29 1.461447902519999927e-14 2.007430843939999914e-50 1.162856666239999949e-13 1.179661157019999983e-05 4.338614456930000030e-01 5.661251080829999838e-01 1.647178102130000118e-14
7.825794452590000143e-27 2.862307697319999898e-08 6.000073383630000201e-01 3.999872077300000162e-01 5.425282984369999732e-06 2.525734349319999849e-13 4.866671441640000100e-66 1.080556283619999954e-54 9.375667338940000229e-14 1.804535245249999861e-49
1.969114123710000034e-04 2.568692915979999825e-01 4.215071780519999978e-01 5.085310929900000321e-04 3.209180878449999774e-01 1.642001446919999997e-19 1.944462464879999995e-60 1.103276189000000040e-26 1.551357220140000019e-16 1.335004763610000038e-25
5.048901587920000544e-01 8.653353999659999976e-48 2.150479225990000078e-05 1.223149244010000033e-19 5.602128542839999819e-92 1.228192564879999911e-18 4.950883363590000141e-01 4.855512462150000283e-45 5.673717603879999967e-11 1.453035810899999985e-45
2.106364558279999969e-56 6.505515906759999634e-02 2.705160812290000117e-22 6.881602854430000693e-21 2.210907175329999887e-03 9.227869225290000199e-02 2.346355626399999894e-01 1.564942529410000005e-01 1.530943436080000053e-01 2.962310823150000050e-01
4.496147962380000161e-03 4.184747939399999783e-01 3.087886811689999900e-01 1.689198910559999910e-17 1.336125794480000096e-13 1.496708867130000052e-17 1.818919663100000076e-22 2.682403769289999906e-01 3.759620771690000182e-37 2.657470652439999931e-17
3.940001311659999929e-42 5.349855153420000065e-01 2.970779741689999855e-37 2.263290714940000004e-01 1.087271107790000036e-39 1.312659510659999985e-60 2.386355437480000008e-01 1.125974715230000005e-73 1.187003673239999967e-12 4.986941404829999951e-05
4.114597021620000144e-26 3.035721077610000207e-01 7.327798543419999674e-20 2.141144381559999974e-33 3.988011235969999864e-07 1.414725391929999884e-13 1.479964998950000070e-06 1.995370298830000111e-01 2.014068792000000120e-29 4.968889835890000217e-01
1.444293887060000002e-05 3.371852400800000038e-01 6.627997980059999739e-01 2.363572098789999910e-62 6.907575220339999312e-24 1.368940137759999971e-12 1.515131085390000112e-19 5.189735073789999794e-07 1.313065823050000027e-46 5.184570853970000448e-28
5.623448361249999694e-01 4.335971805559999948e-01 3.324357434130000184e-03 3.927134079089999768e-12 2.422404654000000091e-13 1.068814956090000038e-14 4.064987413160000110e-18 9.993764676910000662e-22 7.336257740609999868e-04 1.067252825670000044e-10
5.389151692900000311e-11 1.771191461269999989e-01 2.132770064049999970e-01 1.872329067840000083e-01 3.502398817570000279e-30 4.703677665959999578e-22 5.440218004399999732e-13 1.709350767630000091e-58 4.223709406300000246e-01 3.785636349090000126e-25
5.660885559069999645e-45 8.711182382190000281e-85 1.045456146600000007e-14 1.554442168140000058e-74 1.731889234909999898e-32 1.000000000000000000e+00 1.192501259900000004e-76 8.089735725170000675e-15 1.803952693220000056e-47 2.508811672649999840e-119
4.258504872410000205e-27 1.489292470059999929e-01 2.362052231389999889e-32 2.306325202150000071e-52 1.524107424459999990e-25 2.559449042890000130e-36 5.027877156379999546e-01 3.482829877040000133e-01 7.284350425410000199e-65 4.965170743690000059e-08
1.147622217570000066e-31 8.537550914149999448e-02 1.041200459759999974e-01 2.541347169969999891e-29 6.991976027360000113e-09 4.864253190510000047e-01 3.240791188389999800e-01 1.017339490429999968e-15 1.769896289400000004e-32 1.120125738559999984e-34
2.030361424539999878e-26 2.270471881130000066e-05 5.999199294549999451e-01 3.997841778439999993e-01 2.731879823489999815e-04 4.291832171160000171e-14 1.929672792469999999e-20 1.249393415559999903e-56 1.302766647419999988e-43 1.875266878489999901e-44
8.865415233870000254e-26 2.570635171360000082e-01 2.872103645570000192e-18 1.039967919980000077e-05 7.429260831849999747e-01 2.424695224849999772e-38 9.094514097419999652e-44 4.296390528820000128e-45 3.262395254160000087e-42 1.533086145889999931e-32
2.909541519109999830e-27 7.133522951839999883e-22 7.944887543449999670e-41 1.154963558279999985e-23 9.062038178130000024e-03 1.177301926749999947e-23 9.032312384589999884e-06 6.880439372690000388e-01 2.408422363229999880e-45 3.028849922410000173e-01
6.187442843910000156e-02 9.574111796970000082e-10 2.231145838780000011e-08 2.333178606899999841e-09 2.892764973560000077e-02 6.587587845270000036e-10 3.765547167030000031e-01 5.304938396859999461e-01 4.399891702420000385e-40 2.149339175929999846e-03
1.146123359010000091e-03 5.416591572759999914e-15 2.130322933319999945e-01 1.053591120949999987e-01 7.210695939100000149e-22 9.579689408289999639e-03 1.036854449680000012e-01 3.389441715179999925e-01 2.282518249330000026e-01 1.340387078069999903e-06
1.879387926560000049e-10 1.771214074159999929e-01 2.132549151960000111e-01 1.872792928120000089e-01 2.202917652140000109e-30 7.769748635859999956e-23 1.161348949620000067e-11 2.072746454330000111e-49 4.223443843770000039e-01 1.022420674260000047e-22
6.333622240170000146e-29 1.847872158599999930e-17 6.936676685720000053e-23 1.101818536760000034e-21 2.814034323090000155e-04 5.688120488150000265e-01 4.145611351030000225e-01 5.662927301560000234e-11 1.634538494630000116e-02 2.764667279889999960e-08
1.136210751469999965e-11 5.677440729999999980e-17 4.076009502180000243e-01 5.717093272579999853e-43 3.621596350949999722e-74 7.899809993950000334e-14 5.923990487500000457e-01 1.020160576439999952e-09 1.601930185499999923e-29 3.920338517369999989e-35
4.323683306059999953e-02 6.784639757929999959e-07 2.526359419690000168e-06 6.432260490350000306e-38 7.618162784630000181e-32 2.407819926700000118e-11 3.933249746499999921e-01 5.633047886559999773e-01 6.259434293450000582e-17 1.301987860070000084e-04
3.348286187310000050e-01 4.542854040830000134e-02 1.994917185290000068e-18 2.028431552590000131e-01 1.346271846670000063e-14 2.309654131040000013e-37 1.794437036069999880e-01 1.162159329570000054e-41 4.189038726499999964e-17 2.374559819950000095e-01
6.392728811879999890e-22 1.134129672719999962e-17 6.559204037430000336e-65 1.896455831549999992e-40 1.604193553929999926e-47 1.432033945910000026e-70 4.152729768050000270e-01 4.292696666370000069e-15 5.693388367939999647e-40 5.847270231950000285e-01
3.274088291600000256e-01 2.162667232109999893e-01 1.488505529550000067e-02 4.394307561570000161e-11 5.214510010009999543e-07 4.118688013360000199e-17 2.795088090739999975e-01 1.619300617509999984e-01 2.434115764350000145e-77 1.402797153559999979e-11
9.756269578410000355e-18 7.627571105489999957e-12 3.969760343029999916e-01 6.030239656639999613e-01 2.439440022290000054e-11 6.733997347809999613e-13 6.402544747719999683e-21 1.112909790300000008e-46 3.834969451640000078e-41 1.121675775309999943e-43
1.652671913069999905e-03 2.455672626870000069e-02 4.659208671469999841e-01 2.353984827839999960e-01 6.952363354079999525e-27 2.896578866600000062e-15 2.724456598250000194e-01 2.558047634489999948e-05 1.913296158120000040e-10 1.139455966339999990e-08
1.312457138660000080e-33 3.940370935149999920e-01 2.702213450590000003e-22 6.059628925059999949e-01 8.286853958749999629e-26 5.668505136489999709e-40 1.337907363190000082e-08 1.329768109210000047e-91 5.995174127780000142e-10 4.966395514740000142e-16
1.320036960030000063e-27 3.029291823329999800e-01 1.763815275520000114e-01 1.257596409350000085e-21 1.969449240079999977e-13 4.614545487450000261e-01 4.024973632419999992e-19 8.740119709950000189e-15 5.923474136939999718e-02 9.244983526169999460e-29
2.283206567789999816e-18 7.991200496389999416e-37 7.112834088600000422e-18 2.660040208150000196e-01 2.785957694990000011e-01 3.952910678970000258e-01 1.813675039139999988e-16 1.823611117679999950e-17 6.010914178889999876e-02 4.884036296039999809e-17
3.189931640380000025e-27 3.961208983420000152e-14 7.527808101070000424e-01 1.700938828940000116e-48 1.327084083540000071e-65 2.797516492630000025e-17 1.674387057019999895e-06 2.472175155059999907e-01 1.216213824079999944e-86 4.686993273220000229e-48
7.033196557149999917e-01 7.287694232019999570e-13 1.077900386799999934e-27 2.371403701989999809e-15 1.179941905099999994e-48 2.972816544220000063e-49 5.579435485640000213e-03 2.026564911839999888e-39 3.831233093980000032e-02 2.527885778589999966e-01
4.443326456170000074e-57 2.697320943070000143e-02 2.642086804139999891e-22 9.501077060220000485e-27 4.322632382190000187e-05 6.922374582920000352e-02 2.704749124699999951e-01 1.901616536659999912e-01 1.302773862849999909e-01 3.128458659950000276e-01
2.245385562489999876e-01 4.194132856600000023e-09 1.426361112619999975e-05 4.146788542310000068e-03 1.547683327169999991e-02 1.442844803709999918e-08 1.335551625599999907e-23 4.747231774360000101e-01 9.113809851739999472e-06 2.810912484570000092e-01
3.269272605390000086e-01 2.158245326650000129e-01 1.507862130099999962e-02 5.708951353300000093e-12 4.990822772529999476e-07 3.157529347670000206e-20 2.799220200800000002e-01 1.622470663260000001e-01 4.619699652200000368e-81 1.453089014410000077e-12
5.048890731940000043e-01 4.766771221969999662e-53 2.297545206539999919e-05 3.693165756060000208e-20 3.427993642879999887e-89 4.810736172319999578e-19 4.950879511640000064e-01 1.898993277899999982e-10 1.949399573679999839e-36 1.193679209810000126e-41
1.905087299939999891e-13 2.952428723550000037e-20 8.000059945549999885e-01 1.999940054450000115e-01 1.376244209140000001e-20 1.977389297059999991e-14 8.410887832559999448e-40 1.811873956530000122e-52 1.906883998669999957e-17 8.994033624770000389e-52
1.837852345720000073e-06 5.024683598960000275e-01 3.126889131579999731e-02 3.160370776899999902e-27 2.420884681179999998e-01 2.214381193870000042e-01 3.040080025780000222e-04 2.430315428660000023e-03 7.411398722340000271e-24 3.045584730219999902e-18
6.483118171610000211e-11 9.174725192279999627e-08 1.790687501410000160e-02 3.737003594080000046e-01 1.152693778129999908e-12 9.958429347930000675e-02 1.249289337010000087e-07 4.536405124999999816e-01 5.514717622310000289e-02 2.056663278900000083e-05
1.978529635749999842e-37 5.743236520029999514e-01 4.845605128199999972e-02 3.211455960949999865e-22 8.348015418170000628e-36 4.278176401709999968e-17 3.772202967150000141e-01 8.871080786120000575e-37 1.519074762869999989e-43 1.442381255240000021e-37
1.699889912900000002e-56 1.862349955210000125e-13 3.264659564830000186e-68 3.018960803880000102e-30 5.142075525120000101e-01 1.774485817789999899e-39 5.783465024740000351e-41 7.281444462449999785e-36 4.324712223660000243e-02 4.425453252520000214e-01
1.840070728640000059e-15 6.657118402799999668e-01 2.112280917540000080e-01 8.649005328090000135e-55 1.016759718940000060e-33 9.676256323940000352e-15 3.726172232770000137e-26 1.230600679670000031e-01 4.694275200069999816e-39 5.610984097229999748e-29
9.795491265250000527e-45 1.141419145150000049e-27 8.558017737329999690e-64 3.141239570530000067e-56 2.695090815460000080e-24 7.953848446190000462e-35 4.009305759780000062e-14 1.849847090110000036e-01 1.094741880490000016e-29 8.150152909879999630e-01
1.302413809220000088e-27 1.084237105010000049e-02 3.045239128760000025e-01 2.726519667709999838e-57 2.392176983409999872e-34 5.123207916119999483e-01 1.723039915360000118e-01 8.932926100669999540e-06 2.348242334870000107e-15 2.181229258719999965e-32
5.189514243580000130e-01 1.737226107569999924e-69 1.748242229810000153e-11 4.810483924350000273e-01 2.013645804109999927e-69 3.888301915460000254e-26 4.412648725310000206e-16 3.618656336470000047e-59 1.831900603259999995e-07 2.390420070060000147e-49
1.991196767729999928e-01 3.246529220410000091e-96 3.126466625000000212e-16 1.789067718019999918e-17 3.672271688440000067e-36 8.005806810990000466e-01 5.382635033400000195e-18 4.546467651980000155e-07 2.991874806709999852e-04 2.671635225029999908e-38
6.379012303520000063e-12 8.255051860369999789e-14 6.040906615329999539e-19 5.072266586289999601e-01 2.307473411140000019e-34 1.953387684280000102e-33 4.927733411540000108e-01 7.181159372889999809e-68 2.104655696170000087e-10 7.393307480190000193e-15
4.106619143780000240e-05 2.717977400540000056e-17 2.581447363780000059e-01 2.403970134120000102e-01 1.242995051919999906e-06 3.168133583309999945e-01 1.465819793649999959e-20 1.412727197759999973e-05 1.845884554209999973e-01 1.421748784229999915e-24
1.675239775490000027e-01 1.979989915149999946e-07 2.989386044729999866e-08 1.935482710989999893e-22 3.344968774679999979e-01 6.209991762810000010e-02 3.985303914250000190e-01 5.182166384579999993e-03 3.821968136429999808e-11 3.216644161389999729e-02
5.014059353780000450e-01 3.077065925349999856e-50 4.087581775350000010e-33 3.821045733520000051e-08 3.273523693329999928e-01 1.449606628099999934e-07 4.847319359320000340e-06 8.781236063149999715e-02 1.184061761000000031e-08 8.342429232629999802e-02
5.991631873520000262e-01 5.927680710029999627e-75 3.107772611300000249e-05 5.877084489680000300e-09 6.094403798490000460e-47 4.004621731870000034e-01 1.577449304039999910e-04 6.802814906149999671e-10 1.858102464830000105e-04 3.187063316970000116e-44
3.829978651329999928e-01 4.832127579140000083e-102 2.869913671399999825e-60 3.765360999769999790e-26 9.257582237890000071e-59 5.507918660059999783e-37 3.767841106100000268e-12 6.169741428270000272e-01 2.132808174480000143e-08 2.797070787849999986e-05
1.043611497529999960e-01 3.767882193670000098e-41 2.994257519369999954e-01 6.765235757929999663e-03 3.534137239210000165e-19 2.509009441150000241e-01 6.313793287669999805e-25 3.262326497889999882e-22 3.385469184370000217e-01 6.180770298809999774e-34
7.903366380950000374e-46 6.039516624780000287e-01 1.194666234809999977e-01 3.466419039889999861e-15 1.684679197499999952e-33 1.534269986539999965e-14 2.765817140399999818e-01 3.330283955319999905e-44 1.852534510109999901e-40 7.546683891440000211e-39
1.181456334020000026e-02 4.108618254110000245e-73 6.156743285990000125e-12 1.125762098190000044e-13 1.459544155639999993e-53 3.558222847990000215e-01 1.938660274610000123e-01 4.384910589600000130e-01 6.065432873279999986e-06 1.241983848000000010e-29
1.753047762849999913e-01 7.853796914770000415e-02 5.241091937270000445e-01 1.181121159239999894e-10 2.220480607220000069e-01 4.114414154710000311e-15 4.240752142770000003e-41 8.856559496260000026e-17 2.151775575190000025e-24 2.347570306099999932e-22
3.900227745700000082e-01 4.105792989730000412e-37 7.026324413640000209e-08 7.510448353340000091e-27 4.074974882510000150e-27 2.810607619719999841e-08 7.311223996509999953e-22 6.099771270610000462e-01 2.081216979439999899e-30 1.860344393029999954e-24
2.442336927180000124e-03 4.185763803979999920e-01 3.103461825189999801e-01 2.532340964820000068e-17 1.050525469230000002e-13 4.552824138180000005e-18 3.378188560760000057e-22 2.686351001549999729e-01 7.264891359919999346e-36 1.557626741499999918e-17
1.607013792160000124e-33 5.269040124899999900e-02 6.747838792349999774e-03 2.210974362699999890e-18 1.558632743749999963e-04 4.698626474429999922e-01 3.414786030049999921e-01 1.290646462360000024e-01 2.340041326919999908e-57 5.449058089360000376e-18
3.679853426159999941e-03 5.564230610140000199e-02 2.171092771089999966e-04 1.602682167000000008e-10 4.311614945360000006e-01 6.089513839299999683e-03 2.695035547679999755e-01 6.698023128889999751e-11 4.403047671460000015e-09 2.337061634210000072e-01
3.478203810529999691e-14 4.963159402469999888e-23 3.469752791789999769e-04 6.334727384119999511e-41 3.895106038220000144e-48 3.085810133770000019e-01 5.405341688229999830e-01 1.505378423490000006e-01 1.724060493600000042e-10 3.385336124050000121e-21
1.155434629310000010e-08 2.550668455089999953e-01 6.118074378160000165e-22 3.132024873229999830e-31 2.125980696640000174e-40 6.796761736050000179e-36 1.550964415910000005e-01 3.950404961510000090e-01 3.545568352130000023e-16 1.947962051940000106e-01
7.994463969190000223e-12 3.359013915180000009e-18 4.076009508680000226e-01 3.424146082450000084e-43 1.861893560420000020e-74 1.085539835899999994e-13 5.923990487450000453e-01 3.794635093539999859e-10 1.573668227890000025e-29 9.356440591770000350e-36
9.848971839240000394e-64 9.389033287430000466e-29 4.063141553369999768e-91 6.058772892910000568e-11 3.291575109139999925e-18 4.794072663929999639e-56 3.068579702450000172e-18 1.203932402409999969e-70 6.977427368890000148e-01 3.022572630500000024e-01
1.102033927939999954e-15 6.019752588349999899e-40 4.653864058900000040e-15 9.580361910410000492e-46 1.678412912010000068e-43 6.119674143409999933e-01 3.884835645720000042e-04 3.106930568000000196e-06 3.876409951640000240e-01 2.544890041190000096e-25
3.084042243319999876e-01 7.085352641440000066e-33 2.619216458770000125e-16 1.123156151480000071e-05 6.501932384790000053e-79 7.929675364059999791e-37 2.852005053680000124e-01 2.428831826260000071e-63 4.063840387379999974e-01 1.495738990530000002e-24
3.084036024249999786e-01 6.674990522299999420e-33 2.084873397819999934e-17 1.330895392899999918e-05 9.069535098929999663e-78 8.693420653909999839e-38 2.852000472690000010e-01 4.638861533309999851e-63 4.063830413530000185e-01 3.594108886850000285e-24
1.098598042339999962e-05 1.232270409870000024e-51 4.022747996569999872e-23 4.203143031079999981e-01 1.826744906450000067e-03 3.047948536449999746e-01 1.929566396179999838e-02 8.949514437120000210e-06 2.537482843259999954e-01 2.145578206159999895e-07
6.292043249220000082e-41 5.878557016919999656e-01 1.924694238980000083e-02 3.928973426960000181e-01 1.322193480689999981e-08 2.116909303679999881e-15 1.506792796499999929e-24 1.016829860800000053e-37 5.285002722130000066e-41 6.461220873199999652e-37
4.136638086369999745e-01 5.814292400360000501e-01 1.014016199499999975e-07 1.624711539330000108e-22 1.528399497150000126e-38 1.994922772040000120e-24 3.798658482490000106e-03 9.875016046630000124e-04 1.361210838089999999e-16 1.206898387880000041e-04
1.010378650929999962e-16 5.928915386499999940e-01 1.709212888279999899e-33 4.043540011339999962e-01 1.952209566280000051e-08 2.273921661890000134e-54 5.051963222050000066e-22 2.331106002070000001e-71 6.391316058429999990e-12 2.754440687520000059e-03
4.303236997439999944e-07 5.887599990069999597e-04 7.106390750970000619e-11 4.518921221620000023e-46 1.055151397949999962e-47 1.989651023959999829e-27 4.258290025720000149e-01 5.735818070339999686e-01 4.017425698459999824e-40 4.775786180519999845e-17
6.113247555980000080e-13 4.715908388829999518e-10 2.917247084970000171e-46 5.413392885350000183e-01 8.252741669650000163e-22 1.379826719809999938e-86 1.557576071389999921e-18 1.449821222139999968e-39 3.068579983540000272e-42 4.586607109929999870e-01
8.796788636029999855e-34 9.278066233839999191e-03 2.270281905759999885e-01 9.290509846510000652e-19 6.438475701950000081e-06 6.978781860520000269e-02 3.167607086540000227e-01 3.771387774550000183e-01 1.017610771529999953e-64 2.763440998520000159e-33
9.175372998499999558e-32 5.121117473570000467e-01 5.255123394049999736e-11 4.604559468100000270e-53 5.479718711550000208e-10 9.198787002480000219e-07 6.957313581040000094e-05 4.878177590259999974e-01 2.117316463709999886e-52 1.143584485279999935e-12
9.107432909830000212e-23 4.789641136839999924e-01 4.855096444470000105e-01 3.552624184219999731e-02 1.171577297830000014e-17 1.283392911770000033e-14 1.146336024620000072e-24 1.140652019569999957e-19 2.722491707890000129e-11 1.989060459649999978e-21
1.554789928129999980e-12 1.034025968959999972e-05 4.564641530159999770e-48 5.413367787870000392e-01 5.656186168829999997e-24 4.990918210249999764e-89 3.371859171690000067e-15 2.456847183080000043e-92 3.476665157680000145e-14 4.586528809509999860e-01
6.718933701240000387e-107 1.161856331359999994e-01 2.409452652849999843e-75 1.463647909860000069e-65 1.789980099880000008e-01 1.041187361380000012e-38 1.962015740490000001e-44 2.345296689440000066e-09 1.922434011080000145e-27 7.048163545310000000e-01
2.311309229489999908e-13 2.442419299660000086e-14 1.330818029700000013e-18 5.072266587829999951e-01 4.259245376509999609e-34 1.576605201120000003e-33 4.927733411910000250e-01 4.328510292830000128e-70 2.614946147569999995e-11 6.809387013270000367e-16
3.800130031039999912e-01 2.637393100589999904e-52 9.689865023100000417e-28 1.218844406239999923e-12 5.692483785320000267e-02 2.055425899130000115e-09 9.214264723160000399e-47 1.396901467610000003e-01 4.233720102190000056e-01 6.490392784900000252e-12
4.132272493910000172e-27 1.016294469470000079e-02 3.044156753189999898e-01 2.463449815350000155e-55 1.345356658429999970e-33 5.124186017249999781e-01 1.729961664459999937e-01 6.611814840149999792e-06 6.672366405290000106e-15 1.965506844149999984e-32
5.739069426159999487e-01 2.181841776299999990e-32 3.578360492890000216e-02 3.548128062809999843e-31 7.699122189350000269e-16 6.556915158840000024e-06 6.722610819460000415e-32 3.903028955400000277e-01 2.038478705370000099e-38 1.014622317470000067e-46
1.347942181940000061e-27 3.371996802259999981e-01 6.628003195739999853e-01 6.652980977900000310e-15 1.279914788140000016e-25 8.331043640230000046e-14 1.605113980959999950e-24 2.472781237819999903e-52 1.999232385160000106e-10 3.418107545269999781e-38
1.408880528140000000e-59 1.867120337340000063e-05 3.691864032000000064e-13 5.114178739319999965e-16 2.366307365729999890e-01 1.214401152769999936e-01 9.504637504730000407e-35 3.809082563780000208e-01 2.610022205690000208e-01 1.898038841339999943e-15
5.189476415320000147e-01 3.996660333769999981e-22 7.158325035809999901e-31 4.810264184499999929e-01 2.668353989439999804e-16 5.635082387760000132e-50 3.191913427859999856e-47 5.712892083760000082e-37 2.570696983159999837e-05 2.330482455699999945e-07
6.075545592069999900e-16 1.910925679510000060e-23 4.958552659999999890e-02 3.761363565249999930e-01 1.467264741919999983e-02 2.642776127229999883e-01 2.066966465169999982e-51 4.006142955560000109e-27 2.953278567329999937e-01 2.820304252380000049e-34
4.288891625629999938e-28 1.151682345269999935e-01 1.660123869200000046e-01 1.548086516720000054e-13 5.270315748779999710e-11 2.228831971479999872e-03 8.716966260159999990e-30 2.202022366069999791e-28 7.165905465290000054e-01 3.433942773479999897e-23
5.116466693410000044e-01 3.526720790379999838e-20 8.836857493420000314e-31 5.364083991310000159e-25 3.223908861730000340e-33 1.526500725940000008e-31 1.431257512269999920e-05 2.972885084080000193e-09 4.843917983630000035e-01 3.947216748430000186e-03
4.213108692949999885e-14 4.203810637700000075e-01 1.322699387160000128e-01 1.344003669229999976e-39 8.876733020789999429e-02 2.641570098820000267e-01 1.662005360599999912e-06 9.442299541870000090e-02 8.180092657199999398e-45 1.769488943819999903e-26
9.499837438860000752e-06 8.969050256850000236e-02 4.361369950219999847e-01 2.434934482159999969e-01 2.096412996030000143e-27 5.277640621609999821e-15 1.871648956860000046e-01 4.350404141829999904e-02 2.671919637909999948e-14 6.172521148809999648e-07
2.329831980959999882e-01 1.524137971109999989e-37 7.818378467510000290e-03 7.591984216299999533e-01 3.812526311170000182e-29 3.088895711559999751e-13 1.805922792010000007e-09 1.142496830889999995e-39 1.532134981999999977e-34 4.863883897889999653e-43
4.338919773079999986e-01 5.190224503790000029e-06 5.332602732509999794e-04 5.621167133160000145e-37 6.121267186109999951e-16 1.372803463620000108e-01 1.142755789160000007e-02 2.011609171690000031e-01 2.149668059260000097e-01 7.339448466720000256e-04
1.480945170940000037e-29 4.684455129709999715e-19 2.793311220420000136e-42 6.819716116509999755e-20 1.645627834429999881e-01 4.556698847280000039e-25 1.673638808889999993e-54 4.260123106270000126e-01 8.355049272009999750e-02 3.258744132099999913e-01
4.969740378999999986e-01 4.089284769669999696e-52 1.106443903220000018e-04 5.029153173050000536e-01 5.516831275429999931e-45 2.034731648140000023e-15 2.707756592889999948e-25 1.580447806800000030e-43 4.046809411100000149e-10 2.415568483759999963e-49
2.870889173979999972e-08 2.207022692950000166e-21 4.000089806439999784e-01 5.999909905550000477e-01 3.870343044549999881e-17 8.713694583239999271e-12 8.280629526690000588e-11 1.708538993689999968e-46 2.856070074749999940e-32 1.871893328530000137e-42
2.914247221130000048e-21 4.559785012840000262e-01 4.644374436240000237e-01 3.477820116580000037e-02 2.369233079809999879e-13 7.618623934269999966e-14 4.480585392630000163e-02 4.460356998029999826e-24 2.989144450240000028e-43 4.152836194849999708e-24
1.477862479329999915e-54 2.990864624609999977e-13 5.141013033850000160e-68 9.458916197700000517e-29 5.145984694420000505e-01 1.802154039499999913e-38 3.510340123920000102e-40 2.250063205270000070e-35 4.146419647929999730e-02 4.439373340789999900e-01
2.048995166100000126e-13 9.984939541159999765e-02 1.118955828600000065e-03 3.606212734470000125e-01 4.576398623460000162e-15 2.529326811729999807e-10 3.214072600470000145e-09 3.178637585199999838e-01 2.205466132439999893e-01 8.136662948510000403e-11
3.817721685760000049e-04 3.492334495239999836e-01 2.510818080539999886e-01 4.507919314800000222e-26 9.372579787029999788e-04 2.547949563060000061e-02 2.080381964940000134e-21 2.366328988380000109e-01 1.362533178060000016e-01 4.337167363619999776e-16
3.352008082250000176e-04 4.832124261689999701e-07 2.469783757269999880e-01 5.020285467779999830e-03 9.751439505389999936e-19 4.823141632950000250e-08 1.664088478050000097e-01 3.117980266750000062e-01 2.694587310939999814e-01 9.801885093469999299e-10
2.051978561890000062e-27 6.563107989409999732e-01 3.164183335679999765e-01 3.219935432649999853e-13 7.846649394489999461e-45 1.606133441270000050e-14 6.694150575240000351e-12 1.034493441750000028e-27 2.727086748430000013e-02 1.399773882599999882e-23
1.531151667590000016e-26 8.034612275630000078e-02 1.397497478429999956e-31 2.094011037120000003e-07 3.907160074630000035e-01 7.031974599280000043e-34 6.888457379029999885e-25 2.310336229910000045e-51 9.486066434450000310e-04 5.279890537360000247e-01
1.684418268150000009e-01 2.134663580760000036e-44 5.541524938279999891e-16 4.399047711200000065e-18 2.617558449310000146e-01 4.015499651699999673e-02 6.116846602600000404e-47 3.186173010250000215e-01 2.110300307109999884e-01 2.376730871569999858e-20
4.278749882580000219e-01 7.497587119470000348e-08 5.999137508549999721e-12 1.551556386980000070e-02 5.565628638949999818e-01 3.522365593359999827e-17 4.649277716310000247e-05 3.629688763049999858e-10 1.583457842829999975e-22 1.585443568749999976e-08
4.251035926699999745e-01 5.507749106079999901e-01 8.341519943160000359e-08 2.312818501980000094e-02 1.299145417179999921e-09 8.027953532250000017e-24 3.192956969620000055e-25 1.020883246920000007e-04 8.925716348109999708e-12 8.911386548309999491e-04
2.583751654209999942e-11 1.803433300329999997e-10 4.076012015509999920e-01 1.468094011160000041e-08 9.242948383330000293e-26 7.469488782510000031e-15 5.923987835620000419e-01 1.675585373790000019e-52 3.417116286309999945e-31 1.440722054620000076e-35
1.514145895389999994e-31 5.121584547790000164e-01 9.495464310499999738e-12 4.628776409980000012e-49 4.731565422020000178e-10 9.496172173920000375e-07 1.438637051749999931e-34 4.878405951199999979e-01 4.287934885070000016e-16 7.069612270539999762e-13
4.732498101600000201e-02 1.777708666229999998e-08 1.063882337849999973e-07 9.849854023180000762e-34 6.829127695580000156e-30 6.297811356509999935e-10 3.906339812140000034e-01 5.616123949160000128e-01 4.972073705649999773e-12 4.285180539720000116e-04
2.492948512659999969e-17 8.559307848729999502e-02 2.697340192049999929e-03 3.441071272730000241e-01 3.504569641900000209e-06 6.199048569290000095e-03 9.947495613180000096e-15 3.109172918629999893e-01 2.498823623210000011e-01 6.002467249269999652e-04
8.398912585259999696e-48 3.737594091270000085e-01 4.106297926359999806e-28 2.886763276130000174e-30 1.964506451699999868e-17 8.808072989370000156e-19 6.262020194109999549e-01 3.822680929569999736e-05 2.573871196560000108e-17 3.446524815119999763e-07
1.201281009819999929e-10 1.771153160969999862e-01 2.132500840000000064e-01 1.873032508699999932e-01 1.704933718039999908e-31 1.960115145599999953e-21 3.262192097469999936e-11 2.232389053120000068e-50 4.223313488809999905e-01 1.046868110489999952e-21
3.255115710359999803e-01 2.145564102580000132e-01 1.580324840959999866e-02 2.087874768750000197e-12 2.491177877399999952e-06 1.578481438850000151e-17 2.811163210529999956e-01 1.630099579890000039e-01 4.159151927779999867e-78 7.453227735140000121e-11
9.277455859139999405e-48 1.431697252999999931e-29 1.510146405359999979e-15 2.037208743900000050e-27 2.540237412479999790e-01 7.459762587520000210e-01 1.177170582679999997e-24 4.280948691150000088e-19 5.900119845759999956e-47 2.125353040579999941e-45
1.862430887510000017e-08 6.917422026830000247e-17 4.000089244910000064e-01 5.999909890529999679e-01 3.317399940080000113e-19 7.249471581659999561e-15 6.783183167080000405e-08 2.643714755000000228e-44 5.919136542829999885e-35 2.953539373249999777e-38
2.267859990040000117e-16 6.789711766620000200e-01 3.010284099039999828e-01 6.390818194689999664e-16 2.000041343440000022e-02 4.884982292790000190e-14 3.970602588750000143e-30 8.359656602839999907e-47 2.193937016139999961e-42 5.560036092960000030e-40
8.455574792979999796e-04 1.081621243470000035e-02 3.280794696950000144e-01 8.375360161009999887e-14 6.602577355209999777e-01 3.936552682309999922e-11 6.332672371310000272e-11 1.024767478620000053e-06 5.774044532310000258e-45 2.945514847570000019e-24
2.143621256329999937e-06 2.995391862060000077e-01 4.317767279180000084e-02 3.334463185880000105e-11 2.759752346009999857e-02 3.248855043029999797e-07 1.553501944349999924e-24 6.296595993169999961e-01 1.707784749490000072e-11 2.354966810409999853e-05
2.639931171900000186e-03 4.372731191040000326e-02 4.635406588739999778e-01 2.272592863590000012e-01 2.489401970600000113e-26 1.521070021139999933e-15 2.628200333549999823e-01 1.273696618070000064e-05 1.076626950020000083e-09 4.028698412070000153e-08
1.341945651260000040e-58 6.578498638520000383e-08 5.057730076329999601e-16 1.003376186579999978e-37 5.426147260409999729e-02 1.535271717170000050e-01 3.221165040670000072e-49 1.469029452150000070e-12 7.922112898919999591e-01 9.320696482550000514e-27
5.175595244400000086e-04 5.472464606680000331e-16 2.121387332359999933e-01 9.844500009739999558e-02 8.801819346270000494e-20 1.389663636069999979e-02 1.106857689480000018e-01 3.335830895729999801e-01 2.307302333579999976e-01 2.978902819869999963e-06
3.815878116240000173e-01 5.639134158659999674e-01 7.782360320100000362e-08 5.432437268209999726e-02 1.128245245449999982e-06 2.730974740130000240e-19 1.728899275799999967e-04 2.556913385690000017e-34 7.660279519139999462e-17 3.038316618299999931e-07
3.802144694769999964e-39 3.122210786189999965e-17 2.611774736170000029e-47 8.922392425340000358e-26 2.165942294769999943e-01 7.365873297380000188e-27 1.674498810589999875e-24 4.140953668880000271e-01 2.979470614660000028e-31 3.693104036359999842e-01
9.741760630350000120e-31 5.696536171899999751e-02 1.001125608840000050e-36 6.069346553809999765e-09 3.986895386970000232e-01 2.920599024530000157e-34 4.112989884430000221e-29 5.263561885060000520e-54 9.817055056580000980e-04 5.433633880089999701e-01
8.494802992199999872e-13 1.150771438180000042e-44 1.247223900460000018e-29 2.044151356249999940e-01 1.949529513440000022e-10 3.166655385309999913e-09 2.148578358690000079e-01 2.178695214780000111e-01 9.320614998960000119e-02 2.696513536760000163e-01
2.050190289530000147e-03 4.391321215759999863e-76 2.869066543079999852e-15 1.628373930479999933e-38 3.065113192959999973e-58 3.439536071389999727e-01 1.026097436979999944e-01 2.950206005509999863e-05 5.513569568130000098e-01 3.913862754820000028e-30
6.277792548959999957e-06 6.387786864279999532e-01 2.084359143679999915e-01 1.127328754229999931e-46 1.498718144320000008e-40 2.981088987029999903e-16 1.813386369390000043e-09 1.527791195980000016e-01 1.496722265909999959e-32 3.753231888089999727e-21
2.610831427600000044e-23 1.077490640530000061e-48 4.590323671010000169e-75 1.109572314469999948e-05 5.029396409569999449e-01 1.160654063719999975e-43 6.339390768129999814e-46 1.999866401130000166e-31 1.057944069200000003e-01 3.912548564000000173e-01
5.360573309539999953e-33 2.403341275960000164e-10 1.157378034580000077e-19 6.037815908450000491e-01 3.962184023840000235e-01 2.421525003689999869e-16 1.399253083620000077e-21 1.646943478389999911e-26 6.530641600710000340e-09 3.119721697299999915e-19
7.708188098400000431e-08 2.920562625509999788e-01 1.873791379040000105e-19 5.265118037590000293e-26 1.463650448969999962e-36 3.156501678890000028e-33 9.733307648899999776e-02 3.926131738799999993e-01 2.360308511810000189e-16 2.179974099979999913e-01
1.007959938450000007e-63 1.346692349669999969e-09 1.749821127409999957e-12 1.581785037149999908e-87 1.291189049859999925e-49 4.019022014940000220e-01 1.950054416429999882e-01 4.030923555150000004e-01 1.966883740830000081e-14 4.617916543150000194e-28
4.786571176789999882e-01 1.879066338870000092e-32 5.677471315900000086e-31 1.044238420730000080e-30 3.188691033220000308e-33 7.672595891659999592e-24 1.249470100160000059e-12 7.286044986680000645e-12 4.206152782090000208e-01 1.007276041040000014e-01
