3.679076122659999970e-30 2.321158316019999759e-13 3.908847570460000233e-19 1.337469015190000073e-20 1.145739736009999954e-01 1.810746556909999903e-31 1.113049857530000047e-01 3.736937365699999902e-01 3.309231105139999740e-01 6.950419356260000014e-02
6.052315614819999690e-01 9.736192823290000176e-32 3.947664488859999876e-01 1.276016642639999997e-10 9.176554891219999294e-27 4.655738131819999669e-15 8.534726379119999480e-26 9.892332864649999682e-42 1.989503978819999889e-06 2.457049782979999790e-34
3.750695205039999980e-01 2.487341513180000019e-01 3.726028484460000062e-07 1.303362291010000090e-12 1.415514291440000106e-19 1.599284176679999919e-02 6.105599099209999686e-02 5.489228656660000150e-02 2.442548362449999955e-01 3.402645606689999839e-12
5.893062452879999593e-06 2.573945635590000099e-09 7.255266038909999630e-42 2.298999845960000010e-01 1.837372989220000022e-35 6.657509402519999793e-03 1.277492219149999886e-01 4.488733765410000132e-01 3.264315137009999947e-44 1.868140119099999941e-01
3.230658177770000185e-05 1.258561703040000056e-02 4.104112602450000202e-01 2.359069657360000022e-16 2.270529306569999961e-01 2.643694494299999933e-06 2.143460692959999899e-27 4.389109036239999850e-36 3.499152417920000091e-01 1.554978829030000033e-18
1.395536256250000107e-01 5.886960976939999685e-08 1.555992135009999972e-28 1.805557170709999918e-20 1.177863015999999964e-21 3.611637442289999923e-25 1.560020690169999960e-58 5.181013838619999978e-01 1.162456324910000026e-03 3.411824753180000003e-01
3.731877945750000153e-35 2.531645750699999970e-11 1.053827793740000034e-45 3.485880324389999950e-06 1.962875920909999966e-14 6.494954575599999613e-02 4.579111795899999948e-01 9.261607664449999956e-12 5.763198388519999997e-50 4.771357887389999775e-01
2.991541286669999861e-24 1.810934158199999893e-18 2.864688532649999988e-10 1.038265341380000075e-42 1.448526925159999930e-62 7.724790888250000487e-01 2.275209108879999997e-01 1.245971537860000006e-16 5.963422084459999708e-19 8.764060770519999748e-59
3.522201119970000171e-07 2.523325124380000110e-16 4.638032430340000012e-01 1.799386124889999906e-26 2.369245665520000027e-32 1.184940125240000044e-16 1.412748471980000059e-05 4.967206436880000076e-01 3.946163357370000013e-02 6.753921335029999612e-29
3.143266546929999739e-01 1.085971541140000052e-01 1.365190954009999985e-05 6.315307081139999527e-13 6.863433843639999383e-14 1.983819231460000054e-01 2.943089986039999947e-29 1.449676751410000075e-01 2.337129400730000028e-01 9.224892223919999764e-10
5.388016501460000073e-03 7.393999901749999627e-16 3.703541937919999933e-08 4.703126901970000051e-01 1.507844371280000050e-15 5.242992562670000245e-01 3.599414843429999969e-22 1.159375073330000040e-29 2.795395311459999972e-41 3.674208975239999948e-17
3.114554839180000076e-02 2.573012777479999902e-01 6.406976420409999676e-23 2.684782293600000066e-16 3.126452710770000304e-39 4.608820896079999785e-01 4.854558589790000240e-26 2.506710842509999870e-01 2.370938333440000197e-43 4.217371778100000355e-18
1.811113015240000124e-01 5.553949061469999525e-17 6.979082997369999708e-01 7.413352236030000310e-08 1.164678889879999930e-11 1.209803245890000017e-01 2.847261086320000131e-33 1.220188132560000071e-57 4.673434159120000056e-12 2.424466141190000097e-29
2.507462176390000061e-03 2.463486242820000159e-70 5.714530727650000141e-01 3.808066931660000209e-01 1.969221769539999993e-24 2.302616548470000106e-39 4.405846102279999815e-02 1.589885187860000100e-28 1.174310869269999972e-03 1.094843751640000075e-21
9.581855926910000166e-23 7.350973988119999802e-01 4.753256864409999622e-06 2.569294610310000129e-43 1.727542233350000123e-01 4.689514843760000037e-17 3.846090585039999909e-75 1.115845394550000025e-36 9.214362459609999612e-02 5.393245548639999492e-29
9.489536676130000750e-03 5.761793608599999775e-65 2.200302936729999881e-38 6.504953854969999685e-22 4.917688003670000107e-48 1.143473008289999934e-111 1.479256247949999966e-71 4.130765789270000043e-01 5.774338737940000188e-01 1.060321640440000054e-08
6.352014242489999900e-75 6.502768455449999818e-01 6.461629866609999728e-49 2.060543741549999934e-41 5.552609817870000257e-04 1.015580722150000063e-15 3.491673008439999948e-01 5.088433179810000438e-16 2.906040338339999837e-20 5.926294487250000002e-07
1.533078059789999953e-22 1.284638380149999985e-30 4.428820118469999900e-01 2.760036739610000073e-48 2.563569205090000166e-29 7.026543911529999608e-26 2.897721629909999957e-49 5.360157284480000097e-37 5.571179881529999545e-01 8.996853218749999608e-62
5.090057779250000086e-15 2.497027845249999989e-01 5.042892753640000336e-01 8.176318969330000017e-35 2.460076877669999940e-01 7.452748176969999260e-15 1.236603445880000062e-58 7.733352803950000336e-47 2.523434007339999940e-07 2.625292384570000118e-34
3.653807447900000226e-25 6.894581023259999952e-48 1.442098468050000137e-01 4.456477053769999919e-01 2.298168149450000031e-01 1.763950148839999928e-15 1.803256328729999913e-01 5.173463716659999999e-105 1.192601768750000092e-25 2.946746565959999916e-30
7.440825261810000524e-05 3.121336664509999914e-01 8.436753402889999596e-26 9.602875838990000395e-15 1.943970555039999921e-13 2.010071963210000042e-14 6.613643803899999576e-32 1.906763561039999944e-01 4.169738422750000062e-01 8.014172691729999631e-02
4.940530510569999975e-29 1.562912253090000105e-44 2.131238425680000000e-25 6.923025605999999376e-14 4.675863779039999835e-01 2.364874720829999867e-75 6.717602869790000303e-13 6.497251998810000220e-16 2.637992996799999879e-01 2.686143224149999953e-01
1.033736834000000030e-25 2.324326402690000106e-09 9.448851503529999418e-02 2.917900616930000026e-21 7.439314797290000542e-08 1.734831023370000047e-04 4.633938789350000031e-01 1.433271977450000114e-13 4.419440462099999967e-01 5.607464280739999521e-20
1.414569872160000019e-01 3.293716940400000169e-15 2.806828996679999744e-01 2.020206482509999957e-01 3.231052238810000064e-19 1.573265618080000039e-01 2.184974668899999917e-01 1.543616765919999910e-05 5.797093790890000011e-27 1.051204478270000040e-16
1.892378409380000015e-01 5.083701635230000215e-23 3.095935833699999806e-01 1.214308156599999966e-01 2.936479976120000002e-01 1.004412635349999913e-24 5.981905143999999829e-27 6.076842831800000051e-08 8.279174514510000138e-02 3.297956505849999800e-03
1.292483742159999935e-22 2.626874645740000006e-12 2.157436615510000050e-08 6.538614958470000328e-46 2.207766794639999947e-55 3.336085716769999765e-01 3.983561634110000015e-04 6.593753015379999471e-01 6.617749044210000271e-03 1.026868215930000036e-51
8.995023639110000160e-04 5.035296525829999759e-01 9.384994688540000534e-08 4.625539919919999798e-01 2.245910043899999875e-02 4.934783481610000022e-03 1.638573125449999991e-04 6.527674995259999879e-13 1.479288604429999950e-12 5.459017975719999624e-03
9.707292526810000769e-18 8.935953825430000275e-16 1.003343996960000041e-45 3.686790992380000187e-01 1.308924226650000057e-17 8.997517652510000477e-13 6.645202951629999855e-04 7.271565928559999782e-15 3.334408091620000252e-64 6.306563804660000327e-01
6.062988100699999716e-01 1.648880310899999979e-01 9.776615413430000522e-04 4.508327878590000294e-15 8.378079349559999778e-02 7.408909615590000330e-07 1.092556696510000044e-79 5.388260391839999966e-31 1.440539629129999888e-01 3.789858798920000349e-15
5.039778456639999460e-01 1.677150002199999988e-11 7.359923134409999625e-07 1.206885836309999978e-11 3.928651258620000111e-10 1.487288187069999962e-10 4.279836436209999952e-52 2.201198931299999933e-29 4.960214177730000173e-01 3.805937413770000331e-15
4.836419347509999800e-01 5.159382164089999501e-01 1.394539102079999950e-07 6.654422624900000290e-14 6.372151429159999958e-16 4.197093601229999861e-04 1.525341666039999999e-29 2.574261684879999986e-11 2.473702354769999978e-20 4.363908384029999779e-18
2.883210295620000254e-26 9.679056739560000679e-06 1.926524317429999900e-24 6.906962927370000071e-06 4.242074361889999611e-06 1.342056206480000125e-01 4.513455124440000077e-01 1.417939036729999880e-01 1.621766066279999968e-35 2.726341351400000113e-01
2.297401915000000031e-02 4.120983563109999796e-33 3.868299570059999803e-01 5.901959984919999957e-01 1.384973737360000045e-14 2.800235025030000188e-13 7.939342848269999413e-12 1.424498252569999955e-42 2.534366833010000099e-08 1.898547437989999963e-21
3.670472376199999942e-02 2.366764086360000100e-19 7.955346829440000545e-14 4.143928638200000125e-01 1.031423684610000031e-18 7.557515997089999916e-15 8.711355046589999234e-19 5.488915099740000469e-01 6.810207339479999816e-16 1.090244386489999949e-05
5.011960540369999781e-22 4.842483409500000229e-13 1.227682768910000079e-16 1.501284759780000096e-16 2.446346295060000007e-25 1.136636730749999991e-02 5.111671595219999809e-01 4.774664731700000164e-01 1.479416151289999862e-20 6.317691583219999782e-17
3.798641824129999750e-09 4.560220441070000030e-17 5.024830338119999906e-01 5.005000001899999747e-20 4.645526242259999747e-32 4.975169595280000134e-01 2.455967280279999841e-09 1.271749141680000055e-26 4.058120677230000092e-10 5.194004092979999619e-40
3.864138323169999822e-30 5.136107708289999740e-01 1.699479002669999897e-17 3.540108384739999840e-47 4.646913181980000244e-10 6.429597159480000158e-15 3.911858619279999867e-34 3.255955998100000110e-21 4.863892287059999875e-01 2.052477072949999834e-24
2.758247504179999754e-01 6.456992132000000106e-01 3.545173172330000246e-20 6.949369360609999782e-15 5.221075882770000373e-10 4.428186383269999771e-19 8.599344770559999573e-54 4.620318615480000293e-03 5.178005213229999737e-02 2.207566511230000042e-02
5.924919484330000256e-17 1.244239124699999989e-21 2.794189898089999985e-02 6.128832642530000069e-02 2.710385645419999823e-01 6.397312099180000322e-01 1.335169617560000067e-10 4.971906168590000219e-71 3.317109745929999920e-38 4.578588642010000193e-24
7.152667392910000123e-14 6.347994729280000150e-55 1.290771749399999940e-05 3.886945459539999925e-01 2.579993644950000106e-19 1.709014844239999929e-26 6.112925463289999861e-01 4.740064367469999890e-31 7.624091467859999924e-26 1.347800856410000012e-22
1.956882354699999856e-23 3.436674003449999905e-15 5.194765369110000419e-01 2.562005521100000121e-14 9.850951422059999744e-09 1.583890218950000095e-01 3.221344313430000161e-01 3.782198781000000180e-38 2.088983529329999970e-27 3.564566751129999899e-36
3.925246028189999792e-01 1.490403195710000023e-46 6.074753971799999874e-01 5.587907354059999934e-21 9.946549837790000270e-45 4.508704437230000125e-30 4.117870200659999846e-44 3.180150837219999838e-36 6.449080253220000427e-13 2.064843690149999892e-58
7.964612193070000518e-07 3.097868330090000079e-49 3.196364917340000227e-04 3.742565653659999936e-01 2.065545698080000011e-13 5.295849785150000239e-29 2.194628627110000054e-08 1.018623697840000022e-22 6.254229797329999840e-01 1.621363482330000067e-12
8.650045705079999904e-13 1.717257377889999973e-56 2.850585020359999917e-05 3.886877454150000077e-01 4.221064786050000135e-19 8.367842682109999911e-27 6.112837487340000431e-01 1.230096881829999976e-30 1.348171015740000045e-23 1.293009842530000018e-19
3.006109331460000145e-01 5.632129044479999572e-35 1.893246154409999882e-01 5.859791817209999802e-03 4.696566249000000239e-31 1.264941713439999929e-12 5.042046219110000171e-01 3.768406676609999769e-08 2.180189541189999996e-16 3.856864459040000122e-19
2.469960188549999991e-01 3.073276941210000166e-18 1.424956850919999968e-29 4.784247596919999901e-01 2.574313035709999981e-47 2.745792214369999762e-01 6.649345830780000472e-19 1.677746918039999935e-11 2.360044804330000006e-61 1.453083076520000094e-16
6.096320442689999730e-01 1.704553577390000019e-01 1.315365062320000050e-29 3.554907669280000238e-13 7.322583578680000113e-28 3.755723387369999992e-04 2.065509883410000022e-66 2.195370238590000078e-01 6.082621948099999597e-26 1.793507063529999961e-09
3.284914629999999974e-02 5.868858875909999708e-20 2.105828151410000063e-10 4.658286554550000041e-02 1.162925715279999980e-37 3.766037557010000203e-01 3.500793280380000150e-01 1.938849042050000138e-01 4.290235627290000169e-44 1.650996032980000100e-20
1.786153845849999943e-21 2.186223470879999908e-02 1.236817989510000074e-05 1.275943802029999915e-15 4.926647414759999788e-01 4.854606328519999736e-01 2.278322731530000006e-08 1.359055263819999887e-38 4.930505507549999546e-25 2.722425722410000121e-24
6.153594226720000219e-05 3.906454784580000238e-21 3.157748389940000140e-27 2.743658921439999787e-01 2.290835279179999909e-51 4.374501286540000144e-01 2.756828628870000020e-01 1.243958037149999959e-02 4.123843503409999778e-50 1.248142103659999936e-12
1.441443883410000040e-29 1.681963379609999971e-07 5.074915589119999866e-16 9.376768151569999501e-57 1.522468884770000011e-24 5.106531314939999593e-25 4.263622585139999867e-29 4.705268970209999790e-01 5.294729347829999488e-01 2.043204543040000070e-29
5.505621559130000244e-15 5.490931875140000289e-77 1.602918094109999919e-36 2.155264713549999989e-01 8.190505061290000686e-30 1.526332041090000019e-82 4.342285543859999986e-01 7.077448693239999923e-07 9.243459226370000169e-18 3.502442665150000134e-01
1.056611419819999933e-26 8.543017173390000608e-39 2.275794183940000048e-01 4.918874860849999926e-18 3.848567749899999696e-02 1.295221915530000025e-39 2.659040886580000262e-01 6.714700226619999506e-44 4.680308154489999928e-01 1.064486150150000108e-25
3.871509345890000175e-01 4.457699633810000109e-11 2.806561932100000156e-01 2.487048962540000177e-22 1.245991704940000012e-13 9.245364000380000306e-21 2.544098924140000121e-74 9.316630489800000782e-10 3.321928712250000193e-01 4.691612208900000011e-23
5.299569241249999507e-01 1.606593117380000026e-60 1.513803678399999977e-22 4.700430758749999938e-01 6.147700875369999907e-38 6.321205900049999924e-34 2.606107564370000094e-69 7.802818548179999756e-64 9.699973523389999878e-57 5.417234272310000301e-31
4.564610899370000197e-01 2.354161839380000027e-17 1.150035539189999930e-12 1.932571783590000097e-20 2.062381204049999878e-41 4.453509960739999521e-16 4.110881183820000278e-49 5.435389100619999470e-01 8.079819475090000065e-14 7.799796846050000203e-27
3.155517273589999814e-21 1.386861886220000029e-03 1.710109449570000159e-08 1.449934390040000103e-17 4.939191606239999865e-01 5.046939603890000514e-01 3.211172478509999844e-35 5.542883671810000038e-40 3.364179639110000088e-21 2.215300405959999961e-22
6.080813673560000304e-55 3.384576428170000262e-01 1.024267182519999970e-13 3.270506811929999859e-50 3.379046342970000172e-01 8.370388384269999741e-20 3.084618652550000055e-03 2.176843711340000207e-06 3.205509273900000178e-01 2.675430120810000123e-18
2.428884449000000202e-16 2.463307460889999989e-26 5.224856472500000182e-01 1.460187287170000014e-01 3.265300754439999786e-01 4.965548589289999794e-03 3.309948902320000104e-34 4.800356099260000185e-122 1.883429071189999896e-46 6.606344055800000232e-38
5.500489237160000044e-01 4.180802810020000124e-11 4.503981093850000205e-27 1.658845464390000028e-10 3.983367917589999724e-31 3.046020565939999890e-16 3.531566743260000358e-18 4.499499746899999764e-01 4.218257568040000218e-16 1.101386547059999961e-06
1.795434730119999988e-18 1.225028377749999980e-01 9.660368228220000393e-26 4.334033552099999880e-04 1.235548319380000036e-03 1.344941918359999934e-05 6.660826438289999540e-01 1.592487249439999961e-06 1.625079772999999994e-37 2.097305248150000134e-01
4.458784606140000145e-40 3.155710334969999975e-01 1.680762055510000113e-23 5.054175392539999771e-31 3.168281684090000216e-01 2.287167800359999847e-13 7.597368762620000660e-02 2.511597798020000116e-09 2.915925503030000199e-01 3.455765226229999976e-05
8.929192425170000464e-05 1.853900653500000078e-65 5.955895843959999603e-01 4.041812792750000272e-01 1.906170139779999944e-24 3.839862772909999860e-39 1.398308982639999876e-04 6.919423377410000125e-21 1.350654834989999939e-08 1.790345130639999866e-20
4.718350838979999962e-01 5.217739316690000136e-12 1.078746076860000049e-05 1.762479779659999884e-02 5.105289981220000328e-01 4.252347909359999627e-18 9.761091036709999587e-34 1.298115549160000059e-26 3.538170123260000074e-16 3.327170322730000004e-07
6.914792472940000101e-01 6.957075109130000210e-26 3.085207499279999932e-01 6.583745155739999858e-13 7.190068981339999617e-24 2.778058672910000188e-09 1.862520689840000137e-64 2.535774129079999928e-74 3.806330306319999641e-27 2.721475508270000002e-52
2.492601147000000072e-01 1.881964774880000075e-37 1.955217747540000106e-01 1.582890167970000087e-07 9.352436438950000134e-38 1.715120811509999955e-18 5.552174429249999710e-01 3.009207156869999932e-11 5.093019147720000117e-07 3.117507327740000057e-27
2.671530406079999920e-02 3.792547878190000166e-02 3.347018169099999951e-12 9.695453413120000419e-02 1.287879840470000092e-01 3.927111674339999747e-01 9.627030846239999662e-39 1.064835986859999940e-12 1.201563734349999970e-18 3.169055315400000072e-01
2.525958901040000204e-01 3.118861485270000082e-18 2.338875316510000135e-01 8.563374628750000661e-02 2.981837393270000150e-24 8.169119622010000137e-02 3.461916357370000141e-01 8.845537933430000484e-13 3.668000595149999885e-19 1.307411122930000020e-23
8.281981707680000420e-75 7.216178203039999716e-06 4.428783580549999798e-46 2.121972809649999951e-65 1.730027200600000053e-15 1.207539531609999994e-28 4.007061423050000126e-01 5.989918676440000311e-01 2.947738733330000117e-04 2.192565131730000106e-15
3.870381728349999672e-15 1.982050526270000162e-06 1.903244913699999891e-04 4.992717806800000170e-08 2.655409685210000093e-01 3.138410848589999746e-01 1.846410756999999903e-01 1.898529747640000085e-15 2.357844503360000121e-01 6.411428247230000427e-08
1.277275169819999990e-96 3.505322136909999891e-10 8.352961357680000193e-66 1.340240061670000009e-48 3.353755792099999986e-06 1.165935710810000046e-38 5.185065444369999499e-01 2.931553454479999821e-01 1.038204276469999967e-21 1.883347560080000094e-01
2.143947103129999863e-17 1.064371068949999968e-19 1.534321288859999931e-02 1.188185794879999951e-01 2.235705620150000017e-01 6.422676456039999593e-01 5.005470900630000011e-12 1.517891552590000113e-70 9.324990103350000591e-39 1.026867716979999954e-26
7.957457462150000493e-01 1.447562542370000015e-07 6.929397822789999692e-23 3.570959262859999814e-16 1.102012065619999986e-05 1.275214136120000119e-38 2.519910414489999969e-59 1.419003922610000068e-07 4.790220849730000320e-03 1.994527261579999988e-01
5.131155311740000224e-03 1.151491938050000082e-15 5.053178072119999723e-08 4.704826823850000173e-01 1.047186196519999953e-16 5.243861117710000297e-01 1.351427089959999903e-22 1.660677477129999889e-29 2.127355600799999873e-40 3.086942852799999841e-18
1.078399646710000071e-06 2.353856894720000037e-01 7.610067504179999645e-06 7.663874723549999583e-28 1.638159152060000097e-10 7.489970993890000458e-19 3.680590493489999703e-49 4.377023592400000052e-01 3.269032626560000043e-01 1.881668558609999996e-16
4.767152462409999791e-01 1.021577495070000021e-11 3.052276422009999756e-07 1.055312583109999959e-02 5.127311280980000330e-01 4.308759169169999779e-11 3.212255837510000065e-62 1.197243982600000015e-29 1.156847655519999884e-16 1.945493234990000109e-07
1.791838515349999985e-32 2.795355068109999785e-01 1.140810892559999956e-01 9.730676400239999320e-89 2.347932502720000076e-54 5.926837403160000080e-03 4.247938278949999757e-01 1.402503391079999995e-01 3.541239952689999998e-02 2.817338061399999918e-80
1.063585997280000056e-01 4.268413623530000130e-23 7.101257144650000019e-03 8.632577451959999647e-05 1.670489134819999979e-10 2.483021050779999782e-25 4.333813723080000013e-01 2.083085697990000040e-01 2.445776283030000053e-01 1.862467761709999954e-04
4.760931367269999881e-01 8.022755156129999380e-15 3.564450554570000045e-07 1.146262808319999972e-02 5.124438681399999806e-01 1.312784201359999977e-20 1.015190990629999950e-33 6.042016643070000249e-30 1.667721276359999982e-18 1.060455831609999974e-08
5.628488432610000129e-21 2.616509558820000233e-19 2.343465945809999960e-23 1.472125913539999997e-01 7.242633275990000008e-02 1.073998869670000037e-16 3.632773288419999802e-01 1.012090353799999928e-27 1.137276453690000047e-30 4.170837470439999750e-01
7.314603886299999580e-01 8.912261775269999589e-17 1.490024885169999917e-29 2.975860087370000246e-14 2.069163652650000049e-72 2.685396111839999933e-01 1.310230535330000125e-35 1.861533273799999874e-10 6.976799893809999343e-61 7.457580512550000220e-31
6.166733835089999772e-27 1.496938271359999906e-01 3.412536235709999755e-01 6.433066971079999803e-22 2.589147323120000177e-01 8.997547094510000010e-02 1.541395995690000020e-01 5.804482419579999690e-09 6.022740661479999633e-03 2.728823204209999920e-20
4.850449516289999882e-26 1.693857923410000065e-18 1.001392468000000043e-19 6.395023804770000320e-01 9.121812447649999957e-06 3.604865207879999756e-01 1.976922493030000041e-06 1.418195280630000007e-52 1.302098510830000006e-68 2.042010876950000027e-16
6.052315319969999718e-01 5.760246101050000094e-32 3.947669259500000138e-01 1.599012770149999887e-11 1.304945559200000079e-26 3.647235448179999786e-14 5.840965201649999458e-26 9.687174604240000568e-43 1.542037062520000084e-06 7.607310653750000268e-35
5.713366461240000038e-15 2.018445930960000023e-01 1.522075054470000133e-01 6.570989274680000191e-14 2.517541108649999915e-01 4.770837061660000017e-02 3.462239369710000125e-01 1.118846806259999913e-22 2.614830039930000124e-04 1.978029409809999957e-14
1.755018092580000119e-02 1.437827166699999936e-33 3.892313628710000195e-01 5.932184457870000038e-01 2.431874256499999916e-14 1.083775272539999948e-13 4.495494391000000162e-13 5.957228872690000021e-45 1.041607463469999944e-08 2.579119108279999944e-22
2.810281703429999877e-25 9.656136233850000638e-19 5.194754401050000192e-01 2.046023506910000064e-12 2.184214117829999857e-08 1.583905552029999941e-01 3.221339828479999889e-01 4.911921262339999741e-42 1.048137057279999923e-28 9.855115588929999599e-36
2.034996523980000080e-20 1.365907092450000043e-11 1.631220725390000069e-06 2.108818340779999952e-45 5.934832674590000421e-56 3.361274605569999907e-01 1.469677967430000126e-13 6.638709082060000322e-01 2.100563530699999923e-12 2.017622305319999830e-52
8.293473391290000140e-13 1.726379197299999964e-20 1.105669657370000058e-35 3.130091917999999751e-01 7.714989343389999481e-39 6.869908081979999581e-01 1.890621028460000033e-12 1.791603732830000072e-18 7.009325369230000499e-92 4.500534757789999855e-17
3.494919116070000099e-21 1.597350899210000085e-47 8.333446498689999644e-61 7.719130237410000150e-01 2.597965506679999936e-53 2.855935249500000066e-22 2.280869762440000115e-01 3.320191517870000095e-19 2.972132109469999875e-77 1.477034398710000135e-11
2.722034041370000091e-21 2.165682163309999922e-02 1.165297715700000011e-05 8.334951604520000214e-15 4.927320738200000050e-01 4.855994319590000163e-01 1.961090278129999886e-08 7.436851472710000036e-38 3.561026780819999939e-25 5.523623088869999775e-24
1.777524978320000152e-39 4.755783791729999674e-10 4.305042427299999994e-56 9.338882844570000676e-24 4.240153144730000037e-15 6.416814287640000049e-27 4.665790005050000008e-15 7.434637253660000278e-01 3.032462607010000078e-37 2.565362741580000105e-01
1.041365155879999924e-46 4.673319588040000250e-01 3.726464711980000247e-27 2.725775712369999960e-24 6.837528063310000523e-04 2.593104179469999937e-01 2.726738704430000104e-01 5.548751693479999642e-38 6.859409465119999612e-46 1.156065457020000089e-19
6.098407165370000049e-01 1.718665299580000028e-01 7.358795564179999757e-26 1.416275306880000037e-12 8.709850450169999286e-25 5.118864428380000197e-09 8.046114448660000268e-32 2.182927002020000062e-01 7.623774796199999983e-26 4.818253865730000265e-08
6.098482523379999964e-01 1.720430260970000069e-01 1.364645915159999942e-26 1.364620542570000003e-12 2.769220013639999968e-27 1.751249605970000091e-10 1.883862715000000024e-31 2.181086904879999955e-01 2.963467501069999832e-25 3.090048739579999899e-08
9.413326732519999851e-02 1.131072371579999970e-20 1.913999576839999982e-11 3.541264314090000198e-01 1.327671950400000039e-12 7.990500479899999662e-25 4.922607726539999888e-03 5.172874572469999821e-01 6.662292183009999950e-13 2.953023627090000172e-02
1.373543889439999936e-02 9.112467698700000220e-23 2.603510195209999822e-01 2.858411953400000205e-01 1.656493022620000033e-01 3.383879299220000002e-19 1.621238773670000046e-21 8.625269693879999545e-18 2.744227628470000124e-01 2.811364489259999967e-07
1.904525625559999949e-02 1.558639920559999929e-04 1.178328174960000018e-03 1.493895103600000052e-01 1.584828959419999975e-04 3.146556828170000153e-01 2.737705821990000244e-10 5.784952142459999849e-03 1.470114357460000076e-01 3.626204873419999752e-01
1.257896429040000088e-37 6.885284631559999837e-13 4.021160433640000280e-31 2.390334316480000162e-67 2.216268864780000001e-38 1.123568281310000050e-31 2.266701456739999990e-22 4.204534888179999874e-01 5.795465111819999571e-01 2.548416292489999867e-33
4.528743799990000102e-38 3.512967551049999672e-18 1.432705751660000032e-21 5.620513050250000388e-12 4.652603484219999808e-01 5.485319851090000299e-14 5.347396515719999854e-01 1.713240383580000115e-54 2.339582824789999853e-34 5.294445395679999991e-16
9.531164220409999789e-12 4.663175040339999854e-63 4.496638788529999802e-37 1.127495810239999970e-14 1.969765886450000095e-29 7.571299597680000475e-103 2.729395057390000207e-31 3.693891194490000335e-02 4.920885548760000061e-01 4.709725331699999851e-01
3.575707689400000056e-28 2.820208057680000172e-61 4.890444582360000125e-01 1.190842661509999983e-01 3.003847755110000128e-01 7.823056380560000031e-27 9.148650010200000404e-02 2.392833447620000177e-93 5.486172371570000474e-32 2.319591502550000156e-33
3.716755684849999725e-33 4.566976275670000337e-21 8.122463790930000557e-06 6.778791690400000160e-51 1.066416330869999957e-58 2.801926737239999743e-01 7.197992038120000213e-01 2.991497285209999882e-22 3.937286497370000134e-23 2.009785407980000083e-84
4.726178955750000021e-01 1.111862960439999988e-10 3.064637115570000143e-06 1.649224065579999940e-02 5.108867006220000340e-01 8.289014181259999826e-11 3.381956873350000098e-48 2.034847043539999939e-29 9.423466600140000237e-08 4.081399543059999587e-09
6.467592714379999638e-11 6.456848395819999392e-42 4.346296048719999863e-32 6.497814687600000381e-33 9.016616811819999557e-42 3.277285274920000213e-73 6.710156720399999720e-52 7.044604528140000488e-01 2.955395471210000014e-01 3.299439082620000233e-16
2.272881742639999983e-24 1.810235867239999923e-55 1.625736611299999930e-63 4.579808862879999887e-02 1.332863391559999969e-49 3.524320424330000040e-32 4.718286203870000195e-01 3.256533928140000200e-01 4.991959989659999641e-50 1.567198981709999883e-01
1.434529401859999982e-06 2.353873585169999894e-01 1.985650472259999954e-06 5.895143591150000116e-28 2.884411746679999986e-10 6.068071720340000173e-19 7.603338213689999720e-49 4.377009685739999822e-01 3.269082524410000246e-01 1.667235283540000037e-17
7.420994766569999524e-19 2.405634031480000101e-01 7.929908772849999806e-18 1.144413140960000027e-21 1.822659722080000088e-03 5.818274663929999643e-16 3.612142461719999911e-17 3.538226703869999830e-03 1.959049303020000132e-01 5.581707801240000100e-01
1.659894881130000129e-17 2.240663411380000105e-20 1.530043048640000042e-02 1.189360308249999970e-01 2.234752000530000060e-01 6.422883386309999887e-01 4.059181111980000171e-12 1.539966969889999884e-70 3.207893497230000266e-39 7.494012131250000023e-27
3.979824323629999744e-02 1.729931717940000081e-30 3.794651037930000248e-01 5.807366529649999887e-01 5.665132197819999597e-12 3.286527578960000001e-14 7.766978338960000175e-20 2.438104624479999968e-38 5.944407651689999910e-15 3.002667118719999843e-19
7.880648356689999915e-12 4.689022033279999779e-01 2.836477207320000082e-01 4.585594267540000148e-27 7.463629061989999892e-07 2.474493295569999973e-01 1.243124733400000115e-72 1.602004512180000038e-41 1.222324743720000019e-11 1.141594488349999999e-35
1.064953417440000068e-23 1.709705751690000100e-07 1.213747229139999971e-26 2.082279994020000136e-01 2.828873278460000140e-01 1.904620513299999929e-01 7.724967602340000597e-09 4.598068551209999974e-26 4.796566565500000275e-33 3.184224427260000101e-01
3.260999894689999845e-01 5.195173933609999703e-22 2.623244382489999841e-35 7.225962627279999799e-20 1.113159399030000003e-24 6.197366697840000217e-52 3.260774702890000079e-82 9.595042014880000251e-04 3.779936632399999996e-01 2.949468430889999881e-01
6.097448348580000177e-01 1.712823823409999890e-01 3.219528853619999824e-29 8.043123117960000354e-14 6.357043377360000168e-28 1.781382981980000055e-04 4.209611755200000092e-66 2.187944752019999883e-01 3.435293377949999898e-24 1.693011096120000054e-07
1.353216269589999909e-01 4.977627797519999569e-04 5.849492963350000347e-43 7.946909884679999925e-14 1.039601606459999998e-51 3.661359788379999758e-01 5.213352751920000204e-63 4.980446314240000172e-01 8.205374060629999989e-51 1.526592263070000047e-13
2.174410487550000048e-01 1.161555546049999994e-16 5.021593209099999993e-25 2.024327910179999912e-01 2.669292366530000174e-26 8.973037575379999429e-16 2.931229599820000045e-02 2.332659687629999867e-01 5.042534797389999898e-20 3.175478954659999853e-01
1.277807376419999937e-23 7.527570566619999676e-29 4.919323433200000206e-01 6.491146561169999836e-25 2.452345896030000052e-26 1.118581915949999954e-10 5.080676565680000145e-01 5.806381475420000276e-31 1.065876993710000036e-13 5.206380657489999935e-48
4.728569333479999970e-01 1.765812146810000096e-11 2.107970596039999900e-06 1.614480631289999871e-02 5.109961416860000494e-01 2.048156834609999801e-09 5.587290961000000215e-64 3.522997515099999961e-30 4.807335690559999960e-18 8.617186177570000241e-09
3.405505459770000187e-01 4.544653891879999900e-05 1.717750243610000009e-06 7.626893586380000483e-23 5.738639245540000139e-05 1.424909371430000001e-26 3.980596805109999880e-73 1.707517810160000043e-03 6.576373854629999904e-01 6.856943144470000360e-11
8.577793243650000663e-31 4.678448807030000101e-01 5.212156829740000033e-13 1.437749392249999985e-52 2.146547700009999809e-37 2.591853675829999815e-01 2.729697484040000122e-01 3.180636688770000037e-09 1.290341000050000039e-10 1.345266370269999993e-42
2.397741434730000107e-19 5.519147005489999865e-30 1.671130006780000034e-51 3.552119372559999766e-01 5.882612061890000065e-36 4.059589870039999976e-13 3.992972945019999768e-03 7.625671159700000508e-07 3.610021994690000195e-48 6.407943272310000493e-01
3.816517943409999947e-01 2.649414006310000236e-01 3.502187069739999856e-13 7.886309593639999751e-20 2.611178112559999764e-01 1.298033835429999894e-26 1.510851870590000119e-104 2.289686397650000128e-12 9.222898934949999572e-02 6.000441983609999786e-05
3.692385828349999954e-01 1.478219766310000089e-22 2.318947535389999925e-01 8.548290414300000631e-21 7.832469868839999925e-20 4.091345823260000051e-30 3.193733502339999818e-32 2.245473654919999790e-19 3.988666636259999843e-01 4.673470440450000296e-30
1.048109307829999965e-03 3.175667091990000209e-48 6.010501036090000193e-01 3.979017870800000134e-01 1.381475008210000037e-17 4.513903895699999564e-28 3.212886758889999836e-12 2.417051400899999907e-33 5.964592912149999605e-13 2.100163859419999881e-25
8.040295669259999839e-75 5.576003750140000047e-06 2.913179418190000149e-45 2.411271227329999827e-66 1.207679166290000065e-15 1.133074137899999993e-28 4.006577990949999890e-01 5.989134701410000483e-01 4.231547598289999790e-04 6.513950165629999940e-16
3.565518640799999839e-28 1.023401418380000016e-36 1.044971622089999962e-47 7.906158324720000404e-10 6.702360344200000153e-01 5.111917915619999589e-59 6.253260738070000141e-49 6.329951820149999882e-47 1.076275804930000006e-26 3.297639647899999749e-01
2.507448299230000122e-01 2.942719843489999802e-17 7.580021816150000005e-06 2.623640170400000082e-01 3.340035715619999826e-19 1.749822020650000087e-01 3.119013709449999783e-01 6.752132066669999653e-20 4.974542985350000102e-12 9.316315623200000212e-18
7.916646414009999344e-18 3.980768439560000390e-37 4.213553453929999730e-24 4.599011061420000268e-01 5.400988902240000389e-01 1.938523903150000052e-37 2.457737735780000149e-19 5.868589174319999832e-59 7.622718538780000197e-31 3.633408436029999845e-09
1.281418331450000052e-02 1.700872612619999946e-01 4.791929881419999966e-11 2.395192758920000053e-01 1.467658925920000135e-01 2.899417818880000164e-01 2.373260928360000108e-26 5.342391210800000167e-13 1.764931336019999956e-10 1.408716048260000020e-01
1.835887680119999976e-01 8.589956008559999854e-38 2.369749441260000186e-18 1.362005832049999943e-19 5.241460095159999939e-130 3.297481229179999849e-04 3.631418391140000015e-19 8.160814838650000125e-01 7.249075968509999851e-35 9.023544568929999148e-50
1.962886170500000027e-01 6.983723350399999308e-02 1.658639077620000028e-06 9.354504414610000443e-03 5.903024560039999654e-06 1.009194567370000004e-02 3.014126020569999898e-01 3.579899701470000155e-07 1.244792025619999992e-01 2.885279750859999770e-01
1.919824969200000083e-03 1.571945408290000038e-57 9.210149600819999866e-05 2.927282194049999897e-01 9.964108364050000459e-15 1.873173234860000013e-51 1.174618680939999993e-01 1.641717192010000062e-24 5.877979860340000196e-01 1.174312490069999973e-12
4.274801850420000271e-01 7.362271022769999986e-41 5.332594743800000469e-23 1.468840991020000097e-01 5.497444068190000535e-20 7.488217490540000792e-40 6.209412218350000443e-45 2.165234450129999958e-16 1.913249295779999852e-08 4.256356967230000010e-01
2.544028962680000006e-01 2.001493248860000061e-15 3.895138585230000228e-01 1.447740799849999974e-21 4.088090062450000106e-54 2.538028454030000214e-01 2.917176839620000161e-16 1.022803998059999969e-01 1.471556820650000099e-25 1.051630415999999935e-45
6.238956467660000218e-48 4.012470758360000000e-01 3.331236600960000131e-34 3.682780066779999791e-27 6.933200399500000402e-06 1.699890027569999906e-01 4.287566601830000157e-01 1.629581208500000028e-12 2.784652415719999912e-17 3.280218931100000194e-07
5.984213284099999908e-44 4.261870571899999960e-01 4.733074043610000148e-26 1.541066537870000127e-35 1.350383672639999967e-14 5.062160966140000218e-02 5.231913331490000152e-01 2.125789311279999910e-24 3.483008911009999912e-28 2.286431317859999922e-24
3.439443404859999776e-01 1.156862315450000008e-04 1.546981481399999978e-27 2.505920086219999912e-02 7.609906695730000363e-21 1.013084473719999962e-01 2.035775279570000003e-35 1.088273572240000021e-02 4.743200457609999603e-31 5.186895893259999557e-01
3.382775495290000080e-09 2.297114702390000053e-48 3.771685630650000214e-22 6.680507815939999983e-01 7.420385983929999204e-40 2.210043851629999956e-26 3.319492143359999980e-01 6.876397973860000287e-10 1.231632214790000008e-45 6.347258992429999950e-18
6.098238966010000039e-01 1.718720147470000070e-01 4.046083743259999752e-30 1.842226997999999964e-13 1.254508844470000016e-29 4.263476514109999999e-05 2.503134131670000097e-65 2.182614535490000063e-01 1.224899458520000081e-27 3.375973278880000146e-10
6.772967023629999552e-25 1.344455561860000003e-38 2.275802691980000070e-01 1.232750732370000092e-16 3.848677557159999735e-02 3.371803843389999960e-38 2.659031997319999951e-01 4.290273612500000165e-43 4.680297554980000219e-01 1.396583034149999884e-26
9.281726782600000491e-24 1.002979327079999906e-15 5.194763885669999581e-01 5.571685089400000203e-16 1.856395700209999935e-08 1.583892252759999952e-01 3.221343675930000150e-01 1.183242282430000006e-37 1.516754553429999950e-25 7.223986488169999593e-34
9.690640812659999659e-01 1.480342259600000089e-73 3.093591872039999982e-02 3.233514586130000053e-25 5.162979911430000123e-73 1.062737142279999952e-52 1.853348533260000027e-41 1.793492955650000090e-17 1.345874709000000044e-11 1.528298188689999991e-60
6.732554313760000350e-25 1.135563754469999945e-06 1.492908382160000047e-01 3.484601601469999686e-52 7.770601689830000767e-37 2.843914284010000126e-01 4.823278192759999698e-11 8.766449046669999541e-06 5.663078313220000215e-01 6.023201884059999719e-54
2.359242620139999792e-03 9.958519332629999556e-69 5.697472518949999731e-01 3.811060662710000213e-01 1.091535840740000056e-25 8.721857050550000267e-38 4.352074042870000131e-02 1.796919828630000060e-27 3.266698785009999884e-03 2.067237099550000019e-23
2.396828583710000071e-01 5.452600318279999709e-20 6.117783226679999542e-04 2.725028568539999974e-01 1.664438391170000110e-22 1.827283653029999899e-01 3.044741411490000105e-01 1.207039241910000052e-20 7.297007249449999868e-13 2.753798849240000116e-18
5.299569241249999507e-01 1.007667433639999969e-60 1.513436764460000115e-22 4.700430758749999938e-01 9.902009101689999204e-38 1.130173774370000081e-34 3.654514992829999707e-70 2.590733883640000069e-64 2.017292850539999911e-56 1.693953702420000079e-32
4.701596264760000135e-38 6.300909238470000506e-01 3.162830619450000164e-58 1.739992714450000101e-22 3.315067850780000036e-11 5.621427686859999785e-13 9.671704690479999699e-13 2.677019079510000124e-05 1.641919267580000092e-31 3.698823059269999991e-01
2.469965237940000002e-01 5.122197586899999856e-18 3.353850367079999870e-29 4.784244006719999831e-01 4.619570746660000264e-48 2.745790754660000221e-01 1.639551618419999918e-18 6.717794938469999542e-11 6.756376453150000129e-62 8.375308398649999852e-17
2.343920101380000127e-58 2.550538589860000260e-01 8.390481225879999694e-21 3.858550927900000381e-105 2.973231915249999876e-32 2.067695824689999869e-18 1.126094110750000051e-14 7.169407780900000082e-03 7.377767332339999484e-01 7.191601425779999629e-49
3.458060040900000226e-13 8.315544413249999429e-25 4.212363945690000316e-06 7.767816266759999810e-02 1.218199497280000008e-02 3.596530783119999949e-17 5.247371901640000003e-01 4.676420308730000312e-05 9.268529840010000104e-03 3.760831457889999840e-01
1.003225866009999947e-63 5.934089826939999840e-02 2.827112232539999921e-30 1.557844099120000092e-112 4.761055412020000383e-41 3.028417169149999865e-18 1.528601129799999973e-10 6.906042817940000189e-01 2.500548197840000153e-01 3.677032931210000171e-48
2.251639131259999915e-09 5.847583931670000184e-33 5.602886119809999450e-20 2.310357537069999967e-01 7.659826108820000142e-15 1.469725555010000105e-38 2.936670888999999840e-01 1.943344414499999923e-03 7.984051937909999333e-21 4.733538107270000017e-01
4.094902893860000183e-12 1.418449175710000121e-01 2.971226286339999936e-27 1.567780298050000000e-03 9.337916847380000788e-13 4.884339457010000163e-01 4.143568076939999761e-03 2.171429036949999920e-04 1.614640461290000042e-46 3.637926454439999735e-01
2.251386017679999907e-01 5.327529426949999792e-20 5.766897849760000208e-04 2.861380168509999877e-01 5.431265453909999962e-24 1.935901106629999979e-01 2.945565809330000229e-01 1.424201697259999976e-19 1.093719947359999949e-14 7.502046860229999550e-20
1.359151684240000035e-25 1.962706831910000117e-48 2.484919665129999979e-43 7.957469882639999852e-25 3.736769310050000250e-24 1.177123326579999939e-81 4.037568061860000128e-20 5.108524412739999798e-01 7.360357135589999655e-02 4.155439873699999787e-01
4.050583084380000032e-01 5.435994840409999747e-40 3.021918127619999946e-09 1.920745591390000118e-01 7.260523149840000148e-10 5.205169378029999985e-45 2.338216977720000114e-24 3.781250358170000058e-03 2.209323938190000114e-01 1.781534844980000032e-01
1.449221593119999951e-24 1.207616988089999997e-11 7.361571896389999888e-19 2.495858265760000083e-01 1.424654546980000103e-01 4.576107781280000161e-03 2.826598761160000195e-01 1.203957802670000018e-18 2.171581062429999783e-25 3.207127348170000225e-01
2.439044371589999983e-56 7.438964271310000455e-23 1.091692298239999917e-37 2.271516464079999833e-05 1.259512909500000010e-05 5.340154541320000225e-01 4.659492355750000092e-01 4.359107715909999883e-93 1.311142584010000094e-112 3.659580235189999829e-23
2.410502096659999927e-01 2.064121929210000107e-07 7.987933281000000732e-34 2.455225463939999861e-09 2.610338149829999855e-51 1.403502757450000027e-01 9.433027503000000162e-11 6.185993056259999623e-01 7.030052122299999773e-39 1.200341478889999953e-12
