3.564618964849999905e-83 6.031965260070000305e-16 2.833899329579999706e-48 1.258361124500000098e-75 9.339789184599999716e-30 4.198692898420000184e-55 2.756201409919999857e-82 9.999975549380000217e-01 2.005762201099999894e-58 2.445062073109999994e-06
4.889825544859999762e-01 1.848519250319999899e-26 5.966653470660000372e-25 5.087274110639999902e-01 2.289843583670000092e-03 1.908662074480000071e-07 2.531824747480000069e-17 1.206180540050000053e-32 1.071269006149999942e-14 2.142125590509999891e-37
6.951913786659999483e-02 4.552953539740000055e-01 9.488256203360000028e-20 3.332780497760000071e-01 1.418980520329999884e-01 4.595908023100000160e-14 9.406298568880000252e-06 5.165054233229999763e-11 1.970930913390000142e-21 9.107746040369999882e-15
2.460075617429999781e-53 4.929058550650000092e-01 8.571461781700000573e-05 3.145318810010000165e-32 5.063116023220000095e-01 2.691034179649999728e-88 6.966047435910000538e-04 6.393292551859999646e-15 4.481827788029999763e-30 2.232519490469999986e-07
5.920165622990000154e-01 4.079176335149999888e-01 4.212296263650000368e-06 9.863193951730000954e-13 2.606483367279999981e-09 1.291856822380000049e-05 5.902431197830000175e-08 4.861168978099999750e-05 1.255188883689999973e-17 2.240000178359999935e-23
4.365996702870000148e-29 1.287524181939999951e-10 3.479878537129999790e-05 1.312787403390000054e-27 3.903691738130000144e-01 2.250267141979999990e-39 6.095960272729999962e-01 2.929810735780000018e-18 5.581610105490000250e-27 4.841276605339999740e-21
2.415342642929999984e-29 4.364155932229999979e-01 9.525449005130000443e-04 6.200131745380000074e-05 1.044954187610000006e-07 5.415750294789999574e-50 9.246857362770000440e-08 3.597298074250000134e-17 4.410178335170000241e-01 1.215518300779999950e-01
5.264547123809999452e-01 5.031047311089999679e-12 1.522649237629999989e-08 7.871291158639999319e-18 4.735452723879999826e-01 5.275331692100000277e-17 4.226520547049999723e-27 1.236678123690000082e-32 3.590269106359999696e-14 1.384950655329999962e-74
8.423730492279999578e-11 1.595895696979999994e-15 2.653072132350000056e-01 1.465001345520000112e-32 5.765426937990000278e-01 1.569882451250000088e-01 1.119401259229999999e-03 1.613352571269999891e-05 2.631297170909999909e-05 4.608512123609999750e-25
5.807716028809999792e-02 5.157236682129999750e-01 1.718519400089999978e-31 2.190870247389999914e-01 2.071119665839999957e-01 1.130618118600000021e-07 2.134309290460000000e-35 6.711283051400000612e-08 9.920068478390000706e-13 1.971356124469999992e-14
3.062113583930000105e-01 1.575241081010000067e-41 2.838552688110000061e-16 1.553179637120000005e-02 3.907103429749999887e-19 7.350052178789999382e-15 4.391321465210000219e-01 3.094102931400000109e-68 2.391246987139999947e-01 9.281555727820000621e-59
1.617220796870000032e-01 2.668222608399999918e-01 1.702603022660000021e-01 1.459375834619999973e-18 2.942649216500000109e-01 3.792894530210000218e-19 1.069304355579999977e-01 3.401871705449999720e-20 1.387458499580000044e-21 4.155824634699999846e-40
8.457866372950000322e-01 3.449747710070000180e-16 8.690833357960000324e-26 2.373525916179999948e-03 1.515414345080000058e-01 2.983429795469999882e-04 1.244957292119999999e-31 5.215787599260000301e-19 5.930143995139999976e-08 5.736691018929999916e-36
4.321118620189999994e-10 1.036423409090000039e-11 1.579310125470000108e-07 3.300989240240000184e-06 3.571311406950000017e-02 6.096744940230000021e-01 1.078678358069999989e-19 8.404920509920000074e-03 4.846229341729999990e-06 3.461991658060000199e-01
9.930444666840000656e-02 8.285656936320000291e-23 6.592315759029999667e-01 2.020947876370000032e-25 2.443180821849999836e-19 3.769603503539999843e-08 2.414639397320000047e-01 2.669093761150000194e-32 1.640444544460000061e-20 1.410535797539999969e-59
5.153528736100000127e-14 2.692100400990000142e-19 4.533054061460000107e-19 4.097279489130000143e-11 2.943676221789999770e-01 2.029509994179999888e-01 9.117133450530000294e-02 6.907229266990000394e-04 9.221755847079999633e-10 4.108193200079999774e-01
3.559918777230000091e-54 5.962064615209999863e-01 4.024367483619999963e-01 3.332996751670000146e-60 4.749509355059999744e-09 1.380521289829999939e-60 4.681523797969999798e-27 1.356785367550000093e-03 1.845495886299999919e-28 3.954057464660000151e-17
6.452512618349999787e-22 1.064477343770000091e-22 1.063876386299999981e-28 4.113676217200000096e-20 4.871665715120000392e-03 6.863051307949999957e-01 6.534728850959999776e-37 3.086135823880000184e-01 2.095711407229999877e-04 4.996111317370000040e-08
7.500771480889999454e-01 1.271225302610000107e-01 1.228003216489999966e-01 6.064232111019999552e-35 1.804971430750000059e-56 5.938050157999999658e-14 3.908168313759999770e-13 4.535784815069999688e-14 4.027815048339999935e-73 9.303194420629999714e-47
1.766120915380000045e-01 5.657976305410000045e-02 3.016411924260000155e-01 4.651668716549999805e-01 1.056972330980000088e-46 7.820783870709999671e-08 8.755048966140000383e-22 1.644213278970000060e-09 1.184646535879999916e-12 1.473598740760000033e-09
7.377262770090000131e-07 5.722545379929999676e-01 2.590309209770000132e-16 2.891595763879999947e-01 1.280452454060000134e-01 6.121453499519999700e-15 1.053753959989999975e-02 1.185382412199999995e-06 3.300084000559999934e-18 1.177504943400000073e-06
1.040585274979999977e-09 6.472045669660000370e-21 1.183138915270000036e-01 3.209163183480000220e-13 6.926623109019999904e-63 1.590821905149999993e-01 1.565959133489999988e-01 2.978847096089999717e-11 1.887144266190000092e-20 5.660080035379999597e-01
7.858255587979999449e-23 9.743560939869999892e-58 1.345852745730000053e-24 2.267235679059999916e-28 5.176671327649999618e-26 1.180405025740000010e-07 2.030834172940000062e-23 2.836998080740000177e-38 9.999998819590000254e-01 2.231073950470000013e-39
4.932447546449999880e-11 2.260097272119999874e-13 2.240823335519999885e-55 2.684985405990000240e-01 7.457341708889999579e-04 4.423328886980000263e-01 4.640048333629999846e-36 5.105403369840000316e-05 8.862296845219999608e-02 1.997488139970000076e-01
2.040224231359999960e-13 1.415748705060000027e-32 8.931857589130000358e-39 4.625880724749999867e-02 2.395842244960000133e-27 4.853992144650000062e-01 2.925369467140000153e-13 2.198938457669999992e-18 1.965027263119999978e-01 2.718392519749999736e-01
2.711670805829999798e-19 6.409984890069999722e-37 1.195807439350000035e-17 1.910226014730000047e-30 7.531746325579999901e-01 6.679951803429999774e-04 7.780951392259999451e-29 4.415960361810000038e-18 2.461573722610000126e-01 4.452061084040000316e-31
6.345693066009999698e-18 7.453449214590000155e-22 7.008264973769999795e-01 5.256035476700000325e-26 1.864613703010000053e-27 5.764004807749999994e-36 2.991735026230000205e-01 2.834108040199999897e-40 1.828249315640000083e-42 6.038826342590000329e-40
3.337991121380000111e-44 5.567587696429999622e-10 2.353908767990000039e-01 6.853562269010000482e-26 1.454877774959999995e-50 1.214049698919999971e-70 7.646089531099999892e-01 8.496712575680000184e-27 2.474079140170000063e-40 1.695341931439999949e-07
5.701751716970000494e-01 5.236502778270000385e-09 7.607836028169999952e-04 2.080686878849999921e-01 5.164836454710000111e-15 1.957919469780000133e-04 2.207987115720000115e-01 1.527233532950000072e-11 8.766631359329999105e-19 8.480437355259999544e-07
3.266557812240000191e-01 9.328396144280000195e-05 3.765612767550000225e-04 6.085828144980000021e-01 5.892715065979999695e-02 5.357044647599999709e-03 6.053816230769999712e-06 1.289736203060000053e-06 1.055383620629999909e-09 1.912440616340000099e-08
3.969366770630000096e-01 6.030632544020000374e-01 3.097945550059999766e-29 6.594286163849999912e-09 6.193446348609999521e-08 5.466631142410000281e-12 1.272911569739999971e-18 1.055524177109999930e-12 2.007112579980000197e-34 3.245213591300000152e-26
2.838828836510000158e-17 4.727436184260000323e-08 9.334355422149999415e-02 8.394944491110000446e-20 1.391523543880000014e-11 1.156017941470000027e-08 5.211898033950000117e-19 2.621619825640000151e-02 4.763971687140000077e-01 4.040430199589999938e-01
1.912919014199999934e-01 9.583771038129999809e-02 2.630008776459999975e-01 4.498690063319999988e-01 3.201329350099999795e-08 1.291273016009999942e-07 6.743717940649999724e-16 3.416044470169999774e-07 4.634739237070000169e-17 1.475559422250000047e-09
1.347996614560000024e-08 1.485098470329999961e-09 2.028962901029999960e-23 1.181205180119999964e-07 1.330862855349999874e-01 2.602155693189999730e-01 6.328555865140000007e-40 5.180759186330000099e-02 8.836489464770000147e-16 5.548904201979999451e-01
3.064829815340000263e-42 2.328743294060000060e-14 1.360558010819999967e-11 3.331398115440000144e-49 5.102566656860000327e-01 8.638533316450000530e-24 2.607424024349999995e-56 4.897433139119999890e-01 2.038519073519999910e-08 3.278200091199999838e-12
5.819710875250000415e-01 3.413470904920000160e-01 2.205231558720000012e-32 3.782292353490000177e-07 7.668135967519999763e-02 6.748420129500000120e-08 1.821661042439999974e-53 1.659450980050000085e-08 4.891119839839999760e-18 1.061605948950000047e-29
2.287315371660000041e-01 7.653223355099999514e-01 1.335061903419999914e-18 2.399945381790000095e-09 5.570738213500000223e-03 5.897608593799999979e-06 3.371602960769999793e-17 3.694891015640000206e-04 3.507130179870000084e-16 1.610695328319999994e-19
1.194755407569999955e-01 4.732120874879999772e-01 1.947602516799999813e-15 4.829043309699999897e-02 6.497526157340000508e-05 1.378446931950000027e-09 3.589568057690000202e-01 1.182526959079999954e-07 4.900789172089999663e-24 3.799568603150000129e-08
5.156506951829999963e-01 1.469116809869999955e-65 3.843875051980000023e-13 8.947214112899999842e-08 3.069364952690000028e-37 2.516769979390000158e-13 2.513386985020000242e-01 7.510227988279999616e-103 2.330105168419999984e-01 2.198720472410000107e-97
2.539466415649999843e-10 2.774490296820000102e-08 1.638807334330000050e-35 5.172068235769999855e-02 1.017331235149999898e-06 3.051805863540000066e-02 1.443326186879999885e-50 2.536301726299999837e-01 3.297444407860000148e-01 3.343856002610000044e-01
1.097930669669999974e-08 3.997455025620000110e-13 3.969553862909999918e-52 2.013287902960000098e-01 3.636732011419999828e-07 5.496515263050000266e-01 2.742569622819999868e-40 3.644289777850000223e-04 2.006314652289999945e-01 4.802341453959999701e-02
2.815943360140000002e-07 1.717842009659999845e-52 7.324103107080000456e-38 2.078873962249999929e-01 7.026113533049999603e-04 7.914096904359999574e-01 2.028775417539999979e-08 1.330382571829999945e-38 1.038626449980000056e-10 5.230823269590000016e-23
5.132503668559999899e-20 1.926833691759999996e-45 5.077893436610000343e-49 4.852612400569999984e-01 2.443127671870000034e-23 2.694551567910000167e-02 2.920761010979999926e-17 2.466059909380000068e-22 3.878351962020000210e-01 9.995804806220000283e-02
2.076844851069999889e-24 8.208057537979999275e-12 5.452489794959999858e-02 9.605707965020000160e-20 4.328652606199999753e-14 2.960088188559999770e-13 4.693753468510000197e-20 1.803161238069999977e-04 7.364660646280000167e-01 2.088287212899999912e-01
1.668248364259999936e-14 1.203007203269999940e-14 4.006813775559999735e-01 9.953518523259999952e-30 4.687648760759999811e-01 9.036674632430000131e-02 6.808072830309999874e-31 4.985156516089999865e-03 3.520184352829999752e-02 1.317423565150000093e-15
2.380279682989999961e-03 9.744737877870000067e-15 5.410573120960000537e-01 1.563731170730000009e-01 2.290692031600000123e-01 2.662774542579999960e-17 7.112008798549999955e-02 6.462544470880000236e-33 2.298285655850000024e-12 2.227529969569999985e-24
1.286229476899999891e-01 1.400453779149999911e-01 1.532852477489999945e-21 5.277132254909999709e-01 2.036178873649999999e-01 4.736979223789999708e-11 7.539264552929999925e-14 6.524120192759999603e-10 8.264802183289999559e-26 5.608393198409999578e-07
1.811958613389999846e-05 1.008719961239999983e-18 4.373032640540000394e-25 1.145026813079999969e-07 1.409894840629999924e-01 1.544083578589999957e-02 5.224509266900000212e-17 1.763574612879999931e-17 8.435514460630000322e-01 4.824843869960000233e-17
2.393247380050000095e-01 7.606726363050000383e-01 2.625690097430000176e-06 2.820657681509999984e-39 4.003711706729999989e-63 6.257587921170000199e-15 3.956823448869999982e-51 4.866319691010000326e-16 7.698075371730000197e-86 2.673816797519999787e-56
5.847346407509999599e-06 4.380710247390000034e-01 1.308634892739999889e-01 1.391034366399999952e-13 4.310596386389999868e-01 3.553675146829999973e-22 1.189039278070000006e-30 3.281452357510000176e-18 1.717262154969999928e-12 3.893652533179999794e-36
1.490633981850000071e-25 8.611015911409999721e-16 2.151038176080000074e-54 2.233225306110000018e-26 2.908034486439999844e-01 6.392242340750000448e-10 7.350972569210000607e-40 7.091965461139999594e-01 2.014824150010000137e-18 4.603203782979999915e-09
8.114245080119999866e-13 4.074646142569999925e-07 1.089309490030000090e-31 1.226119762380000061e-01 6.812836928300000303e-03 2.851710010769999994e-12 8.792687830619999504e-17 3.838459567919999905e-06 5.884198015749999818e-08 8.705708820640000178e-01
6.020250618269999767e-10 5.870742764280000227e-09 1.562607982210000024e-02 6.034073775850000025e-39 4.999663768370000238e-34 3.633193798279999998e-01 1.220049060170000056e-34 6.210545338770000479e-01 3.686560618100000088e-34 5.681432732350000416e-25
6.826638774299999800e-12 1.570623267760000107e-14 1.575199687189999999e-27 1.256485765460000076e-10 1.376608873869999885e-04 7.749649981799999754e-01 1.369899365600000016e-21 2.106595914049999921e-03 1.805779313220000152e-11 2.227907448679999902e-01
2.652384772340000141e-01 1.221123088920000044e-01 1.783046723449999982e-01 4.343445407479999965e-01 9.889967623469999539e-22 2.462286165619999869e-12 7.770375961400000289e-10 1.826973478579999833e-15 1.378348058740000027e-36 2.214093581329999995e-12
2.831935457660000019e-09 9.904034168729999977e-16 2.361443525209999996e-42 5.926094065979999699e-05 4.568175082270000131e-01 3.126271945949999909e-01 6.378196993649999779e-27 4.178412322160000399e-06 2.121214493920000105e-14 2.304918549930000116e-01
3.271981803469999894e-01 1.829668818580000023e-01 3.671252063560000160e-16 4.898327212379999795e-01 1.917727250580000026e-29 1.988400987389999987e-06 3.359023359990000152e-23 5.472231160579999721e-08 1.107566979119999996e-12 1.734332923139999996e-07
1.165927231540000077e-18 2.136761421910000020e-28 6.527492192610000188e-02 6.079050684679999875e-34 5.471967811640000055e-25 3.242067860580000183e-02 4.259152805940000230e-01 1.551022037070000048e-10 4.763891187150000039e-01 4.055791105239999608e-12
6.882912378119999675e-01 1.146906046029999975e-05 3.116972931279999859e-01 2.694866911579999944e-33 2.482525133099999971e-90 7.006425584009999981e-14 3.795845538929999909e-60 2.104383508909999893e-22 1.161885628390000020e-83 1.070858214169999915e-56
5.458461229649999977e-14 3.975961496379999960e-01 1.409619547750000016e-37 2.412735295869999907e-01 3.611303118210000274e-01 3.543323963169999953e-30 1.927412925419999889e-09 1.129754523519999952e-15 2.001184807720000020e-31 7.026597414089999868e-09
6.924719178079999738e-20 8.796628758989999569e-12 1.944189812540000062e-01 1.595305623279999966e-18 5.934428076249999995e-05 3.424428739170000218e-14 2.054062160479999954e-01 1.200445434030000041e-05 1.727269834869999965e-01 4.273764704670000025e-01
3.308246065290000216e-44 3.093782977349999758e-04 9.995205790690000480e-01 8.439427182359999499e-41 8.487216071230000458e-11 3.266107787089999995e-44 3.961445411729999846e-19 1.700425479619999895e-04 4.350501635770000022e-20 8.150227374280000565e-14
7.213322453359999656e-11 6.456721440159999494e-10 5.733041945039999632e-18 1.969919681860000151e-11 1.997293025310000055e-04 4.623219553840000051e-01 6.600909459219999586e-38 5.374689865759999519e-01 2.326327968520000201e-09 9.325672922959999354e-06
2.693189811480000140e-01 5.414252100880000418e-01 1.892558087639999997e-01 6.137635116359999907e-20 9.975343136899999736e-54 4.335772957519999800e-16 3.321448283340000221e-17 1.972298138069999938e-16 1.046467527170000049e-60 5.918833602139999771e-30
7.369551677540000512e-01 1.853839947399999868e-40 3.240017525880000045e-28 2.630447954740000038e-01 2.798314787709999898e-21 4.157057920499999889e-14 3.677202582359999718e-08 4.051740520359999900e-59 3.890694862989999859e-29 1.852797409199999850e-46
7.774263561619999550e-18 7.591897273900000354e-28 3.872335008839999740e-73 5.818592319219999531e-01 5.637313043310000077e-02 2.254989228879999801e-03 7.040398148540000113e-40 1.023327674959999954e-11 3.398051260220000258e-01 1.970752238390000022e-02
1.476194073680000105e-06 6.276438631740000442e-04 8.083080658389999451e-01 4.930111038840000485e-04 1.905683743880000058e-01 2.497493928589999843e-14 2.500294770390000223e-07 6.516191954870000148e-14 1.172791155310000099e-06 5.791811573090000018e-09
1.203365104310000059e-04 2.139543004940000052e-06 1.419934060109999947e-14 1.776557231540000070e-03 5.852843189430000093e-02 5.465808280799999697e-01 2.352136788919999865e-26 9.943941594279999407e-02 3.047780152489999973e-15 2.935522907979999929e-01
3.071505770190000020e-52 3.203955041200000119e-29 4.405184497729999860e-21 2.420920595819999886e-30 1.391954292910000113e-01 2.646693396970000063e-33 1.000042786110000026e-01 6.305697507859999681e-13 3.854515218089999973e-01 3.753487702889999889e-01
2.329182034729999906e-01 7.661643929400000497e-01 1.171424510180000044e-11 4.627269758000000137e-07 5.212431421599999875e-11 2.718082483170000023e-04 7.630200957570000322e-58 6.451325481789999981e-04 1.041263704880000000e-13 1.046641168759999929e-17
5.034196672079999927e-80 1.202483410620000046e-15 3.213863183630000057e-03 2.780812477409999941e-61 3.923733071350000122e-03 1.021053973200000049e-52 4.524473491949999568e-16 1.892402668289999979e-01 2.786685374940000015e-01 5.249535994220000390e-01
5.187540070549999660e-01 2.345819442780000021e-03 1.136177322549999893e-34 4.789001734910000030e-01 6.208589643300000429e-23 1.143199326309999948e-11 2.966760014050000129e-36 1.801206970410000042e-16 1.641203094299999910e-18 8.007793631890000685e-21
4.341349414389999994e-01 1.656063502269999876e-02 1.346601370250000059e-16 1.782990317229999830e-02 2.322262728729999922e-12 1.578124805759999987e-12 5.314745203620000469e-01 1.418771625349999914e-15 6.624792222259999596e-41 2.749919752340000045e-16
3.068197287389999861e-01 6.819713877330000583e-42 3.680184872049999929e-17 1.561580309370000016e-02 5.016160933550000098e-20 1.623951152549999977e-14 4.394168558739999786e-01 3.649714643860000093e-67 2.381476122929999939e-01 2.513576976269999943e-57
3.341578084859999788e-10 5.791412571419999485e-10 4.625540204670000139e-36 5.037660643310000190e-17 3.847088501289999685e-02 2.687807812069999969e-01 1.559939249680000004e-23 6.927483300160000024e-01 1.145900222490000090e-19 2.850921111760000148e-09
3.637906603389999827e-01 2.325702851180000049e-09 3.174434400170000106e-12 6.362082380360000178e-01 1.506154643419999903e-43 1.048157222819999909e-06 5.074402611580000105e-08 6.119005768539999686e-16 1.022921233880000009e-13 3.946555408559999934e-10
1.454158335329999981e-10 1.929787458990000136e-09 4.303361081320000031e-02 7.611217682379999870e-49 4.632586616559999926e-01 1.501393944420000015e-01 1.557958452720000088e-26 3.435683310139999724e-01 1.776464560000000124e-14 2.355661126909999931e-38
7.327945009389999529e-20 3.730731310760000285e-12 1.317627693219999943e-08 2.144549278990000211e-22 8.098758333970000048e-04 1.913700701630000109e-08 3.487884637890000250e-01 1.001211090710000043e-02 6.403890370929999909e-01 4.800611029719999524e-07
4.333217753990000198e-01 1.274549861350000000e-02 5.390841454219999763e-16 2.628399343239999977e-02 1.632881435670000090e-46 7.060316929880000130e-14 5.276487325409999762e-01 3.147115522539999825e-17 2.150665620310000147e-28 1.430175163730000027e-11
3.327223076259999804e-28 2.744059651710000214e-01 2.542490007750000114e-01 1.881456523399999845e-11 3.175734402669999949e-15 6.888644992499999740e-39 4.394413094629999739e-01 5.951201161979999983e-10 2.900077323949999956e-06 3.190082389980000016e-02
3.735143770739999813e-01 1.252490505270000085e-37 2.190255091780000097e-14 2.857778697879999995e-06 2.638218807439999813e-01 6.106692983189999764e-16 3.626608844010000277e-01 2.507143731320000093e-62 1.976139506629999843e-12 2.952430912860000242e-60
1.504646751479999991e-12 8.819376434220000674e-09 2.507750106629999875e-16 3.444848071169999805e-34 2.299809107760000172e-31 4.110886132489999789e-01 2.975101211789999811e-79 5.889113779300000351e-01 1.478538114280000048e-36 2.309890379239999965e-20
1.290897895549999972e-05 2.456694324769999813e-16 5.517686735800000353e-01 3.250716240179999938e-01 4.095354438560000185e-28 3.676765968350000054e-20 1.231456282099999966e-01 2.606850399859999739e-35 1.165212623360000042e-06 4.612438126939999937e-23
4.889824582430000177e-01 2.483677862800000046e-25 2.935869686890000147e-25 5.087246098280000517e-01 2.292688189599999954e-03 2.437392799250000165e-07 3.835750406879999785e-16 1.256110933769999976e-31 1.465624151699999887e-13 1.830631278610000087e-37
9.216602896780000554e-22 2.355560615289999931e-05 9.999759741729999929e-01 5.223026298350000047e-30 4.702151243019999941e-07 8.665138134650000550e-28 3.243000464269999805e-19 5.678766266960000251e-12 2.108845795050000058e-19 7.201493173059999586e-32
1.918128042089999874e-01 9.678751475159999562e-02 2.619496220909999784e-01 4.494498492660000122e-01 3.192864976270000264e-08 6.424151940569999849e-08 1.753303910300000054e-15 1.111562239639999994e-07 1.013656080980000033e-15 2.356493050939999918e-09
9.634493009609999969e-13 4.146118698740000257e-38 5.049535110149999673e-01 1.229337288720000064e-54 1.818784003399999987e-20 4.950464889839999993e-01 3.138255319629999949e-41 3.622188604690000134e-24 1.483333508449999940e-16 7.330706499680000281e-58
8.590183396430000032e-19 7.672236471320000164e-18 2.020481280580000071e-19 6.501644540529999730e-44 7.502357023179999640e-01 8.893201897740000278e-03 9.104333677359999682e-59 2.408525465359999951e-01 1.854924827669999861e-05 1.158745362989999932e-28
1.096307883479999967e-01 2.238744402850000037e-01 4.026911148349999747e-01 7.569212689560000573e-12 2.638036565240000075e-01 3.228624574609999846e-16 7.213916837340000487e-24 1.664961349930000029e-18 1.230227687409999941e-15 1.365365723250000026e-34
3.121938861550000119e-29 1.536334234350000057e-04 3.367415408290000030e-33 6.593975416880000218e-01 2.559119457150000002e-20 6.032438278729999668e-50 1.091399781409999984e-26 6.774947837350000129e-19 7.631514896360000028e-23 3.404488248879999901e-01
2.393227832250000020e-01 7.606709554220000280e-01 6.261353138990000186e-06 1.969660779419999928e-39 9.992484905740000505e-64 1.770509848860000024e-15 6.422302115869999830e-51 1.456413584949999905e-15 4.182944465029999772e-87 1.905328096810000114e-57
1.729494927679999965e-47 9.439380757410000329e-33 7.920415729340000268e-33 3.767808972209999840e-22 1.373978296249999953e-01 8.185816884559999935e-35 4.598897469950000150e-01 6.045653775580000472e-20 5.596585909979999831e-04 4.021527647889999724e-01
1.598976779990000097e-01 2.780458687549999808e-01 5.976292397789999961e-03 6.638800642900000004e-08 7.603604619039999813e-08 8.739689147310000072e-15 5.548871813550000365e-01 1.359623451079999925e-14 1.192837068869999958e-03 5.181058729750000245e-25
1.088315096359999956e-01 3.574510586329999740e-01 1.176089939020000051e-23 2.904962235710000229e-01 1.176784393469999940e-01 2.978209166019999748e-17 1.255427688109999884e-01 3.854320417889999940e-14 8.301148797200000645e-31 2.507349200650000138e-12
1.059736062350000035e-01 3.541759448890000050e-01 1.029654231859999950e-23 2.766913392940000271e-01 1.180626252640000068e-01 2.402908882620000064e-17 1.450964843149999961e-01 9.865744831599999370e-14 5.810108185319999779e-31 1.869692952890000201e-12
4.435662909919999767e-33 1.272328322990000001e-54 6.690306922199999803e-35 1.199001365999999907e-21 5.064373764250000366e-07 1.001353607430000034e-12 7.629627982719999757e-01 1.309572268599999931e-26 2.370366944389999952e-01 8.500455212229999514e-10
4.610083535169999985e-10 1.516304058270000095e-15 5.644496597240000052e-02 3.733617559500000302e-11 2.399501881290000130e-21 5.907147986309999599e-01 5.226172481619999850e-14 1.789714254589999854e-05 7.609279242930000292e-18 3.528223377560000262e-01
2.616957628409999977e-04 7.956768762170000064e-01 2.509166294430000135e-20 1.985626297439999910e-01 5.264983907919999588e-03 1.499437392380000144e-08 2.668940298790000250e-57 2.337991567589999887e-04 1.615952950090000040e-10 5.623321226860000319e-11
3.215793780780000048e-17 6.674083502030000255e-17 3.642676025669999898e-33 3.900334622190000118e-15 4.264559783779999780e-01 7.048713609899999715e-04 2.225120148709999955e-20 5.682234995870000249e-01 7.050654440650000494e-13 4.615650672649999724e-03
4.008916096039999885e-14 7.482305235749999728e-01 9.377604927179999328e-12 2.129645519820000110e-01 4.942950576489999927e-45 2.951844675229999963e-25 1.523658281230000075e-09 9.632632790239999505e-11 3.553071617179999940e-13 3.880492281350000211e-02
4.991336165010000022e-14 3.822641882160000343e-15 1.609604814739999945e-01 8.188689659330000124e-20 1.721411682609999942e-15 4.039028955759999678e-02 1.736558056430000021e-03 1.782229676659999873e-01 1.857662455809999990e-18 6.186897032460000334e-01
3.533194881020000002e-06 5.734247636930000186e-14 1.007503507549999990e-02 4.128066552849999726e-05 5.865774463620000424e-75 7.319272438620000321e-01 2.144861059089999867e-17 1.331175913610000114e-10 2.844351927829999903e-11 2.579529070409999902e-01
6.842669146710000062e-12 5.392876586529999873e-10 2.251719788919999965e-01 6.913243369069999604e-40 3.614967048430000052e-01 1.110014407319999952e-01 8.061266946330000032e-57 3.023298671310000185e-01 7.856312410100000674e-09 2.174207464499999876e-31
1.615416247379999892e-01 2.337513786119999927e-04 5.111569144790000241e-01 3.270508772390000041e-01 5.991786189290000326e-31 6.017556763179999593e-09 6.216196765330000461e-10 1.753693100940000036e-11 1.146158974919999991e-31 1.682550823539999903e-05
5.867884944719999710e-44 1.983205385239999883e-18 3.875463711089999824e-62 1.379272395480000134e-29 5.028423338199999870e-01 6.827833812469999643e-25 3.071374767730000102e-36 3.746705349599999818e-02 2.594388539440000170e-28 4.596906126840000217e-01
7.563811923540000335e-116 1.557784967019999914e-51 9.368830755970000509e-46 2.226286322670000107e-41 1.304527165859999977e-05 2.279893812140000141e-78 2.215812497119999878e-29 8.952470336679999764e-31 3.478373443969999812e-01 6.521496103310000514e-01
1.974619456390000198e-09 2.434249665959999765e-10 1.136648484999999992e-35 5.117011635629999798e-18 3.892993806109999733e-02 2.685449062190000125e-01 4.960113682139999658e-24 6.925251512400000253e-01 5.595918839969999939e-20 2.261706367879999990e-09
2.302442965200000142e-13 1.126155130359999951e-01 5.952501988069999750e-03 1.691155440890000001e-10 1.052794361570000078e-08 4.931263326990000022e-15 6.587582953210000536e-01 2.209084184810000206e-06 2.226714692410000085e-01 6.326923499109999554e-10
5.187546058599999954e-01 2.342836945630000136e-03 1.208436833059999962e-34 4.789025571769999767e-01 1.325779000290000113e-23 1.761443058529999849e-11 8.125187028780000312e-37 7.637925215640000407e-16 4.142627263080000016e-19 1.623390350400000055e-22
3.079076456329999933e-01 4.513930935669999720e-22 1.734029790340000011e-31 6.920923335230000362e-01 8.727750169049999375e-27 1.294365074859999919e-09 2.512113386159999834e-22 2.626864699470000200e-31 1.954928674379999988e-08 2.628464242149999820e-34
6.078800504350000411e-01 3.920659473240000192e-01 1.801519877059999830e-18 2.614122864760000172e-10 4.163091116029999872e-16 5.359981867169999752e-05 1.975001331550000042e-38 4.021610192449999785e-07 2.064013660340000024e-27 3.115989027950000126e-22
3.802973185380000030e-12 2.827702734339999862e-33 4.686211048130000112e-01 1.953631704540000069e-01 6.728177483279999680e-39 2.832644273180000093e-22 3.360144998769999947e-01 8.847582753379999884e-48 1.224853144130000058e-06 4.682735960159999953e-20
1.177044338409999968e-06 3.632243406640000005e-01 4.571398762379999975e-15 1.623969272839999867e-01 7.105092419309999574e-02 1.880776415480000085e-11 3.945937724799999935e-01 6.119825523659999547e-05 2.716984965040000060e-21 8.671660060569999842e-03
1.945774367070000066e-01 4.666166690689999986e-24 8.419252671260000446e-05 2.440322356109999881e-06 2.830335604950000028e-01 6.407643698689999702e-11 5.223023695770000474e-01 6.669564006419999811e-37 3.078577287670000087e-10 5.660298261550000474e-35
4.975404603570000167e-02 7.252397368829999954e-06 1.773780159879999947e-04 2.636497990840000125e-02 5.809538623940000424e-01 1.725829018120000106e-21 3.427424812479999972e-01 3.200649146619999828e-26 8.954955571900000165e-17 1.590639772679999973e-23
4.369494880930000140e-29 2.291103919069999964e-06 1.813867225789999921e-44 6.564583296699999515e-01 4.526472120620000192e-11 5.036999204730000198e-51 6.633545027889999578e-03 3.130622814399999859e-18 4.418365312049999789e-23 3.369058341530000167e-01
6.809700693420000122e-13 1.941339147459999959e-12 2.194148263689999857e-62 1.366791026530000119e-01 8.304711222520000521e-05 1.880483068859999940e-01 3.305675583000000069e-53 4.406591005379999898e-03 6.496913533329999879e-01 2.109159900819999878e-02
3.963397396480000112e-01 4.715206088369999771e-01 1.321319631320000132e-01 7.348063300179999863e-06 1.683395355760000127e-32 3.258750406959999956e-07 2.142582177349999945e-20 1.402919459110000008e-08 5.762756763390000368e-29 4.154531875880000026e-10
9.400760261539999816e-10 2.098282672589999970e-10 1.901611351390000036e-15 2.647239905819999816e-18 5.003361950409999803e-14 4.921972150739999941e-01 3.831402806309999849e-07 5.076176876979999752e-01 2.512025318009999823e-21 1.847129376640000093e-04
1.092559596430000002e-01 3.286370609820000177e-01 2.469463004149999863e-01 2.307459090919999946e-21 3.151606789449999946e-01 9.870708042459999791e-16 1.433617359160000062e-11 2.899104429630000106e-17 1.124561080799999911e-19 2.884846558440000140e-50
3.919740773479999784e-35 2.183042837649999860e-20 6.393933507230000352e-06 3.507418609599999987e-02 1.948985237340000110e-18 3.545546668170000040e-51 4.243718418599999875e-01 4.752221860119999933e-33 2.215309552370000046e-01 3.190166228729999776e-01
3.315653525500000254e-01 3.897366925860000220e-01 2.017986182850000157e-06 1.193284601480000089e-09 1.162322844600000035e-23 6.949749600230000166e-08 2.786950753290000082e-01 7.908071160770000520e-07 6.888087900569999650e-29 5.136966962299999860e-11
7.218892612940000077e-08 5.260049127010000339e-15 6.865944032660000084e-15 2.410267887770000032e-14 1.603612168260000101e-09 6.689777007699999611e-01 3.310201099860000107e-01 2.007991345169999861e-06 9.491510946300000507e-25 1.074599227410000054e-07
1.174324564229999942e-05 1.569082283759999919e-12 1.779683108580000159e-02 1.729634846120000081e-05 4.546407610389999983e-14 7.274624467389999571e-01 2.420501047219999923e-11 1.290926710000000010e-07 9.133130062900000258e-18 2.547115534619999733e-01
7.998561782430000024e-52 1.709363417630000053e-27 1.714150945969999837e-21 2.703676959659999864e-31 1.440359127090000135e-01 8.812531600749999760e-34 5.014937251039999766e-02 1.395494036129999935e-11 4.089279085299999950e-01 3.968868062370000116e-01
9.092479472959999877e-07 1.969428020480000138e-02 2.391218613390000136e-01 7.339668417720000447e-04 1.092758503529999951e-96 4.998507288280000188e-19 4.106855298300000068e-01 1.571686779259999930e-14 5.310412261250000392e-43 3.297634525359999791e-01
1.102408955590000057e-16 1.585528078329999997e-21 5.358087310210000291e-50 9.999999999919999549e-01 8.290333331500000377e-12 3.032951062780000199e-26 2.167252212650000155e-27 2.132250925339999912e-29 1.453943355330000000e-13 2.468222423009999817e-19
6.883485758909999898e-03 6.945606035140000634e-02 3.037903458349999752e-01 3.002320153699999938e-01 1.021094667970000050e-81 1.935486651169999854e-18 3.196286940229999818e-01 8.721256090999999925e-17 5.103882323250000167e-42 9.398661291109999707e-06
1.656443692750000085e-01 5.016179738739999783e-01 7.255398158830000293e-06 3.326925133599999973e-01 1.641309258190000123e-14 6.802414970480000395e-09 1.294390300430000049e-18 7.291509129840000349e-09 1.762081891540000152e-24 3.787399902780000166e-05
2.335017888029999952e-78 7.116926587089999607e-55 1.035509478209999936e-64 2.250221683360000078e-47 1.000000000000000000e+00 1.822789657400000107e-49 3.443978465979999901e-48 1.161193206759999941e-32 4.110083559660000231e-15 2.185927485639999946e-20
8.884595542999999736e-21 2.470386282290000036e-39 5.367834779320000162e-22 7.010981111540000301e-10 1.282381483179999948e-15 6.188190416419999599e-31 9.999999087840000245e-01 5.721204138050000134e-53 9.051521896790000617e-08 4.505312394920000028e-43
1.172286430159999919e-12 4.174059022190000437e-28 4.110079191589999595e-31 1.817634005500000094e-01 1.163369231959999937e-12 2.362616907379999909e-01 2.197299729280000058e-01 6.232098611820000262e-13 1.088748757970000036e-01 2.533700599850000068e-01
3.302883230500000192e-05 3.023132874530000125e-01 1.229433768009999955e-01 4.891642999940000180e-01 9.535243024120000846e-06 4.815690507149999596e-10 9.308920286569999995e-11 1.865795894719999906e-05 5.906523870400000278e-17 8.551781314329999495e-02
2.418044505589999901e-06 2.110675307580000008e-07 2.683322262829999976e-48 7.665532269119999595e-13 3.324696265190000277e-01 6.155182313960000373e-01 1.531927028359999941e-54 5.200951297169999904e-02 5.106351817779999891e-20 1.379166705570000068e-13
1.687908660429999908e-10 3.261539040750000007e-01 4.958068329129999841e-01 3.703995729859999763e-17 1.780391136810000052e-01 2.165767873960000024e-16 1.411146841010000051e-39 1.443749478020000043e-07 4.787555691250000176e-09 4.553677068920000102e-25
2.150999884409999961e-27 5.652809938809999490e-01 4.346566031369999972e-01 3.343084840549999783e-45 6.238924328579999548e-05 2.821999082730000008e-38 7.672285670849999354e-27 1.373867510919999919e-08 1.025868151559999948e-24 2.396187163469999914e-32
3.183691168179999822e-11 1.237715124479999970e-12 5.446519583150000177e-01 4.828009491109999662e-02 2.295929442309999902e-01 1.094814431360000039e-20 1.774749997650000022e-01 5.101807619750000004e-23 1.017756781980000039e-09 1.726969300880000094e-09
4.615800195570000094e-08 1.025256407890000026e-18 4.020098774209999947e-31 3.187905604110000124e-01 1.456464327679999913e-13 1.241701856099999973e-01 3.567286102470000314e-27 3.092850323490000249e-11 1.691049142929999960e-08 5.570391908799999792e-01
1.280502066389999916e-01 1.406188604080000071e-01 8.252865651979999679e-21 5.281902086259999685e-01 2.031402753750000123e-01 1.710205000900000155e-11 8.180823720229999890e-15 2.823267870250000177e-09 1.290580159739999988e-23 4.461121060679999956e-07
9.696312413010000495e-08 4.915897610550000305e-10 1.691174209050000030e-02 4.721460033670000320e-37 8.432945576869999564e-33 3.624838186109999860e-01 8.620617375150000296e-33 6.206043418429999514e-01 2.616361551660000178e-32 8.226896892099999704e-26
8.657018054439999662e-06 4.368669537390000205e-80 1.361189777559999997e-21 2.069184396520000110e-20 1.185765573369999986e-34 2.982864482629999925e-01 9.194088067060000004e-11 2.183504448740000055e-73 7.017048946270000309e-01 1.703574552580000011e-76
9.983289225659999890e-08 8.252087972279999580e-34 1.475802320439999947e-42 1.196960554100000018e-01 2.837895461270000252e-01 5.965142986000000480e-01 7.163067841440000254e-12 2.989689683000000144e-24 9.402415511930000736e-12 1.417758822709999929e-11
3.947590864190000313e-18 4.308012039079999793e-18 4.705884827209999785e-43 7.172302314419999734e-24 1.236523037360000021e-01 4.126430493120000209e-01 7.804552078690000102e-67 4.637046468889999828e-01 6.270594428789999932e-11 1.170132681270000045e-14
8.878286188279999912e-14 5.559248796319999946e-61 1.558903176549999967e-60 5.366195927000000365e-01 3.021497612030000018e-19 1.857099883140000129e-01 2.330112261790000067e-21 6.626350723910000245e-39 2.776704189870000117e-01 3.376132953899999898e-19
1.562037682929999938e-03 8.019590607819999900e-22 6.217574852239999839e-01 9.911521721060000123e-02 2.774491388820000126e-01 5.402255826390000136e-13 1.741531771540000108e-05 2.651744686620000200e-37 9.870568222310000461e-05 2.717675853129999781e-35
2.804111047630000186e-01 1.426747365250000121e-01 1.521289068289999880e-01 4.247850136690000111e-01 1.364654129680000091e-20 1.985001498149999926e-14 1.940804440009999992e-07 8.570863959090000705e-15 1.962434294620000049e-32 4.413327023669999767e-08
1.012670886419999954e-27 4.787969587609999800e-02 1.267880987910000028e-15 4.123731611579999780e-10 4.123268884410000341e-03 4.739730423650000221e-41 8.055341032020000291e-01 4.607453400570000048e-11 5.978186268350000076e-11 1.424629315189999967e-01
8.470552001210000098e-03 3.055361844659999999e-14 5.345855259889999989e-01 1.435676790340000009e-01 2.326580334929999883e-01 1.839303778329999930e-17 8.071820948119999561e-02 9.389139196060000336e-32 9.619621446299999097e-13 7.156170249649999689e-24
4.748527902309999750e-16 4.534059919349999928e-14 6.972985703990000214e-35 1.290526056259999963e-28 3.232407494810000254e-02 2.205590297660000032e-01 1.296000774919999942e-38 7.471168952860000045e-01 6.397275617119999777e-17 3.928810665259999891e-16
1.034493731639999956e-34 2.826781300500000199e-17 3.192200965480000013e-02 2.509023118140000004e-29 1.463865220750000102e-19 2.721084447990000047e-17 2.920457704909999876e-20 1.258048066339999954e-04 6.457424006940000183e-01 3.222097848450000135e-01
2.087856204630000212e-34 5.404124982040000274e-17 2.458193336870000004e-04 1.102902228679999935e-45 6.882175414919999845e-01 2.642204831289999994e-17 7.287122031560000550e-11 3.115365867800000133e-01 5.194719113350000244e-08 3.745901809379999860e-10
3.587197708930000030e-30 1.699091145200000097e-29 1.198370592479999978e-05 5.927620161139999675e-26 1.202270633699999969e-12 6.098065619669999709e-14 6.092804656960000287e-01 2.403059894910000246e-13 1.967372747750000157e-03 3.887401778490000015e-01
1.560851809780000089e-04 3.464860034400000233e-01 1.533110797110000036e-09 9.266967882560000293e-06 2.740998692370000115e-04 8.413863515730000145e-18 6.530466082960000307e-01 1.068443306360000006e-14 2.793471303169999895e-05 1.852454230830000109e-19
3.327133172140000344e-02 5.041529689150000548e-01 3.855194870100000399e-12 4.570927292340000170e-01 5.482967653950000103e-03 5.905681998179999773e-11 1.422725436649999971e-30 2.411679619820000176e-09 6.524202367570000043e-18 1.042315321550000006e-13
1.365574078909999955e-89 9.046324617119999458e-59 2.548449545479999869e-43 1.518639045880000079e-34 1.101101834520000013e-08 1.743607401929999925e-53 5.541237335059999713e-01 1.962342280489999964e-30 9.066516324239999591e-02 3.552110922410000038e-01
1.891767906390000086e-15 1.015985818309999956e-48 9.074051830030000096e-45 4.566133090969999864e-01 1.013869791910000008e-23 2.525424203319999727e-01 2.874587446000000014e-08 2.334189001000000094e-27 1.210520449120000043e-02 2.787390373340000171e-01
2.705010271260000014e-18 4.802451767470000132e-01 3.115364249540000068e-23 3.436448250199999888e-01 2.837544633090000025e-26 6.702211252420000122e-26 1.401230249219999992e-36 4.311768118490000187e-09 2.949168455299999991e-13 1.761099939209999909e-01
1.072645763250000034e-05 7.758126288040000096e-02 4.498557121749999776e-01 8.417429686980000547e-02 1.358357752140000047e-12 7.867547336730000254e-19 2.635811184760000060e-11 1.004921414180000003e-16 3.883780015889999881e-01 2.311402356119999962e-14
2.209623184269999999e-25 7.149298044959999376e-02 2.188640540889999973e-12 1.711019569260000015e-17 6.738890526909999679e-01 6.230989276039999644e-63 2.546179668569999999e-01 2.019014655160000073e-25 2.787967554650000129e-34 3.496233957479999927e-26
