2.846868952789999965e-70 5.483128080249999618e-09 1.343845700260000094e-16 2.565376523969999933e-01 2.763420751080000116e-38 2.216649883600000043e-24 7.434623421189999748e-01 8.448791956679999995e-72 2.220662586160000195e-19 5.772120636330000352e-34
6.040721124810000120e-01 3.959277879759999785e-01 1.543620752279999993e-21 1.161892027180000054e-49 1.348887322289999924e-28 9.940375062820000107e-08 3.935346655860000019e-27 1.390036809159999997e-10 3.573142355889999754e-67 1.211246189350000077e-13
4.477544030580000306e-02 2.447790348580000108e-01 2.837723463799999946e-39 7.860255497580000328e-26 1.965349702190000075e-08 4.089488974489999817e-01 2.961013148030000042e-01 2.209812107240000148e-09 1.349881066640000027e-100 5.395290720880000293e-03
1.806028330979999874e-01 1.335370580270000052e-33 3.221518282559999683e-11 1.520456467999999998e-28 2.813967240649999924e-01 3.615810073889999895e-09 3.112973256500000119e-01 6.221270973919999780e-02 1.846985841940000056e-09 1.644904019529999928e-01
9.609515514979999937e-19 2.460469475060000077e-01 5.275974554020000392e-31 2.725703565359999721e-23 2.168900046960000042e-26 7.539530524940000200e-01 1.037863569710000023e-17 2.699639309209999800e-23 1.434274542970000006e-67 5.009038414609999724e-19
7.770126785969999779e-35 8.758891374640000115e-27 4.181738565429999827e-41 1.592078977650000040e-94 1.159693604329999941e-13 2.081768551000000154e-33 5.190956590020000162e-18 4.877276716760000075e-01 3.821989419330000226e-73 5.122723283240000480e-01
2.507600198440000056e-53 1.028749442729999936e-01 4.253293051749999923e-27 6.707826442919999681e-17 5.452278463580000345e-01 1.487159141060000039e-53 5.599429510069999640e-26 2.749815200230000207e-23 3.518972093689999858e-01 1.268301184139999893e-50
4.963318944879999984e-06 6.908160771439999515e-01 9.916794375449999909e-05 9.221975142250000007e-27 2.880674511480000102e-02 7.399168016250000368e-02 3.449105623980000304e-45 3.602190404289999930e-04 1.969016536940000062e-01 9.019493581349999345e-03
1.894344753510000091e-50 3.911117612770000112e-34 4.079182340199999923e-01 4.878734992120000071e-25 3.811263303150000291e-43 4.161062370280000174e-08 7.053911703880000335e-24 2.618521472069999887e-17 5.080593677300000133e-11 5.920817243179999911e-01
1.132109536199999928e-36 7.804876722950000456e-01 1.087138509460000013e-01 6.471428995379999823e-49 2.301758623509999964e-27 3.856573374829999949e-29 1.107984767580000030e-01 1.640639079400000098e-12 3.088777214190000194e-25 1.647948283039999941e-13
3.402844664839999917e-15 8.395715718089999841e-22 7.055486088790000054e-02 1.526200644279999957e-50 3.171165588419999934e-36 1.108485233599999942e-05 1.159915822809999968e-136 4.080729836570000102e-01 5.213610706029999653e-01 1.159577297159999951e-43
1.393357146920000102e-25 1.808346029839999827e-02 2.212217357770000087e-03 3.128000691660000290e-20 5.686374322929999948e-06 4.835729166059999917e-01 9.707225669049999335e-10 6.922383705069999615e-02 2.289178316329999940e-11 4.269018813189999761e-01
2.686259529559999887e-02 4.885091745830000276e-01 2.491783089729999836e-10 3.844339169760000079e-35 2.477894160400000235e-50 4.846282298719999937e-01 2.631361257089999882e-48 9.070607180729999728e-36 7.895167965599999869e-38 3.175676810980000034e-41
6.664779068999999723e-01 8.460484821189999968e-21 2.200777342109999918e-07 5.796871032510000026e-05 2.088834325560000112e-29 6.561681862750000050e-21 3.334639043120000146e-01 2.094745867600000041e-49 2.821320236540000226e-13 8.841680023289999831e-14
1.734540501669999954e-23 2.423626071130000059e-02 5.110546332160000361e-24 1.545821488090000041e-29 1.984391750719999967e-06 5.983143337449999821e-01 1.019453189910000056e-32 1.969696247659999955e-01 9.522124547489999996e-28 1.804777963860000056e-01
6.978927830500000387e-18 1.077418217699999997e-18 6.294356638500000283e-09 1.662601623659999904e-31 6.168967650930000017e-49 1.165885531310000037e-08 4.032090846249999916e-01 1.557627052010000029e-12 7.743906690300000112e-49 5.967908974209999995e-01
6.687247330820000465e-22 3.950936232569999818e-01 4.847048212569999743e-33 3.239290679689999939e-07 5.944425209600000537e-01 1.072057177809999972e-03 9.391474617310000342e-03 3.400810356919999761e-33 2.580646763529999891e-29 5.924719828160000427e-11
6.371286073799999734e-16 5.954981176939999621e-01 4.045018673749999905e-01 2.917213669599999973e-09 7.554933309840000366e-44 1.148806786919999955e-08 3.313988632410000120e-11 3.237281138319999788e-41 2.143548696800000156e-24 4.925795517849999584e-10
1.106000856679999976e-18 1.065202123419999980e-33 7.652150395790000000e-29 4.099954043289999828e-49 5.104360384569999925e-90 1.000000000000000000e+00 5.993527993450000472e-73 6.853563036680000384e-46 9.574007994620000043e-71 3.518810837040000167e-50
4.556568288649999743e-01 1.319805284259999989e-01 2.847835845569999893e-24 4.106413435230000242e-01 3.387546307040000024e-12 7.354734268949999773e-09 9.940159154970000226e-50 6.977328772299999962e-25 1.721291827919999929e-03 8.936808613169999888e-78
3.654204335299999867e-13 5.954020720729999994e-01 1.109690502240000094e-65 4.991089301170000001e-38 8.886499804160000215e-05 1.615455460199999943e-11 4.041553940200000028e-01 9.637427011769999007e-10 1.274153401460000050e-289 3.536679279539999910e-04
2.577122942560000074e-01 3.989493226880000100e-34 1.690913724649999835e-27 4.967581154749999839e-01 4.635743525060000148e-03 5.219567522420000297e-14 1.081934005900000023e-01 1.309736427709999873e-01 5.199654360189999646e-12 1.726803378700000023e-03
2.797846572300000034e-33 5.041901185970000254e-01 1.898123095840000041e-10 3.656305863909999924e-06 2.159033581549999944e-08 3.440558523169999816e-18 2.342611817200000089e-36 4.887244069209999934e-04 4.842198676200000218e-01 1.109761128990000012e-02
8.550015574029999967e-39 7.739062671280000244e-06 6.306834894489999899e-01 3.245023048990000047e-01 1.473388957079999983e-27 4.204101896559999889e-26 8.251454889070000428e-21 8.119578971709999859e-22 4.480646658939999721e-02 8.505183346769999691e-32
2.739946480299999996e-35 1.989999400130000040e-01 4.732784267269999900e-01 1.453476988470000066e-04 1.086229865419999963e-17 1.289361831879999964e-22 6.444365555670000477e-14 1.739517953299999850e-02 3.101811060290000088e-01 2.074034746599999946e-14
7.207575465499999250e-18 4.105146014339999816e-01 5.791610659829999765e-24 1.006845135729999965e-24 9.093896253710000106e-06 2.871796755900000067e-45 5.076845638120000153e-10 5.576068312399999769e-26 1.890421427309999892e-29 5.894763041620000310e-01
5.640270935210000003e-01 5.724927673060000348e-58 2.659118636620000162e-33 1.061397260150000068e-23 1.148000582909999984e-01 1.185749951400000002e-01 1.213951281339999917e-24 1.394971531389999908e-01 3.964853396049999743e-10 6.310069951369999541e-02
2.331493633759999953e-08 4.495005645369999628e-93 1.261834285869999920e-33 1.379717456840000031e-25 3.318577353549999868e-05 2.319792338519999912e-23 2.114154690629999879e-26 6.720214672350000029e-01 3.279453236759999890e-01 4.682216649429999653e-22
6.043337258390000244e-01 3.956605555400000140e-01 2.483866075550000034e-17 1.198911692929999971e-51 5.564910341239999929e-28 5.579490869029999707e-06 2.199241296519999891e-29 1.391294228019999875e-07 1.145126224889999947e-58 3.823688335899999810e-14
4.045474075209999909e-01 5.954525659460000453e-01 2.330938614639999889e-29 1.130067378590000018e-53 1.290760379769999985e-18 1.012692722279999983e-14 2.498282952959999895e-18 2.652952244990000128e-08 3.574908794139999984e-72 3.532876160669999809e-12
6.501458767750000164e-23 2.243255074109999983e-02 1.357547339450000112e-01 1.872521162099999871e-20 1.442058407050000077e-21 6.161590781289999486e-01 2.256536350649999967e-01 1.295474672479999967e-09 1.568207481400000130e-26 8.245220055589999730e-10
4.667687763460000074e-76 1.680199842050000052e-14 7.177095800930000244e-28 3.665042785560000162e-04 3.007577251440000099e-01 7.358080555029999716e-81 2.543698451100000167e-05 6.924299809929999876e-35 6.988503335929999727e-01 3.911168345170000340e-27
8.024849245030000189e-01 1.432736857720000034e-01 1.513370960460000064e-39 9.232884570120000300e-18 3.548961122879999708e-02 3.896057978890000287e-24 1.875177849559999874e-02 1.053348539109999970e-30 5.257738752750000086e-42 3.086433844429999786e-28
1.510333718890000121e-01 8.539353071869999781e-19 2.075012744070000026e-01 1.530928501029999928e-19 3.786062828629999787e-24 1.681397058900000075e-37 6.413349569659999583e-01 1.523160595849999936e-38 1.303967382599999973e-04 5.658632319879999441e-23
1.047008500300000046e-47 6.188645637770000152e-06 9.458555611170000391e-10 8.669508031180000683e-18 2.407562534010000024e-05 3.021868658950000199e-54 5.710342089640000340e-01 1.015349284219999993e-38 4.289355254109999960e-01 4.077063483069999857e-10
8.106943595149999513e-04 7.479776315489999883e-01 1.026875310210000060e-13 3.190048115960000083e-23 1.280912486610000073e-52 2.512116740920000146e-01 2.026375369140000027e-42 9.001531099489999351e-55 4.639507388770000195e-42 2.411932147170000076e-52
9.956108348869999702e-42 7.451906215670000000e-01 2.629075620240000055e-54 4.359497412060000121e-16 6.888157065430000505e-20 2.537307262249999806e-01 1.078652208210000062e-03 1.000737212279999957e-28 1.041566487230000036e-131 2.608851790999999935e-14
4.372971024580000338e-02 2.503256093430000218e-01 1.378996010069999890e-38 1.324800303110000132e-26 4.696635566760000216e-07 3.865993652029999783e-01 2.360881999430000100e-01 5.457302247409999981e-06 1.050393768310000095e-93 8.325118830000000081e-02
8.442933828430000492e-07 4.041478220470000217e-09 1.096501513270000064e-11 3.197243851480000055e-27 5.722443100399999910e-20 4.937462029740000147e-01 1.027918136110000095e-292 1.280810765450000020e-02 4.934448410260000029e-01 5.036270251650000129e-44
2.991357421920000154e-36 2.393109418929999983e-08 1.621003707299999945e-12 4.975955741529999865e-01 7.142050024270000304e-16 1.606512930969999950e-51 9.243819024999999634e-02 7.527274796200000245e-45 4.099662116639999909e-01 1.359111442879999903e-40
6.778287106180000381e-13 5.939560333189999874e-02 4.408458910490000160e-01 4.997544839140000139e-01 9.384954784349999632e-51 4.018497162380000387e-06 7.619008353170000055e-56 4.244089068799999941e-41 3.207325455259999871e-09 9.423602574730000650e-46
4.999759558899999901e-01 8.028775634729999275e-31 5.000194898669999555e-01 1.718762992549999991e-29 4.800639233749999755e-73 4.553376669120000283e-06 4.880229963629999995e-29 1.078253200329999989e-35 3.181024668479999899e-35 8.665792939819999690e-10
1.082560339120000048e-01 3.387318218900000066e-01 4.937422758989999660e-04 1.860776381910000110e-01 7.161003674809999423e-11 7.105619074360000431e-19 1.614228141750000085e-06 1.763809112249999922e-01 2.568196120589999888e-07 1.900579813870000023e-01
1.337339587049999903e-54 7.659531536799999911e-19 1.419767976749999913e-23 3.319175207060000155e-11 1.499521916659999898e-01 5.464412681149999930e-66 5.311199623740000251e-06 2.037169124679999851e-20 8.500424971009999942e-01 9.342480372190000380e-15
8.030956555889999922e-23 8.240666333369999576e-23 1.251406493330000091e-01 1.080805437729999946e-23 3.186701196089999860e-18 1.073657803499999988e-28 2.389187052610000084e-01 7.788413395770000030e-31 6.316924364810000414e-01 4.248208924419999595e-03
5.857938741189999687e-01 3.881468953569999899e-59 2.214703682879999855e-08 1.029793575300000089e-77 1.228351737770000044e-14 3.899203347209999923e-28 1.113518824769999937e-23 5.458615025329999898e-02 3.596199055589999749e-01 4.792131645700000127e-08
1.518940354370000023e-01 3.846947815199999732e-01 1.520900106660000028e-01 7.522896617929999541e-48 4.011405879039999853e-15 5.247165976809999892e-15 1.796750444740000119e-01 1.316225689290000112e-01 9.027778689490000542e-32 2.355897316149999977e-05
1.097604247809999957e-56 2.042028443810000038e-01 1.324993530169999989e-01 1.196527130640000063e-05 3.536197834020000067e-09 3.424496764710000085e-29 8.371423013330000109e-17 4.684535267080000179e-09 6.632829473469999959e-01 2.881762850729999894e-06
6.011214905980000189e-02 3.664466590159999820e-06 7.749219512729999913e-35 4.015179989750000122e-01 1.470489911610000001e-16 5.383661575589999693e-01 2.993901172799999727e-08 2.226683480680000140e-57 2.666198396530000067e-36 1.500547011310000118e-48
1.492515605850000082e-04 4.401258222050000168e-01 8.802825678570000770e-03 2.869309460990000151e-23 7.824531330530000439e-02 3.772166268490000066e-12 1.122849767989999963e-02 1.038890917210000011e-19 4.614482895670000140e-01 2.180177653790000067e-15
2.715679218769999935e-76 3.489963801190000270e-01 5.138108248190000060e-02 1.229323123710000003e-11 1.885721441999999898e-44 7.620343682649999678e-10 5.740526433670000150e-01 8.348398727429999240e-28 4.540129411450000092e-34 2.556989325750000028e-02
8.832486137269999269e-31 4.798504160950000013e-49 9.180693383119999882e-29 4.683309449490000165e-01 6.929856838909999994e-09 2.481078516920000129e-43 5.310605487689999959e-01 8.859604628049999375e-14 6.084993523650000010e-04 3.020368764849999879e-20
3.266302658070000152e-07 3.163131873920000052e-22 7.623848500270000055e-10 5.451277475910000225e-01 1.881842969779999907e-39 3.937390999090000232e-01 6.113282510779999984e-02 2.486934761260000035e-52 2.181101580929999980e-19 1.104948751769999918e-15
3.635193805510000179e-31 1.944929913529999943e-01 8.027497369299999574e-01 1.069147749300000090e-22 3.352814023869999986e-33 2.016161161009999870e-20 2.757246165879999929e-03 3.669261176779999966e-22 1.018478235079999964e-21 2.555112710550000077e-08
7.499959089100000087e-01 9.161068193759999865e-52 2.497656339919999968e-01 1.357172755170000037e-53 9.989912590830000056e-34 9.995893893459999819e-26 3.103092312820000259e-07 2.969459281399999935e-12 2.381467858280000090e-04 1.095118911240000015e-20
8.241014861290000584e-12 9.035201476469999823e-04 4.949091295670000057e-01 8.789457241320000622e-33 2.749451839769999784e-25 9.762324019750000686e-27 4.903021188600000246e-01 3.422849421099999973e-16 7.272380906920000183e-31 1.388523141769999920e-02
4.576594111609999953e-06 6.441696499110000085e-01 4.200991322220000263e-14 2.029577541860000112e-01 1.290562633780000054e-26 1.528664845569999986e-01 3.612283099020000120e-72 3.328790039810000135e-20 1.534752077510000038e-06 1.516186113649999970e-68
3.128829959969999788e-34 8.379294312360000407e-11 5.787484421059999744e-11 2.782697992329999925e-01 5.447564227799999840e-14 1.388625867269999981e-01 4.864599203230000392e-43 3.124554596770000026e-01 1.120282940459999960e-01 1.583838601760000075e-01
6.666389195990000127e-01 1.169121024409999994e-21 3.741901446579999612e-12 1.558902989560000075e-12 5.676294612870000063e-65 3.333610803129999911e-01 1.295947560269999927e-61 4.161688245269999927e-86 8.267473322410000013e-11 5.468419681799999966e-102
2.541457646690000016e-05 2.476019552170000138e-02 2.181794195600000076e-13 4.770598895740000267e-35 1.641005225030000072e-15 3.421657550950000237e-01 5.157416651780000194e-01 1.088860076920000058e-01 1.233725906379999947e-58 8.420961936569999751e-03
3.702838777109999715e-08 3.544485092619999734e-58 4.018953300369999832e-29 3.840774022139999966e-01 3.759176418149999810e-01 8.390022864750000002e-20 5.428044510180000459e-13 7.861615349220000277e-09 2.357486128290000038e-01 4.256298251419999776e-03
6.411872923090000115e-11 2.489162104329999776e-04 1.823754566790000136e-23 1.898775875819999921e-10 5.585570323649999835e-01 4.411939097229999884e-01 1.033802190299999923e-09 3.275673119240000032e-16 1.356903801840000039e-12 1.404131651820000017e-07
1.053845379560000091e-12 1.053958940379999952e-23 5.691470928709999599e-01 8.599438140110000209e-07 7.802740051449999537e-33 4.878410741030000444e-22 2.971706231530000242e-01 1.037294416280000024e-52 1.336814240310000013e-01 8.969111177490000341e-30
5.581973151030000108e-02 8.169682031749999972e-40 8.191525757430000512e-03 2.279381933510000134e-16 2.775623303190000155e-27 6.171033840199999787e-01 5.020667463229999683e-02 9.133065792519999264e-18 2.686786840800000076e-01 3.517596347409999861e-24
6.666388817780000142e-01 6.152185237169999872e-22 1.107140523159999930e-09 1.186509284579999959e-76 3.101982949929999807e-79 3.333611171149999941e-01 9.671748021520000321e-74 1.258362731999999983e-20 1.160241976299999941e-66 5.091702306960000132e-28
1.699022182430000028e-01 2.852870391669999894e-01 1.339065044729999948e-06 4.199204982370000061e-01 6.048754411180000341e-07 1.592766436449999943e-21 1.055774588300000070e-03 2.054504587470000156e-05 6.842506747339999634e-13 1.238119807779999998e-01
2.125771456259999970e-01 8.817824480870000217e-03 1.433999404959999946e-01 3.452341456519999862e-36 2.095851000239999928e-01 9.159398741969999592e-07 8.637750324010000324e-12 2.194791795140000040e-03 4.234242815579999930e-01 7.041246412240000231e-11
6.377877349120000261e-01 5.371243831599999863e-19 1.671815103750000117e-08 1.549439488100000095e-01 2.488891568010000195e-32 7.832616875519999910e-23 2.072682995600000078e-01 3.607776543089999850e-71 2.097960932460000123e-16 2.142746389240000149e-22
1.634348341839999890e-67 1.793298752120000026e-09 2.861035704069999848e-55 9.660692259739999657e-05 5.119530986639999615e-01 6.841342154869999823e-43 1.314715202300000060e-12 6.261964888819999737e-11 2.544851387130000008e-40 4.879502925559999760e-01
9.754554989430000433e-02 7.780028890650000362e-01 3.189735087140000297e-45 3.389138486099999709e-02 3.668317665159999880e-07 3.209697221700000178e-27 9.055980934790000547e-02 2.194139723829999945e-85 9.798154182290000112e-27 1.182122020840000095e-68
2.648918179929999727e-147 2.290772316849999886e-29 4.200236375180000072e-42 2.496464592800000104e-01 2.306354770679999999e-01 1.263845046100000006e-70 2.987088626959999993e-01 4.771216916180000152e-29 2.210092009569999960e-01 7.749397957959999618e-16
7.415025920349999772e-03 4.049037126810000053e-01 5.074963096260000390e-12 2.519190608729999781e-01 1.009948035250000044e-31 3.355912802009999862e-01 2.363839245349999794e-84 1.744664689590000062e-25 1.709203187120000118e-04 1.349117580040000017e-80
6.606971330340000170e-02 2.318086974719999955e-43 2.518992143159999933e-02 1.302586845069999952e-61 5.763781956390000194e-52 5.085196552690000038e-01 8.573108094630000310e-15 3.988558614389999812e-01 8.074584297800000397e-41 1.364848557060000011e-03
2.914930971829999961e-15 1.365697577570000010e-24 7.049216925960000157e-02 1.399623670569999981e-51 2.044160403020000099e-38 6.666217145559999544e-05 1.154230706710000050e-135 4.080431591920000156e-01 5.213980093769999824e-01 6.976401375189999878e-41
1.108980319249999975e-46 3.360314591159999954e-03 4.813271972529999942e-01 8.899129495299999861e-08 1.528458357860000126e-38 1.777071536870000051e-02 4.915343708720000260e-01 6.645114948659999765e-23 2.024460586210000013e-31 6.007312923500000325e-03
5.830866105290000098e-12 2.225034608400000002e-01 3.775539792090000235e-01 2.961126144490000253e-17 7.630152051559999714e-23 2.417915745250000092e-06 1.209460023810000122e-41 3.815720859710000079e-01 1.836805605840000077e-02 1.922237871840000196e-40
2.233085187229999876e-31 4.639713424959999999e-02 5.199843613670000054e-11 3.282336707769999973e-01 1.538171264780000086e-18 1.306273413590000043e-01 1.785795654319999870e-15 2.194217992349999980e-30 1.777313685359999988e-19 4.947418535609999779e-01
1.526641204900000118e-69 9.828614073459999562e-23 1.217009485579999999e-05 1.191118949490000050e-08 1.470583346170000120e-20 2.227720212649999889e-14 3.148020420160000037e-22 2.674054259120000054e-01 4.378952099080000160e-01 2.946871821739999731e-01
3.173669201980000153e-24 4.553516945960000100e-26 2.343481292059999832e-02 6.344782982190000129e-15 1.335705361510000094e-38 5.539031779819999501e-01 9.985939676279999871e-40 4.118234295739999773e-01 1.083857952359999939e-02 6.491301754510000119e-32
5.381086793390000176e-30 1.113352723410000046e-24 1.139745739930000094e-25 4.299953002740000261e-11 1.986786355609999888e-01 1.595783733990000060e-12 1.505492152070000038e-22 3.553741931519999731e-01 4.459471712429999846e-01 2.832714413960000213e-20
2.697485124019999847e-01 9.552754086759999698e-47 2.702159459039999989e-01 1.114994260870000013e-122 4.635537432270000136e-42 3.527289118369999916e-15 1.688485619320000043e-57 4.600354092160000019e-01 5.563703542019999675e-24 1.324785420140000096e-07
1.392115382090000075e-01 3.388706902449999947e-01 1.162771406569999971e-01 3.894300436409999788e-01 1.219290545819999908e-38 9.304997593489999744e-11 1.621058715470000133e-02 2.387098566050000017e-84 3.722194548089999694e-14 2.555246515890000191e-31
1.007413818970000069e-01 1.716102938530000019e-25 1.469919909930000030e-21 2.347700377929999977e-45 2.910089457980000234e-10 5.530199768520000383e-09 7.284897418480000256e-95 1.181642646809999975e-01 7.810943476010000497e-01 1.540506110830000096e-69
6.040721237530000121e-01 3.959277967100000017e-01 4.288443353640000293e-20 9.234814698970000237e-50 1.201001379729999948e-28 7.943283998979999873e-08 1.686062376389999965e-27 1.039624166160000008e-10 1.381283580310000033e-67 1.469100801069999891e-14
2.778256528039999744e-04 3.373869230080000160e-17 4.356194178210000041e-21 1.978965833760000011e-08 4.143856192340000244e-01 5.811523539549999784e-01 1.619022063469999985e-15 8.183980322339999539e-16 4.184181263779999937e-03 1.046914660660000000e-10
8.028023100510000010e-01 1.395682133639999933e-01 8.505488211030000794e-40 1.019901597090000059e-17 3.461735386669999998e-02 3.918095046700000039e-25 2.301212271809999904e-02 1.295771010289999931e-30 3.382498465530000034e-42 1.366160843780000012e-28
3.791811589790000103e-01 6.779786847939999945e-34 7.891266590700000277e-03 2.067409228120000118e-09 1.201579365080000016e-45 1.912273823199999931e-02 1.115636830469999941e-41 4.916308347159999906e-67 5.938048341310000477e-01 1.631834218950000085e-27
1.551930075859999890e-63 4.250731528569999806e-01 6.015253169029999986e-02 8.828197098599999919e-26 2.130388807279999897e-14 3.204049630800000209e-48 8.042664372380000181e-06 8.609816479759999625e-21 8.925914421879999538e-06 5.147573468739999880e-01
1.592465411029999889e-01 2.089327523020000077e-01 6.750808115709999724e-02 4.595096022790000442e-19 7.464716502740000037e-02 1.814226024960000028e-07 1.814683982310000016e-07 4.569942628240000236e-20 4.896650975190000032e-01 2.613463384240000081e-20
2.802570294789999972e-01 7.644847981589999466e-06 2.875882319770000034e-11 4.373651566160000085e-07 3.241032583910000153e-01 1.585287092930000066e-29 2.570875079300000143e-01 1.899190941270000156e-09 1.385441200589999922e-01 1.095892185760000047e-36
5.939421948529999967e-02 3.510142865449999833e-06 1.529610602520000086e-35 4.017027985869999762e-01 9.344349637189999594e-17 5.388993786739999514e-01 9.311085688300000389e-08 5.984731291750000013e-57 2.474443539129999998e-36 1.806228429510000145e-48
6.180467664990000147e-69 1.996939837679999999e-34 2.527235475280000120e-28 4.439092410889999970e-12 5.519991691459999635e-03 5.350067692949999676e-55 3.087104186859999928e-10 3.932010712930000262e-01 4.930027302629999821e-09 6.012789317729999583e-01
2.266124247970000147e-27 1.692510953609999968e-05 2.305045404609999881e-22 9.067069081850000212e-02 2.914630669880000080e-01 4.892354056609999891e-01 4.194379322850000190e-52 1.285334127299999907e-01 8.049869290650000023e-05 1.601855669630000059e-18
1.196619548799999913e-03 1.179247338169999976e-09 1.597707137329999981e-07 7.662318892909999743e-33 3.671096485240000153e-20 4.893993815100000089e-01 3.575391763240000076e-01 1.390655807850000036e-01 1.169672990219999988e-43 1.279908088310000025e-02
1.135616444840000005e-03 7.805984950680000252e-10 1.250724605419999958e-06 4.850024052999999573e-34 1.900734482260000050e-20 4.893803984339999968e-01 3.576984031870000247e-01 1.393663023449999983e-01 1.370700419140000099e-44 1.241802808450000010e-02
2.942732925670000049e-37 1.288732355950000120e-97 3.268689275369999760e-07 4.218276837360000114e-31 1.288411061450000002e-41 9.495970155750000193e-26 8.155305631600000426e-39 6.198954059579999676e-01 2.795892524420000025e-01 1.005150147320000020e-01
6.666618919300000279e-01 6.931908307519999643e-18 1.830941306729999922e-06 5.350680387820000500e-07 4.410892835259999825e-26 7.473703266540000669e-21 3.333357411910000123e-01 2.149520564350000061e-38 1.504939435040000003e-11 8.549221016190000069e-10
2.897411621409999790e-13 5.954968782749999745e-01 6.431137699729999932e-13 1.008096440929999918e-18 2.102054199590000009e-11 1.370277983929999914e-30 4.045031214490000249e-01 7.638469580920000260e-38 2.541076595490000193e-10 1.094959162800000038e-44
4.085700462310000013e-27 3.305352506299999993e-01 7.844670509779999928e-41 8.741009448320000121e-16 6.101798896690000268e-22 5.574155284500000138e-15 4.749975995690000063e-01 1.552085039020000027e-30 4.506904036960000321e-112 1.944671498009999944e-01
1.635893009530000103e-09 1.070983812909999944e-01 8.927968051110000349e-61 7.379756126969999608e-01 1.545343440680000124e-01 3.916603081920000244e-04 1.549095485719999933e-27 4.369871060160000064e-24 7.306828875930000243e-34 4.214508387089999801e-67
1.881590443839999951e-03 9.689313403229999565e-53 8.313303016269999856e-04 1.195919519400000053e-25 2.423854517380000096e-34 1.132730402269999908e-09 7.202132942179999553e-01 1.298200151160000060e-07 2.002434206540000050e-08 2.770736340600000180e-01
2.218250526170000014e-01 2.621004495560000159e-33 8.860949011079999891e-07 2.927427036679999817e-01 4.059065359920000271e-73 3.330880760260000230e-05 2.427048977849999929e-62 1.626662739519999958e-69 4.853980488119999936e-01 4.425157284919999545e-81
4.759680393309999850e-05 3.920005679390000108e-01 2.216939126279999863e-05 1.936183369589999925e-01 4.687044446140000396e-03 3.829156151530000004e-13 1.229216397869999956e-02 9.072943381529999979e-45 3.964186939559999900e-01 9.134265258209999742e-04
8.017908331890000184e-01 1.793622411680000084e-01 1.165864645519999930e-36 7.060815797549999957e-22 1.785395485130000098e-02 4.829626958939999904e-24 9.929707910219999923e-04 5.108239377700000465e-22 1.307845355799999939e-37 1.210244854319999941e-24
1.023830334600000083e-58 6.011685880239999630e-10 1.835370752039999960e-27 5.561153859190000128e-45 3.997108367529999994e-36 2.638561421419999888e-34 6.555481230480000310e-01 2.012860001280000001e-20 2.985657055639999974e-97 3.444518763509999970e-01
5.571266566960000085e-68 1.439668681300000013e-35 2.721234850220000094e-33 1.527722385810000014e-19 4.459817132069999746e-01 0.000000000000000000e+00 2.953628789550000189e-01 4.678575239470000051e-27 2.586554078369999732e-01 1.793715504690000055e-13
2.779630092079999764e-47 5.837407761849999722e-04 4.799831155959999873e-01 4.794040889920000132e-08 1.585381301019999938e-37 2.026003744140000146e-02 4.914514809950000229e-01 4.375463202999999832e-23 1.260652652039999938e-29 7.721577250989999919e-03
4.823054901760000466e-72 2.316414230299999877e-01 1.440794430890000028e-12 1.852591165449999880e-10 8.396703944920000378e-11 1.996447384169999989e-07 1.244785107649999967e-32 7.663412407949999894e-01 2.017136258730000201e-03 1.725015852780000096e-16
1.007844553619999944e-02 4.039830403369999989e-01 2.937379492110000194e-11 2.521589530330000106e-01 1.689863243919999880e-32 3.337613911039999937e-01 6.971818366440000358e-85 2.581083912470000036e-25 1.816996027859999981e-05 3.576401879549999914e-80
9.961080740979999630e-11 3.010289651020000012e-01 3.567205841489999862e-01 2.080981887530000104e-14 1.455611898600000037e-19 4.934207516510000091e-06 6.952945080969999718e-37 2.509785249129999896e-01 9.126699152849999941e-02 3.380403507019999723e-39
1.149196808489999971e-04 7.457693519700000495e-01 6.710918699149999725e-14 7.747445639129999895e-28 4.427231924779999842e-55 2.541157283489999807e-01 5.751830589890000080e-48 1.765826092109999921e-49 6.786415367899999748e-42 7.156597938820000098e-53
3.907062314329999841e-01 1.371411414239999989e-26 7.232600769610000306e-33 2.091684847729999900e-24 5.147247448220000354e-01 2.231892723830000099e-26 6.052743956570000534e-57 2.441954439180000179e-03 9.212706930559999563e-02 5.845130750660000237e-33
7.053250026810000316e-06 4.278164071659999734e-02 1.428163915189999963e-17 7.304809629569999793e-47 2.349930666410000167e-22 8.228541188000000617e-02 4.138611965499999767e-01 4.412439142760000155e-01 1.099361022040000061e-74 1.982078332710000140e-02
1.916394378479999994e-01 9.022259213649999844e-17 1.503531626060000126e-01 2.864009665110000069e-100 1.315763760869999988e-20 5.709529036050000461e-20 2.888790355400000117e-29 5.314856317989999912e-01 1.705293992010000075e-24 1.265217677469999968e-01
3.187589948240000109e-02 3.156538600750000145e-01 1.274203303059999980e-02 3.697906431149999682e-58 4.159353041770000293e-05 7.375511525709999760e-23 4.122504548760000256e-11 3.074132743210000185e-01 4.705254380479999889e-19 3.322733395199999884e-01
1.155983658339999965e-07 5.748871626569999893e-02 2.911355317659999939e-14 5.494969591329999856e-08 1.196261297559999937e-06 8.186542068320000259e-04 3.320331322969999888e-01 6.096581304210000329e-01 8.078079149279999907e-32 2.666918381160000093e-14
2.701132948639999923e-19 3.943541395380000258e-01 7.666169982400000693e-02 5.289841604099999595e-01 1.731219697879999867e-45 1.219436634800000065e-10 1.117446773229999932e-39 3.002440991080000010e-39 1.060730625819999996e-10 7.603120521320000398e-35
3.301748199089999947e-01 2.302980840720000033e-01 3.011654684860000097e-01 1.100405342199999987e-16 1.194274134030000074e-11 4.445571245099999816e-08 6.278303967520000584e-02 2.419313908569999836e-15 7.557854339099999430e-02 1.221843634419999954e-27
6.251669375910000467e-36 1.788620952370000149e-15 5.515546278020000415e-01 4.068090019060000169e-14 1.174881347559999915e-43 8.034078053090000504e-02 9.425968265469999996e-02 2.269556110989999880e-16 7.428943855020000237e-26 2.738449090119999818e-01
5.713792459789999635e-25 2.441421864280000076e-01 1.178978533210000072e-25 2.610053155159999959e-20 2.186622040869999894e-01 4.248558272419999948e-01 4.696889287440000444e-25 5.935052232989999913e-07 1.809106666420000076e-26 1.123391887380000009e-01
5.563371809380000279e-15 5.746390992739999819e-31 3.715830204709999881e-25 6.627596228010000003e-49 4.970058893420000179e-01 5.219755696270000035e-63 8.765568155809999409e-31 2.718647338030000249e-01 2.311293768540000071e-01 6.388332007860000374e-26
1.043572905319999956e-23 3.656750456459999937e-02 9.142661976549999736e-02 1.194844099230000017e-30 5.286011989179999826e-24 5.386108970559999598e-01 7.128225993219999834e-02 2.571936146189999772e-01 2.744057896009999934e-28 4.919104063149999650e-03
1.076350228229999983e-01 5.404841658670000144e-42 1.789877343290000027e-06 1.978028863779999906e-18 1.166332455040000005e-61 5.541019670040000511e-01 2.080882655490000139e-11 4.538049223020000269e-27 8.284836785059999675e-39 3.382612202749999963e-01
7.499846471219999700e-01 5.453382454919999883e-53 2.500038301379999828e-01 6.437183401240000218e-06 2.335913670039999865e-55 8.791593089990000576e-21 2.072328641919999987e-07 6.278283828350000172e-63 4.878323137719999943e-06 2.135629314200000063e-15
1.215443943300000013e-67 1.891561372279999833e-09 2.001412891159999963e-55 3.163295336129999779e-05 5.119998507969999446e-01 7.760923858659999882e-43 7.393400805420000432e-13 4.375569927250000395e-12 4.256541746040000173e-40 4.879685143529999825e-01
4.645458152099999904e-01 6.501753003399999761e-21 7.440357939790000346e-42 7.457116947939999851e-02 4.232173720599999855e-01 5.805637177750000259e-03 3.540271275169999825e-16 3.186000607279999841e-02 2.417074737909999911e-22 5.991969908569999743e-24
2.659500804480000036e-01 4.358867464619999854e-01 4.339671472289999800e-32 2.182791708140000004e-10 2.468911345610000085e-01 1.272052306659999963e-18 5.846600387290000036e-30 5.127203831160000169e-02 1.337986321819999909e-24 2.016607544340000064e-33
5.866534313300000303e-01 3.187056073750000052e-40 3.584156932240000044e-45 2.054398351679999901e-01 2.677895198089999822e-04 1.461545083320000063e-02 2.878362974489999946e-26 1.930234931489999972e-01 6.989183817339999591e-17 1.977241064410000084e-32
5.846417081689999629e-01 3.363844988490000132e-01 4.724011233009999625e-46 1.398332398049999924e-14 2.399660669499999871e-02 2.130292380479999995e-29 5.497718628739999697e-02 3.994961846419999930e-41 5.738361619020000091e-45 1.584755773619999933e-37
6.416591828109999819e-27 2.488644192649999975e-01 1.881857862549999921e-04 5.418288711919999769e-45 2.406187981230000107e-07 1.468154516140000046e-79 2.773421548139999842e-03 4.774265975620000009e-17 5.152406870830000120e-11 7.481737327299999851e-01
1.418271109689999896e-04 4.516869542610000127e-08 4.765126857380000346e-50 5.097784021109999815e-12 2.610272097319999984e-01 1.365083979360000033e-01 3.366119160019999985e-48 6.023225200470000429e-01 6.399543649550000293e-38 4.747061922440000146e-16
7.404908671589999951e-04 1.839065237780000067e-12 5.518393256909999814e-17 4.625581386440000276e-01 1.577390790820000041e-15 1.283759424860000109e-01 1.807068048819999967e-10 2.709851128920000018e-01 1.092632908390000007e-24 1.373403149290000069e-01
5.000535823120000334e-01 7.291673862850000155e-08 6.249837465609999582e-14 2.578080758590000097e-43 1.651490094990000089e-06 8.739242773600000196e-29 4.999446715749999992e-01 2.170572362950000078e-08 4.584015625550000076e-21 1.365599500359999913e-16
1.322621533449999973e-30 1.916622240879999883e-01 8.025232049320000227e-01 5.155017881559999683e-08 3.850878243720000033e-41 4.071152014630000147e-20 5.814519429380000069e-03 3.736932661840000191e-57 1.940109624730000109e-24 5.292755518969999653e-24
9.796836995590000434e-11 5.617870619200000526e-01 4.065231203109999959e-28 1.282033039249999929e-17 4.382129379760000276e-01 2.843182858850000022e-24 4.634394509849999609e-15 2.041514922290000054e-44 5.828119076769999985e-12 4.506104986799999777e-27
1.131110575929999977e-10 1.690843389090000053e-03 4.673387563050000183e-23 1.255677688680000015e-02 5.511342168589999924e-01 4.346179077969999915e-01 2.549547040560000023e-07 1.168633522659999974e-32 4.561377119329999946e-14 3.212691803539999920e-16
4.756887343599999762e-01 6.204742551269999942e-28 2.796909410190000184e-07 9.905791166540000761e-56 1.964323487949999961e-02 6.383564198790000410e-31 6.482370114479999576e-07 3.870158603519999740e-01 5.501150170329999894e-02 6.263974077700000531e-02
1.426685500329999932e-02 1.325027326240000038e-26 1.746031831519999928e-06 1.179983016350000073e-02 9.849792638830000286e-13 3.688050268880000083e-35 4.151838896080000119e-01 1.882158421890000127e-21 5.587476791929999465e-01 2.968037666670000008e-26
1.520221113230000032e-01 3.846626427739999743e-01 1.520795651849999874e-01 6.314764050229999838e-48 5.239918342950000081e-14 1.197150082799999979e-15 1.794705989450000039e-01 1.312347381869999885e-01 5.173195562870000187e-32 5.303435850910000237e-04
5.109104591980000107e-08 1.045278438090000001e-22 3.867020504320000127e-11 5.451273257959999841e-01 1.879773333139999882e-38 3.937392887319999812e-01 6.113333434169999914e-02 2.673794885379999821e-54 4.679760559779999920e-18 7.775886910379999857e-17
3.835773442559999852e-16 3.280394047759999979e-16 1.868004024439999869e-02 1.263300114139999928e-09 2.054808023460000026e-41 3.241930651989999856e-01 6.583539579689999883e-115 2.733205643209999822e-19 6.571268932930000028e-01 7.767569609500000199e-26
2.424806519590000098e-01 7.675766603599999774e-54 7.483750391760000120e-01 1.264734307150000056e-59 3.024007163569999814e-59 1.364155526300000117e-22 1.981629884310000025e-13 2.482735740090000121e-14 1.815968424500000056e-31 9.144308864749999335e-03
7.874091575000000407e-36 7.786455856820000410e-01 8.777241168209999611e-02 2.831617155239999836e-02 1.758471470770000120e-54 1.194407954890000010e-23 1.052658310449999940e-01 7.731783832239999675e-81 2.396621933020000193e-28 3.940194607199999757e-11
2.516166572169999949e-01 8.936704319190000301e-02 2.206138070210000024e-01 2.850925808390000205e-01 2.035185208080000039e-14 4.690147186429999706e-11 2.914366956489999826e-14 1.336487625979999871e-01 1.259637112440000027e-07 1.966102312309999864e-02
6.428762979709999881e-01 2.416519896140000037e-23 4.345865394069999869e-26 1.995170454969999869e-39 3.571237019210000141e-01 5.049822930509999832e-24 2.295149119920000117e-27 4.518385879060000091e-12 4.303495335759999857e-13 1.025658564540000048e-10
7.499953530220000442e-01 1.385106029020000054e-54 2.497769407509999873e-01 3.857904615690000079e-53 1.846517268500000009e-33 1.651300477260000011e-25 2.818635708680000208e-07 6.582096408930000137e-11 2.274242976009999920e-04 1.984549766920000047e-20
9.144021522719999849e-14 4.839616171689999506e-07 1.323124202559999943e-39 1.215867082969999981e-16 5.036746505639999594e-01 9.421593668859999367e-06 8.175572889200000559e-40 4.963154438749999842e-01 1.602622664409999963e-36 5.988145104760000015e-12
5.857924363740000251e-01 3.794253253039999891e-59 2.291784466679999995e-08 4.262422665380000228e-76 1.348922291610000005e-14 9.873143058590000119e-27 9.382165831120000252e-24 5.459248382709999681e-02 3.596150374329999955e-01 1.944785478470000074e-08
7.989514916859999600e-50 5.383399515619999853e-01 4.882452300880000116e-20 2.213136904409999939e-01 1.698337239250000089e-40 1.399351564459999953e-05 2.403286084559999869e-01 1.570146575120000068e-48 1.290041704140000097e-59 3.756025960150000065e-06
9.228202161340000497e-70 5.274816899809999690e-18 1.701825989609999926e-27 2.116947152680000008e-14 3.009589800110000213e-01 2.080879585699999990e-78 1.648220848309999954e-07 3.730875148690000015e-19 6.990408551669999859e-01 2.999567986879999815e-15
3.506604230849999740e-35 3.065414000990000082e-02 5.847244465589999659e-66 2.745743698160000129e-15 1.205694738930000037e-01 3.769680221490000069e-29 1.590676014889999852e-05 1.182893549350000035e-27 4.060594353830000059e-81 8.487604793370000511e-01
3.123601584359999790e-29 7.833499184609999273e-170 1.109171037740000035e-29 7.804881972470000719e-21 2.250278613009999841e-09 1.466471554229999991e-39 2.319206369810000021e-11 4.082406808860000180e-01 5.711705622889999834e-01 2.058875455179999883e-02
1.035289809950000006e-36 7.996112329080000414e-02 6.060079242080000028e-07 1.562765705880000133e-01 1.336976340529999951e-03 6.527907791959999817e-02 8.687769612159999859e-22 5.667365619609999738e-01 1.304090838889999937e-01 3.034444059609999835e-12
5.833208346279999956e-01 3.330355637199999830e-01 3.466133793919999993e-48 2.709301562149999981e-13 2.739887696910000073e-02 2.470519094569999843e-31 5.624472468220000076e-02 7.232475601640000282e-48 4.310305972990000425e-50 8.854115819280000204e-41
7.079323304310000114e-94 1.790761983549999876e-51 8.984521982999999629e-42 1.115396551870000079e-33 2.752061893879999902e-09 2.056366345830000117e-77 1.585130879180000115e-17 4.877276659800000025e-01 6.475379006080000019e-21 5.122723312679999808e-01
7.721250367009999527e-10 4.675802970640000103e-09 5.042117061519999499e-01 4.412792101620000108e-10 1.925405891710000189e-15 2.628976077059999731e-29 2.975927657799999973e-02 4.659124785729999996e-01 1.123908889049999947e-04 4.141919320089999675e-06
2.768465072940000050e-29 4.829020244159999975e-01 3.562716175640000362e-21 5.322033983540000414e-04 1.718464049760000112e-01 1.643800039900000043e-46 1.258667455530000090e-01 1.747291448099999923e-22 2.188526216580000128e-01 1.145848234479999952e-54
6.735548302509999918e-02 1.990490816580000114e-02 8.361410884640000221e-29 1.346983589579999960e-02 3.999043684049999881e-01 1.004652466599999949e-08 1.139859367169999998e-63 3.090116514870000184e-25 4.993653944609999784e-01 3.432148839840000275e-67
2.197828456410000064e-15 6.222185906160000303e-10 2.320786252459999976e-25 1.417197648279999903e-48 2.854526661820000130e-02 7.171491276730000237e-15 4.402277456800000265e-08 3.590109381129999999e-01 5.520751464800000109e-48 6.124437506240000273e-01
