2.540347002400000176e-07 2.015549795809999837e-64 3.557112265650000188e-21 2.489923547079999910e-01 1.308158957159999993e-50 1.550676966460000054e-07 7.494476451910000447e-01 2.208847065680000040e-60 1.559590997989999906e-03 9.580648035270000704e-66
2.549640075720000049e-11 8.107464255419999933e-06 2.593166274470000143e-01 5.838167144149999816e-34 3.144474780959999882e-01 2.355908438200000066e-01 3.649007045909999772e-54 1.090178451700000019e-04 1.905279253019999952e-01 1.195053503070000116e-22
4.960962918270000118e-10 9.214525970950000511e-19 2.876606299600000157e-18 4.165973661310000101e-19 5.025808668170000034e-16 3.992538113949999912e-01 7.802849434499999988e-40 4.901784973580000070e-10 6.007461876190000050e-01 3.855827885179999812e-22
3.900871140339999740e-33 1.258699882869999966e-16 2.572929897569999857e-54 3.873607895080000141e-01 9.817939629459999928e-02 1.835360234860000106e-01 3.810019454400000079e-14 2.171109122769999955e-01 3.165298793980000105e-22 1.138128784339999949e-01
5.790542168310000015e-01 8.225184043130000624e-15 3.718091107819999908e-02 4.705289362570000006e-27 1.401773039409999963e-33 3.837563918479999781e-01 2.181282622300000119e-20 5.855752152869999881e-22 8.480242798009999394e-06 5.829326458679999885e-36
1.956959216129999927e-08 6.163684232219999518e-42 2.076464034819999919e-35 1.959639489849999971e-01 8.272915921600000320e-19 2.365910774509999896e-33 1.963451945300000101e-37 1.612758825010000039e-18 1.499705538170000019e-01 6.540654776280000471e-01
1.038655512829999991e-39 3.125379010370000145e-07 4.479518015750000220e-60 5.470105369820000354e-07 4.806045237460000014e-04 2.584853373400000098e-01 3.923012445330000264e-01 2.139342107049999886e-01 8.483139612739999430e-70 1.347977433489999932e-01
1.543921992759999962e-14 7.113791215270000494e-13 2.662312003839999944e-04 2.958072128989999878e-24 1.339352977690000065e-06 6.646152792480000127e-01 2.937069480650000073e-52 3.351171501979999801e-01 2.368785780820000177e-27 5.550229886769999797e-25
1.144949864909999976e-01 4.325322681089999888e-11 3.199831551710000110e-01 1.152260589850000044e-01 3.308583723199999898e-28 6.975317967039999589e-25 6.406666969879999977e-04 3.438552710830000136e-01 8.248898347640000578e-08 1.057997790399999999e-01
1.939366849140000126e-01 1.895307821599999942e-01 3.739472431559999750e-09 2.285072078519999935e-24 1.339421552710000027e-46 3.828159766440000222e-01 2.328338663400000008e-01 2.549392437039999868e-05 8.571922791349999467e-04 7.146857284449999897e-15
1.695487886209999964e-35 7.498023383109999607e-01 2.295839808690000195e-25 7.558267409420000083e-57 1.084493577309999921e-05 2.908548563699999955e-40 2.216485206439999912e-67 1.353550128429999932e-09 2.462409820020000144e-100 2.501868153999999844e-01
1.816911569799999904e-01 8.837313932140000022e-03 2.300623000119999815e-12 4.263197513100000090e-11 3.612389813120000154e-12 3.081178005779999785e-01 1.066089975419999999e-17 1.117972018569999976e-01 2.379254694649999893e-19 3.895565266039999752e-01
3.993390398570000063e-08 4.891678045299999861e-03 5.078439884780000524e-01 7.004600305229999486e-79 3.747472971499999879e-21 4.872642935429999933e-01 7.594920540380000058e-54 5.851092360450000237e-37 1.262901939730000031e-30 1.901973141240000073e-45
9.298860096579999609e-46 1.288718297539999935e-40 3.329204670020000090e-01 1.921654422719999977e-01 2.437885720419999958e-01 2.237835453289999943e-01 3.777237021219999703e-11 1.034371274230000003e-04 7.238536190219999750e-03 3.723958973610000258e-66
7.493792644329999586e-01 6.302147432960000258e-37 2.318883218610000189e-25 2.561327955350000113e-13 5.799718436509999735e-03 2.444986887599999864e-39 2.199048838929999868e-67 1.769430189270000000e-43 1.218676946670000100e-28 2.448210171300000126e-01
1.848748630349999918e-13 2.776849137090000143e-25 2.964436439390000187e-23 8.347974719749999508e-15 3.383113322210000064e-57 3.451459784690000055e-71 8.122550249430000298e-10 2.404091241199999783e-16 6.716658044709999942e-01 3.283341947169999830e-01
3.235281156500000033e-02 1.940074034790000087e-45 1.480095233889999995e-46 5.932899812849999899e-01 4.770076711770000109e-18 3.743572006729999901e-01 6.476205251010000400e-09 3.559441212320000204e-58 5.092558502170000408e-25 1.508824287809999907e-21
8.295325356129999717e-03 1.313651918929999959e-27 6.068825946760000312e-01 1.666381950179999992e-17 2.473892543980000133e-45 3.777204414029999885e-17 1.157248515000000046e-04 1.803595143220000167e-30 3.847063551159999872e-01 1.681168916779999938e-39
6.696943266870000189e-01 3.367960696010000178e-08 3.303056396330000255e-01 1.453904105709999992e-98 6.635761020619999691e-21 1.443684832949999972e-13 5.230182876100000445e-87 6.188891058430000006e-68 2.099907459140000193e-31 7.800210736049999991e-45
2.520468076579999932e-30 4.005047032080000236e-01 2.181415259370000160e-12 2.856493912940000096e-41 6.275921390400000002e-11 5.994952957050000419e-01 1.021656898730000044e-09 3.537718828690000172e-25 9.635247048529999541e-52 8.724201487729999615e-39
2.343478257540000109e-01 6.221429717540000209e-30 2.128180423079999882e-45 2.672865114790000115e-11 7.433098953229999792e-22 1.708386728000000146e-02 1.296815885690000102e-25 9.952373472550000527e-30 7.485683069130000256e-01 2.573975590700000082e-11
3.740741712859999707e-02 7.817934710389999768e-14 2.369042693219999894e-10 1.193633056269999965e-02 1.811973248160000105e-01 7.632690193470000273e-26 2.942610257209999913e-01 1.817901666419999892e-36 2.204897999119999896e-01 2.547081016230000050e-01
9.477957374909999569e-08 3.540588890850000021e-12 3.960137433989999733e-01 2.832743601199999919e-02 1.279277658870000072e-16 1.609189117630000072e-25 1.451426590890000090e-01 2.725007202399999939e-01 3.044312446949999876e-12 1.580153464740000069e-01
2.310975908869999937e-32 5.759003686589999615e-01 1.452935248660000046e-02 4.950292520789999926e-43 1.680689276060000008e-62 4.775510755810000320e-19 5.571097055080000138e-02 3.538593083039999754e-01 2.164633476180000081e-26 1.239756301579999921e-39
1.338841382810000005e-05 5.761614183019999613e-01 1.232169370639999983e-01 8.558038916539999707e-33 3.538665227880000303e-55 3.528711957190000291e-61 2.969494610660000089e-01 1.323459801749999929e-17 1.589643095849999902e-11 3.658795137770000112e-03
1.069494407869999929e-26 1.737516681479999904e-50 1.130875727890000075e-05 3.645301962110000238e-01 4.842331704439999979e-11 7.007167318939999829e-16 1.215818556430000041e-35 3.355560034780000200e-01 2.999024915049999795e-01 4.899665161899999509e-35
1.777178735100000129e-01 1.488659878940000017e-59 3.112776078710000142e-47 1.114216137899999917e-02 7.951401654269999453e-01 1.863135185360000096e-37 1.474097866579999871e-51 2.738458743749999870e-67 8.678501357759999890e-08 1.599971289869999910e-02
8.247840771710000432e-42 7.169893341919999857e-17 4.457625260569999580e-59 2.096492571380000081e-22 4.000000035799999853e-01 9.502764388249999294e-34 9.486077963410000012e-32 8.963881566690000159e-26 1.121338828310000054e-58 5.999999964200000147e-01
5.934967418040000275e-01 1.073353819750000078e-06 4.110119885280000100e-03 2.192682134639999863e-46 3.967769640109999885e-01 8.559927731969999663e-20 3.963370099759999925e-65 1.438574531510000049e-30 5.615100945609999630e-03 2.434861546500000084e-13
2.407238849939999925e-01 1.004860957169999996e-04 1.336106104719999958e-02 6.458515635039999713e-27 2.667528977249999933e-01 6.724075173240000314e-02 8.688823671829999730e-34 1.292530482749999993e-14 4.118209184059999917e-01 6.665129173550000069e-13
3.525508218269999827e-01 3.498013716819999841e-01 1.489089918410000089e-19 4.857989502799999767e-18 7.663548631519999926e-46 2.227478474240000006e-01 7.489953027310000677e-02 6.594375025600000293e-08 3.549659391950000017e-07 7.883828023610000580e-09
7.674096951130000359e-32 4.111234850840000087e-03 1.675746796620000057e-18 1.087645158640000023e-08 2.055160107800000080e-01 2.604252610069999921e-18 5.563636503869999750e-01 1.752697551219999927e-01 5.306665469229999831e-51 5.873933798329999956e-02
2.482765040420000124e-29 1.001427894230000031e-24 3.756108915499999758e-10 1.231949597909999936e-25 5.000001011329999745e-01 4.999998984910000166e-01 1.347318674359999969e-34 2.678731961949999792e-23 2.853854039520000007e-13 1.809978467149999975e-50
7.576266611090000065e-18 1.714421632960000160e-11 3.272757722620000146e-07 2.867333510719999833e-03 3.785045246889999770e-01 1.126588689380000038e-06 4.287058993369999849e-01 2.529862647910000017e-08 1.899207632830000048e-01 2.350768583190000062e-15
1.031994157180000026e-50 1.569131434650000057e-30 9.234530778299999280e-16 3.389639996919999732e-01 5.953928926139999908e-07 2.118300037259999991e-01 3.367714184239999908e-01 1.124339827649999957e-01 4.001414325559999873e-42 4.982243835499999710e-45
1.678882965950000060e-14 2.195532566649999912e-07 2.538312032289999909e-01 1.499164303150000027e-57 3.628110506350000050e-44 7.461685772049999610e-01 1.835926030219999890e-36 1.252622028470000057e-11 1.422026752259999934e-19 2.193347051480000138e-53
4.238968949390000129e-01 1.028723264039999991e-33 3.872396303859999898e-23 1.088872579529999953e-12 6.438869946299999489e-61 1.516164173360000089e-01 6.044450127300000279e-05 8.577951179470000226e-32 4.244262432229999882e-01 8.081073131470000110e-38
4.966775401749999874e-01 1.317702236120000036e-29 7.148072121579999884e-36 1.353392252610000087e-13 9.973940237160000453e-18 2.123220229519999910e-13 1.276387355689999945e-35 5.447960519340000039e-34 5.033224596880000457e-01 1.366269757149999961e-10
1.091243003389999989e-17 6.011360911299999943e-01 7.041823082160000498e-08 4.731380286459999972e-54 3.988638374080000215e-01 2.873630743659999982e-24 9.900828329299999979e-71 7.307455247540000464e-16 3.491124573889999734e-58 1.043912683969999907e-09
3.756893868600000014e-78 1.065466156019999986e-05 1.450394872519999917e-13 3.660956537710000136e-44 2.782988645000000156e-37 2.443916020030000025e-01 5.026413127469999687e-01 2.529564305879999919e-01 4.022431708509999941e-61 6.873843648330000317e-81
7.518508369110000244e-27 8.935390631990000609e-02 6.095108382280000070e-01 9.630954702999999874e-38 1.306417912780000104e-41 1.919989140290000087e-03 2.478588604539999976e-03 2.967366777070000183e-01 1.800415320530000021e-23 2.494782095319999903e-45
2.739584947149999845e-28 9.107256236210000496e-26 7.423191086810000394e-01 1.140155449109999981e-37 2.334479958029999913e-01 2.947401132420000047e-37 2.208490311149999933e-86 4.030151059940000057e-14 2.423289551560000102e-02 6.386289266720000265e-29
3.024448105720000198e-12 2.403235691869999927e-02 2.497562793679999893e-01 3.430870009630000060e-20 6.030267898479999595e-20 1.641660476820000096e-34 2.129114065660000113e-05 2.439569823249999880e-01 4.189575481260000012e-01 6.327554211909999782e-02
6.545001717039999916e-41 2.122682375970000035e-01 1.342622486349999953e-04 3.363966212960000180e-15 1.358844236710000097e-01 3.149666888810000209e-13 2.628244177019999905e-01 3.888886587809999851e-01 2.935964499559999985e-60 5.593044144229999544e-19
3.496417344090000015e-33 1.356898454989999936e-10 2.404078379410000132e-01 6.070373003489999524e-04 2.965283477489999986e-01 3.493374244209999924e-03 1.978519558079999963e-01 2.611114468219999929e-01 1.731156498909999989e-35 2.229532271669999939e-26
1.140874121900000030e-40 2.997498214959999800e-06 9.703700784949999662e-40 5.058956155589999962e-34 7.999996997660000497e-01 5.084022446610000024e-33 1.160965799959999994e-37 8.448745029389999404e-14 3.806583105969999994e-57 1.999973027359999989e-01
3.271118071109999884e-04 3.849445137820000085e-01 1.765215030480000112e-14 2.577126655840000099e-17 1.149141051419999932e-05 3.774243169969999923e-02 8.265363371639999423e-18 6.262304841629999475e-05 4.257277029700000104e-01 1.511841252810000036e-01
5.004601761740000372e-31 3.999998236069999824e-01 4.939044279970000120e-08 7.802227278489999375e-36 4.071582996510000313e-31 2.701588018240000039e-26 1.851013263159999980e-13 6.000001270020000055e-01 1.465339913910000076e-51 3.416643424099999773e-17
3.871323610890000100e-01 2.521982654409999848e-28 4.152535086369999865e-25 6.860200938000000062e-22 1.655228277840000031e-18 6.128676389110000455e-01 6.138707289929999412e-20 3.157017854740000283e-76 3.665284944369999722e-20 3.942968781199999911e-36
1.324725727000000081e-44 1.284997686809999906e-13 1.230353459020000042e-40 2.513368004310000213e-07 3.374388284939999847e-04 6.648745516030000191e-01 5.532319711130000195e-08 3.347877029079999733e-01 5.586051597130000069e-63 6.498680795800000388e-15
5.214219347960000005e-05 3.374436339669999847e-30 1.125977133290000031e-13 5.002518039039999731e-17 6.169038797600000142e-110 3.412016115620000112e-29 5.006598599210000389e-01 6.536052492620000004e-22 4.992879978859999790e-01 1.137835260369999992e-29
2.014064345480000007e-54 2.388943194420000003e-27 1.128594157539999989e-35 4.925654458740000047e-05 1.079189995439999963e-31 3.139189781619999850e-17 6.001544310680000383e-01 3.997963120870000053e-01 3.006421551549999904e-10 3.482394583050000231e-27
3.066180888369999906e-03 4.078974712960000264e-37 4.473990495410000157e-01 1.472714970700000070e-01 5.675532726549999513e-16 1.860663744609999948e-01 2.113177924640000094e-01 1.295753930569999879e-47 4.879105575929999772e-03 1.068289025549999957e-48
2.130784667989999992e-01 2.101147430510000025e-01 4.699519833810000269e-01 3.819967399269999807e-28 2.807558676710000155e-43 6.454710237040000339e-40 1.066730839440000050e-01 2.186189051159999916e-20 5.410728294940000230e-08 1.816687177249999932e-04
2.034514949750000016e-15 3.999998929129999770e-01 5.365054332599999843e-16 2.389989359629999989e-36 5.999999951900000239e-01 1.118963303450000044e-07 1.224472900160000034e-25 1.435937667530000017e-30 6.733853261749999547e-20 2.476511007580000159e-16
3.166063686890000063e-08 2.242406417330000123e-01 9.934842736269999808e-02 3.797860910270000101e-17 8.036259395139999404e-14 4.921067331730000270e-20 4.068466614439999997e-10 1.537835577470000048e-01 5.218257232340000051e-01 8.016178555799999880e-04
3.495688516409999891e-01 3.516321438910000041e-01 1.631189943539999933e-12 8.603807063409999750e-23 2.405070161360000122e-29 2.202147909459999942e-01 7.858421340849999770e-02 4.588220191140000054e-16 1.111394647650000026e-10 1.333256794580000098e-12
1.686837713809999917e-01 3.179934427050000001e-18 3.267090470540000013e-01 3.035117564270000019e-03 1.615303898200000068e-28 1.273263769460000094e-47 4.246176494430000357e-03 8.010638797579999711e-13 1.588174638240000012e-08 4.973258716239999933e-01
1.684247551700000012e-06 2.889551541729999796e-06 3.143761366910000077e-01 4.093578728909999796e-99 3.337612678199999849e-01 3.518580216900000224e-01 3.135858966320000330e-61 1.225032724890000027e-105 8.527864056910000136e-55 2.559156109649999930e-64
7.113131875989999649e-06 3.157600391269999723e-02 2.397013377509999871e-26 5.713475088079999726e-16 1.873442140509999962e-22 2.436908774780000009e-01 2.658275641749999835e-15 2.033874055300000094e-01 4.023652235790000087e-01 1.189733763690000029e-01
6.978563752890000006e-32 6.940866066589999478e-18 5.111520122129999807e-26 4.159051717200000220e-01 2.513782001129999943e-01 5.965016080620000330e-26 2.974063657159999892e-11 2.517573586119999929e-01 1.100353182379999995e-20 8.095926952569999779e-02
4.870767179530000046e-01 1.455910232079999936e-35 3.324392809509999776e-27 4.871601330399999985e-01 2.020147574690000017e-02 5.561673256499999676e-03 4.001110456939999658e-12 1.057079580440000086e-55 4.564173932969999817e-26 4.120373475879999931e-18
1.027382816150000087e-30 4.597580680260000089e-07 4.578515961169999926e-01 1.140244070639999944e-24 1.941091130799999884e-14 2.155326966489999885e-01 3.266152474760000146e-01 3.611365043739999959e-16 7.639164785750000278e-32 1.001569293350000058e-48
3.481626963869999813e-01 3.454881634599999973e-01 5.860883810909999693e-22 2.481934241559999996e-18 5.081872681730000008e-02 1.939395748730000091e-01 6.159082639229999934e-02 6.430932691870000339e-56 5.227736923750000423e-32 1.207003554650000077e-08
1.110926963650000002e-03 1.009443798400000078e-02 4.887299483359999752e-01 3.380901507529999925e-81 5.000646839350000317e-01 1.788615548479999906e-16 5.554204039070000532e-113 2.206879458789999988e-34 2.782023907660000056e-09 8.579311823899999541e-22
1.429535306240000021e-34 6.861162195229999543e-16 3.335664399630000054e-01 2.676472555619999947e-29 4.113921259729999956e-37 2.661472987190000006e-04 1.784333919210000038e-12 6.632600988750000370e-01 2.907313861640000146e-03 1.364813671860000077e-63
1.734795796810000013e-01 1.683772233409999985e-01 6.863815805839999650e-21 2.252826779490000078e-14 4.500209018340000089e-01 1.525424515029999859e-08 3.702545985109999965e-02 2.560110267449999941e-37 2.205806910980000135e-43 1.710968200380000026e-01
9.845499143600000115e-42 6.335756744360000177e-36 2.746853294039999782e-01 1.211938696220000028e-01 2.708143548920000088e-01 2.539107472609999916e-01 1.001537813920000057e-12 1.805003616489999957e-04 7.921519845680000116e-02 3.199670427869999805e-59
1.194579350910000050e-27 1.738962518629999900e-49 4.081245602479999957e-41 4.351620473969999847e-01 1.153257625350000036e-56 4.703033061709999851e-67 1.163428884170000055e-15 3.433155237270000271e-01 2.196085136969999907e-01 1.913915179920000096e-03
7.655125508279999479e-11 3.595447353790000319e-46 1.814295257970000074e-32 7.511630564729999774e-15 3.972712141709999644e-34 7.985819960729999556e-01 2.014180038499999992e-01 1.475695256650000047e-63 1.014740661560000054e-18 1.566892676659999926e-49
1.136291890850000075e-74 2.104744618640000103e-71 2.904716415379999949e-105 2.503482926230000127e-01 1.895982733129999937e-72 4.849005484889999720e-69 7.496517073770000428e-01 3.589338004230000157e-21 2.758476140769999906e-68 2.749824237260000162e-21
4.841440476410000169e-20 5.954861628540000229e-01 4.306719739009999919e-09 1.204143219839999993e-57 1.583300041479999949e-30 4.045138328389999982e-01 1.732531483249999990e-27 6.554460309250000155e-14 1.253828966219999921e-33 6.690106306570000026e-40
2.934832200749999953e-01 3.281052609169999856e-01 6.750629709100000169e-06 3.512487386470000106e-38 4.505944963789999813e-02 7.256146592729999727e-22 1.578396260939999989e-71 5.934609315389999794e-18 3.182964404619999937e-02 3.015156746939999799e-01
3.320339026560000251e-36 7.498031269360000417e-01 4.401973121120000456e-25 1.290360790300000035e-55 3.911691672399999907e-06 4.961013916059999520e-41 9.477391221950000363e-68 1.099986808110000020e-08 3.117914996189999770e-100 2.501929503729999893e-01
4.218959723999999856e-01 6.897286436989999745e-19 5.066743513510000094e-11 6.171197856820000288e-16 6.577467339050000160e-72 2.800900920139999747e-35 4.214637900870000231e-01 1.414358369120000114e-22 1.566402374620000093e-01 2.699426332719999930e-14
1.320289645959999980e-01 7.283719033809999965e-01 1.138686102199999981e-28 3.883899285019999788e-60 4.142941388630000307e-55 6.252524618620000403e-47 1.823014168159999987e-16 1.561254873880000057e-51 7.722836220340000424e-29 1.395991320230000055e-01
4.580630892610000262e-09 8.583564004669999618e-30 3.877467405430000125e-01 5.170934807150000534e-01 1.096516688149999950e-33 1.595825560830000051e-05 1.379076646939999981e-10 9.504554103340000226e-02 9.827473510310000184e-05 1.903068582239999949e-34
3.839488746110000154e-08 1.639770984589999925e-01 2.537976789529999833e-02 1.697920274199999923e-15 2.076241117410000145e-40 6.768398312660000246e-35 2.273950108180000096e-01 3.845444433219999958e-01 5.407067533349999612e-22 1.987036411110000012e-01
1.427362925900000079e-01 7.284183111440000191e-01 6.760527473380000273e-30 1.470742808069999898e-66 1.483367951359999910e-59 1.733428365060000156e-49 6.638543331230000284e-32 4.688190182480000230e-51 5.683048420370000229e-29 1.288453962660000007e-01
1.896046178049999962e-20 1.852000223949999969e-01 7.114884769649999563e-26 1.689346675629999897e-06 1.640699783339999995e-01 4.624127778710000053e-02 3.676567179090000081e-01 7.180753601439999802e-07 8.213132117039999613e-50 2.368295961519999993e-01
2.686121563420000046e-18 2.171511885890000104e-01 6.022042206940000153e-09 2.159537491209999774e-53 5.470889020589999596e-01 3.704612294179999937e-34 3.749582940589999756e-94 4.014898131000000405e-06 3.573852485919999989e-26 2.357558884319999881e-01
3.725651325020000026e-03 3.495316354220000100e-28 4.247449161369999948e-01 1.563217719890000017e-11 1.185155566170000047e-10 2.578626644420000114e-01 3.136667672310000099e-01 1.340526947350000086e-51 7.313884480899999678e-10 3.167038767539999916e-44
1.118686603290000016e-41 5.999994854129999666e-01 1.043798872749999935e-39 1.042025616339999989e-33 3.999996172629999847e-01 1.826943896750000100e-18 8.633193330129999606e-17 5.013573333580000104e-21 5.917288476949999973e-152 8.973242533189999797e-07
5.824963684549999649e-13 5.642218902769999657e-06 2.593158319159999947e-01 1.782999775190000127e-33 3.144497047300000014e-01 2.355954603590000029e-01 6.172975453860000369e-53 6.406511301649999834e-05 1.905692956620000100e-01 6.275726426289999840e-23
1.783250620540000053e-01 5.336231202590000205e-27 2.110849015080000114e-15 1.851722986530000004e-01 3.204710033679999959e-01 3.160316359249999985e-01 1.803043436819999908e-15 7.364350241399999946e-36 6.075366721950000178e-21 1.041496677459999958e-17
3.743980110910000229e-29 2.654091328020000045e-24 3.137452457900000240e-10 1.017828877529999977e-25 5.000001011629999770e-01 4.999998985229999748e-01 1.332372323879999944e-34 1.343268263520000003e-23 3.676224014519999749e-13 1.019785497020000040e-50
1.309593522909999887e-35 4.904152881359999804e-33 4.972126904799999969e-01 5.076141567630000211e-24 5.027873095010000348e-01 1.903155106550000095e-11 1.881660842750000072e-28 9.270872667829999851e-37 3.516380031970000142e-56 1.212553500509999886e-66
2.320857253950000062e-05 4.585242982649999786e-21 1.531185776410000088e-01 2.141177288649999955e-01 2.554740832489999875e-32 5.079507689850000119e-09 2.134040357289999912e-01 4.193311822319999993e-01 5.261881706520000190e-06 8.267289320509999480e-20
7.049801339060000333e-28 2.179314459789999936e-01 1.677109572270000070e-31 3.202149272220000052e-10 3.471933604779999794e-01 3.638238635070000226e-01 1.312681678520000062e-06 6.992229308969999391e-02 1.271685997629999937e-56 1.127723945210000077e-03
5.520433866050000038e-52 3.008161937089999863e-03 4.949131822009999960e-54 7.763350986749999825e-22 6.921916564259999953e-11 4.834710003400000122e-01 2.631668172709999975e-02 4.872041559260000265e-01 4.276507460170000105e-34 1.150786747230000056e-12
3.871323610890000100e-01 1.809217048820000045e-28 1.482110199139999913e-24 4.297698401470000117e-22 1.290008926680000041e-18 6.128676389110000455e-01 7.700553222239999501e-20 6.129691256619999890e-77 2.464854242129999964e-20 1.081516702249999925e-36
1.460197494749999893e-42 2.277007584689999984e-48 1.596104613260000086e-55 6.511523027219999482e-02 4.830469516549999841e-70 3.379471825339999800e-94 5.677496220770000374e-15 3.506940404480000106e-01 1.571054011890000057e-10 5.841907291229999633e-01
1.043917854170000048e-01 8.748335225759999723e-02 2.059904932230000070e-09 2.356209280620000068e-10 2.871401563860000228e-10 3.401484217999999893e-01 6.698027998110000168e-16 4.327055758909999911e-02 2.577504179870000097e-17 4.247058803529999982e-01
3.140371229890000140e-03 3.778753853680000274e-01 1.646840387910000085e-15 3.911962732060000073e-18 1.173760779899999911e-10 4.297182149800000267e-02 3.515635082599999969e-26 2.641725244069999929e-04 4.195444828000000070e-01 1.562037664629999933e-01
3.110138592579999965e-03 3.859118499020000037e-01 2.603575374849999988e-17 1.051459315670000028e-17 1.756592702620000072e-11 3.609647597320000262e-02 8.560642349309999998e-26 2.464836388789999741e-04 4.258948052700000098e-01 1.487402466059999928e-01
3.399135379409999979e-31 1.720740282540000011e-16 1.126641095740000033e-10 5.851781298600000102e-24 7.755873437999999865e-20 1.455000055050000029e-78 2.947299330009999996e-43 3.998182129949999775e-01 2.006249395630000089e-18 6.001817868919999688e-01
2.487898304879999935e-09 5.857896359639999637e-31 2.219927107989999870e-01 3.112084409970000183e-05 4.490438185799999760e-01 1.702153321020000122e-14 1.399427011149999941e-07 2.022905343189999997e-42 3.289322073459999829e-01 3.220468567619999972e-31
4.502986138100000022e-17 5.685283469679999819e-18 7.711382685299999797e-38 8.155448639900000462e-24 5.719150845309999674e-33 5.979001878940000125e-01 4.020998121059999875e-01 4.300000298380000017e-38 3.417824612710000265e-29 1.922304652350000057e-32
9.455168821229999789e-33 7.019666180760000104e-87 1.411606381870000057e-34 9.772748193899999619e-09 8.856157630050000122e-71 6.055271878649999716e-37 4.730170859210000171e-21 7.350745037900000160e-27 9.999999902270000351e-01 5.730194237340000316e-54
6.960343501559999836e-13 3.548240804720000231e-14 7.474314728230000012e-37 4.292998697830000244e-17 2.044628879509999986e-32 5.979000299009999964e-01 4.020999700980000258e-01 6.558873188119999751e-29 4.500760479229999711e-23 1.185377471749999974e-20
6.126142075100000223e-02 4.140223240680000085e-18 3.242121267679999959e-09 1.673532802509999917e-01 1.470841467169999918e-07 4.568817394230000025e-32 3.471991560450000125e-01 2.925420831599999864e-37 2.610858328999999811e-01 1.631001597270000103e-01
1.959158686500000006e-30 1.805040684070000068e-01 5.380049875200000331e-01 1.973362033979999999e-30 9.613959211389999648e-02 1.486261597419999934e-02 1.704887359850000006e-01 1.573512933629999958e-25 8.026297923059999530e-49 9.337409555010000701e-43
3.830874658490000375e-68 1.609147205410000020e-51 3.093373205360000011e-06 3.546552591750000150e-01 7.062550319999999508e-07 5.821911948960000194e-01 3.151799546890000121e-12 6.314974629760000679e-02 8.631441695329999862e-42 1.450746676150000049e-89
3.998084942810000153e-01 5.316481285629999879e-19 1.582046903640000093e-13 1.236099513589999962e-26 6.001814205719999684e-01 1.233139279589999921e-06 1.523032749959999939e-24 4.123418787780000313e-67 8.852007554800000801e-06 3.269833692009999825e-27
3.854910893959999811e-32 2.006403008499999873e-41 1.577681011989999932e-47 4.249872362300000193e-08 5.556788261769999610e-99 1.191735202359999990e-53 2.481360440439999981e-01 1.679280703460000031e-06 7.518622341770000439e-01 3.083511318309999977e-14
3.506574450019999743e-123 1.104043533930000035e-53 1.947305984809999994e-79 2.303399234619999958e-01 5.682885859760000351e-29 1.208594906949999924e-40 2.232203901160000059e-01 5.464396864220000261e-01 2.869497473950000085e-57 2.272183671030000114e-28
4.219090948759999793e-01 3.748398460619999920e-20 6.886741899249999865e-11 1.128367731710000025e-15 2.875805709879999926e-72 1.330857499710000065e-33 4.214767011669999786e-01 4.247967299159999853e-22 1.566142038879999865e-01 2.332065272289999893e-14
5.718292314860000088e-04 1.447173522560000008e-05 5.984853827670000270e-28 1.068802451229999949e-22 1.669356607499999913e-58 2.129834236440000128e-26 3.330847276319999772e-01 6.163533561379999580e-19 5.170594527439999673e-31 6.663289714019999810e-01
1.828139638570000010e-20 5.954861629369999632e-01 4.158449433819999882e-09 5.244439178939999487e-57 3.356844828690000239e-30 4.045138329049999815e-01 4.549049006620000274e-27 5.157300091310000158e-14 9.452343993019999463e-33 1.881168289689999987e-40
3.884223256229999823e-32 7.999998616019999842e-01 3.315411784179999937e-16 1.231354948440000029e-42 4.361411966869999717e-57 3.219802331720000059e-08 6.271147560210000351e-06 1.999938350519999963e-01 5.556516861909999864e-30 7.797567815210000509e-35
5.941367575079999908e-01 1.261021493309999991e-07 3.066927079560000135e-05 5.032882323239999557e-38 1.325617546229999915e-25 4.058324471179999837e-01 2.296369019889999952e-22 1.314165817220000000e-29 1.597389668119999912e-12 6.144040715080000282e-31
1.325631211319999886e-32 1.423583039140000077e-21 6.070863039040000429e-51 6.527465910460000068e-16 5.999999398709999765e-01 1.020190215559999964e-36 2.420600510970000051e-25 1.504062412080000111e-28 4.556264917839999928e-42 4.000000601279999901e-01
1.383319165780000082e-01 2.081298223339999989e-18 4.705895794080000301e-33 2.808398288350000096e-19 1.026986122709999956e-36 3.690048093200000135e-30 2.180459077140000095e-20 2.082921441599999832e-28 4.333634731150000086e-01 4.283046103070000110e-01
2.343907111679999868e-08 7.170651402750000181e-11 6.775323669240000055e-13 1.171611110960000016e-32 4.000000117420000056e-01 1.494059029780000108e-32 1.258737089309999912e-66 1.227005286449999942e-18 6.516078557920000228e-16 5.999999647470000141e-01
2.913231062669999814e-06 6.252711368569999633e-16 2.272125355969999912e-19 2.578360782699999978e-02 2.492672058819999925e-01 2.072442287240000092e-04 8.261006064210000370e-26 2.372568443620000078e-01 7.857750268079999323e-02 4.089046817879999907e-01
4.623276370680000050e-11 2.275893185660000095e-01 1.896209428029999949e-35 4.780396067149999633e-18 4.062021473989999822e-46 5.428200618350000459e-07 3.258228692779999852e-02 3.495256246760000129e-01 2.348891140549999867e-01 1.554131129090000063e-01
6.792757455020000412e-36 5.528398589659999757e-08 4.347455672009999939e-01 2.205151597590000034e-39 5.365628997019999703e-61 6.222605205299999720e-02 9.980479880150000538e-02 4.032235266599999979e-01 1.562017955430000081e-25 6.571737790940000338e-74
3.345139720290000174e-01 3.316628347469999794e-01 5.739217632610000328e-17 4.779205136129999616e-25 1.312828703720000101e-01 1.123314168959999998e-01 9.020890595630000341e-02 3.990995337450000013e-59 6.270255888260000648e-33 1.536623456860000057e-13
6.592850533140000024e-01 6.261716587199999882e-15 1.011698175660000025e-02 7.104613279039999956e-20 2.077423260520000079e-67 1.028119909779999987e-63 3.267208039769999850e-01 2.908958455869999871e-25 3.877079135759999885e-03 8.181622234079999476e-08
2.624844540280000249e-01 1.322659401330000006e-20 3.157542210799999931e-11 2.135230109039999991e-01 2.774231471560000056e-11 3.855106784160000077e-01 2.959660665820000107e-25 1.384818203979999995e-01 2.828368851629999960e-08 7.910499557689999328e-09
3.635070537000000165e-47 2.736357678170000097e-13 2.082311475929999928e-54 5.120582058550000176e-02 2.501762069519999909e-01 1.612122197269999964e-15 6.546300088039999632e-02 2.296297462630000064e-01 7.173402300659999879e-39 4.035252253180000026e-01
7.531743126530000554e-01 8.730903289210000103e-07 1.084454640139999975e-36 3.019226295459999883e-62 7.050294211099999535e-67 3.693785031370000123e-57 4.288691272520000160e-25 2.210599571830000044e-58 1.938034801930000056e-27 2.468248142560000025e-01
3.397459628409999797e-07 7.462556529030000394e-25 5.968895642529999934e-01 1.501009681959999936e-37 2.042516961430000010e-10 1.273346530729999907e-40 9.159455957589999473e-71 2.248455465009999962e-35 4.031100957970000231e-01 5.366194424920000138e-21
1.580165713539999993e-33 5.816874542860000053e-34 4.972126904870000086e-01 1.526139870810000054e-24 5.027873095099999468e-01 7.611743306599999512e-13 6.783096702399999780e-33 2.685082619940000194e-32 2.737479109819999900e-12 9.080397150259999493e-65
1.071456595610000043e-27 1.059439597870000027e-49 2.642329752640000045e-41 4.592312132479999809e-01 1.080786837240000056e-57 3.841868549850000096e-66 1.501760311529999980e-15 3.486554295820000204e-01 1.902457125719999864e-01 1.867644598480000051e-03
3.316757464539999978e-01 8.684836097889999733e-13 5.150840991750000431e-31 1.599462181159999892e-07 2.198714115419999893e-01 4.687269921859999894e-11 1.163064382550000053e-01 2.280890901990000107e-52 2.220897530589999875e-06 3.321440228570000097e-01
1.241502940099999952e-20 2.424474008109999898e-02 4.065310582179999914e-14 3.511492236420000209e-42 1.484065591269999950e-14 4.853696421279999895e-01 8.485027908449999980e-32 4.903856176460000271e-01 1.448398230079999953e-10 7.074714745160000411e-20
1.834312629709999865e-01 1.859305183169999987e-01 1.134169115950000065e-18 1.191020115360000030e-16 4.459014227990000245e-01 5.492738552939999502e-07 8.787708885669999559e-07 1.312003483449999898e-31 3.003516880980000129e-06 1.847323643519999947e-01
2.818395773439999995e-03 2.564050360909999988e-26 3.469995902900000117e-27 2.036115670250000049e-04 4.226224424319999784e-01 2.611489068280000159e-01 1.481099334159999968e-09 2.302343508449999817e-40 3.132066419180000172e-01 9.807394324890000654e-15
6.002983435080000149e-28 1.855026125580000080e-47 4.100209332790000118e-21 3.239820232380000165e-01 6.153695367769999792e-28 8.775906878219999698e-32 9.396680300879999506e-21 5.851571283659999789e-01 9.086084839649999356e-02 9.013952804489999751e-20
5.729723174949999950e-08 1.013114850039999905e-15 1.923248745400000140e-12 2.397138054509999985e-07 2.548474170100000213e-01 4.967395569780000295e-13 2.710345531970000096e-37 2.434933123649999920e-01 9.490635562839999650e-02 4.067526179829999977e-01
9.149316675690000436e-12 5.074979359280000143e-03 2.798518209670000090e-01 9.745149921719999692e-22 2.666213835720000157e-22 4.591353711659999914e-36 1.313207675889999972e-14 2.784053035749999849e-01 4.208533124550000171e-01 1.581458363470000100e-02
2.587896999940000116e-05 3.017320514029999973e-04 4.901718429199999635e-18 8.730735366559999764e-08 4.539728420220000005e-01 1.069763647580000004e-01 3.439165419679999780e-01 2.570287413820000039e-15 4.325608710539999985e-02 5.155046581779999804e-02
6.776035816260000293e-18 7.898532210189999903e-02 6.140908413519999831e-01 2.354740679909999844e-27 2.409149765050000122e-42 2.256073460159999881e-03 2.188650107280000132e-02 2.827812620130000232e-01 1.866476469530000138e-14 1.856458616629999874e-35
2.831513261889999840e-25 7.336770934179999832e-45 6.219751002620000385e-39 4.019113821599999969e-01 1.339095236580000069e-05 5.980752268660000093e-01 2.221502707349999968e-11 2.456837017559999899e-27 1.230836191939999940e-38 1.571920452659999974e-30
4.492973692790000102e-15 1.847942225749999938e-43 2.550521792599999813e-37 4.019172688620000211e-01 9.651408282920000150e-09 5.980827214859999463e-01 7.343543499690000242e-21 1.639717625199999863e-32 5.438958371010000271e-30 2.231748613090000013e-26
1.679611673689999951e-21 8.048119417779999586e-27 4.651817060529999768e-47 2.358810462710000061e-12 6.000000722389999819e-01 1.382550519839999877e-32 2.535817647830000029e-32 7.234029791539999942e-37 7.308084073520000015e-31 3.999999277590000069e-01
2.122373550569999955e-39 2.124168847139999983e-01 2.664711313810000052e-13 3.541487835159999807e-15 1.358764279130000030e-01 7.632128197650000016e-07 2.628193833540000135e-01 3.888865408059999917e-01 1.806477466370000101e-19 7.174482500510000027e-18
5.030326831040000328e-05 3.882582828530000141e-01 2.863143739609999923e-16 1.172899153120000044e-16 6.991730727879999983e-06 3.497527512000000310e-02 2.028440147740000070e-18 6.142970819969999869e-05 4.283974862620000268e-01 1.482502310569999981e-01
3.069686458809999831e-03 3.248984752740000106e-37 4.482172278989999814e-01 1.561859737830000039e-01 9.557192455329999990e-16 1.839617587819999955e-01 2.051624966520000093e-01 4.846024571359999963e-47 3.402856423650000173e-03 8.693874504069999959e-49
3.758478308600000151e-25 9.651553235800000574e-02 5.989210470489999549e-01 2.686411659940000151e-33 1.445547132850000076e-02 2.390080104480000005e-37 9.860522296759999775e-40 2.900839387629999822e-01 3.397253577959999991e-51 2.401050191380000014e-05
1.248846272649999986e-19 8.632536820649999720e-02 6.121482640509999795e-01 1.082594819859999984e-30 2.144659533130000117e-06 1.728216645109999904e-38 2.858376684110000126e-42 2.946184406519999910e-01 4.952669668520000030e-04 6.410515463929999762e-03
9.167187518890000036e-14 5.584847583459999838e-34 3.923962264060000260e-01 3.106053197389999908e-12 1.239328308710000010e-51 3.488487554790000150e-04 6.481473680839999751e-02 4.604522212270000086e-12 5.424401880220000027e-01 1.453874310529999960e-63
3.371729799980000139e-32 2.710755455340000156e-09 5.062866251530000472e-01 2.550764727319999750e-35 2.959859085010000036e-19 1.521037093860000011e-27 9.870642939489999949e-30 4.937133689339999743e-01 3.202666231680000125e-09 2.447481333190000002e-26
1.040505486340000059e-58 2.709931116819999922e-51 5.571198413419999885e-27 1.191714623799999991e-02 7.489513692439999648e-01 2.388252375300000119e-01 2.397413829860000122e-28 3.062469878039999821e-04 3.510722070659999764e-26 1.461866204359999978e-53
2.422636392099999910e-15 3.999998350999999785e-01 7.798761356470000182e-16 2.579887475720000181e-35 5.999999224969999601e-01 2.424027395630000191e-07 1.388641718299999983e-24 2.596379999020000156e-29 9.372408397279999720e-20 1.207224483289999925e-15
3.793632503690000176e-07 2.608957624600000002e-28 2.629194168699999830e-30 2.589558135159999996e-01 6.612809571809999626e-08 9.497179494129999866e-13 3.712823911350000337e-27 9.669030877570000456e-09 8.316712191010000588e-02 6.578766094129999686e-01
4.569559251000000174e-40 1.407177709410000052e-05 8.932916614759999256e-40 2.949804365250000146e-33 7.999978815480000005e-01 5.899780729590000274e-31 3.385539565569999753e-36 2.058653658470000099e-13 1.180904606710000091e-56 1.999880466750000030e-01
1.233575663430000052e-01 3.719371641029999954e-38 6.714979030309999779e-04 9.929966648989999417e-16 3.526974750969999868e-82 1.380966369149999904e-10 1.621435960469999882e-01 4.041571738000000094e-35 7.138273395680000410e-01 1.078319732710000064e-62
4.565612199179999763e-30 4.288980213419999951e-03 2.052317329140000023e-08 6.517798961780000335e-09 1.831821578979999920e-01 1.357808654690000073e-27 5.419578538479999930e-01 1.920443075419999979e-01 7.307250405570000435e-46 7.852667345790000086e-02
3.143743450979999936e-29 1.623450389439999923e-83 2.809572354670000215e-32 5.059335627209999853e-01 6.772140339469999621e-41 2.040772305940000118e-51 2.353271359889999907e-38 8.562259763899999970e-10 4.940664364230000216e-01 1.203494201459999985e-23
3.213086550440000036e-41 1.261249405470000115e-16 7.204904238109999479e-18 8.542270590870000568e-02 2.489696198269999994e-01 5.358716102699999901e-42 4.416163119380000080e-11 2.485773949020000095e-01 2.382154899379999983e-23 4.170302793189999968e-01
3.427579844969999812e-10 3.518462505209999924e-01 2.543021252340000031e-31 4.520383680380000245e-14 1.767998707229999854e-36 4.725270139680000261e-05 8.151175823310000124e-02 2.140823958660000026e-01 1.485189308210000022e-30 3.525123423350000063e-01
2.758963712639999825e-58 6.935725007869999913e-49 6.576116322699999937e-34 6.768983072650000075e-07 2.499944280680000130e-01 7.500003123670000438e-01 1.693162635799999958e-32 4.580495975209999722e-06 2.170930046989999853e-09 7.041737350520000438e-50
2.971104873770000065e-43 2.667256068239999990e-50 1.930575057310000082e-44 6.484446888009999521e-02 1.010113613549999932e-70 4.937650180429999709e-117 4.209362257540000195e-15 3.509134315090000067e-01 1.500876065800000076e-08 5.842420846020000003e-01
1.019226567540000054e-17 2.859655570920000001e-01 1.318771741239999906e-01 1.554829219399999874e-26 3.326625997329999751e-29 2.975787935629999726e-54 5.862873371279999917e-09 1.261258480369999990e-01 8.992379215869999998e-02 3.661076227260000038e-01
1.168201707410000045e-29 4.496924782629999756e-02 1.258753508569999924e-53 3.691870415689999889e-41 6.886032631049999780e-33 3.644860274339999928e-01 5.905447247389999932e-01 6.778936261279999453e-26 1.109374627820000030e-56 8.739376920809999443e-22
5.304330973529999928e-45 2.097706637719999878e-01 1.930603914309999867e-33 1.970882957369999932e-19 3.451839860129999882e-01 3.609265615999999732e-01 2.609739434809999905e-07 8.411852764159999385e-02 1.078833999799999953e-80 2.530644481840000174e-13
1.816739465660000045e-06 3.097699032999999838e-19 1.662255871069999881e-26 1.808375961189999936e-01 1.869360063539999954e-04 1.274148615500000081e-01 1.526321387249999911e-35 3.871797745289999870e-01 4.545185450360000184e-02 2.589271605519999908e-01
