6.222934820889999900e-21 6.864592877389999681e-29 6.396050910109999915e-40 2.455959320130000068e-01 6.288197847949999884e-53 6.457926001820000025e-11 7.369721928719999982e-01 8.596117110130000156e-08 1.743178908940000091e-02 1.816379598200000066e-23
1.488018786149999933e-47 3.307258005719999773e-38 5.724357440120000362e-01 1.111180780129999990e-01 3.520335084489999868e-06 1.880134618479999955e-27 8.611838642270000404e-119 8.892993795370000004e-35 3.164426576400000135e-01 1.902564170339999917e-22
1.508678287950000006e-25 7.357902605519999621e-41 3.205991538390000339e-02 1.908694842399999980e-01 8.718658724030000449e-16 4.711800693230000153e-31 5.946404536329999907e-74 2.725282851700000022e-75 7.770706003759999536e-01 1.834909742539999975e-23
7.618799527869999780e-15 2.223322765649999959e-55 2.126341878280000016e-35 4.350808090669999739e-01 1.532735304220000094e-01 3.990787786890000299e-42 7.504807193479999528e-02 3.824146906859999910e-03 6.497447632999999801e-04 3.321236969060000210e-01
1.216308171700000106e-13 2.612376326060000001e-36 5.999817744669999620e-01 1.590115560290000086e-32 1.695001647730000103e-13 1.330572914670000030e-14 1.249509499129999961e-56 2.551570071579999848e-27 4.000182255329999825e-01 2.664240871509999817e-24
5.424896353690000263e-03 1.064522894829999953e-40 3.073493695250000025e-18 3.271488130399999993e-21 1.400495679999999909e-12 1.944641438189999840e-11 4.533476602340000114e-14 4.963421575309999723e-01 4.924919927240000161e-01 5.740953369870000107e-03
8.971670982350000776e-19 2.564632505930000000e-02 1.497396058410000049e-22 5.905883915460000133e-04 2.697613847259999753e-01 2.189139941950000109e-27 2.143691741010000096e-01 2.012944284369999892e-01 2.005730778209999834e-27 2.883380992860000158e-01
2.592860915110000164e-01 2.311758770470000012e-34 9.726826652509999727e-02 5.069023295020000375e-03 4.554444078459999878e-01 2.031794016690000167e-28 3.619807445790000270e-33 1.729118372680000004e-51 1.712220942090000031e-01 1.171011661340000051e-02
7.017556237000000110e-15 2.090881004239999870e-11 1.533914470510000054e-12 1.280665407119999967e-02 4.198658727020000009e-02 6.084796194520000201e-01 1.007284983539999994e-09 3.367271381759999738e-01 5.943594836670000402e-19 1.064077800760000044e-12
1.436080350539999974e-02 2.513418142900000183e-10 1.128794691159999974e-01 2.199408690840000125e-01 2.104058646049999960e-17 2.465704429470000070e-01 7.639689302840000449e-11 2.439756765239999845e-30 4.062484150199999755e-01 1.281129139479999882e-16
1.039866650890000057e-15 6.367506068530000007e-01 4.432814968000000234e-05 1.689705256149999979e-57 3.632050649970000045e-01 1.954317866780000106e-16 9.468563632409999897e-42 5.524590931840000417e-26 2.319818437680000007e-61 7.427010085309999731e-21
5.921581885259999956e-01 6.222225024170000007e-02 9.478738170150000086e-02 1.901166308270000119e-02 2.985296099779999931e-03 1.514023126300000077e-01 7.743290771829999808e-02 2.271025274310000044e-33 9.717876448039999684e-26 4.114919006670000022e-21
4.396142316520000027e-43 1.481683542819999869e-35 7.999611634240000324e-01 2.023140477649999881e-06 4.648429786439999911e-05 1.645343608219999898e-25 7.199484741769999651e-111 5.996675987090000376e-31 1.999903291379999948e-01 1.302899838180000047e-25
4.554827838900000176e-60 2.732872137060000151e-14 8.064679252619999408e-05 5.823023225269999825e-01 4.176170306779999897e-01 2.648368875090000027e-12 1.554844353399999942e-49 1.686715091059999912e-15 1.247347136280000016e-17 1.419310636100000099e-44
7.548164674970000432e-01 9.859785128930000514e-29 2.389332281840000072e-01 8.314026375749999669e-131 6.250304248469999713e-03 7.107946654280000576e-11 1.503774786100000040e-36 6.468416995869999981e-17 1.038679543949999974e-33 1.075759667770000032e-32
1.125493174960000021e-30 8.483453485050000453e-23 2.255808091050000151e-34 4.470969446699999891e-03 2.337056399559999903e-56 3.885967121200000207e-01 6.303488627199999797e-16 2.999471900969999938e-01 3.069851283360000016e-01 1.376759624070000059e-20
4.056008663380000212e-01 2.795071486880000206e-93 9.459886798129999739e-37 1.634497298309999917e-29 9.835782798649999811e-03 1.267360181430000037e-60 2.388292551489999971e-01 2.694639728110000132e-02 1.403941599809999941e-01 1.783935384529999890e-01
4.247671934090000309e-18 4.959179512510000080e-13 2.368092891049999871e-01 1.130724852110000044e-04 4.061957925670000024e-11 4.647974349660000115e-01 4.417384023380000317e-33 1.174414292900000064e-09 2.982802022280000021e-01 2.812525587399999850e-18
2.505324231830000081e-01 1.663995255510000056e-36 7.494675516280000505e-01 3.767435651650000137e-66 2.831115110359999944e-27 1.416210661250000019e-11 1.725822546570000051e-41 3.921852304360000052e-52 2.517433141489999847e-08 5.397717059370000312e-40
2.890060591959999967e-54 3.177681361740000154e-01 5.727695941330000068e-02 3.589181577249999828e-07 6.119482869789999446e-01 1.988231204759999945e-29 8.603557380920000324e-77 1.300614813410000056e-02 4.629426863400000218e-08 6.408773845140000456e-08
5.311730495070000423e-23 8.145581383739999981e-137 6.531705084329999995e-51 2.554881691730000039e-42 2.360308717710000019e-74 8.424764799639999973e-74 1.509692112020000003e-59 2.120824457950000062e-63 1.000000000000000000e+00 7.264762469989999620e-19
3.053237602429999947e-02 1.991194266150000114e-01 1.121484826779999998e-03 1.717153536199999974e-28 6.050288884100000133e-13 7.290988930740000194e-07 5.749209375219999779e-02 4.869657420569999950e-01 2.247623300719999995e-01 5.817552052779999742e-06
4.740907884799999762e-06 4.235523294920000015e-01 9.110876027119999346e-03 1.237724547619999954e-26 3.011546308469999905e-02 6.087669925299999829e-06 1.516657116299999960e-28 1.445386020130000060e-01 2.128512119319999964e-18 3.926719008039999959e-01
6.345882623099999697e-18 7.821829668919999534e-01 1.726340226130000109e-21 2.178170331070000132e-01 6.594925461339999355e-58 1.046113318919999924e-12 2.674617893609999947e-13 4.352475090530000186e-71 1.033568132520000014e-29 1.932702506239999923e-28
3.001280497289999800e-12 5.888511677400000144e-01 2.538648785409999951e-24 2.613401794789999912e-45 2.222737239529999957e-57 4.110825210030000232e-01 7.047007812040000284e-08 6.624078345319999578e-05 5.308922890449999724e-23 6.235887231210000131e-18
3.739941205950000208e-04 5.985319158270000576e-42 2.904638348539999932e-23 4.440999210530000019e-01 2.093823917220000025e-09 5.005364511489999837e-21 5.708944750610000000e-09 1.692220265669999905e-14 5.474183307959999689e-02 5.007842439440000071e-01
1.272182230879999876e-01 2.781419737399999807e-46 1.221925275059999969e-18 2.175322941299999997e-29 7.519885929220000431e-01 2.521080464909999837e-28 2.357158259899999985e-05 7.975039343079999565e-02 3.465569085620000267e-02 6.363528119819999648e-03
7.270790481589999516e-16 3.014357911690000030e-02 2.466000237339999872e-15 6.522931563409999595e-32 4.416698363139999750e-01 1.835687509389999972e-20 7.572738129419999668e-06 5.281790034619999741e-01 6.636220820829999399e-36 8.369302493289999389e-09
6.681001700529999756e-10 5.512006077779999848e-33 5.999999976559999837e-01 6.044653723850000085e-30 8.466967159149999931e-16 2.145032059699999966e-13 3.621648831330000033e-44 8.403464458929999622e-37 4.000000016760000277e-01 1.089395605179999939e-23
1.114671365559999963e-30 2.032938988410000020e-33 3.999999873960000119e-01 7.549289226939999901e-14 7.579593542809999888e-09 1.365892943669999947e-18 3.801481449799999812e-78 2.005049120049999865e-21 6.000000050239999716e-01 1.906520359289999928e-19
3.700059533969999870e-01 4.173691004909999976e-09 1.825693195439999916e-01 5.674403593860000150e-02 1.664697157269999905e-27 3.906617126879999846e-01 4.105833461659999974e-08 1.703493802640000096e-57 1.893320054430000098e-05 1.165494796349999958e-26
2.401969422399999976e-34 3.234843335600000036e-01 6.980838408199999721e-52 7.223209922499999754e-27 4.629405448140000002e-22 3.289991136969999803e-32 6.765154039030000233e-01 2.625376726170000204e-07 3.151795779450000027e-82 4.912786502660000246e-20
3.621229709770000366e-52 4.771738308699999594e-31 5.586537342029999909e-02 3.084832398649999807e-01 5.997763768889999847e-01 4.622390522679999777e-29 7.611833861109999215e-71 1.314647106209999980e-26 3.587500982570000080e-02 1.548618030720000043e-28
1.380521780479999913e-28 1.098966834060000017e-14 1.250910337930000057e-26 4.984709541719999915e-01 2.352104417769999768e-38 1.483266328689999995e-08 5.015290309959999915e-01 6.116016265210000151e-33 1.178506415159999966e-21 6.393346496030000405e-47
3.864745946739999800e-25 9.199116403419999831e-21 6.931222507120000019e-35 3.823571391030000099e-01 3.430052628830000058e-06 3.834993414720000022e-19 6.169251474019999959e-01 7.142834427899999970e-04 7.679930722280000096e-33 4.397329280029999819e-22
4.483926458029999687e-18 1.373217430649999944e-36 5.727137359149999662e-01 1.092545089379999973e-01 1.244448702569999949e-13 3.462341155029999803e-27 1.736217919909999869e-60 2.151292279649999959e-81 3.180317551469999948e-01 3.754412197290000200e-25
3.327500423720000100e-01 8.896592091269999922e-54 2.025226654690000103e-12 1.691002677879999990e-46 1.636272897699999850e-39 2.163051323139999894e-26 1.475424455039999985e-36 6.129748856170000431e-57 6.672499576260000342e-01 1.072891451990000034e-24
3.329011826389999817e-01 2.039470610480000046e-60 2.859408335169999909e-18 2.662597154829999923e-44 5.283842178459999870e-50 8.606935605839999329e-30 1.136684486660000046e-30 8.383326807890000255e-78 6.670988173609999627e-01 3.091819156240000138e-25
1.312131824770000045e-13 3.315746258669999835e-01 2.682259102180000188e-01 7.757143138649999790e-85 4.001994639140000198e-01 4.281173394360000002e-28 7.628010154929999896e-67 1.066437476320000051e-29 2.252899492699999947e-57 2.807900075750000202e-13
6.745763032100000287e-71 4.003005262129999964e-01 1.422496446010000048e-47 5.996994737790000141e-01 6.172643868459999632e-31 3.493140282820000158e-31 7.279241775260000079e-16 7.797287948789999369e-12 1.334029242150000044e-53 3.028392110350000048e-33
2.314594803449999960e-01 6.460123128129999781e-01 1.027422317220000048e-01 1.939909296799999933e-02 1.195796732799999969e-24 4.708399551629999702e-17 1.529221101639999934e-18 1.265735016559999893e-62 6.740756440910000179e-07 3.862080765459999796e-04
6.861828903559999599e-34 1.320555898089999975e-10 6.238798558389999638e-01 3.496074722090000142e-01 1.333308663980000061e-17 2.651267181980000026e-02 3.868563518960000220e-44 7.888918411590000047e-41 4.531189175979999857e-15 1.403996979649999933e-39
9.133243001839999470e-34 4.096475858829999872e-01 5.555449367799999993e-05 1.654674190219999983e-03 3.414024030279999839e-16 2.309554218389999988e-09 1.223714726190000065e-53 1.533061784979999898e-01 2.899899013910000045e-01 1.453461032349999960e-01
3.658317143939999813e-89 4.942144401990000158e-01 3.602953382469999919e-40 1.309166733339999950e-13 4.816242717399999741e-03 1.357262620530000060e-28 1.001499493200000037e-25 5.009693170840000542e-01 1.209774592379999999e-108 5.450992174899999838e-44
2.471621999169999800e-53 6.955102464850000665e-02 1.316733691890000021e-25 2.857866294520000072e-01 4.901279210100000228e-01 2.989394480209999969e-02 4.762385599530000001e-05 1.245928562309999987e-01 1.252028655079999979e-73 1.595155846520000027e-63
1.206983339069999887e-38 6.280173645950000525e-04 2.017546671959999922e-18 2.320815756319999923e-01 7.658341372460000240e-01 1.540808566699999969e-06 1.454724085010000029e-03 4.863559916429999898e-09 6.180591372890000272e-49 7.930964950610000495e-44
1.006147702199999966e-01 8.237729692390000511e-11 8.578288251540000520e-02 2.688511336009999919e-01 9.584482223789999943e-24 2.001793606710000062e-01 3.221643963049999869e-08 1.295733514729999955e-42 3.445718206930000194e-01 1.835518840730000074e-18
2.906955179750000170e-03 6.646856757800000404e-01 5.280491590549999844e-25 1.536924353969999885e-07 3.466342331720000231e-13 4.174077052479999838e-18 3.056714947499999946e-01 1.735197321390000107e-23 2.953344973819999977e-44 2.673572059820000096e-02
1.634208510069999898e-01 4.206359809589999960e-21 4.032940193799999795e-01 7.583819266269999668e-10 6.021963391079999950e-02 1.384236378449999900e-19 3.717317398289999852e-01 6.743737852289999963e-38 1.333755115129999988e-03 2.919209424529999949e-25
2.402046333369999943e-17 3.518451503179999868e-23 3.932639183470000068e-23 4.037619812409999898e-01 5.568912009850000011e-01 2.002382344249999963e-26 3.934681777440000167e-02 7.161741302160000004e-20 6.800537754750000408e-27 6.631574868690000186e-20
3.766525829770000212e-10 4.616310214499999752e-19 7.701255715499999649e-34 2.536133403060000097e-02 3.187519558669999937e-68 2.527379856170000050e-01 3.591702782819999884e-01 1.836252168520000122e-15 3.627304016940000042e-01 1.829224560499999857e-18
1.798840098419999927e-65 2.801079321539999857e-13 5.490890234190000191e-83 5.792995182150000311e-01 1.118512063459999935e-66 5.946839027470000332e-43 1.533982005399999986e-10 4.207004273380000048e-01 2.287082706019999775e-22 5.429249397950000209e-08
1.921680104029999971e-17 3.115185095820000003e-10 3.144537486400000165e-02 1.003834550019999938e-01 3.437135424039999831e-01 3.148645227310000183e-01 9.851395631900000668e-09 1.191556678520000051e-01 9.043742698399999391e-02 2.914905135169999872e-25
5.602978441140000430e-22 6.267803227519999740e-10 8.892188821309999433e-16 2.945259185779999794e-31 2.482978773829999885e-43 9.999999993729999925e-01 9.544080002920000212e-17 9.082449871159999483e-36 3.655886556249999881e-35 2.098029930070000025e-62
5.870275110070000472e-41 1.432691908459999934e-02 2.299118830549999881e-01 3.942020233529999751e-01 3.601420578949999785e-01 1.417116612980000041e-03 3.010503291289999980e-18 3.063269080230000047e-22 5.148804731539999593e-28 9.783575899219999628e-56
1.195834042979999926e-05 7.909002063699999978e-15 1.371338572280000067e-19 4.506687189990000175e-01 1.465462956040000091e-53 3.971864427449999790e-01 1.078527960690000009e-01 8.125545310680000679e-37 4.428008384619999682e-02 1.719010193650000107e-19
2.900421478129999731e-01 1.918352506540000058e-01 3.095095811940000163e-01 1.259226778530000007e-30 8.620984397409999652e-26 4.529028541520000118e-20 2.800513058989999988e-29 6.495208880390000024e-40 7.560480378359999639e-06 2.086054598579999975e-01
5.004009737650000345e-01 2.436222423019999972e-01 6.888073327039999545e-17 2.912438975699999782e-81 1.117065911019999985e-21 1.072828236990000018e-08 7.408771974210000180e-11 2.559767245249999768e-01 1.131445056680000076e-36 4.860626230020000021e-08
3.068075284519999819e-41 8.843310777690000087e-16 5.976562975289999580e-01 1.047788567500000018e-36 4.023437024709999865e-01 1.303216766310000080e-19 1.137397147189999967e-38 4.863706407220000281e-58 1.303498434320000050e-53 8.397243680499999811e-102
1.089672932260000020e-24 5.534259210799999725e-38 3.364469264849999882e-24 4.437251645040000136e-01 8.516903912109999710e-41 5.353648613449999704e-24 2.878500086419999762e-32 1.466635946919999959e-38 5.562748354959999864e-01 5.041829773150000227e-17
4.962772933579999852e-18 5.976329424090000286e-02 4.286477031210000313e-21 3.352974454810000310e-02 2.226370622499999896e-01 2.996366461529999893e-25 2.941384742579999934e-01 1.271255985470000089e-04 2.897874087710000091e-26 3.898042991039999960e-01
3.427828296709999889e-01 1.946905319949999936e-69 4.616750731960000187e-20 1.521517807039999916e-56 4.082612543879999834e-01 5.301036249580000093e-35 5.389050541250000134e-14 2.481005601309999864e-01 8.553515401570000376e-04 4.269640092730000362e-09
2.026379294830000077e-72 2.481667299639999935e-01 1.324197220320000023e-13 5.744128496839999709e-01 1.007161421760000009e-02 1.673488057449999955e-01 7.114228787649999939e-19 3.884638064510000231e-10 3.463711364099999858e-56 2.301228266880000009e-97
6.343976227929999783e-13 6.455256608229999924e-06 3.791057692190000217e-01 6.222075777239999719e-22 9.219163627660000027e-02 1.533073293979999863e-01 3.753888098000000006e-01 4.920416147460000110e-11 2.133919500150000010e-21 1.546920574839999938e-45
3.482536059140000106e-35 8.765965761819999486e-34 7.998097164649999868e-01 2.499336174590000015e-03 1.762761571509999943e-10 6.104591439610000065e-23 1.021032375230000050e-75 1.004851877459999952e-49 1.976909471839999877e-01 1.316055950870000054e-25
2.305590518059999939e-39 4.189106997449999759e-02 3.778410050109999925e-10 5.951542918279999483e-01 1.587352446340000071e-24 7.334314782050000336e-30 4.747537524259999666e-72 6.006935265129999856e-28 1.406114690179999943e-08 3.629546237590000057e-01
1.169593377140000008e-08 1.055874975120000051e-09 6.477495974209999890e-09 3.502661980819999883e-43 5.994747855390000213e-01 6.882536476299999737e-04 3.998369343350000049e-01 7.248700338219999827e-09 4.381519032970000167e-44 3.659003631390000035e-41
1.037424222409999988e-13 2.654767851189999858e-12 2.337238393090000088e-01 6.305216350719999863e-01 1.357390743430000046e-01 4.971691240360000495e-13 1.545127216580000008e-05 2.360569128820000061e-46 1.062774324629999984e-18 2.046496775239999879e-39
3.948229594800000212e-29 2.659614704060000265e-32 4.447220873089999744e-92 1.470808713909999937e-10 3.377399194080000152e-78 5.142347388140000176e-32 6.611681296680000238e-06 2.491345581019999977e-01 1.658601647079999973e-16 7.508588300690000050e-01
1.767264854590000069e-05 4.180357698850000287e-20 3.408854287330000121e-02 5.460712855970000255e-05 4.340510655109999782e-01 1.259565028439999981e-16 1.880732139659999904e-03 6.742052788180000458e-25 5.299073796990000362e-01 1.094514941539999998e-19
1.116528187559999958e-36 1.002737346320000075e-33 3.569762016039999932e-114 4.280828038789999665e-34 4.901345296609999684e-62 8.248718398730000017e-58 4.483110767069999891e-01 5.516889160319999874e-01 4.212656473020000228e-45 7.260670050559999959e-09
6.316041796339999688e-03 1.742440616729999947e-01 5.837884352629999496e-01 3.991347109839999823e-11 2.598231268209999998e-21 3.403922759359999743e-27 1.569789632509999881e-29 1.047932034489999969e-69 3.533150960060000126e-08 2.356514258969999998e-01
5.507433667720000062e-15 2.404867323659999838e-10 2.369098127860000125e-01 2.240033166110000102e-03 1.513309384159999849e-14 4.637227389349999895e-01 7.341549058390000176e-22 7.655120048939999628e-18 2.971274148720000063e-01 1.313594264409999937e-17
1.289284587050000095e-15 6.366149543719999970e-01 3.535832682330000264e-04 1.427928189030000094e-56 3.630314623590000234e-01 1.937481733980000039e-17 2.655829420659999944e-40 3.010451071910000027e-26 1.852001040780000083e-61 1.646409663730000000e-20
6.334561334479999958e-03 1.549683475399999984e-19 2.939317114799999982e-27 4.603730625140000182e-15 3.578698665509999971e-89 4.406324684210000120e-01 5.530320625260000122e-01 9.607403617359999756e-48 9.077181946489999707e-07 8.293954285749999320e-30
2.499736999109999913e-01 6.657776174559999482e-01 8.417035050080000358e-02 1.732293167759999906e-50 5.025135594679999806e-22 7.826456765210000263e-05 3.135215624009999873e-21 3.934735514679999988e-10 1.537178466519999949e-09 6.563314048499999571e-08
5.957344149769999708e-01 1.225348467269999990e-18 2.938130944439999960e-12 3.964705752930000049e-01 5.786244423680000241e-06 3.477939268500000047e-08 8.938570516910000153e-06 1.111891141730000027e-10 8.446854224449999739e-07 7.779405335639999822e-03
3.346370354319999991e-18 4.966203484989999972e-01 2.553604995989999884e-19 7.787921983750000404e-20 2.107279748469999954e-19 2.974656073249999953e-05 1.493683623440000047e-21 5.033487748980000065e-01 9.146072356400000293e-30 1.130042406150000077e-06
2.499627842129999999e-01 6.657576737670000133e-01 8.417232115110000190e-02 3.587328033599999663e-49 4.721338400950000058e-23 1.071888726109999961e-04 5.480332952669999759e-21 1.538355048500000098e-11 5.556680912240000142e-10 3.142511811989999825e-08
1.816199087299999998e-29 3.452290771730000003e-03 5.018111234759999824e-17 8.499655666289999400e-36 4.538821846650000214e-01 1.090757696880000049e-21 1.077274549110000017e-21 5.426655245629999902e-01 1.215439055430000022e-48 8.496444450689999775e-19
5.263364510519999902e-13 9.591799223080000193e-05 1.424620220789999947e-01 1.558231131210000009e-01 5.019020289669999801e-01 1.997169178400000078e-01 2.117958595229999892e-19 6.343338067489999807e-17 1.011158485969999927e-17 1.100920180889999978e-13
3.569837872030000314e-05 9.755700408829999444e-10 3.551785112470000061e-01 1.886268938949999972e-03 2.306719490650000009e-08 3.212514010119999951e-06 6.428960490049999699e-01 3.971796734169999882e-37 2.358730557909999955e-07 1.177359780570000024e-30
1.401073234550000030e-41 4.427436222410000011e-01 1.211604562319999962e-22 1.018868481390000001e-56 5.572563777590000544e-01 8.510734502530000156e-30 1.174094852500000094e-25 6.697773908070000385e-13 4.999453105349999968e-113 9.542834014960000271e-42
5.723961859730000198e-49 2.256826239879999927e-37 5.724386916739999664e-01 1.110921552069999985e-01 4.907776592479999644e-06 1.862365441049999920e-27 3.022167334709999933e-120 1.301743966919999974e-35 3.164642453429999946e-01 5.284816682840000132e-23
1.328671968769999934e-01 1.157507503060000010e-53 2.691549008260000150e-17 2.601217102250000124e-41 7.515353572070000432e-01 1.091808271319999978e-29 6.352836796390000226e-13 1.118037471209999967e-01 3.792736577110000090e-03 9.622165272810000015e-07
1.145830979400000022e-51 1.621971620279999931e-31 5.706848498279999682e-02 3.103106914409999861e-01 5.996171325710000222e-01 1.980871082840000057e-29 7.518200814219999432e-71 5.252252799310000148e-26 3.300369100449999926e-02 7.042925716330000132e-29
3.850880803480000005e-33 1.067784475809999967e-01 3.945579676749999995e-12 1.557003184109999929e-23 7.606094213240000013e-01 1.326121305540000073e-01 5.370572088700000260e-10 1.421820551119999982e-26 7.649425310840000141e-93 2.876690428309999948e-87
3.609557672229999903e-01 1.053653901589999958e-12 9.846374489660000654e-18 4.694294881000000141e-01 3.624365635350000387e-15 1.968761540210000119e-02 1.496983584150000102e-01 9.329631605680000309e-08 1.151475377399999937e-10 2.286774464640000130e-04
4.116505055530000234e-13 1.081144078990000094e-09 2.635502259880000066e-09 7.113504094089999992e-04 5.994636195420000035e-01 1.058986929000000037e-14 3.998250263320000109e-01 6.912990402600000161e-47 6.826270965550000207e-41 6.106753360419999855e-39
1.503153165320000049e-52 1.496788266939999946e-05 4.507897288019999989e-19 7.141868999980000021e-01 1.292812722000000051e-04 5.549503290759999632e-52 2.926348622089999826e-37 3.252153490910000128e-05 4.497379242250000130e-17 2.856363293120000035e-01
1.570070939429999979e-01 2.130836792229999831e-22 4.215309062159999787e-01 2.676776193889999929e-11 3.879507001199999916e-02 5.348773882369999948e-20 3.814715440800000024e-01 5.790107664180000083e-38 1.195385722509999943e-03 8.791577692820000400e-24
1.011655711659999958e-13 9.875917984040000621e-09 4.274583566110000133e-58 3.152377275650000163e-21 1.300842017430000090e-74 1.459678028119999949e-16 4.744048349430000089e-01 4.186555762190000086e-07 7.256874359450000157e-26 5.255947365259999726e-01
5.502164422480000372e-01 2.014041290910000004e-01 4.599117784549999755e-02 1.444030900060000000e-38 2.119602791439999852e-03 1.423791054660000045e-27 4.125092343259999905e-28 4.787489728560000017e-34 1.979731217969999832e-30 2.002686480239999900e-01
1.109823228039999998e-01 1.116511552910000051e-11 7.929085101419999781e-02 2.749663325430000138e-01 1.074990122319999969e-24 1.968231774470000084e-01 2.944184406500000058e-10 4.812782174240000167e-48 3.379373158869999894e-01 2.284831942570000071e-20
1.250781237130000056e-01 6.973424252719999688e-12 8.668945086019999580e-02 2.867878565570000093e-01 1.228198948480000064e-26 1.767498379920000029e-01 1.146404428849999955e-10 1.708189132079999860e-45 3.246947307560000273e-01 7.193913354179999512e-20
4.399512404320000256e-15 5.000510159100000074e-01 7.664105059999999713e-24 4.181539243170000216e-17 3.685070230640000088e-21 1.898037145870000074e-06 9.459200397920000058e-10 4.994648650219999930e-01 1.536427273590000063e-28 4.822200846420000072e-04
1.107073112080000030e-13 3.611897656499999959e-08 2.463206872200000147e-02 1.182441202800000035e-01 3.409658432300000097e-01 2.824496332629999884e-01 5.646724502989999839e-02 7.842103268059999466e-02 9.882002067570000436e-02 2.043657699769999979e-20
4.272921757020000390e-06 6.372369047620000575e-11 3.576082810359999808e-02 3.205224396279999777e-01 8.428952784769999651e-02 7.688947375620000370e-07 3.464069317730000264e-01 6.090195429640000144e-17 2.130152307679999968e-01 3.964303305939999774e-19
4.664690787740000119e-23 1.574718584979999888e-44 2.865792853090000226e-60 2.177921341999999871e-01 1.795718643710000116e-89 1.276048685419999999e-19 2.089603599249999924e-07 2.780775988890000051e-18 7.822076568400000429e-01 3.849905580269999757e-17
1.106412522319999935e-11 1.339940600339999954e-01 1.519415074679999903e-03 4.988987047019999939e-05 3.235112032310000219e-01 2.492772016410000127e-23 4.657045146239999847e-08 4.502347315839999901e-05 2.695515872690000259e-01 2.713287744669999890e-01
7.671858125200000038e-34 3.663100429950000048e-26 8.298813479789999775e-29 3.062145976499999755e-01 6.950760405320000088e-38 3.372785734150000186e-02 4.317002361899999890e-04 5.947125055280000350e-01 6.491333924419999402e-02 6.413129303409999868e-38
9.877775642319999673e-41 6.349555244340000515e-01 5.176017901730000335e-03 3.410577594639999756e-36 3.598684576639999966e-01 6.112527217630000069e-18 4.984341952109999958e-41 1.293502147600000027e-30 3.715851283950000230e-54 9.256219170579999926e-57
2.607746030060000117e-15 2.792906584250000159e-21 2.825665334520000030e-21 4.039895433319999896e-01 5.569885176650000158e-01 3.562138582680000194e-22 3.902193900300000157e-02 2.495585776089999904e-20 2.356617525190000164e-27 1.901348152769999894e-21
5.676775201600000218e-11 2.011408015129999992e-18 1.750886926909999974e-01 2.765196171540000007e-15 4.941010860600000276e-01 7.228502087759999567e-11 6.665366960769999706e-07 1.682174904220000141e-08 3.308095377610000276e-01 8.812424297449999682e-20
9.788275754219999728e-25 1.294561069690000080e-40 7.150954390430000684e-77 3.960905511380000132e-01 4.189781831279999909e-119 6.369658321920000427e-17 7.301035280699999519e-02 2.078553356920000123e-11 5.308990960339999843e-01 1.550881697340000153e-14
1.414765430289999956e-61 1.541526934139999974e-24 1.042879038799999956e-95 3.812058750289999964e-01 2.033460194369999998e-35 2.602157158369999899e-60 5.444185911070000217e-06 6.187706075719999754e-01 5.400901263289999993e-46 1.807321242100000093e-05
6.307256230419999721e-03 8.227636211780000241e-19 2.053427918180000060e-26 3.290829765320000158e-15 6.028154361410000197e-89 4.406447545509999952e-01 5.530457571719999965e-01 3.643005495459999886e-47 2.232045805579999890e-06 9.426866621789999967e-30
3.254446519920000114e-01 1.745060628150000100e-09 4.029457972019999731e-11 1.613313901700000074e-57 2.164503175780000039e-18 4.674441504519999937e-10 5.062945027369999680e-25 5.021265110460000347e-01 1.185918502280000035e-17 1.724288347090000006e-01
2.277643035429999848e-03 1.723266265710000078e-01 5.865917529640000128e-01 4.295551946859999901e-11 4.940528748249999666e-22 1.060079901789999954e-27 9.492776328219999498e-30 1.099648898979999998e-69 3.590527917889999824e-09 2.388039737969999965e-01
2.160050650659999915e-41 5.537913224289999770e-01 2.292915200950000065e-01 1.048602363109999991e-01 7.033256664519999870e-06 3.533613544329999833e-18 3.639353151129999715e-80 1.158698065770000013e-03 2.600823096050000247e-04 1.106311075329999977e-01
4.978267301600000083e-01 8.060884065390000143e-36 4.992744855069999876e-01 1.296536082020000054e-25 2.066387418119999933e-30 9.309934770049999646e-18 2.198632727489999906e-35 1.069222836640000024e-96 2.898784332280000126e-03 5.046729482369999895e-33
8.302266914899999987e-10 3.098833301999999756e-13 5.079923509389999971e-15 6.006724121939999483e-57 5.882357264649999973e-01 1.567172730830000069e-34 9.468201356649999275e-16 1.953192630260000007e-01 2.033190298589999888e-27 2.164450096789999889e-01
1.061801370640000053e-24 1.452609693989999946e-18 4.243672798699999903e-16 2.433061219150000140e-11 7.499872361169999776e-29 2.342547915550000082e-01 2.989560407729999831e-23 1.505029260450000128e-01 6.152422823750000047e-01 1.452943383580000086e-19
4.215782413239999721e-02 5.571958153720000206e-11 5.491568404160000012e-04 1.751802536080000110e-04 3.332814486560000122e-01 3.935870119570000214e-01 2.960817215970000077e-06 4.873710335990000253e-02 1.488068235920000058e-03 1.800212456920000093e-01
5.962618141840000385e-01 4.563951838850000025e-19 1.568420185869999974e-10 3.965627227119999931e-01 8.254636277429999993e-07 1.421364389669999913e-12 3.903523503280000137e-04 5.156639025779999900e-20 4.302340169790000334e-09 6.784280829279999876e-03
2.357938693710000070e-33 8.966819928889999674e-10 8.890489744609999671e-23 4.460528253320000247e-01 2.383763818039999899e-45 4.525435142870000243e-24 4.469940651860000344e-37 3.876625818620000291e-18 4.852172758690000143e-02 5.054254461839999824e-01
9.658411289140000168e-17 4.188585231940000209e-01 1.075288907120000026e-01 2.509294493659999792e-01 1.227473709999999929e-15 3.338668541039999859e-19 1.827796287160000018e-42 5.366060174569999793e-31 2.614409109449999783e-04 2.224216958169999980e-01
3.744749760870000048e-13 1.347070692639999985e-05 3.985307237760000176e-01 2.669241799079999811e-23 7.497017477110000383e-02 1.402611001169999927e-01 3.862245300680000049e-01 5.601990262549999644e-10 1.343673652529999921e-21 2.684480631129999867e-46
2.544606486770000062e-10 1.678870583280000081e-20 1.057445723969999976e-29 2.496855712720000191e-46 9.613831531970000135e-68 9.999959190239999796e-01 4.080721509570000389e-06 1.267590151799999984e-22 4.675892420329999760e-22 3.000577016149999772e-42
4.602290884740000143e-01 7.124311330679999366e-39 3.882294839770000060e-06 6.227203568500000131e-11 2.716298473439999750e-01 3.630302416920000272e-29 2.700765540489999794e-31 1.811565536139999874e-32 1.811705789639999897e-01 8.696660286040000520e-02
4.723146188049999759e-52 4.419244806570000043e-17 1.853669870539999946e-26 3.056201117629999976e-16 3.274540170610000245e-01 2.249826044779999977e-43 4.209122730700000230e-41 6.725459806150000386e-01 2.025860678969999788e-34 2.324071490339999809e-09
3.171952175700000209e-01 2.250648580850000036e-17 1.171981324529999959e-04 2.730079229370000041e-49 1.654486198690000050e-31 6.826875831169999520e-01 1.939283655019999953e-16 8.779455308500000101e-27 1.180047708380000073e-09 5.691919999409999981e-30
7.674992623260000056e-15 1.071117638969999947e-12 2.368830682960000045e-01 1.777814087440000076e-03 3.367005885419999811e-17 4.639637098619999733e-01 2.315740455850000005e-24 8.822937490309999503e-23 2.973754077529999762e-01 5.848093411199999482e-20
4.912874474399999627e-41 9.836232293090000495e-03 2.334310367009999887e-01 3.958396678419999759e-01 3.580812036809999932e-01 2.811859483289999920e-03 7.454732435909999954e-18 1.412832039450000040e-21 4.005278044350000034e-29 4.582058309760000040e-57
6.564385043999999346e-30 1.877260953179999970e-31 3.413729236470000222e-92 1.286262626779999979e-11 2.480764894900000178e-77 5.931326199610000253e-31 1.395481644849999947e-05 2.491220260249999985e-01 1.422447199849999905e-16 7.508640191459999835e-01
6.302520779940000428e-03 1.421209816369999952e-06 3.141728871089999875e-01 9.536225874930000620e-44 3.409114021289999898e-09 5.915094316249999459e-17 1.310106346719999910e-10 4.481381042929999947e-01 1.985926289680000068e-01 3.279243410080000254e-02
1.597487662829999969e-39 3.614043111530000189e-11 1.969049948100000114e-01 3.167630586360000167e-01 8.883015187030000507e-14 4.036715141560000207e-41 1.587289046980000031e-103 3.301535690509999751e-45 5.265460353380000194e-03 4.810664861649999735e-01
3.766948792779999892e-15 2.908899031980000192e-03 4.364116243319999811e-01 2.912731984540000026e-20 1.330983855060000054e-01 2.752776287709999816e-20 5.397802210089999682e-19 3.452279826099999838e-01 1.353260721520000050e-02 6.882050130529999976e-02
2.358828544630000050e-04 8.196777235680000436e-21 5.026543373410000126e-02 4.493485912640000218e-03 3.591813963509999930e-01 1.284247696210000000e-20 1.113056094020000025e-01 9.354662717499999631e-32 4.745181917469999955e-01 2.587416372820000123e-19
4.777735915869999913e-12 8.233989576289999866e-41 3.945985137429999674e-49 6.125026560649999841e-01 7.055794925920000614e-30 1.142198320070000037e-21 2.168133889489999924e-02 3.921118575819999647e-06 3.293632086539999795e-09 3.658120806230000244e-01
6.642492332979999454e-29 6.713087052230000131e-18 9.748749951969999660e-07 3.374891131129999847e-31 3.268784604869999777e-01 4.601022437669999853e-29 8.079958349109999767e-80 1.271064876099999973e-04 2.330891176669999980e-16 6.729934581500000013e-01
2.973171468210000184e-35 4.105844866419999795e-01 5.549796731079999614e-06 1.711766123509999953e-03 3.335005040500000080e-18 3.597885875040000179e-09 3.740052312209999912e-54 1.508497854170000041e-01 2.844507276189999767e-01 1.523976808040000130e-01
2.327827087729999893e-29 4.952846694699999980e-17 4.165737907929999823e-04 3.353272923439999942e-01 2.135742758220000037e-01 6.355126670539999559e-08 5.678740664879999547e-20 2.351436287939999981e-01 2.155381656979999949e-01 3.539929394499999928e-24
2.106067956309999980e-19 1.612586590490000049e-04 3.024772953430000237e-08 4.006857096690000231e-01 2.024578588399999883e-38 5.991530014239999646e-01 1.690793093749999981e-17 2.549552485780000099e-104 1.588450825890000110e-35 6.291482558639999539e-64
2.866159170450000016e-01 3.097419747660000077e-58 1.382679225609999964e-24 5.222433196759999954e-14 5.253825141839999491e-01 4.786764105260000083e-45 9.048575008070000505e-04 1.065042898980000054e-13 9.523724649549999977e-02 9.185946477470000038e-02
2.865602470310000260e-01 2.463055079159999851e-56 1.597592231110000027e-24 3.320315632830000026e-12 5.253881999699999694e-01 5.004844351969999649e-44 9.814551551630000710e-04 2.331808726950000047e-13 1.001386696149999950e-01 8.693142822570000539e-02
1.084317251749999978e-14 7.482539904929999657e-20 8.472648006889999986e-16 1.296673701839999995e-13 5.929556485400000465e-01 1.368862554240000010e-11 1.038599761829999968e-01 3.031843752630000166e-01 2.812645886650000024e-18 4.152098427149999721e-17
1.945887959049999890e-65 4.003004059190000130e-01 1.984409139900000164e-49 5.996992456649999914e-01 4.237673848110000026e-37 1.696635118039999902e-31 3.484159711580000089e-07 1.009066849750000051e-22 1.069696954760000039e-55 2.022581360630000083e-35
1.088024540240000032e-01 1.606658850079999954e-10 8.733776367730000656e-02 2.750159630049999748e-01 4.560334024480000319e-25 1.913021739459999926e-01 5.782922031219999781e-08 1.794283681719999941e-41 3.375415873579999948e-01 4.065363034329999691e-18
6.787378350049999883e-18 4.841333145769999809e-09 1.332462493550000057e-02 9.896575716130000255e-02 3.564839396069999777e-01 3.268129409609999980e-01 3.478246056500000102e-08 1.071630474220000018e-01 9.724965029000000316e-02 7.728681983859999637e-25
1.043022908179999998e-13 6.360015997350000339e-01 1.757273697359999992e-03 7.675468876399999510e-55 3.622411265670000269e-01 1.518509350229999970e-13 2.230600392389999990e-42 3.603168332340000107e-28 3.956953664840000138e-58 4.301022158820000275e-23
7.149420468700000139e-57 9.085846735849999385e-05 2.120642180299999819e-09 4.006967546860000229e-01 1.741663358470000179e-27 5.992123847260000247e-01 1.935736343750000053e-44 3.041709320330000027e-47 1.880635300699999927e-37 5.688933074430000440e-66
2.056033928769999963e-02 1.677961242010000098e-12 1.100790078969999947e-01 2.227172138440000060e-01 1.276757796299999881e-19 2.444449381150000100e-01 8.815084611369999363e-15 1.863942238670000083e-34 4.021985008549999741e-01 8.673363324130000208e-19
3.480190574719999976e-46 4.190749274350000220e-01 1.073595402199999937e-01 2.507383953630000217e-01 6.091857058790000252e-07 3.200121882260000089e-18 5.548720361480000030e-92 7.534957795089999967e-06 9.520283932810000510e-04 2.218669644459999868e-01
1.102785770489999967e-53 2.441320207889999948e-68 1.408320205660000069e-30 4.161508513819999631e-06 9.999958384139999712e-01 4.883463632489999748e-67 2.278389226469999924e-62 5.364617044630000139e-12 5.808412926260000160e-11 1.423713143809999954e-11
4.690486972929999662e-41 1.482503976179999974e-02 2.300357466369999937e-01 3.942117359480000194e-01 3.600118432100000154e-01 9.156344433519999918e-04 1.087401572130000044e-17 2.543363879720000044e-21 3.888185931179999959e-27 2.293049675309999862e-54
3.328883740399999902e-01 2.801604099650000064e-49 2.493804902179999898e-38 2.366495485129999980e-80 3.573425018600000193e-41 5.217466465650000289e-57 1.265822694900000056e-22 3.962867308889999822e-34 5.849857045060000223e-20 6.671116259599999543e-01
7.372258710609999766e-39 5.123802404400000466e-04 3.778511471190000221e-18 2.321454572920000070e-01 7.658548552470000326e-01 3.458020585770000167e-06 1.483792953680000042e-03 5.624620980149999964e-08 1.616952724290000069e-49 8.885906218569999765e-44
2.715252484089999974e-02 1.766826438739999938e-19 1.645176606810000092e-21 1.763273240940000160e-08 4.711065653510000275e-49 2.161969739409999869e-01 1.514787140939999888e-01 1.074490688739999945e-21 6.051717694910000445e-01 1.861178954949999909e-18
6.454964920149999639e-60 3.266221786549999839e-01 1.596235403340000030e-38 2.717200473000000139e-26 2.485037863340000114e-11 1.347683021869999965e-20 1.523555663129999941e-15 6.733778213200000140e-01 3.150820407079999742e-92 3.354352517470000254e-42
7.368262652630000457e-10 2.872519849890000192e-56 1.603682475260000053e-60 3.987472912780000065e-04 4.339771831009999753e-46 1.128173429830000060e-25 2.243270240149999872e-01 8.149663129739999437e-08 3.285041499940000165e-01 4.467699964660000189e-01
9.064270608730000565e-47 3.333907188219999984e-01 5.241457769730000195e-41 4.710054094139999947e-19 2.789740225659999891e-16 4.469882726609999737e-22 2.583937815559999760e-04 6.663508873969999913e-01 4.653617729300000004e-71 1.593170765299999908e-29
5.164669694329999672e-01 4.173114996630000184e-01 5.257748261370000075e-17 5.712332463440000351e-24 5.833309617049999611e-15 1.424381488410000025e-16 2.071902416440000029e-04 2.743576325839999971e-16 1.851971784559999989e-30 6.601434066179999449e-02
2.569220109389999929e-32 1.460478511970000026e-51 1.521260229249999897e-08 4.699058535630000200e-01 2.811981226909999743e-01 3.727935309919999970e-54 6.678983045449999498e-48 3.229446527369999780e-47 2.488960085330000072e-01 1.676266263289999999e-19
3.607666222909999782e-25 1.709082118459999949e-14 2.711991526820000141e-45 2.294839678099999966e-23 1.610791441780000068e-66 4.281705211260000122e-12 3.946582143250000115e-27 7.489372461059999875e-01 3.208376348479999732e-17 2.510627538899999900e-01
1.001406932030000017e-23 6.570070187819999630e-01 4.385290440829999870e-23 1.584106612779999921e-05 2.365517004749999854e-46 1.263904230319999947e-02 4.198927532439999857e-14 3.298481691140000005e-01 4.844297848199999833e-04 5.498949533779999597e-06
7.424927582799999648e-09 1.856397905690000127e-01 9.311469732349999539e-06 2.263246829829999862e-01 3.042472785150000195e-03 1.222502209570000060e-17 2.480402672539999964e-01 2.994475081379999876e-02 5.792197433759999764e-02 2.490767423620000032e-01
6.024510766090000052e-02 5.548158116859999711e-02 1.536742475310000059e-11 3.251756376249999858e-22 6.469092167000000115e-01 1.435206986080000116e-38 1.260757728749999952e-03 4.790669168179999946e-31 9.227702994729999164e-34 2.361033367260000071e-01
1.407235272839999922e-05 3.228089813499999895e-42 6.674817353420000502e-24 4.445488059350000132e-01 1.639407533779999905e-09 1.284643549380000031e-23 6.992335355619999949e-09 5.513798465939999812e-16 5.345667297779999744e-02 5.019804401030000252e-01
