4.552796699389999785e-43 2.456692440640000086e-01 2.072140854079999932e-05 5.499443803360000008e-06 1.263289141569999900e-13 1.018849701359999943e-01 4.198879780759999791e-01 2.300496096780000124e-02 2.038772870680000127e-01 5.649338834879999612e-03
2.414018100090000070e-05 6.144338709600000170e-01 2.903053874129999934e-01 7.465721997080000671e-02 3.444903183929999905e-18 3.780927573220000093e-24 1.220457739179999962e-50 1.172095094660000015e-45 2.057931453099999877e-02 6.694459023859999945e-08
3.077422314169999989e-24 5.852461612079999931e-01 4.824338372999999881e-06 8.142921850079999162e-28 1.427802191690000070e-25 4.601469879880000069e-19 5.682095541880000257e-29 2.182552385900000091e-13 1.232670912650000035e-11 4.147490144409999857e-01
1.008684635570000068e-39 1.065539055049999944e-13 3.074252305729999973e-33 8.444061909909999860e-07 1.064794046420000032e-14 4.492280196560000105e-01 3.813087170050000196e-01 9.714395631820000532e-27 1.534409835849999959e-01 1.602143534740000166e-02
3.201584654089999889e-17 3.314109630720000199e-01 6.685890369229999797e-01 2.705412196050000015e-45 3.198985712770000116e-44 1.866538547840000056e-16 6.827062706220000359e-56 5.295912643190000250e-12 1.695514972469999982e-31 4.819339426699999945e-23
3.658112416780000150e-35 3.041533164770000019e-01 1.720500105929999923e-32 2.749082798739999837e-03 6.818081839170000436e-01 1.048007950880000021e-05 1.127841669239999962e-02 1.500929612720000080e-12 8.530874227860000749e-25 5.200341043060000124e-07
2.202861528639999943e-13 2.646987887639999767e-16 1.022467148750000053e-82 1.307413164769999941e-08 3.365970323730000238e-52 5.249167010009999634e-01 4.750832859249999873e-01 3.194995685479999810e-17 6.025969463180000183e-67 4.443525078139999854e-25
2.941071612000000086e-11 3.076123973959999924e-01 1.036811239680000029e-19 2.513044592230000146e-58 8.466742086630000191e-41 6.921469620910000176e-01 1.121224214620000088e-46 2.406404833170000014e-04 7.789447005420000520e-67 1.446659692850000020e-27
2.615064883340000038e-28 7.386532597949999855e-16 2.862767424200000077e-01 2.448693566479999966e-34 3.543645001849999865e-01 1.781904450929999864e-11 7.344684170660000167e-13 2.203220841180000000e-01 3.208293472600000124e-04 1.387158439120000086e-01
2.028037804560000068e-30 8.381177631299999709e-01 1.317236837149999992e-39 1.618821967140000040e-01 1.440125460829999918e-24 1.002002465779999928e-14 1.122417376410000006e-14 1.986096993819999960e-25 2.167846528469999933e-35 4.015628932720000170e-08
8.080235016010000049e-01 2.007630988369999983e-42 1.217092283069999931e-28 1.217569842039999952e-14 1.919764983829999883e-01 2.394033655989999867e-30 1.308128665799999932e-11 2.658328261830000014e-28 1.405662055960000106e-13 2.793909052999999919e-12
3.826550735550000165e-02 6.003812320499999668e-04 1.395980465259999970e-01 9.937202896459999017e-16 3.739777537150000275e-01 3.935767541599999864e-01 1.288387598330000047e-12 4.400767791390000280e-03 3.949995702669999838e-07 4.958039421890000215e-02
2.524996476770000270e-04 5.350954711930000496e-01 4.646520291590000018e-01 1.781231848039999897e-29 5.879608629580000032e-67 1.483664532479999955e-19 1.685440560579999945e-158 4.614728818139999854e-54 4.892590731710000251e-45 5.056246986230000152e-63
1.405249043979999985e-19 1.765867005519999866e-01 1.825407852629999943e-04 1.615299266659999880e-05 2.142866813580000103e-26 2.676682143210000198e-01 1.281306677120000058e-21 9.003872258279999491e-23 5.555463913489999683e-01 2.329021292520000246e-13
1.628072696080000090e-02 5.722297130320000372e-06 3.636975011019999982e-01 1.834731268480000073e-13 4.159587677759999935e-01 2.040572818610000005e-01 2.418585293860000119e-42 2.958137819909999951e-12 1.198101951609999928e-37 5.345079965390000280e-73
9.685882223690000019e-54 1.999047582920000085e-07 4.043816735729999980e-11 4.916861136430000345e-04 5.994174627099999597e-01 1.965256232890000162e-34 9.762612601520000140e-13 8.926814169609999723e-21 5.306509418470000457e-04 3.995600002879999835e-01
1.348665925839999947e-61 6.630600531740000071e-19 3.458954143109999960e-30 1.058825714429999972e-32 7.977141296400000178e-17 6.526158963999999507e-01 6.300576864870000016e-02 2.843783349510000114e-01 7.718221292300000380e-32 1.499333248240000092e-34
1.134497539859999998e-26 5.417282915440000401e-01 4.576062662490000266e-01 5.470627436740000166e-12 2.257026202150000057e-04 2.277218483529999956e-10 4.286496997560000043e-24 4.397393533230000069e-04 6.694061663139999848e-24 4.131760744339999729e-29
3.176029058149999924e-04 1.143583441079999952e-12 9.996823970929999970e-01 1.233711131249999919e-36 1.676621579379999869e-48 2.936671231759999934e-34 8.129522290920000024e-142 2.166084472739999856e-52 8.758430863290000399e-37 1.588714467459999972e-63
6.082218969379999951e-01 1.724719201609999950e-06 9.787838461990000617e-21 5.687231354460000104e-12 2.377173189850000113e-104 3.917763783370000197e-01 1.135150667559999929e-31 3.874134243240000034e-29 7.554156186909999756e-25 4.279679536190000237e-27
2.828736985009999943e-45 7.670367101089999862e-01 8.548982745700000288e-15 2.409598158280000034e-11 6.376769798299999903e-03 9.596690980710000176e-17 3.795366221490000056e-03 4.033345856550000119e-04 1.663277130900000091e-14 2.223878192610000137e-01
6.142332880029999914e-02 9.833267221389999958e-24 2.344746322050000054e-01 1.777977112619999896e-06 2.832427021860000130e-03 9.149828716529999679e-23 3.721716355670000032e-01 4.053774454560000323e-03 3.250424239729999831e-01 1.826933642850000048e-18
3.682252661970000229e-01 6.055870042629999677e-07 3.140849685440000098e-12 2.744189550070000145e-11 3.034274203720000137e-05 1.011547995130000020e-05 6.394926681330000129e-16 6.317336699629999552e-01 5.995191430349999704e-43 1.570808842230000072e-37
4.758237312890000181e-01 6.464138182939999948e-21 1.014923706760000056e-10 2.071513607750000147e-33 1.611071452770000085e-28 5.459124070809999545e-38 1.724261579129999909e-23 1.905754477540000129e-10 2.699649595470000149e-20 5.241762684190000021e-01
5.165117661279999828e-01 3.347470483280000224e-17 3.705351836419999923e-06 1.125474571839999993e-01 3.709072261299999895e-01 2.153411336069999993e-39 2.244539927160000110e-08 1.846029419309999987e-10 8.028625690449999536e-10 2.982177318500000096e-05
7.411224046349999491e-43 5.280052644930000039e-01 1.564563272030000059e-28 2.689305600250000191e-15 1.663455763280000110e-01 1.417338868840000050e-02 7.482446199160000533e-02 2.166513084770000097e-01 3.947728708209999802e-33 2.230053119559999972e-11
3.755544581769999915e-05 1.045747002829999960e-22 1.561428836359999954e-02 4.075979951299999952e-10 4.683973778659999976e-02 4.079782629650000048e-01 4.127784582810000051e-28 2.780664434999999752e-29 5.295301550319999606e-01 1.520816796330000087e-49
3.208323731289999814e-01 4.578243228500000335e-61 2.942713716020000218e-32 1.309056591000000017e-11 1.358771504769999878e-04 1.189964421789999923e-28 2.701113368099999912e-01 2.660704746039999950e-31 4.089204128969999852e-01 8.451232617159999757e-16
3.386969664719999967e-02 3.555211386179999988e-01 9.739268031209999399e-02 5.132164820050000298e-01 2.417335512280000010e-09 1.467247750260000060e-26 3.112212031839999906e-77 3.162143210720000148e-48 3.187242483059999822e-27 2.064336998599999917e-47
1.163698792509999923e-16 6.997183935280000266e-01 9.703121849800000224e-12 3.002816064619999725e-01 1.170547025179999917e-15 2.179230758820000016e-23 1.306222145310000066e-52 3.513464059910000205e-41 7.727322063219999492e-27 1.380124800439999987e-34
1.457494313409999926e-03 2.069756422150000053e-01 4.998375933010000272e-01 2.428745882210000251e-07 4.458825017080000343e-12 9.394615938260000372e-16 6.127339744359999838e-25 3.479393568129999877e-22 5.897851681710000044e-03 2.858311756099999879e-01
3.061440643389999883e-01 5.372821463849999933e-28 7.095376843249999479e-23 2.770948449830000146e-02 3.944417884490000043e-06 5.325412312529999997e-02 6.128883836180000211e-01 1.795091283969999985e-12 1.331504590769999984e-16 5.097480628039999612e-34
2.567865693130000153e-07 1.935761217230000109e-01 7.596059181770000097e-05 2.870514006470000212e-01 3.828268649210000064e-45 3.429152033699999769e-01 4.860530589530000437e-47 9.517186717229999517e-51 1.763810568820000091e-01 2.342449695719999983e-26
2.383544379740000102e-48 7.820000547000000029e-24 1.507675343059999984e-30 6.262004681420000329e-01 5.335828930249999953e-08 1.020884648159999967e-19 3.074667110930000002e-01 1.490595954999999963e-30 6.633247865369999718e-02 2.887531283770000242e-07
7.159251700679999727e-66 1.879384789430000116e-20 1.913895817300000099e-48 1.977865231350000082e-09 2.112785942509999876e-13 5.253133169739999664e-01 4.746866810479999921e-01 2.960333827089999884e-19 1.670576684670000061e-25 1.532073274500000028e-28
9.118277116459999885e-07 9.999990881570000045e-01 1.468743552679999844e-11 1.589498590139999919e-57 7.441998677559999763e-121 5.222070890379999636e-13 2.625572923410000117e-109 3.418952037210000285e-30 5.562647900580000105e-61 2.103676326099999958e-32
1.526316270940000039e-37 7.156377026579999745e-01 3.269484647410000100e-11 1.163035196640000039e-29 1.413225974349999913e-22 7.669320011109999607e-12 5.072824629680000403e-22 2.843622973020000222e-01 3.691587503810000271e-36 3.057468387560000293e-20
1.018328074179999928e-12 6.085374006470000152e-01 6.719639368719999839e-02 2.730027168339999814e-03 3.215353929529999877e-01 1.049464840419999963e-19 3.699947980819999680e-15 1.527214676390000127e-10 2.142023211309999991e-07 5.711888958609999745e-07
9.999999999969999553e-01 9.485841841909999449e-38 1.232078683589999930e-23 2.761976903360000121e-52 4.612722305319999843e-17 2.086095977310000061e-14 2.696982756979999850e-36 2.662783199030000191e-12 1.533243385599999998e-58 5.241864723319999512e-60
4.499541862470000090e-05 2.434490940500000060e-09 4.716984041020000182e-24 1.979306115409999980e-11 2.321200889630000026e-67 4.221006372139999852e-01 2.057285466030000023e-03 5.744582431630000237e-10 4.303820566199999912e-15 5.757970788720000455e-01
6.458636538159999718e-01 1.983179777389999932e-09 1.159306629989999976e-02 6.976991000359999838e-55 6.533496415110000498e-48 4.383838758149999775e-32 2.404452874840000037e-35 3.425108256059999912e-01 1.012092610190000028e-30 3.245229479619999750e-05
3.128371518020000067e-04 1.618070129649999929e-06 6.761266849979999938e-01 2.266538338040000045e-01 2.084515818759999999e-08 1.319254237850000056e-31 9.516485224750000379e-52 2.360351333520000081e-50 9.690500513130000104e-02 6.457969983409999866e-16
1.831928101739999926e-01 2.523865403469999769e-01 4.456541513749999974e-06 1.332202330510000032e-01 2.217458294889999848e-02 2.895862140469999818e-22 6.445685300189999745e-05 1.673392399310000001e-01 1.365752611440000028e-14 2.416176801530000029e-01
3.698952581619999735e-01 1.232830194430000016e-25 1.574385147400000028e-12 3.389858831979999905e-13 8.860749636630000738e-15 1.477661667840000081e-01 4.395574359960000010e-01 1.711511600269999995e-06 4.277712189559999822e-02 2.305649428929999976e-06
7.813882648870000274e-22 4.044347983679999963e-20 1.339851714480000068e-11 2.647181289060000002e-11 8.727366094119999696e-06 5.656388753590000373e-01 6.494112660510000420e-07 4.283947538030000078e-14 4.343517478230000117e-01 5.577947702959999651e-15
1.879280281160000004e-05 3.886926380850000353e-34 5.280917344659999734e-22 5.183588374630000439e-01 3.695895412780000194e-02 2.617251268610000237e-01 1.337170852099999955e-27 6.673187126169999588e-59 1.829382887459999885e-01 5.783127746059999406e-45
2.305542092939999830e-13 4.598961386720000211e-01 1.682589586990000062e-17 5.400887229969999481e-01 1.369907370210000066e-06 2.278058986429999896e-32 6.867699836609999885e-29 2.604513926529999734e-32 6.898400819539999757e-22 1.376842322470000045e-05
4.827099213439999814e-01 2.874496481609999903e-30 4.282530892920000234e-19 2.530301856009999926e-28 1.093768780959999964e-03 2.231565707829999965e-21 5.667768852800000173e-02 1.668375561809999907e-01 3.652187985390000242e-17 2.926810651660000095e-01
1.458217718689999992e-09 1.303571354089999905e-07 4.905470351419999875e-01 8.765909977280000341e-17 5.148217967700000237e-39 4.590511402690000131e-01 2.213845376899999985e-23 3.804457620610000137e-17 5.040169277389999758e-02 4.472285256909999710e-18
3.180333253380000245e-23 5.537833388569999904e-13 2.558154141639999928e-36 1.321522132369999936e-01 8.858800704670000123e-23 8.310065171239999771e-01 8.440365080110000251e-03 2.603913318949999947e-31 7.447299695740000440e-04 2.765617458840000098e-02
4.259526149819999933e-51 3.191048334289999788e-01 2.292588697230000099e-08 8.709814567370000644e-12 1.286375530280000068e-01 2.503010738230000094e-13 6.877442431060000461e-05 2.397713867419999922e-01 5.034746468200000007e-11 3.124174293909999789e-01
3.611620157869999927e-56 3.825714273739999873e-52 2.317820915289999907e-50 4.751448341689999625e-31 2.376386374090000132e-55 4.375273971579999910e-38 3.335170494770000049e-01 5.950677001809999789e-31 2.076830376319999978e-07 6.664827428399999754e-01
1.876917654370000050e-41 6.005642765179999980e-12 4.979609016880000016e-01 1.222860916310000068e-30 2.496324132329999881e-29 2.778507545019999747e-01 1.519463015829999988e-09 4.255647398509999728e-03 2.199326947689999867e-01 1.162602940709999972e-10
3.202702628339999931e-09 2.570473882159999893e-08 4.382102185949999784e-01 3.772693046430000141e-01 1.845204478540000137e-01 1.339356403860000077e-25 1.649590055230000115e-39 1.519410380919999994e-28 1.081912043029999987e-13 5.320835496450000359e-29
1.574696085490000065e-09 1.546665400220000018e-28 1.277813886659999945e-16 6.660474254270000172e-01 2.816893145569999904e-38 2.696780950099999945e-31 3.578206037510000159e-84 1.819994637210000120e-150 3.339525729980000190e-01 6.396764754250000278e-45
2.491050457439999942e-21 2.574402111710000218e-01 1.478485832129999922e-12 2.694661589380000222e-01 3.219152503159999901e-01 3.156743958589999913e-25 9.851136748090000869e-16 1.277844262530000021e-20 2.639612138449999970e-11 1.511783795470000025e-01
5.044115862610000223e-01 4.955772952040000123e-01 2.685079924429999869e-27 2.420229584230000044e-09 4.243609503299999952e-32 1.350952479700000056e-09 5.174597495219999668e-18 1.111476395100000007e-05 3.500717208440000077e-72 1.233941298799999984e-29
1.380198364440000103e-01 3.447284842359999804e-43 3.874932051220000145e-02 8.196713415949999709e-45 3.038163819620000039e-01 9.040622973089999658e-38 1.921191524919999999e-27 5.194144610819999563e-01 1.347776175059999951e-29 3.603206722769999724e-42
3.000334205399999843e-01 1.086151449600000013e-12 2.361240886310000120e-01 2.813664427329999884e-01 7.828404068919999602e-57 1.824760159069999943e-01 1.061510610359999983e-100 2.590002069720000130e-90 3.218831872999999864e-08 5.890808994389999849e-94
1.018699037070000056e-33 3.846172033479999808e-01 1.345986617099999921e-13 8.239382279580000656e-08 1.089404571389999985e-16 4.136837500810000155e-20 4.687997264069999719e-27 1.343642505860000024e-36 3.534505287970000291e-05 6.153473692049999944e-01
1.146864626119999966e-04 5.414702236009999774e-47 2.225913532329999896e-09 6.108545300569999928e-43 1.290440278929999976e-12 8.768786645050000330e-23 2.533605516740000119e-01 3.615582307319999966e-01 3.849665221090000089e-01 6.794917110729999807e-09
2.491108951579999858e-34 1.149030404080000059e-21 3.263710143010000127e-09 4.629491947830000020e-14 3.462977465609999861e-01 6.537022316330000082e-01 1.492102064510000119e-10 1.831299296609999877e-08 8.039610557079999679e-11 3.549667983799999890e-47
4.066716131300000025e-15 3.012348464589999913e-03 5.322246648680000435e-04 4.068451309929999878e-05 9.733915908670000444e-28 4.199050123229999820e-01 3.236569360960000101e-22 2.745088490790000041e-22 5.765097300339999675e-01 1.102870865829999953e-12
1.209584589830000056e-01 9.387841192000000728e-16 2.147149426399999894e-01 1.781193737360000084e-01 1.518738577870000027e-28 3.507349077079999837e-07 3.608562504160000197e-55 7.890270806059999966e-58 4.862068739059999811e-01 2.979542520619999802e-47
3.679890939800000149e-01 8.222228746140000052e-07 2.579312940180000235e-01 3.740010767270000036e-01 2.045029943030000175e-15 6.486521003020000395e-34 1.017235492899999919e-80 1.137144813289999981e-74 7.771305185829999553e-05 3.815514225349999995e-26
2.850811608289999938e-02 3.549014372670000195e-01 9.613167678399999588e-19 4.074106464739999677e-37 4.781067501960000096e-59 2.989633730110000152e-20 1.081126419820000043e-24 3.077908420710000117e-04 2.391286964530000139e-42 6.162826558080000128e-01
9.349165485379999262e-09 1.091037304010000063e-30 1.232251368600000038e-14 6.511768627330000170e-01 4.344095549999999611e-03 3.444790323679999822e-01 2.586930548629999968e-38 9.991859771180000366e-47 9.810154035029999932e-18 1.695029907900000041e-105
7.090992805659999345e-08 1.752457161079999937e-01 2.070273863169999910e-04 2.512612721220000048e-06 7.562573065100000598e-27 2.689597912189999884e-01 4.760595261680000294e-17 7.756426957040000113e-19 5.555848806569999576e-01 1.107204543219999908e-09
4.286976647439999763e-63 3.021863560360000142e-39 6.742006387670000276e-61 5.833706947489999788e-61 3.568302848929999744e-21 4.775828660799999825e-47 3.473504913550000128e-01 6.526495081569999579e-01 5.383729208610000193e-59 4.875064745529999909e-10
2.001005484330000067e-33 5.691441765139999553e-01 1.735745581619999907e-36 2.391739894360000001e-08 1.918467825930000171e-86 4.308557995680000197e-01 7.789727695460000745e-46 3.268277375640000183e-44 1.934150701870000037e-49 5.490251259550000173e-59
2.238386287500000044e-51 1.659990005480000046e-42 2.083825157990000175e-56 3.075113164400000233e-54 1.080750437500000085e-43 4.082647231359999829e-11 6.792759329580000394e-01 3.207240670009999794e-01 2.996575979110000216e-57 4.100708586269999889e-33
7.372933693900000085e-01 2.627066306060000245e-01 2.708048177530000070e-26 5.438022416150000244e-60 1.225706735090000063e-115 4.855261708640000181e-20 4.374909851859999767e-54 4.274061503519999771e-12 2.817338375350000046e-81 4.965689517080000138e-19
2.433820241990000133e-01 9.460285274590000387e-11 1.285777794169999932e-01 1.870896657599999992e-03 1.810394555189999985e-03 9.703575567300000128e-49 8.763797114820000277e-55 6.649415421320000357e-56 6.243587798299999880e-01 1.252465000530000121e-07
8.080235016010000049e-01 4.048820259059999940e-42 1.117086116929999967e-28 5.860209829430000331e-13 1.919764983849999995e-01 1.870340953130000103e-30 1.168100651659999919e-11 1.899515385809999925e-28 1.302167416390000013e-13 1.690090404089999941e-12
7.671670360649999671e-24 1.042491451190000057e-01 2.813154365619999764e-01 1.044932732199999947e-10 3.652365253650000088e-01 8.213694198039999933e-17 4.210121245059999710e-08 9.935351922639999722e-02 8.892360949550000080e-09 1.498453226289999940e-01
5.700649334389999989e-01 1.491577831099999910e-19 9.645446237859999957e-23 4.299350437510000011e-01 2.281016974730000054e-08 1.673358769299999976e-38 5.225418996070000315e-25 1.774501541180000103e-32 1.659967477500000089e-30 8.790237507139999511e-25
3.157706318670000130e-43 8.798127748210000021e-04 3.327690987479999807e-01 1.402937520290000030e-59 3.903765142369999976e-19 5.696500943249999983e-03 9.540211241339999924e-36 6.606545875339999707e-01 2.888687151699999914e-23 1.028512759740000066e-20
1.158296108970000040e-05 3.279352120069999869e-40 9.835834844940000155e-02 1.837629251359999981e-38 2.068237707530000136e-01 2.478608054339999936e-33 2.677061957860000053e-12 3.908647407749999969e-01 1.910999749560000078e-05 3.039224470610000228e-01
5.855875231149999527e-01 6.554128020039999682e-41 4.328205290769999991e-02 6.504148211239999714e-26 9.100701045370000181e-09 3.961013300870000191e-67 1.168473231639999955e-25 2.253167138129999830e-22 1.709244692939999866e-01 2.002059455830000056e-01
3.703779682400000217e-01 9.002585441000000046e-25 3.173329443020000075e-11 1.727962159209999964e-15 6.817231011220000416e-17 1.463724365200000099e-01 4.395702315630000134e-01 3.090208385800000066e-06 4.367619719500000219e-02 7.624242661020000620e-08
3.770489099809999911e-01 1.867441974839999958e-17 5.700968374640000151e-10 2.493910773690000138e-01 3.720876325979999844e-01 1.743138064980000112e-20 4.739848792580000213e-45 1.383867280710000033e-57 1.472379481559999998e-03 1.896471698180000160e-21
3.512826892619999841e-16 5.214991425839999748e-04 3.529322125320000225e-01 2.842814067089999841e-01 3.936966085420000269e-09 3.621823419929999788e-01 8.709469113029999889e-10 1.028273703200000051e-09 8.253378704979999795e-05 6.978691149020000035e-26
6.313053779870000382e-01 1.986361249539999876e-52 3.582389609310000198e-35 2.719737247830000260e-01 1.001109114310000009e-09 3.340005323229999767e-02 6.079882982129999891e-02 1.464389974109999934e-34 2.522013175050000135e-03 6.486993235759999534e-35
1.870317563919999948e-06 6.122517784830000531e-01 2.952134737250000085e-01 7.946561594529999439e-02 8.560427376379999521e-18 3.014590780780000141e-24 3.808150162500000032e-50 2.219680115240000152e-45 1.306656036709999934e-02 7.011619341640000188e-07
5.056816986399999859e-21 1.774958287740000026e-22 3.388502781500000172e-01 4.974155287820000233e-28 5.404052279310000147e-11 6.461730277649999632e-01 2.272404406270000190e-15 2.529777501630000262e-07 1.497644105320000002e-02 7.905834383979999829e-27
1.698340092020000105e-07 1.703630739399999983e-01 1.444463355920000060e-05 3.040096720750000148e-01 2.797334077270000185e-43 3.621005589699999860e-01 3.819746809389999912e-48 1.059775241729999958e-51 1.635120805480000106e-01 1.113361951540000052e-25
3.701020928489999899e-09 8.934377134199999683e-35 4.937162261610000269e-01 1.783476792909999931e-15 6.248924783420000030e-07 4.598664672800000242e-01 1.920981007509999990e-34 9.156038074870000876e-31 4.641667796499999998e-02 7.259909526039999537e-66
1.116442670180000035e-35 2.808864262410000201e-01 1.378214444139999968e-27 4.285871968800000239e-11 2.538168632610000031e-01 1.525566222570000074e-01 8.367956377650000166e-02 2.290604275660000078e-01 1.206565384770000031e-31 9.685643386499999798e-08
1.554379104840000118e-04 2.248240772499999996e-20 5.287296456869999973e-17 2.884609080980000129e-01 6.136778200660000262e-12 6.643912013580000053e-01 2.401534582700000038e-17 7.739259653859999826e-36 4.699245262670000145e-02 1.362933354969999974e-22
1.149361882960000025e-07 2.617384193210000186e-07 1.719662291719999949e-56 4.267741194090000079e-01 2.558846401159999949e-89 2.157920800659999909e-03 4.130846140600000097e-05 6.130916174810000022e-35 1.080678837310000025e-21 5.710262746540000212e-01
1.369610374820000023e-09 2.497049560750000004e-07 4.905669866649999822e-01 4.351748830039999957e-15 5.748010036859999704e-39 4.590533039479999800e-01 2.264666747119999999e-22 6.216390709439999915e-17 5.037945831219999698e-02 8.649276141970000043e-19
2.213155206759999941e-30 1.005055331460000068e-67 5.269917798969999992e-42 2.523602985409999846e-52 4.961552223719999932e-01 8.199239470790000232e-80 4.880645264099999769e-01 4.219948027079999908e-07 1.307441727499999904e-29 1.577982922259999962e-02
5.377693304970000421e-01 3.243323921740000021e-27 3.237297617919999771e-13 5.404349062359999589e-69 1.030738646750000047e-30 3.964355072409999806e-25 6.015149368410000321e-29 4.622306695030000134e-01 2.744523702400000034e-41 1.248149214510000047e-20
1.168783603520000096e-03 2.976712116029999744e-01 4.944380100769999939e-03 9.175791957199999583e-04 7.286391503329999774e-09 6.733453994720000343e-25 1.488206601650000029e-37 1.619004468760000006e-35 4.387236671579999858e-01 2.565743710530000166e-01
1.138250563850000049e-03 2.613234841620000193e-01 6.753331359899999997e-03 4.999542582960000286e-02 2.645406778700000132e-08 1.616451183950000051e-24 6.700217237760000240e-34 6.019851474830000525e-36 3.977253146770000081e-01 2.830641669530000182e-01
2.319057632209999798e-06 6.333510543170000407e-90 1.221133437889999940e-12 1.257321224429999991e-54 5.986047163059999843e-01 1.390178147500000012e-88 1.561665607969999969e-15 5.587047667209999707e-15 2.583642276830000039e-03 3.988093223579999846e-01
3.184496778369999972e-21 5.901427855199999631e-15 3.105328699650000135e-01 6.196278007140000321e-01 2.906415531899999972e-05 2.736491660129999929e-11 1.098691156239999947e-29 5.272520466459999724e-32 6.981026513799999667e-02 6.389465839080000017e-49
7.589668318880000110e-38 3.490324786489999997e-01 6.026867893880000344e-46 3.585718858560000277e-01 4.190003200579999641e-53 2.923956354960000059e-01 3.951402860200000055e-16 1.152656177179999941e-33 2.557900343819999900e-35 1.299600733609999966e-24
3.920519222690000091e-60 4.861891192680000140e-01 2.593583921210000049e-10 5.339926156429999796e-16 8.146572842650000312e-02 1.395362335330000054e-18 1.456599143409999903e-04 1.364353386459999928e-01 4.430874350369999996e-11 2.957641534409999884e-01
3.501539730580000009e-02 2.772229029819999737e-04 5.758839816410000380e-12 2.419178914649999958e-22 1.025003103490000055e-83 5.190193584500000235e-01 1.260429291279999962e-06 6.176466049539999781e-02 3.733168636999999871e-13 3.839221004110000002e-01
5.149148966980000229e-88 3.094616168180000080e-23 1.349890883579999909e-31 8.401513682269999561e-02 5.973909531400000295e-04 2.264298925649999820e-24 3.773188556059999810e-01 1.880350412419999938e-30 5.380686166160000283e-01 2.010176578800000147e-12
6.353790830269999690e-01 9.434930792229999718e-32 1.213609384270000063e-02 3.556320713530000113e-20 1.853777646889999924e-35 7.444142559900000253e-11 2.224730271660000162e-19 1.147545353049999916e-16 3.524848230559999851e-01 2.972573143300000248e-29
6.846474571160000079e-31 1.743864319280000057e-15 6.725047620860000039e-11 8.844596984690000927e-50 6.132356188230000212e-33 7.922084715530000043e-01 7.873476392809999534e-13 2.077915283710000116e-01 1.946045283150000016e-13 7.703519188950000167e-12
1.955348444250000050e-03 9.264862214460000252e-06 1.766813244700000118e-01 8.213526532749999554e-01 7.356856535550000690e-30 1.408948384119999940e-06 4.146755452780000017e-76 1.136649985390000039e-58 2.296982211190000195e-19 3.713430801799999866e-97
1.361338059860000047e-86 3.881310686730000264e-02 5.957726114260000375e-23 1.003035340830000012e-06 3.764303947650000093e-01 2.382169328519999853e-19 6.151004163850000254e-03 3.591685972740000107e-12 6.964384228230000011e-12 5.786044911579999450e-01
5.116653550170000113e-30 1.259730881380000002e-21 7.270696161089999847e-104 1.666294740100000005e-01 1.162095191460000026e-41 7.618146668560000340e-05 8.332943445229999968e-01 1.795597076390000094e-34 4.811987528560000329e-53 4.168194252310000196e-26
5.442784238650000001e-24 6.368859444459999686e-02 2.898778970770000130e-01 2.367663742430000093e-10 3.614161665389999945e-01 1.390140343770000120e-16 2.280929199860000052e-07 1.214371539269999967e-01 5.403275854870000275e-08 1.635799056499999959e-01
2.983988380700000054e-01 1.656721761919999975e-06 5.309690965190000231e-19 1.345456250820000052e-03 1.972096057240000089e-01 9.693492860630000196e-07 1.872913380289999985e-01 3.157521357529999850e-01 5.993605308199999744e-28 1.016330783190000014e-10
7.372933693880000527e-01 2.627066306070000024e-01 1.295620283380000022e-24 2.392720798609999912e-58 9.665928098289999723e-113 2.024720018559999949e-20 8.229966365239999885e-54 4.601856019009999938e-12 7.272455747719999539e-78 1.815368631670000078e-19
6.410870503059999947e-01 1.597335390619999962e-03 7.705636734760000010e-24 1.536017533789999906e-09 3.147261721659999833e-41 8.307798175690000678e-21 1.952961181550000023e-24 2.022570095810000124e-24 8.676850629939999472e-27 3.573156127680000016e-01
2.477480875380000114e-01 7.349543801450000302e-01 7.276228490129999990e-03 1.002130378820000056e-02 3.502626619619999876e-18 3.807058533390000313e-11 1.513854688659999968e-65 3.080264798320000027e-33 6.048717586639999911e-34 4.120688224030000130e-64
4.228377753720000132e-01 2.019213881089999925e-33 6.470752319310000512e-38 4.207490236959999796e-01 2.511641947749999849e-05 2.182229292180000099e-02 1.345657915909999891e-01 6.324537663929999833e-22 5.356002895809999666e-24 3.384828163119999772e-52
6.152576663779999877e-33 2.695589284309999889e-01 3.501565604440000058e-12 2.577739004240000020e-01 3.333010115250000238e-01 1.279255819650000020e-25 1.855928174439999968e-14 5.516998858519999818e-20 2.256246530980000152e-09 1.393661573599999925e-01
1.677544812419999913e-09 4.384396142110000100e-16 1.408719188050000042e-24 5.000061041250000171e-01 4.999938941970000217e-01 2.246125988990000027e-26 3.604946189750000129e-47 1.312906105489999933e-53 7.599830611900000132e-32 1.596133277890000050e-46
5.871217822149999748e-15 3.774137189489999988e-01 3.238812876080000087e-38 1.894329744269999949e-01 4.325736216050000138e-01 5.729831910269999901e-04 6.701821765579999892e-06 3.821785701419999830e-16 4.963680311659999837e-34 6.656699795039999658e-12
1.403832150680000002e-01 1.880742593490000031e-02 1.186388453960000014e-36 2.609787038859999872e-12 3.847797812960000187e-57 2.055899555250000062e-22 1.936599497080000111e-27 3.585564682040000233e-30 1.077731866369999971e-36 8.408093589949999780e-01
3.163354177420000246e-01 2.324906569330000006e-01 1.482448223259999979e-14 8.336417309859999784e-60 1.808558533730000094e-92 4.032649257079999818e-22 8.792257330989999395e-37 4.426769013769999983e-01 1.751204006460000019e-53 8.497023948220000164e-03
1.211691095939999990e-01 1.248796662590000100e-12 6.475299557189999333e-02 8.132446582989999451e-01 4.314044607850000000e-30 8.332365341149999523e-04 1.137168129769999959e-73 4.933346672630000339e-59 1.739452178239999990e-19 1.236962619860000060e-95
5.961865328480000164e-27 1.177940392509999959e-22 4.771678506049999990e-01 2.453411149820000118e-14 5.228321105730000529e-01 4.579932545540000224e-47 5.037981627149999817e-32 8.262214042300000627e-24 3.882226196050000084e-08 4.163323770879999946e-22
1.159713620139999937e-16 7.772938980320000246e-02 4.682344948019999674e-05 1.487872177980000017e-52 2.901290184820000151e-31 5.230908340269999623e-01 4.123195121149999669e-37 3.991329527199999894e-01 3.862625310879999942e-35 2.162654044420000132e-20
1.160259502389999937e-18 2.565833938779999870e-35 1.190661171099999926e-76 5.001253690269999996e-01 1.498167930910000102e-22 3.041776450189999873e-12 4.998746309700000112e-01 3.688846602269999697e-36 4.686185325509999849e-36 5.585460401890000071e-30
1.591591326899999922e-08 4.531247868950000055e-10 4.382369263979999929e-01 3.767717329640000168e-01 1.849913242669999902e-01 7.391884865839999883e-26 1.222800601350000068e-39 8.917296439200000448e-31 1.191677665669999951e-12 8.417124675619999997e-30
1.829593479209999945e-30 1.381081506250000038e-35 6.373094578169999913e-01 1.306911121539999930e-35 2.991988592769999865e-03 1.227502421449999997e-73 2.461350344500000073e-43 9.689487973199999470e-32 3.596985535750000240e-01 1.558357007490000127e-11
6.793408082869999749e-06 1.367322847779999973e-11 3.506939911360000273e-01 2.826213147330000064e-01 1.589571331040000014e-27 2.728284625580000018e-08 1.724325855670000069e-56 5.498412966960000285e-57 3.666778734269999784e-01 1.756027470839999969e-46
3.467770345999999793e-59 4.707305795599999874e-35 2.088373046559999913e-57 1.238838877350000065e-59 3.518669564660000113e-20 2.065284644309999895e-44 3.473504871170000063e-01 6.526495077509999465e-01 5.016934755379999696e-59 5.132064073969999886e-09
3.071900488939999785e-01 6.413245706239999970e-22 6.771079484109999478e-08 3.839807756659999738e-01 2.005145410320000084e-05 1.056874375879999934e-15 1.742974873990000007e-01 2.294734329180000118e-15 1.345115688759999928e-01 4.194963747880000352e-21
1.631762497589999972e-01 4.936184094789999866e-01 2.717501882990000166e-33 4.018195986759999939e-27 5.438968444600000148e-76 3.331297227370000155e-21 3.882333256410000175e-28 1.092545011670000033e-16 3.771763031110000247e-49 3.432053407619999885e-01
4.756008619270000182e-01 1.804795863670000033e-36 4.045020921949999888e-12 1.399857503219999894e-16 2.184727266769999863e-29 4.958846728789999615e-31 2.304679416480000068e-17 2.411491378989999833e-28 5.243991380689999593e-01 1.580613402299999936e-16
8.466860688779999925e-13 3.969457954680000178e-01 1.613885654680000028e-15 5.480918461899999539e-01 8.679269283760000052e-35 5.496235834140000137e-02 3.110112017980000153e-32 7.085402013279999569e-35 5.902915511510000148e-21 1.060933523699999916e-40
3.731818020270000324e-46 3.828821515470000048e-01 1.464907672690000100e-40 1.225460698339999985e-07 3.082495661840000123e-01 6.114729209249999714e-06 3.088549594109999963e-01 6.375257278279999975e-09 8.614070795309999941e-33 7.079207397039999822e-06
4.591320230420000148e-01 6.903612171910000126e-12 5.044943268829999854e-11 4.801261927509999943e-18 5.244060213869999876e-02 3.741443890470000150e-12 3.432271388940000192e-04 1.864873434509999872e-01 1.161970126149999940e-11 3.015968041559999868e-01
1.237414391050000045e-07 8.102510626760000190e-20 3.829717579069999989e-01 2.565990164630000053e-42 6.370442313319999787e-20 2.087066503240000005e-44 3.612568893690000245e-23 2.873840705489999763e-04 9.989427331849999628e-13 6.167407342799999803e-01
5.846762420300000288e-64 2.132840610009999974e-03 4.472230977560000099e-63 8.275568835300000092e-01 2.192023865479999868e-37 1.703102340390000025e-01 4.182160889419999974e-08 5.171594684029999863e-46 2.385613016300000081e-26 9.921312748029999141e-16
9.913112704549999037e-04 2.087779301659999920e-01 4.977379668740000151e-01 1.206777209109999984e-06 1.094081397180000016e-10 2.747844698280000064e-15 5.751078819689999872e-26 4.616956559739999927e-23 8.862934799250000648e-03 2.836286500030000268e-01
5.734064511959999702e-55 1.162146500640000012e-14 1.039594040159999974e-69 1.110941115530000006e-23 1.334130229990000049e-56 1.000000000000000000e+00 5.712461284390000269e-30 2.415758743610000173e-31 3.105407732069999756e-91 4.834384121359999864e-89
1.338025715420000047e-27 8.369051580140000075e-17 2.790255897690000018e-07 5.254544146320000086e-49 8.520792310350000490e-32 7.912971246419999716e-01 3.917110023609999730e-15 2.087025960380000100e-01 2.916414183169999786e-10 2.826860442239999954e-12
5.403596258619999771e-41 3.223066833590000115e-57 2.374466081190000034e-59 7.505332889950000474e-01 2.494667110050000081e-01 6.063597609689999552e-16 1.743804796619999962e-23 9.317573783539999979e-80 5.855081913029999695e-20 1.454031026539999979e-92
5.465878935559999666e-03 4.060639945220000177e-25 4.392722789809999789e-32 3.212410619200000150e-01 7.592897515050000628e-33 8.670812123590000276e-18 1.016668191330000019e-02 6.857172802319999552e-36 1.774206203129999881e-01 4.857057569179999978e-01
4.291729840610000222e-13 4.598769212029999998e-01 9.718490303289999387e-18 5.400471424310000490e-01 5.679786218520000308e-05 3.248721054489999673e-33 4.010229083900000136e-29 8.349176065730000462e-33 9.943386667439999994e-23 1.913850353959999922e-05
5.572219385879999879e-36 1.216601677380000034e-08 4.946879167959999934e-01 1.886387655000000095e-29 2.254139292280000123e-30 2.747673773570000200e-01 1.019727119089999960e-11 8.120987890740000506e-03 2.224237057769999915e-01 2.768837949730000020e-12
7.461518456550000344e-01 1.413888116489999929e-40 2.331085536000000041e-02 7.436181944080000182e-56 1.838560188239999992e-05 3.227828678790000110e-28 2.797505646439999810e-26 2.305189133830000126e-01 4.217648642140000226e-22 5.284965250249999468e-26
6.959502882580000105e-02 4.736351263420000075e-08 2.583652557639999903e-01 2.237742328940000025e-01 2.325606295569999926e-02 5.240240660970000152e-43 7.400484618850000358e-52 8.328893930239999763e-53 4.250085634910000243e-01 8.087060169670000176e-07
6.308119911679999572e-39 7.161569061150000470e-01 3.431364665110000197e-13 3.369790834609999750e-30 3.819791135269999744e-26 7.543775051270000487e-11 6.631780379319999401e-24 2.838430938090000244e-01 1.935082666990000084e-42 1.085292719719999967e-21
4.756716511460000185e-01 1.351872049080000001e-05 1.896046356070000118e-04 2.604655691369999896e-19 2.138579859910000126e-22 1.931626286250000102e-26 7.245116083290000478e-24 8.599445346670000325e-11 1.490175026349999981e-13 5.241252254120000176e-01
4.920895809889999851e-11 3.645599983710000089e-11 4.324835044279999967e-13 2.878839958619999750e-01 1.237445993930000066e-15 6.644741697770000233e-01 6.178110265490000121e-26 5.096648330380000320e-39 4.764183427469999982e-02 2.061178820440000097e-25
7.335738035700000122e-10 2.097892191459999977e-29 3.572822026370000016e-16 6.660474254470000188e-01 7.661363831999999438e-39 3.024728745900000187e-31 2.996298781820000131e-84 2.570429683109999794e-150 3.339525738190000093e-01 5.573059205969999961e-45
3.009158203560000078e-01 9.861970310030000079e-14 1.545976359030000007e-22 2.127788336150000056e-12 1.951766004780000063e-01 1.367035977199999952e-16 1.923397299119999904e-01 3.115678490939999823e-01 1.311845421659999967e-30 1.585942066119999966e-10
1.519559710420000006e-06 7.501385592649999837e-35 7.255147574019999676e-22 5.178941132150000071e-01 3.790840819340000195e-02 2.612321510239999922e-01 1.412299808820000000e-27 5.752932953650000173e-58 1.829638080079999951e-01 1.665609784200000024e-43
8.558995941479999316e-52 4.645319907870000264e-01 1.085074395629999952e-05 4.678329413300000365e-31 2.276653312409999904e-17 1.134360974440000047e-15 2.201874064589999889e-23 5.354571584689999941e-01 3.287243403700000240e-26 8.846736432310000434e-18
2.141630618919999895e-01 4.232915884480000168e-25 3.000504312079999881e-14 1.059846393270000020e-01 2.120603046969999923e-03 1.167487883250000053e-01 5.609784504410000316e-01 4.456967301119999716e-06 4.667152410219999769e-13 1.987595637059999996e-28
4.608733053360000036e-80 8.558301106960000316e-06 7.357699315670000171e-27 3.293241377049999805e-25 3.994377507329999744e-01 6.467708577250000097e-07 2.077532949739999829e-02 5.797777146810000337e-01 1.023001283040000009e-26 1.622885466969999909e-11
4.543776269390000065e-18 3.000651026490000000e-138 1.103343669009999972e-30 3.395449391859999866e-43 4.926913028829999798e-03 1.319180872449999978e-63 3.980025964989999943e-01 1.139935845400000066e-20 5.970704898980000452e-01 5.736720831979999891e-10
4.781880606289999891e-01 1.771507208869999991e-34 6.743349152699999682e-18 5.821708434640000126e-32 4.666098277749999683e-03 1.808135786820000110e-25 3.598034220600000027e-02 1.762714093939999893e-01 2.157085896049999958e-15 3.048940894930000090e-01
3.502201148139999811e-19 4.355289905499999947e-01 6.741843984240000260e-22 4.668955405610000081e-02 2.084157096749999985e-55 4.583238723540000170e-01 2.829091412990000070e-18 3.168479031140000045e-40 5.926942041830000202e-02 1.881626215650000094e-04
3.506327855920000117e-39 2.068317915489999842e-46 1.484868476769999950e-38 6.164055789659999774e-40 4.962100864089999952e-01 2.537436751330000135e-61 4.882455880420000227e-01 5.475545938210000043e-05 3.360845207740000057e-31 1.548957008909999933e-02
1.094639395240000063e-01 1.513609466830000045e-27 2.084331465329999810e-18 3.713385486610000230e-01 2.702808332680000092e-01 1.624376688709999838e-64 9.029401913539999557e-10 8.186477690759999783e-25 2.766194776659999920e-09 2.489166748780000105e-01
1.932026443580000044e-02 3.563764927570000074e-01 2.599819032740000135e-46 1.308865632010000057e-01 4.415558867639999793e-74 1.543111941539999921e-01 3.391036959920000204e-01 8.298013360189999207e-12 3.052141633660000023e-43 1.789451741989999974e-06
4.653260758500000205e-01 1.317283448739999915e-32 1.104362067670000053e-35 6.244481874209999815e-28 2.698543901899999979e-53 5.346739241500000350e-01 3.171303403000000254e-14 1.202012445090000001e-18 1.746912421069999857e-33 1.514210277679999898e-38
2.101312574789999958e-29 1.583367778799999945e-02 2.590521324820000081e-22 1.349668716270000029e-11 1.760475056140000105e-01 3.499203249880000199e-01 1.778879967699999940e-05 5.279868610249999875e-12 6.044656565580000396e-13 4.581807027909999830e-01
