8.396096179320000083e-66 3.852358860190000277e-26 3.505877810330000268e-49 9.999999999990000221e-01 6.374854355670000417e-35 2.552848233599999857e-35 5.504934481860000301e-14 1.008431600459999975e-55 1.215232763369999975e-12 1.177723289969999964e-66
4.848001615829999889e-01 1.259492660809999887e-01 1.926273365920000105e-05 1.428561825819999927e-45 4.015873204629999956e-13 3.892313096019999752e-01 2.352659478320000043e-57 1.853536845520000066e-15 5.521915864949999947e-73 7.858034142799999914e-16
1.072733588390000020e-22 4.839840724999999733e-01 5.157906162990000265e-01 2.244153476570000022e-04 3.095350509150000013e-15 3.043771596430000157e-07 3.419321169399999760e-13 5.914756918009999749e-07 1.188947362799999962e-33 4.001167758639999912e-23
3.547014472540000145e-31 5.204510761129999721e-14 2.714834571840000108e-09 7.614214727040000130e-02 1.683711666090000059e-01 1.530500229939999916e-10 4.575750741679999734e-01 2.979107101730000262e-01 1.274208178480000085e-34 8.989118756320000473e-07
2.704435777480000121e-14 7.863690626210000090e-02 8.182221974769999795e-01 1.031406812130000045e-01 1.483863523110000009e-07 6.666068650909999736e-08 2.948085538449999794e-34 8.275674178800000106e-28 7.034431859740000175e-39 6.203992248169999966e-61
4.081069921839999755e-26 8.965458051429999872e-08 2.526526693120000032e-06 2.521725550410000016e-01 1.738192060619999924e-01 3.351039328659999924e-03 1.418562148380000110e-01 2.243653001079999876e-01 1.126477779019999962e-35 2.044330684410000099e-01
3.916146727280000249e-41 3.665582424229999948e-11 1.850087020129999920e-74 8.049831736050000404e-11 5.799154492689999607e-01 5.090535164309999585e-28 4.200845506140000185e-01 2.620493466160000052e-45 2.343020153449999876e-15 1.205584172390000014e-36
2.487505565589999967e-01 5.056733932249999949e-20 3.723187987680000094e-06 5.670871425000000116e-42 7.512457202410000034e-01 3.703866266509999909e-22 8.402040421859999649e-55 1.127747763490000046e-11 1.822454964079999906e-55 4.280493415269999911e-15
5.584647593750000372e-17 2.185398786719999920e-59 3.320036115910000168e-02 4.818891798739999843e-01 1.518596232940000100e-14 2.588415751630000153e-03 1.349782571819999879e-04 2.248898986010000179e-06 5.457375258689999998e-14 4.821848160589999877e-01
1.118713446960000014e-11 2.779314415260000226e-01 3.306246246789999872e-23 5.689913396729999739e-01 1.530772187430000097e-01 4.558882014000000042e-11 3.011781581479999895e-54 1.141540899770000040e-68 1.410396822049999886e-35 5.564186924089999709e-33
4.481998605020000026e-01 2.616087997899999810e-35 1.884573787599999954e-19 7.849507115719999712e-45 2.856873578710000258e-14 1.700348477669999939e-20 1.139152183479999923e-06 1.434653460989999962e-01 4.862475773069999813e-02 3.597088965160000207e-01
1.433788478810000022e-15 2.765084067160000118e-33 3.911700555000000024e-01 2.095348639479999997e-01 1.572592785230000068e-01 2.324306455729999987e-32 2.415008950350000181e-06 1.568792014610000118e-02 5.532298704060000338e-07 2.263449136440000009e-01
8.065453140039999802e-01 1.810683349609999993e-01 2.375686446469999923e-04 3.467889021619999917e-19 7.132192339209999642e-05 1.207746046669999976e-02 1.044462965159999977e-64 2.411347862990000187e-37 1.122959153839999970e-55 2.202332112639999958e-38
8.846380273079999801e-02 1.848624478510000058e-01 1.433579395719999954e-07 8.138497618209999575e-32 4.481478685000000053e-10 7.265682244719999794e-01 5.274727274489999917e-20 1.053811394619999991e-04 1.503326744949999892e-26 4.611661419449999546e-13
6.024762864649999556e-16 1.320560323849999928e-24 6.032116622590000254e-01 1.138030324110000057e-19 3.741912592200000165e-01 8.847664513399999810e-71 2.734747924959999780e-35 2.259707852129999930e-02 2.302849726059999864e-24 8.817820304729999655e-26
4.864610758599999590e-44 1.736040820870000099e-25 1.669133775369999914e-17 5.543086345150000094e-01 8.898388969450000798e-47 4.456913648260000249e-01 6.594091659170000228e-10 1.296603737750000032e-25 2.923477700630000141e-23 7.751797899569999655e-15
3.804660287480000049e-48 2.870589541179999889e-15 1.300841517209999935e-11 1.525217289609999971e-01 7.329413535269999613e-01 2.845043656199999910e-84 5.406881156440000262e-06 1.145315106189999932e-01 3.371790226309999841e-16 2.729786542839999900e-76
4.347079396060000156e-01 1.422209472669999988e-02 7.062463314779999749e-09 4.652137764229999917e-01 7.353112577080000295e-03 7.850306960550000601e-02 2.359620448819999914e-43 7.182990914659999302e-46 1.700186942109999934e-22 1.395742905079999943e-20
4.399705554670000010e-13 4.088326655309999818e-67 1.000000000000000000e+00 2.893385902800000167e-74 2.822327985050000141e-72 2.569816446710000008e-67 2.965122420950000124e-127 4.156971689200000133e-26 5.794089207720000093e-39 7.800385158599999619e-59
5.942395442700000308e-01 4.057587762870000225e-01 4.521658442529999670e-16 2.471348856109999930e-26 1.786173921079999861e-08 1.624370810770000019e-06 3.308820733610000283e-14 3.731419387569999798e-14 3.721046577270000231e-08 1.084901799140000014e-43
4.287676339709999851e-34 5.742780681119999953e-01 7.410780414839999997e-02 3.516141277350000038e-01 4.776586131539999844e-13 1.499506753679999908e-32 3.882586159160000024e-25 3.358284111279999933e-12 3.125160395299999864e-36 1.640108197069999910e-49
3.526471125290000045e-16 5.181892743089999698e-02 9.849524424960000322e-10 7.121494491810000435e-17 4.421085383199999660e-30 1.389110885280000068e-14 1.719250932929999864e-02 4.050113924679999977e-01 5.259771697870000429e-01 7.995397214600000518e-20
1.838709766550000041e-02 1.508900773349999937e-11 1.099754747519999977e-21 5.457573338740000205e-14 5.787092866109999623e-01 2.893105695689999757e-01 1.083246205560000064e-01 8.230903690260000301e-13 1.200345802240000004e-04 5.148391001070000417e-03
2.342758757400000003e-01 2.524546580259999823e-09 7.823793968389999981e-23 5.316307210059999927e-03 3.446793251330000111e-15 1.796968084739999916e-01 7.704475777059999628e-26 1.242644744980000010e-50 5.807049915240000137e-01 6.014527598700000019e-06
2.369564603459999863e-01 1.376902843509999964e-08 3.006481290270000004e-22 3.836029821770000053e-03 5.298866167869999940e-14 1.764402374790000061e-01 3.971589769980000224e-27 1.844097219990000128e-49 5.827647666080000288e-01 2.491975403079999990e-06
1.893399844370000100e-58 7.273512154200000197e-03 2.217030528880000081e-69 3.599822369259999855e-08 6.473836511810000527e-01 1.067873909420000017e-01 1.057578339839999936e-04 2.033307191619999962e-42 4.375266138449999689e-62 2.384496518900000028e-01
1.605132983220000077e-27 3.129731267519999697e-64 1.405708973050000063e-10 1.327950630089999946e-64 4.680189827050000141e-38 1.096336943280000000e-42 1.247806857510000052e-34 9.999999994710000450e-01 1.176206521950000088e-49 3.881615992469999883e-10
9.886477501580000236e-36 1.409396925930000040e-75 2.587573951270000219e-28 1.701408141980000019e-54 1.513880096529999975e-71 6.001738433800000350e-28 2.288765610880000023e-01 7.711073203570000256e-01 2.573199116149999999e-10 1.611829821230000148e-05
5.902921339319999738e-01 3.822395010579999752e-01 1.023842855180000043e-04 1.967049777110000131e-36 1.404882996020000018e-13 9.683145134840000052e-09 7.853542403240000403e-49 2.642751328270000078e-11 1.691119081589999940e-41 2.736597101430000151e-02
3.024320966660000165e-01 5.742351998479999775e-01 8.149753477929999482e-05 5.742271742189999698e-33 6.857472911450000295e-09 1.232511990880000019e-01 7.993059516700000089e-56 8.950481221770000608e-19 8.680626457540000626e-59 4.826735171150000255e-12
1.211087874580000081e-12 8.601471660039999462e-26 6.047405673650000368e-01 3.952218471260000032e-01 1.127400543500000031e-29 2.869246560149999939e-25 2.804600988649999951e-33 5.514732621529999958e-25 3.758550851740000267e-05 1.025436025989999969e-22
6.464188812449999893e-20 1.104736116790000030e-17 1.434718879590000063e-59 9.615636523600000877e-13 2.519453835830000044e-01 1.353244954769999955e-23 1.474965745369999914e-01 3.639069281309999898e-33 5.483793167820000258e-01 5.217872509720000024e-02
3.130000183350000187e-01 3.518329770249999933e-01 1.539903301459999831e-05 1.375808123739999971e-40 6.698779305709999836e-11 3.280421168600000104e-01 6.168007325420000011e-27 7.109488680169999929e-03 9.863420089809999994e-39 1.010351312180000013e-14
4.452220548260000341e-24 3.818596363589999987e-01 1.150957096560000086e-37 2.143925858129999973e-01 4.926949263220000009e-17 5.526802789000000464e-04 1.650220547509999997e-03 1.518639452350000018e-33 9.333065187530000407e-04 4.006115704830000013e-01
2.342283449910000144e-54 3.388317663780000098e-23 5.671870266270000077e-85 2.523506036179999912e-01 4.500646427900000246e-01 1.643341566060000045e-11 2.975847475849999757e-01 1.904213359499999989e-60 3.393137766450000093e-29 5.990593127630000340e-09
5.277499432100000165e-01 2.346552511439999877e-01 1.253898555629999944e-03 1.120488210000000037e-14 2.363409070899999964e-01 1.195213030660000035e-17 1.364329228950000074e-73 3.555164445369999901e-41 4.899462494130000284e-42 3.644597897380000087e-41
7.574541161800000242e-23 1.958326003099999935e-01 2.902559503780000050e-01 5.139028374809999633e-01 8.611830775140000789e-06 1.592093859100000023e-61 1.555458568860000112e-56 4.698903801089999893e-30 9.350509353240000215e-31 2.935692617019999942e-102
9.494472703280000637e-22 4.839891105640000135e-01 5.158018033040000505e-01 2.062006415250000038e-04 6.269189686949999937e-15 1.182339879749999963e-34 2.884380157079999832e-21 2.885489827319999935e-06 1.081949101409999953e-17 5.845877546880000577e-23
6.374546412020000163e-01 3.857931555130000137e-37 8.805325231280000283e-18 6.237989285849999660e-88 9.414586857909999794e-07 2.128467978340000152e-43 9.269470448339999570e-35 3.625443925840000081e-01 1.450326290460000004e-28 2.475517239050000042e-08
2.130835308559999998e-14 1.390615637220000067e-03 2.194893645470000080e-46 3.716059794930000326e-02 8.240205716810000284e-10 4.553111261180000091e-01 2.642954760629999966e-06 8.871409587089999430e-56 5.061350165169999915e-01 4.353993876809999957e-28
5.499243985889999964e-01 2.115541148959999840e-02 2.026526305390000053e-17 2.366828007229999934e-06 1.849563641349999967e-09 6.061123492500000176e-08 2.265197756970000032e-26 4.297481964310000046e-39 4.289177606319999891e-01 9.999894445149999594e-15
4.535854936100000012e-01 8.463300585750000230e-24 3.604910751080000120e-08 1.563945686759999897e-47 1.789444318610000082e-42 1.095003120760000004e-01 1.297884190190000089e-53 9.002739878850000063e-19 1.789139341610000125e-35 4.369141582650000188e-01
3.104438975619999904e-16 4.894167022400000011e-01 1.003073752929999946e-33 1.452413675409999962e-20 1.752153421660000072e-21 5.105832977599999989e-01 1.752826027010000063e-19 4.357610928889999808e-36 1.373784375220000023e-24 7.799152253619999631e-21
1.140165169900000074e-02 1.606536405129999853e-30 2.105581299599999896e-24 2.853743923849999939e-16 5.360809574099999891e-02 3.875453192369999744e-01 2.344616675579999920e-01 5.189206956139999950e-17 2.136986158949999992e-01 9.928464987019999799e-02
2.943551521749999942e-05 2.023501186170000061e-35 1.156973867429999991e-14 7.987315839350000242e-05 2.560991610239999883e-01 4.249811081009999825e-01 1.792669131360000168e-02 1.045042586140000047e-16 1.505063867159999944e-02 2.858330922169999844e-01
5.188270902969999683e-11 9.540860813479999973e-35 3.858844493749999849e-22 2.646581150670000086e-76 1.645952498029999931e-22 4.924143829229999853e-22 9.426841477920000691e-24 3.847324971950000227e-01 1.811957750350000022e-39 6.152675027530000174e-01
1.926222276240000049e-05 5.606256020980000532e-01 5.904018510449999724e-09 8.012711320679999751e-04 2.005155978400000063e-11 3.138804449049999892e-07 7.275558845799999789e-31 2.440639380630000159e-28 1.057396441170000032e-14 4.385535447430000122e-01
7.133342971599999633e-09 1.183533939970000093e-19 1.134446753210000010e-30 7.111713131809999359e-08 7.370664389059999877e-02 1.880456684800000013e-14 6.346303856569999733e-07 3.074951253869999923e-27 4.320768724990000087e-01 4.942157707300000036e-01
1.397013233260000066e-11 9.389036034669999420e-02 6.305496611099999926e-01 6.057028003630000055e-04 1.744536348820000047e-04 2.377610779740000172e-55 1.233270579080000002e-21 3.037862873030000172e-07 2.747795183080000148e-01 2.166967846939999973e-53
9.741550110719999351e-08 1.336784192520000054e-19 1.188617000919999922e-14 2.586213675989999865e-08 6.273612109399999692e-01 1.034169909309999927e-02 1.083608542219999943e-01 2.798682832479999755e-10 5.835647101059999810e-09 2.539361063510000016e-01
4.374159077849999681e-58 3.772637303659999805e-34 1.251082312849999924e-36 1.000000000000000000e+00 4.880600217889999895e-38 9.510154858000000057e-35 6.000729900850000232e-45 1.595588957299999974e-91 1.682755783740000012e-32 4.813330664280000333e-61
7.976577906550000302e-41 4.219079208980000233e-24 1.448224383019999919e-31 2.671917105019999857e-03 1.475629825559999993e-71 3.513013430729999831e-01 6.318735877319999750e-01 1.521623441259999971e-37 1.415315209089999977e-02 9.971392375200000412e-37
4.240764186450000129e-10 3.247899532549999944e-16 4.422118629430000225e-01 1.801150989339999897e-01 4.369211021200000319e-21 2.061994074029999957e-01 1.897128106319999992e-03 3.728199533169999770e-07 1.695761293699999950e-01 9.026375884999999565e-24
2.466163792699999913e-01 3.768042353230000206e-20 3.507432522629999884e-09 4.273008256049999898e-01 4.248125681130000217e-19 4.490903687800000196e-03 3.887856161179999954e-38 3.068542105049999846e-43 7.275326539689999650e-04 3.208643552759999906e-01
4.003276561610000228e-01 2.070939394959999877e-18 1.473202748589999971e-08 3.255664999420000237e-39 1.252994323669999932e-36 3.652442336500000275e-01 2.612076820749999858e-15 4.703150837810000234e-02 1.063651206099999910e-09 1.873965860150000051e-01
9.698700357279999165e-19 7.563197090739999517e-02 4.564623036759999906e-28 4.424703419539999794e-01 4.398953926869999832e-17 3.715458922780000024e-04 7.701727448480000416e-25 2.742554727609999837e-47 6.049051008080000482e-16 4.815261412469999946e-01
4.918656473529999795e-01 5.081137044579999706e-01 3.303968255650000231e-13 4.069158589890000047e-20 2.013958877260000149e-05 7.503316512059999669e-58 3.502940255959999828e-56 8.746220671289999721e-35 5.086002595640000391e-07 5.185994232080000090e-52
4.163950945069999901e-10 1.193676956129999925e-22 4.604027160349999667e-06 1.852633080149999932e-03 2.148271430979999952e-01 3.036196579099999798e-31 1.484506652470000081e-06 3.439756206010000095e-01 4.393008933590000220e-01 3.762091131859999902e-05
9.999986724660000492e-01 1.040139323539999937e-31 1.326270442990000084e-06 4.531576160540000268e-56 2.612084196440000165e-30 5.292900089570000471e-32 2.658680987750000011e-45 1.264037309800000054e-09 1.603017907529999932e-15 2.012551554009999840e-27
2.624717676339999921e-20 1.526105993140000061e-01 2.266600203989999895e-01 3.646405726260000257e-01 3.544676863450000085e-17 2.560879201790000059e-01 8.684197499550000394e-10 8.866128005460000471e-07 4.504206092320000244e-24 2.100858002900000154e-15
1.190220455599999973e-32 8.124487582069999962e-25 2.328863815599999894e-25 2.158497764659999867e-29 3.036900842000000097e-23 8.677146655050000445e-43 4.366827087649999828e-01 5.633172513109999668e-01 3.992379765730000113e-08 1.188310793300000059e-17
6.485378408979999710e-25 2.039613499359999873e-18 1.531419646650000049e-03 4.512767970879999680e-05 6.051699577589999546e-01 3.919138205860000235e-44 8.902751529830000047e-11 3.932534948249999940e-01 5.383639003810000017e-18 1.857015743829999871e-43
6.816244218790000475e-02 1.599418788589999907e-29 3.142502255360000035e-10 1.089434730419999997e-01 3.396231884889999977e-17 7.229048149310000060e-01 3.417651843060000244e-23 2.596057400509999802e-37 9.998926952540000690e-02 4.932257640009999633e-16
4.211438080830000235e-12 8.994325927669999549e-60 6.062918290940000343e-01 3.252813290840000113e-22 3.536636171260000320e-61 7.391119399040000707e-21 1.975357023540000124e-23 3.152472480820000020e-10 3.937081705859999947e-01 5.237067334480000276e-17
7.329461967870000150e-01 3.802795714869999704e-11 1.386051261920000040e-05 1.362087428220000043e-72 3.843595739310000246e-35 6.363647431250000173e-03 4.017925960830000233e-55 2.380763146020000047e-05 8.360307105839999196e-59 2.606524875999999824e-01
3.071975840240000117e-15 4.888871322309999989e-01 1.655649752159999986e-32 1.925805516230000048e-19 9.482340319349999675e-20 5.111128677690000011e-01 9.700203442499999669e-20 5.272320010750000479e-35 2.974420875700000008e-24 3.857673647049999667e-21
9.240676051200000241e-02 7.793723038959999543e-21 1.276030117640000054e-09 1.751829801539999896e-17 4.170732852560000148e-01 9.693346783689999696e-23 2.206120033459999885e-09 3.089012819910000058e-03 1.383268005449999893e-01 3.491041373850000129e-01
9.863340040460000235e-02 4.572703440259999752e-01 3.235450402519999938e-06 2.362846401619999823e-12 3.719265492560000258e-14 1.203208188120000015e-02 2.679533171799999908e-12 2.203689471839999935e-08 7.651057199419999781e-03 4.244098589959999779e-01
4.428039254220000216e-46 6.786654316109999759e-03 7.169976732829999790e-31 7.017658836650000334e-04 3.469211845799999860e-01 6.933798377399999480e-26 6.455903952199999463e-01 8.191298008950000069e-15 6.789870745939999728e-34 7.059601795729999845e-25
4.476218589079999891e-16 4.793974957759999933e-01 4.075392570970000008e-17 1.441128707759999898e-07 5.206023601110000287e-01 1.365735384159999935e-36 2.612545174309999984e-47 1.800479774149999990e-45 6.679997466719999816e-23 1.192738218950000003e-68
1.027995936519999928e-82 1.264434704729999975e-44 3.656211920550000089e-72 2.766605817230000097e-01 6.617400463299999742e-14 1.784547227540000148e-67 7.233394182769999903e-01 6.290171327520000019e-52 1.415127854759999989e-16 5.078579039290000151e-63
7.161102645789999555e-01 2.838897275439999923e-01 9.137853982119999829e-15 2.974342643840000163e-24 3.687479896020000153e-10 4.347586618759999926e-41 3.621766721369999977e-47 8.530247121639999870e-32 7.507966197100000006e-09 9.404286135960000548e-47
8.727375762359999625e-17 3.984747211539999775e-38 5.998746614209999883e-01 5.047967249610000412e-22 2.480455747390000029e-71 6.038494948820000152e-02 3.921829860390000266e-18 4.133644748589999760e-05 5.226763939169999836e-15 3.396990526429999879e-01
4.491936005839999857e-01 2.938766139629999899e-35 8.998052487370000191e-20 1.192201988940000028e-45 1.413815598879999987e-14 2.430577685130000136e-20 7.222626873249999937e-07 1.382154203010000082e-01 5.262363359749999692e-02 3.599666232539999733e-01
1.630849973410000032e-15 1.663454825220000029e-40 1.517711010859999895e-03 7.069161671829999882e-01 4.212462291829999831e-41 4.636693765029999823e-35 2.236733563340000090e-41 2.674913590299999977e-33 2.915661218060000004e-01 7.946208957259999511e-16
5.502136305739999678e-01 1.991556397300000072e-02 1.429441176280000007e-17 1.087279049360000052e-03 3.205644448159999880e-09 1.135807583250000025e-07 1.425593935600000052e-21 2.894012798829999746e-35 4.287834096170000109e-01 7.306435189590000423e-13
4.786636891479999873e-14 3.429682662750000316e-27 2.256407886110000094e-01 3.991638852159999917e-01 3.211642353570000052e-01 1.508296243289999931e-11 1.414661716400000054e-07 5.382518174590000121e-02 1.758963123690000146e-17 2.057675880079999945e-04
3.397419644510000202e-07 2.424363833229999839e-44 1.631469575979999920e-01 8.600871025110000401e-02 1.578430799630000080e-12 1.437979628620000006e-01 3.544835274120000101e-01 4.120810724449999914e-05 1.167380577939999969e-01 1.357832362330000098e-01
8.107486420670000690e-06 3.371578274620000075e-46 5.902895370299999778e-01 3.387784963259999954e-31 1.164841708279999951e-63 2.836183694900000037e-22 3.360712035320000222e-35 6.149337334649999945e-14 4.097023554840000248e-01 7.457827051109999783e-25
2.586970983760000049e-08 1.198036556719999939e-26 2.009959676580000063e-02 1.872703411800000085e-07 8.456134582139999967e-04 8.136231912819999270e-21 3.181032182929999785e-01 4.206707528529999851e-01 2.402806054899999932e-01 7.835029278599999945e-31
1.227131563579999946e-01 1.739364046120000007e-29 1.529297794750000090e-08 1.136817515279999950e-81 6.298039574649999804e-18 8.349550968819999800e-23 9.790122148989999633e-53 1.185594061700000063e-01 6.521618455729999863e-60 7.587274221790000217e-01
1.808570618510000061e-01 8.099322434219999312e-02 1.861877568509999916e-11 9.052055613739999618e-02 2.697015052560000070e-01 1.532619822079999990e-17 2.084784191909999917e-25 2.446669150119999982e-28 3.779276522139999872e-01 1.808409541529999926e-10
2.702202389219999779e-01 5.381002227030000312e-38 1.770950012950000048e-22 1.543045998050000114e-48 1.698454784490000100e-13 2.525334115770000141e-22 1.199971155600000015e-04 3.313534456419999774e-01 2.010039098510000011e-01 1.973024084689999902e-01
4.847806145640000119e-01 1.259516066099999887e-01 3.642698197829999791e-05 2.970899895690000241e-44 2.258792480299999959e-12 3.892313518419999729e-01 1.113835895399999958e-58 3.046855304160000230e-16 3.839408929369999705e-73 4.355118256799999787e-17
5.941709656460000422e-16 4.649594753120000207e-23 2.356121258349999914e-01 7.921992907329999532e-10 3.458866333869999865e-01 6.540143897860000121e-24 6.502193114330000047e-14 4.185012399859999732e-01 5.065718705170000050e-24 2.033217020509999852e-36
3.124852788560000261e-01 3.514813576440000142e-01 1.020562794209999996e-05 9.312695736869999240e-41 1.571877283619999974e-11 3.280251810670000157e-01 7.478378206059999998e-28 7.997976789300000749e-03 9.068106073479999808e-39 5.234587027459999889e-15
4.402897951160000267e-01 1.465814133579999928e-39 1.090639197379999950e-12 1.083518226639999983e-36 7.486262978139999601e-10 3.649020717750000207e-23 1.239618670420000056e-15 1.388370486140000082e-01 2.513302774830000111e-07 4.208729041900000079e-01
1.200325046299999972e-47 4.814400158610000424e-25 1.623265694839999910e-69 5.190540502060000394e-01 4.807711451460000007e-01 3.339686724030000310e-08 3.713758094419999969e-14 9.024119861739999664e-72 4.911728704069999750e-42 1.747712515400000083e-04
9.100643526530000083e-02 1.100029145020000059e-21 1.260501670190000011e-09 4.353532543410000160e-16 4.066974867079999889e-01 4.481134889260000386e-22 2.432478917269999997e-09 1.184816584819999930e-03 1.683737704999999918e-01 3.327374872480000079e-01
1.283290548989999978e-16 5.635405105499999845e-01 1.269027992329999950e-34 2.351158192379999953e-21 1.717351449769999937e-19 4.233482263860000039e-01 1.311126300939999961e-02 2.529553271979999823e-19 5.463833848670000078e-11 1.576096052080000009e-20
1.734311357739999997e-11 2.451694102340000112e-02 6.359217714989999770e-01 2.924684048540000022e-03 2.881106035570000102e-03 1.561302965130000090e-56 9.497842095149999441e-21 2.916834731680000124e-07 3.337552056929999900e-01 7.846081824759999639e-54
1.759609157880000072e-31 5.771499387869999684e-19 3.336925048340000002e-23 1.524570375989999990e-02 1.857296794849999996e-17 7.004876392960000066e-27 6.584390377200000088e-01 8.382489880389999383e-14 7.918462560899999826e-06 3.263073400579999950e-01
1.567252406899999930e-07 1.840183961250000131e-15 2.254875566600000047e-01 2.177207258800000008e-14 3.043463515270000141e-01 6.899794501829999702e-64 1.551200094940000074e-19 4.504250973180000117e-01 1.974083777020000166e-02 1.310122314670000007e-35
6.039513443329999971e-15 7.486125815550000173e-02 4.146481747749999891e-01 2.462907321670000094e-01 1.357201805680000046e-23 1.384625661800000006e-03 4.661507114019999994e-05 8.700676860159999720e-03 1.061298697159999904e-09 2.540679162480000142e-01
9.556811260290000009e-16 6.893530749109999523e-02 4.089505065969999964e-01 2.521478136129999825e-01 2.324106695190000093e-23 2.409814564959999929e-03 2.846801268129999933e-05 1.916176751490000080e-02 1.425554507779999990e-09 2.483663207819999941e-01
3.559328265630000032e-26 3.570929448019999959e-70 7.515021236300000017e-14 2.094874149399999975e-34 8.556827696090000324e-76 2.836942469019999926e-15 1.345129332239999864e-01 3.244233622050000099e-01 5.484351792080000053e-04 5.405152693920000084e-01
9.831723661629999944e-02 4.608715126769999948e-01 6.480588262249999795e-08 1.016981536620000001e-11 2.482070932949999974e-14 8.809770931380000655e-03 2.526035965910000074e-12 1.206002447880000080e-08 2.755493869180000027e-03 4.292459090269999944e-01
6.269785916010000071e-19 3.636058627950000122e-01 1.304769992540000010e-30 4.138954465310000219e-01 2.224986906739999937e-01 3.620131628880000155e-16 2.841439737619999972e-26 2.188778084609999979e-52 4.613148642469999671e-18 8.670495167180000503e-35
3.110995951059999997e-40 3.812952765200000038e-01 1.605626561840000065e-16 6.187047234800000517e-01 5.221675671019999986e-18 9.202432621850000553e-14 7.370331899259999488e-20 6.502039383269999777e-24 5.066514783250000100e-37 8.059802633910000179e-30
7.713148612929999664e-10 4.611190030399999751e-01 2.923109488960000113e-01 3.337359578610000120e-07 6.426744429060000393e-09 1.070422591310000045e-33 1.797963774559999896e-14 6.722777405169999851e-06 2.465629843519999975e-01 4.876915139619999643e-77
3.116351533939999972e-41 1.569279740589999928e-25 7.031812084069999654e-21 3.004312829449999889e-01 1.962892344650000066e-46 3.946122295010000003e-01 3.049564875529999775e-01 1.261080927979999962e-22 3.975644106539999969e-13 5.308386820129999783e-16
5.755534566519999728e-01 6.235553689170000395e-29 4.680907472200000117e-23 4.606323290869999683e-40 2.250458513969999904e-39 1.061056873519999997e-07 4.639980274410000122e-23 6.887376387550000085e-23 4.244464372399999741e-01 1.575795847740000029e-12
2.628654878869999898e-08 7.581956075780000291e-19 1.215873004940000053e-15 1.478936019490000052e-09 6.324625134479999744e-01 1.510951793670000098e-01 6.588884332670000288e-02 2.793481109949999762e-10 6.144875742760000019e-10 1.505534351989999964e-01
4.738273437070000260e-01 4.939268296629999999e-01 3.737844200860000277e-05 2.768855741639999788e-32 1.385272174329999917e-12 1.879089352569999882e-10 2.934846893769999930e-24 3.174572706940000100e-02 1.505232370169999993e-19 4.627209292889999871e-04
1.211559754610000014e-78 1.525406179449999920e-06 2.432392873929999902e-50 7.836426212129999902e-01 9.598330690859999238e-38 2.163553925149999946e-01 4.608657274940000254e-07 6.018179778009999968e-43 2.057583538120000022e-44 1.037309980129999948e-17
1.043906022890000018e-72 1.384431518729999913e-04 0.000000000000000000e+00 2.009890022019999977e-21 1.786239119209999948e-01 1.404034478299999965e-02 8.071972996630000230e-01 1.910607433690000177e-86 2.207266686999999901e-60 4.812380046370000494e-10
8.680141993469999847e-16 1.511921828290000062e-40 1.518996853869999985e-03 7.069160970890000506e-01 4.449513833309999745e-40 1.038096550989999984e-34 8.416745988079999763e-41 4.843558973750000118e-33 2.915649060569999729e-01 9.924469270170000368e-17
2.035054348590000149e-08 9.267882023189999541e-16 4.515024293770000113e-02 2.395219251350000078e-01 2.313836816050000023e-01 8.579846105259999765e-16 2.296912393099999894e-01 2.386893966199999939e-01 1.556349404169999999e-02 2.729547217929999952e-16
7.161102665459999628e-01 2.838897319920000162e-01 1.793305583740000076e-14 9.831978498200000258e-24 1.746487419939999905e-10 6.434549442089999503e-41 2.062116271870000026e-46 5.748049972580000028e-30 1.287538615109999941e-09 3.479618740360000010e-47
4.773582787080000167e-01 1.134066166820000002e-07 3.947491240909999815e-16 2.443237712350000197e-13 5.230397604160000386e-16 5.226413697820000426e-01 7.929584478149999976e-22 1.494865120859999946e-33 2.381038382570000074e-07 1.993625418629999832e-31
5.894317003600000326e-01 3.544292756249999843e-01 6.694584637690000365e-04 1.056704529370000068e-15 5.546956555109999742e-02 9.290927513980000730e-53 8.425506306579999498e-89 9.345111300590000653e-41 7.163933123069999901e-26 2.466339899349999909e-40
1.121105038709999968e-06 3.286859507910000130e-03 4.591325576839999857e-36 1.639219643110000005e-64 3.086914568720000029e-01 1.182500390880000038e-25 4.653809443780000320e-06 6.880093752889999692e-01 7.325110355950000384e-18 6.533416688489999631e-06
3.622043454000000204e-20 1.529324110899999978e-01 2.268586115850000084e-01 3.649275090140000066e-01 1.417396020960000058e-18 2.552804263119999861e-01 1.840978306540000055e-08 1.023589000560000105e-06 8.496085569769999512e-24 1.757847610260000068e-15
5.733722016930000044e-10 9.962837040419999577e-08 2.718022153379999923e-15 3.803535697920000132e-35 3.173100613229999922e-01 1.574413425060000081e-21 6.371096868030000285e-28 1.588672724440000032e-07 4.627149152719999500e-41 6.826896796079999774e-01
1.160018177430000015e-24 1.049144148660000084e-05 1.424795569030000086e-31 1.715886235619999906e-20 4.818546240309999895e-01 6.049013594249999764e-23 2.375927053130000020e-17 3.016703343859999925e-19 3.593677261640000139e-37 5.181348845280000504e-01
1.133850611099999974e-11 2.604240108800000009e-01 1.798995785910000034e-01 5.342106526359999968e-02 9.111354499910000940e-22 2.381781625749999909e-01 2.675514274820000038e-01 2.569273513670000046e-04 2.688278458640000110e-04 2.539049852050000097e-20
2.697589463899999762e-01 2.716791202059999910e-01 4.771870416250000293e-17 2.059493004440000052e-01 1.461011902990000034e-07 2.199113910200000133e-01 1.429731478670000077e-20 7.860590154360000660e-40 3.270109583929999703e-02 7.909403792040000121e-27
5.636835475060000267e-01 5.382112322910000482e-04 1.029957658179999938e-09 7.245028793759999974e-02 3.342609542790000196e-04 1.189111907450000065e-07 1.597165186480000045e-15 2.183459420610000050e-20 3.629871243400000225e-01 6.448088671020000381e-06
1.354472745409999979e-12 3.886798416909999851e-49 3.229070875419999820e-01 4.811701434690000001e-01 2.343814360230000059e-48 4.971349780009999687e-11 1.444856847390000041e-30 4.887760165680000042e-27 1.959216366079999938e-01 1.132330633250000076e-06
3.818968886910000212e-22 6.413747455029999588e-20 4.199232265060000024e-01 1.542977486309999986e-09 5.799336894040000301e-01 1.628529838419999997e-41 1.350641213530000020e-24 1.430825470929999955e-04 8.521681686260000174e-33 7.075397778709999701e-38
1.106598840299999957e-11 1.117951432410000008e-02 1.993521815149999948e-37 5.327265092389999540e-47 2.628215631770000060e-01 2.006482864040000091e-01 4.851071813569999835e-01 2.525551649589999749e-04 9.976002888730000124e-34 3.999089956259999773e-02
9.327620781979999451e-13 3.435248868300000019e-26 6.047460960239999794e-01 3.952245862229999962e-01 2.564749271489999726e-29 2.884643594489999992e-24 1.757155080159999969e-31 2.113196874899999864e-24 2.931775157180000111e-05 3.106444755879999881e-21
6.323924277199999834e-17 1.172344736850000057e-35 5.999867686709999814e-01 4.716824845179999996e-22 1.060569846680000059e-67 5.870807330089999887e-02 2.246954164570000176e-18 1.367081967050000062e-06 8.590834215380000647e-15 3.413037909459999963e-01
4.261448399069999726e-01 6.907454832809999631e-15 2.547675942530000046e-08 5.055050577999999939e-39 4.892175130269999761e-36 3.797594156740000115e-01 7.456047263680000463e-17 4.271552184400000118e-03 4.033240001460000274e-09 1.898241627249999952e-01
2.718337353809999821e-47 1.487651409699999991e-04 8.881887169360000612e-31 6.396932111839999640e-04 3.514390935830000173e-01 2.969043644420000136e-26 6.477724480650000061e-01 9.681035535289999511e-15 5.611382085579999622e-34 3.920820154689999988e-25
1.289645734019999995e-13 3.310541406770000084e-01 7.173919301560000234e-06 9.554382176779999110e-22 4.170623246070000265e-28 3.774398945720000344e-30 7.647852797080000146e-11 5.750578468670000110e-01 9.388083846040000402e-02 1.419681863799999895e-38
1.728033129690000058e-01 7.078638828940000405e-01 2.332048464729999871e-14 1.306892943699999911e-40 2.557707535600000038e-18 1.193328041369999953e-01 2.064057171680000040e-31 5.866750560839999627e-15 2.418656379369999943e-32 1.981078302090000146e-18
3.308937357919999921e-05 5.474545994330000234e-16 2.146282181839999914e-01 7.027191826979999982e-41 1.479262271260000075e-66 1.925515565899999964e-13 1.885163724480000049e-22 7.464972884780000095e-01 3.884140396409999779e-02 6.035918535199999877e-33
2.737909135630000046e-01 7.253130379409999939e-01 7.240303230520000457e-04 9.240220973200000011e-24 4.956240786350000037e-09 8.760968746989999452e-27 2.195902193969999882e-30 1.157776014360000015e-04 2.955186315570000008e-12 5.623561216690000237e-05
4.892448891589999731e-77 3.441234309409999790e-11 9.609322370699999690e-97 2.023298962919999888e-01 2.372418785279999942e-01 2.306347423060000137e-02 1.980473577390000073e-01 1.707583299520000049e-62 5.202833973209999625e-65 3.393173931760000150e-01
2.436994687429999868e-19 3.443989943529999955e-03 2.618754336760000027e-11 1.319593149520000023e-17 1.901432139399999999e-01 2.921181327050000054e-03 3.996863057160000149e-02 7.635229841909999537e-01 7.065273473379999800e-41 1.030388707200000064e-20
6.515012896419999861e-10 6.104335568050000443e-05 1.240572824759999943e-01 4.439993185169999598e-12 2.092955651929999882e-29 5.766277823380000500e-01 6.215729677780000226e-03 2.930192157600000069e-01 1.894573685509999997e-05 2.379192732359999888e-24
6.413073565040000422e-16 4.867647079279999733e-01 1.000417997500000016e-19 3.302944313910000001e-11 1.365268514339999996e-08 5.132352783850000488e-01 5.619923145229999737e-13 4.315058486549999950e-20 2.748873577710000159e-24 1.280775018079999934e-12
2.437118809359999916e-01 1.233494247439999965e-21 3.208833199469999903e-10 4.279662971800000104e-01 8.088508423250000351e-21 3.422879695589999861e-03 1.138528315189999977e-38 2.011462906939999902e-44 2.735541868110000089e-04 3.246253876810000216e-01
2.599271297779999767e-38 5.017913743589999760e-14 8.764832093210000663e-50 3.658654286339999742e-36 1.000000000000000000e+00 2.765847765689999983e-66 7.266966542879999759e-40 8.854584568310000357e-36 7.173009925210000018e-53 7.206583363989999818e-62
5.370184187560000026e-25 1.333713845549999895e-19 3.889647609630000110e-03 3.903632159560000065e-05 6.044592914309999676e-01 1.529384052810000037e-43 6.166501934980000419e-11 3.916120245759999730e-01 6.929075942130000369e-18 1.479657370990000116e-44
1.677856018329999930e-17 2.127345671899999950e-07 1.258334200260000063e-27 5.666386155129999821e-32 2.608309294580000159e-01 9.297265414349999303e-22 1.152355147530000068e-02 2.200362412559999925e-01 3.376709150890000168e-22 5.076090650760000100e-01
6.194882461149999699e-17 9.838044996029999193e-09 4.672288227560000431e-44 1.043526445389999931e-18 5.794214814320000251e-33 4.181461454290000268e-01 2.331080909050000163e-02 1.186537643490000099e-28 5.156546618230000156e-01 4.288837381909999663e-02
6.621480047179999777e-06 5.608638373500000052e-01 2.312456034100000106e-09 3.834821572340000023e-04 8.270570819530000052e-12 2.447943492900000038e-07 2.152843291949999966e-33 1.766605606190000072e-29 3.790245543600000290e-15 4.387458118979999933e-01
1.444678917819999995e-09 3.685486886910000227e-14 4.410571348710000117e-01 1.449679856949999956e-01 1.301651149470000075e-19 2.568338919720000169e-01 3.194231109219999865e-04 4.122085285650000038e-07 1.568211506980000114e-01 3.916836354190000096e-25
4.887619331579999837e-01 8.918579333530000057e-32 1.137189344360000056e-20 4.336765357730000289e-45 2.086539110419999829e-12 1.449025841159999927e-19 6.991806258289999686e-06 5.284715886420000147e-02 8.035931912860000415e-02 3.780245970400000211e-01
3.481687910649999802e-08 5.426338214490000120e-49 4.881717214320000008e-14 1.823562877150000073e-42 1.946814134029999951e-79 3.998484890439999995e-01 1.294433276509999861e-57 8.058572310249999385e-37 9.155710275240000141e-26 6.001514761389999952e-01
2.144923869699999944e-13 3.457884333590000026e-01 2.553519529510000092e-26 6.010984469029999611e-01 5.311311964200000207e-02 9.590130116640000228e-11 1.126817049650000022e-57 1.070221839560000037e-74 6.393568975370000032e-36 9.917493714669999229e-32
9.034230778849999810e-02 1.817034709160000039e-01 4.798073063129999868e-18 7.080165165879999586e-45 1.475125055120000072e-21 7.279542212949999813e-01 5.014385412629999731e-27 7.891716110920000289e-17 1.082106490260000065e-25 3.146810010839999931e-21
2.168250296990000103e-09 2.098314329409999966e-08 1.240814679529999940e-21 2.475936024570000145e-52 3.131555368300000253e-01 1.878393868619999962e-01 1.772787154789999980e-15 4.554965961199999858e-01 4.136945656670000108e-62 4.350845703709999707e-02
4.134199312469999943e-01 3.831338947229999875e-16 6.125008441619999776e-08 1.183770517469999977e-39 7.524658879070000108e-37 3.724091061040000206e-01 5.394802155349999860e-15 2.562676301260000122e-02 9.100704660789999767e-10 1.885441374769999956e-01
8.841520812760000609e-30 1.775966662189999989e-01 1.259733834930000056e-17 2.657626264210000147e-12 2.577940861299999886e-01 1.662320504250000083e-56 7.444143935160000072e-03 5.571651037120000094e-01 1.485021511330000009e-13 3.738268672589999902e-26
2.872349819599999882e-11 5.990065712690000412e-35 1.013202889950000052e-21 1.346971545860000043e-76 1.459932157609999932e-22 1.764528824850000106e-21 5.635311744610000334e-24 3.847324972100000240e-01 7.985481009259999651e-38 6.152675027609999514e-01
2.903824397219999952e-17 5.980093834840000122e-02 1.508347246350000004e-01 7.893633179450000315e-01 1.019070971730000054e-06 9.547631337979999638e-44 1.312511789519999954e-50 7.110582650599999651e-30 2.304344703480000102e-26 3.308791268140000072e-71
1.790179720150000003e-07 1.116927553959999943e-20 1.094577770219999946e-34 8.999893985869999346e-08 2.045740006879999962e-01 2.324802405059999966e-01 4.065269571210000099e-01 1.833073799429999865e-27 1.555448392290000037e-01 8.736934390890000075e-04
3.069243508179999948e-49 2.295489341790000169e-05 5.815927567119999708e-21 2.225179926030000088e-01 3.928724912639999789e-01 7.910384445589999786e-18 3.845863322779999871e-01 2.279073669060000010e-07 1.412319270800000142e-45 1.053555709059999962e-09
3.323950297089999988e-36 1.254169353120000009e-117 3.840036823420000030e-27 1.504869857959999933e-61 8.708589790310000547e-110 1.782638447510000001e-26 3.469246168780000250e-01 4.294171878749999949e-01 2.473799825260000103e-05 2.236334572489999950e-01
3.716319861849999822e-09 2.127203510240000117e-23 8.215962864020000256e-02 1.685603666570000079e-03 1.817964864799999913e-01 1.064314799550000044e-31 2.090240933900000008e-05 3.084083974169999909e-01 4.259284468160000059e-01 5.308551231629999704e-07
1.285350793420000082e-01 6.998234839150000441e-01 9.926683734589999888e-04 3.017762002059999934e-27 1.037739189020000059e-07 1.706439997139999887e-01 4.738790153880000248e-25 4.664797274890000241e-06 5.604010999430000232e-33 8.514932607050000579e-11
2.379251550129999936e-34 6.087121701310000100e-22 1.101388412500000030e-24 1.328179719640000013e-02 6.979279933139999790e-16 2.963044566120000001e-01 6.830109470930000315e-01 4.249000609289999898e-19 1.628907989400000127e-26 7.402799098769999829e-03
1.435113465449999978e-11 6.264716813750000057e-02 7.954275530359999764e-31 6.217480963149999534e-08 6.274057298379999956e-22 3.289107414610000224e-01 5.005193098159999556e-07 1.290119637980000001e-30 3.375796818119999876e-01 2.708618458809999852e-01
1.996374060450000010e-20 6.434571417169999696e-01 2.655719187249999789e-47 3.179611599130000021e-01 6.860736527419999530e-05 7.386449897600000150e-19 4.038576501920000091e-10 7.760520846880000543e-54 3.851309060029999704e-02 4.557623495350000295e-48
1.377048656790000047e-01 4.802907440789999728e-13 6.501554323009999735e-23 3.035362565980000020e-48 4.070464253900000218e-01 3.156353531759999966e-47 1.506303569080000024e-12 4.508543894550000042e-01 4.394319473519999950e-03 1.478990053229999893e-20
3.988359289870000269e-24 9.350269749280000629e-09 7.079434065589999681e-06 2.527499754029999823e-01 1.733923554160000102e-01 5.042435419679999579e-03 1.414003606829999926e-01 2.252283490670000110e-01 8.023202668360000064e-35 2.021794352259999872e-01
