1.003119128910000040e-38 1.420865665919999888e-60 7.121509729450000272e-36 7.255307710629999811e-27 5.648842094860000440e-01 1.448917544420000000e-10 2.398543729769999872e-14 3.710523141849999788e-19 4.351157903699999774e-01 1.458427315410000085e-23
5.973271341750000518e-01 5.006740724580000247e-16 4.340333389229999832e-03 1.782459842930000081e-27 1.966252502960000043e-39 3.982408449090000246e-01 2.020320928469999920e-29 9.168752709919999913e-05 1.057899630839999976e-37 7.022951507770000296e-32
8.137740014500000063e-02 1.350494263470000092e-04 4.108666840399999999e-17 4.932038089529999780e-02 2.135833347230000041e-12 5.312185332119999659e-01 3.379486363199999954e-01 6.304105458669999670e-16 3.835649984819999886e-28 1.745212859149999934e-31
1.984622061360000062e-16 3.029775578070000082e-32 2.111565283070000114e-81 1.834433961190000129e-01 9.991083616629998968e-10 3.808616051259999802e-01 4.356949977549999797e-01 1.646906530870000007e-90 7.465718152019999529e-15 7.545522377580000115e-16
1.870948807349999925e-08 4.316065388659999780e-01 1.363073507339999935e-01 2.321458701440000033e-19 1.966077796099999966e-16 4.320860916329999912e-01 7.910311060770000637e-27 5.717556638349999854e-11 3.091116703080000089e-61 1.117879955759999994e-62
1.898722910900000066e-25 2.472282511139999872e-38 8.598024529479999802e-72 7.883271344729999575e-01 1.255313409710000095e-16 4.134419219680000107e-27 2.116728655269999870e-01 2.822490256360000036e-22 3.158349016380000106e-34 1.985374914060000137e-37
4.742425266329999962e-56 3.239641099349999774e-33 2.111766929779999978e-83 4.460855051930000213e-21 3.576378123269999820e-01 1.315871557540000125e-01 3.598965084539999804e-02 2.428034149920000120e-02 1.422715315320000053e-18 4.505050395749999881e-01
2.914841055809999743e-11 3.334492535049999873e-01 5.448730410429999676e-06 9.916291407430000179e-17 2.849490102560000192e-14 6.665450999769999552e-01 8.220813453020000104e-11 1.976763889789999995e-07 5.707974583319999920e-56 4.934283683149999567e-69
9.676657676059999197e-12 1.711467464719999940e-04 3.332619162900000154e-01 1.845103531980000046e-03 9.583664272300000675e-02 1.259648369979999979e-23 5.688851906990000096e-01 9.204461120549999476e-28 6.205348419809999747e-31 2.812599380600000082e-78
1.858132806670000081e-01 3.778537037120000116e-36 5.497550093239999862e-19 4.467799903519999866e-02 9.288195456180000495e-17 3.057165421660000271e-01 2.757577833969999848e-28 3.346640456230000060e-01 1.280879221879999974e-01 1.040210321320000084e-03
4.000334564999999953e-01 5.999204206149999496e-01 1.469243013139999929e-12 2.284628028909999895e-14 9.522272037219999618e-61 1.092197450679999952e-27 5.283331870959999944e-11 7.328459525259999487e-17 1.176781342059999901e-34 4.612283095000000062e-05
7.818967152479999992e-08 2.948323615980000256e-01 3.683550708470000089e-23 3.992972145590000244e-01 5.022783435929999846e-03 2.012802555319999909e-01 9.956730668490000602e-02 2.167093589980000084e-45 5.431826848720000166e-23 1.842599604910000120e-32
1.373416928620000040e-02 1.758351564900000063e-07 4.891722079440000148e-01 1.011155124979999984e-33 2.998743181139999914e-51 4.970934469289999824e-01 7.322356725859999997e-56 5.584319200369999868e-12 7.933070043850000658e-65 8.285573639280000144e-44
7.256406690750000256e-07 9.300778778850000295e-40 3.430242560299999743e-01 6.288930078950000464e-36 4.444814533939999619e-18 3.083170615940000192e-01 1.599519341320000005e-07 6.850580648240000299e-09 3.486577899330000063e-01 1.810614313520000023e-17
1.658834931640000101e-34 4.871716297609999802e-01 1.180791715270000067e-17 4.871713662850000182e-01 2.565700395339999898e-02 2.457398920540000110e-29 3.231305204549999701e-67 7.224216897430000393e-25 5.276231804909999860e-46 1.653679513200000058e-47
2.620167711280000079e-06 1.205409997769999976e-34 4.737491326450000168e-08 3.643559377350000239e-01 1.416160688850000007e-11 2.307842180860000092e-36 2.421006036420000063e-01 1.961503931920000054e-02 3.739257517469999903e-01 1.379629478779999983e-22
3.242677135070000225e-56 2.284760666150000040e-14 2.611211054699999773e-85 1.137391181449999938e-14 7.420285476279999681e-01 2.579714523719999764e-01 4.719549772160000031e-44 5.668080811440000053e-43 1.005824879279999925e-59 8.260087258549999874e-38
6.755798493550000639e-30 2.160852286159999829e-46 4.416362789530000055e-01 2.795906361139999878e-36 1.204258764879999994e-10 2.798657232129999789e-16 1.542730970240000036e-61 5.583637209270000401e-01 5.119095740189999970e-19 1.710326321879999989e-49
3.199799817749999793e-03 4.991078937830000228e-01 4.976923063989999729e-01 4.646835668989999671e-15 2.279858604249999866e-43 5.635281662769999561e-23 1.808077832760000009e-89 4.176090940140000224e-60 4.292710977179999808e-60 7.750313997950000351e-54
2.304438069629999931e-12 3.024917491770000022e-01 2.863489270710000152e-05 2.673783839180000157e-53 8.042189241850000069e-51 6.360424022549999723e-01 9.531797086009999444e-37 6.070327868009999656e-02 1.022428575779999980e-45 7.339349932699999919e-04
1.044152665760000049e-12 5.972825130919999702e-19 4.148897743679999689e-31 4.344171453510000114e-01 5.032681262110000331e-02 3.225426829599999934e-01 8.362575577560000612e-11 1.927133589839999939e-01 1.035951061629999993e-13 2.754127402309999815e-15
2.284933367129999842e-24 6.889090175459999799e-02 8.709367420349999576e-05 6.890430646269999713e-07 3.237520840750000017e-01 7.432853855559999880e-44 5.003872565669999640e-06 2.697402960899999980e-02 1.908300052190000165e-02 5.612071974500000282e-01
3.959518249469999925e-52 2.462799531719999935e-01 1.854797177579999842e-18 2.524988112160000116e-17 2.467389053150000067e-02 6.109811410570000177e-46 5.275996758790000261e-03 7.237701595379999464e-01 1.100241947179999972e-55 1.894432226940000093e-52
3.813400777020000090e-06 4.866754051380000175e-19 4.036879429069999969e-01 1.282356750149999973e-36 1.455499502280000092e-31 7.382619321379999463e-12 2.684780508999999871e-01 2.405723323779999923e-01 1.432418989770000047e-02 7.293367050860000145e-02
2.672560763450000056e-08 2.358756999970000023e-21 2.588295260990000068e-01 1.397271608429999952e-13 7.582636647280000078e-44 1.917285673389999972e-63 3.401044524719999873e-20 3.516901112879999847e-01 3.302437352909999915e-05 3.894473115140000274e-01
4.494603576630000188e-14 3.082975325120000033e-38 3.716056416799999833e-14 4.149333410269999807e-05 3.167022579370000201e-01 7.699316459149999554e-17 1.614657366710000042e-01 3.054471656380000066e-01 2.163433464199999989e-01 2.257167017800000086e-29
3.513877069600000111e-09 2.956890608230000050e-01 1.732156411219999876e-21 4.501434886049999751e-01 1.377286734010000051e-03 2.527901560049999885e-01 6.409366611439999984e-16 1.363686823560000052e-80 8.682543956179999780e-12 4.311285493449999809e-09
1.535480718839999920e-07 3.414522308310000143e-01 7.639499949029999591e-47 1.249652220270000003e-01 1.671789909709999951e-40 4.952786008540000342e-30 1.422977925899999996e-01 5.017709774060000181e-94 2.938467830170000093e-30 3.912846010039999767e-01
2.858482284180000055e-01 4.421064783619999762e-13 3.327380377349999918e-01 2.394006384729999992e-01 2.324213394009999792e-25 1.510151242760000028e-18 3.616620722560000013e-86 1.931176770509999856e-06 4.621789472470000019e-11 1.420111641500000077e-01
5.478388350670000406e-01 3.353737309189999918e-23 1.247012431990000034e-10 3.171777952360000188e-04 1.330642372859999898e-19 2.021447610890000045e-04 1.985072820140000145e-48 4.516418324179999888e-01 3.288282269559999850e-13 9.833495880240000518e-09
3.103559373470000105e-01 1.724423082210000124e-01 4.903680670590000250e-11 1.863176043220000078e-01 1.757429115840000063e-11 3.308841500429999805e-01 2.721031310189999810e-13 2.820301230509999894e-36 5.320871566169999997e-17 2.747335796399999855e-21
8.561887458679999618e-46 1.479852300480000031e-24 6.164938782210000343e-25 7.102987690420000101e-30 4.514212430139999954e-01 4.947833363429999875e-21 2.497985347430000118e-05 1.841017698179999926e-02 7.872882960249999451e-02 4.514147705479999995e-01
3.995254041210000162e-01 2.800390599979999957e-29 5.031257172360000261e-12 1.951882950349999897e-25 1.982365463679999899e-38 6.004745876639999702e-01 5.208111275250000477e-35 1.592106484779999963e-26 3.355362284019999911e-16 8.209507693459999684e-09
3.303576154179999907e-38 1.614173968139999955e-117 1.472290515760000000e-45 2.454510836369999964e-42 2.847465142079999828e-38 7.464499007229999805e-44 1.035500693009999923e-56 3.709045506089999800e-49 1.000000000000000000e+00 3.349828186389999810e-16
2.141766783689999955e-44 2.990277526329999944e-73 1.673766443509999987e-36 1.801440531219999971e-37 5.648807733159999511e-01 3.416480432860000158e-06 1.523556233560000076e-13 5.630196444829999743e-10 4.351158096409999954e-01 7.323991148209999649e-24
1.731022945110000080e-06 5.584575375780000233e-11 2.499953408270000066e-01 1.524540555049999897e-38 3.452920785239999930e-42 7.499965830960000357e-01 3.380559159520000045e-44 6.344997518380000072e-06 1.077983159440000024e-58 2.726462243149999945e-57
1.628537714299999986e-16 5.907658972100000155e-02 1.724078670660000059e-18 1.226820107289999968e-02 3.056078113139999997e-01 3.264204246740000093e-01 5.282655433450000235e-33 2.966269732180000229e-01 2.020498451779999896e-38 2.165896819740000005e-33
7.010295114449999437e-05 9.618748889229999635e-07 8.699488279860000201e-10 6.203156013999999718e-01 1.055574808679999969e-02 3.670459944860000046e-01 6.709055406610000525e-32 3.537614832700000303e-05 1.720948691220000051e-04 1.804119314099999994e-03
1.692748567670000032e-04 7.499307866479999474e-01 2.498992487820000108e-01 9.701004696130000743e-37 5.439013591159999779e-61 6.946011950329999949e-12 1.303642198019999944e-39 6.897058256610000498e-07 7.638971116780000459e-47 6.268551163329999859e-13
5.560138644060000473e-29 5.013230537530000136e-50 5.288465746930000050e-17 1.589224668280000108e-81 1.169207249380000042e-24 3.850286288049999950e-01 2.363648011470000088e-01 2.297171339069999929e-01 1.488449892339999969e-01 4.444690765589999872e-05
7.363540994170000056e-28 1.715390885599999991e-12 5.000032553740000330e-01 9.958646593429999234e-74 2.933552989869999955e-23 8.206130609980000233e-07 2.709351333260000030e-19 4.999959240110000147e-01 2.860935531870000132e-27 3.133737397250000156e-24
3.333332155429999943e-01 7.131502936589999514e-39 6.666667838550000003e-01 1.320969892000000087e-25 2.410790071840000125e-60 3.552352596819999834e-53 3.549177591489999855e-31 3.198643396699999858e-34 6.026592738459999570e-10 2.299708297180000155e-25
5.570351855019999731e-05 1.647645212749999907e-43 1.811766622019999989e-17 7.449290722910000624e-14 1.925179559530000084e-53 9.846339714070000276e-60 1.000875306900000054e-06 7.463498917140000133e-01 1.374543044620000066e-04 2.534559495879999957e-01
1.955895144689999927e-15 9.015062464119999383e-15 1.670970671249999984e-01 1.058403964429999959e-35 1.870529353649999957e-10 2.820739497420000075e-01 5.311867922599999847e-01 1.825667645259999861e-02 4.589730295579999802e-04 9.265412042899999739e-04
4.697317826900000079e-11 3.175127773470000226e-23 2.789531842779999771e-01 6.743902591429999970e-18 1.456357485800000018e-01 1.934521670809999927e-01 2.646754297250000221e-01 7.190952742449999533e-18 1.172834702879999996e-01 9.068661378300000173e-21
4.572652905769999943e-01 4.821292024639999900e-16 1.096217395239999983e-27 2.794795517209999747e-01 5.563722749860000279e-21 6.290094804069999784e-08 1.654415203510000160e-11 6.990203916069999509e-94 1.244278531899999931e-04 2.631306669310000124e-01
4.917376982680000119e-01 4.528036566400000105e-42 5.869908137790000093e-27 2.527144285049999842e-02 6.691563646330000142e-35 3.903096164420000229e-22 2.477728279929999914e-42 5.524589598380000401e-26 4.541454321139999917e-01 2.884542676740000158e-02
5.276118184919999944e-12 1.291350108910000001e-07 4.211402982310000209e-01 6.003211753130000392e-26 6.745648008329999739e-17 9.361281068269999655e-14 5.660004527530000384e-01 1.285909524750000060e-02 1.057349674119999949e-08 1.405492547019999972e-08
7.287966187709999693e-23 3.334613464619999856e-01 3.136980847859999860e-13 4.678454062179999938e-16 1.054483052389999972e-06 6.665375990549999852e-01 6.678244393309999779e-53 5.397983890070000380e-62 7.506350624159999725e-28 4.254043610180000318e-27
3.817877108830000150e-07 8.346393725230000519e-34 4.677436767260000295e-46 3.071987777340000130e-05 1.532352792949999969e-18 7.211021216380000265e-01 2.788660802699999830e-01 1.385140008249999918e-52 6.953754985060000106e-07 1.051042027260000066e-09
2.827512228849999885e-12 2.873303506470000011e-27 2.866965780399999868e-08 2.844667209319999904e-02 3.112738445430000001e-01 4.561125430530000275e-17 1.398281783210000018e-01 3.126631689650000157e-01 2.077881074050000054e-01 1.527910013069999993e-27
4.467870320330000015e-29 2.020716593820000050e-48 1.353562110410000073e-35 1.741360451359999946e-56 1.783843972249999994e-17 1.973986531610000001e-04 6.404260376560000356e-01 1.263571391700000044e-17 3.593249635369999972e-01 5.160015379799999801e-05
1.344409803939999936e-28 2.628293455879999832e-10 4.122737404260000127e-01 7.028654243000000249e-40 4.108686278529999902e-01 1.768576314579999864e-01 2.237658109529999831e-16 2.975636211439999882e-20 2.111829125759999939e-32 7.119550532900000128e-56
6.403262999020000240e-07 1.403342074670000019e-33 5.966345374770000154e-01 3.070907713200000179e-06 7.057690374049999685e-32 1.696134409369999985e-53 2.018476177489999996e-46 2.376214519870000139e-12 4.033617512759999912e-01 1.023640665050000007e-11
6.853022819120000442e-01 5.014214758970000083e-46 1.045214637369999943e-22 3.174489517439999929e-25 3.072985339019999847e-58 3.830088046349999990e-14 2.916900153150000025e-61 1.208169957449999917e-93 9.908407529299999978e-05 3.145986340129999781e-01
2.691654808660000064e-01 1.658145981790000099e-39 5.457553441100000246e-04 1.677713756159999838e-05 2.770285502720000248e-38 3.372645978639999967e-53 8.782100305380000698e-18 1.565400737169999938e-07 7.302718301120000310e-01 2.093458756229999902e-18
1.000473262800000013e-11 1.458400416179999881e-01 1.839627574139999886e-07 6.318757035639999672e-21 5.251732587930000040e-27 5.115588567550000175e-04 6.180352391000000219e-68 6.007014162489999753e-01 9.110266733279999733e-26 2.529467993039999918e-01
9.496666503899999281e-50 6.177655311749999933e-01 7.649264349700000258e-10 2.308452350919999945e-09 1.656399857220000049e-01 4.253703378779999946e-89 2.207682123429999994e-13 2.165944800290000027e-01 1.774286762780000157e-30 2.813790559860000087e-35
9.227243064339999898e-03 4.199191427950000064e-07 4.926150977459999858e-01 8.392221017940000290e-28 3.571492427300000150e-46 4.981572391299999847e-01 1.796836711889999871e-117 8.932382745790000331e-54 4.239406316319999851e-31 1.400514297819999959e-10
3.854038118650000011e-01 1.837208614570000143e-23 1.082247238899999919e-36 1.688433175139999977e-03 1.170255640559999921e-18 1.705426952440000088e-01 4.423650597159999864e-01 2.763865390619999953e-33 2.058099939389999972e-17 2.456980242580000136e-22
4.920945624519999804e-24 2.563615360429999934e-01 5.789083580159999861e-15 2.050636915030000144e-18 3.342845787709999850e-01 4.197016234079999854e-18 4.093499314699999836e-01 1.239614093549999957e-33 3.913339055620000358e-06 4.037742462409999767e-08
8.265723965780000191e-27 1.743391283630000010e-01 5.565434052959999614e-34 1.771203380810000005e-01 6.387858029620000488e-01 9.754730593190000243e-03 1.219842608500000024e-39 6.419776694720000268e-27 8.399971939649999943e-44 4.265244098609999573e-25
1.451869216210000079e-08 4.174012348699999956e-43 3.430247368709999911e-01 1.396748791169999939e-36 2.878779581229999758e-20 3.083167710870000078e-01 7.053252533460000044e-07 5.800475721319999768e-13 3.486577721970000043e-01 2.997499278129999895e-18
3.025062711109999802e-01 1.832522837080000078e-01 6.614338614550000372e-10 1.724177560800000120e-01 4.825020640760000011e-10 3.153939728519999930e-01 3.136876793779999969e-28 6.482747535400000093e-66 1.318629076989999976e-05 2.641652881360000149e-02
6.666665498220000208e-01 2.453626065239999818e-10 3.333334499330000145e-01 7.938250086820000430e-25 9.376603752689999801e-65 3.917097097269999992e-22 5.615143673560000190e-77 5.738564459739999773e-37 8.352750172910000444e-41 4.004874852000000001e-27
5.768847932639999838e-07 2.261054915200000101e-32 6.202808602900000082e-04 9.457626084430000740e-62 1.293417997779999959e-43 7.621772071700000347e-07 3.997135031649999837e-01 5.996648769119999889e-01 1.955264018119999993e-14 1.801681378520000016e-19
8.430056196869999612e-09 1.171636693269999962e-04 1.230599364640000025e-03 4.737296193039999825e-01 3.759589606399999905e-03 2.578085268060000268e-01 4.157148677709999862e-53 1.815559118210000031e-22 4.818505408500000156e-05 2.633063077650000250e-01
9.988019346309999240e-15 2.786552409749999974e-36 2.646517138539999925e-01 2.995561373020000067e-49 2.521799123589999976e-17 2.235663640499999938e-01 2.694949777239999892e-28 1.724190864210000084e-28 5.117819220949999526e-01 4.361665115070000297e-19
9.224417390790000757e-77 1.189536912490000021e-28 1.797395488879999855e-58 6.509112933829999837e-24 2.484273095629999928e-01 6.044743683510000211e-51 5.424046278709999669e-01 2.091680625669999904e-01 1.685288189320000066e-37 2.865270719690000162e-44
3.807586836800000202e-55 7.860164002770000199e-66 2.775280205230000152e-43 1.398048973509999999e-31 1.208596874010000044e-01 7.406855510330000447e-01 3.112981843280000108e-112 1.384547485169999870e-01 2.954328715840000088e-09 1.009369468489999945e-08
1.615760734389999988e-103 2.660231788469999950e-48 1.240931221729999992e-93 4.313747192009999969e-42 6.037794629860000484e-01 6.989855117410000235e-33 3.962205370110000180e-01 3.212302079680000034e-12 8.925835043479999387e-25 4.948939025280000326e-25
6.703597354929999828e-07 3.728349396930000226e-01 1.091487941670000045e-01 8.087182627390000571e-46 4.456026945049999546e-50 3.236848185319999849e-01 1.065577244910000055e-39 1.943206011549999945e-01 3.578883716019999944e-37 1.017609414000000020e-05
6.667940293959999654e-01 4.306693767900000065e-10 1.387397634009999962e-23 3.332059701730000212e-01 7.187195210109999694e-68 5.338723978649999848e-58 2.517227275099999974e-30 6.510594891620000160e-94 2.578683185980000118e-41 6.961095012289999472e-33
4.000529472739999814e-01 5.999219641770000555e-01 1.193699652219999942e-12 1.201862885440000070e-14 1.593439839259999839e-58 1.034679588679999942e-26 1.031724858070000009e-10 5.993810788210000375e-16 9.651263890399999165e-35 2.508844436920000027e-05
6.686769664840000247e-12 2.906995077020000190e-14 2.217719971209999863e-01 2.222104125300000121e-01 2.481534839360000078e-01 3.086288087620000084e-27 1.215725071840000071e-14 9.079156509729999842e-09 3.078640973269999859e-01 2.142684994360000052e-24
9.155605377139999779e-02 1.266375617440000101e-01 3.417891091240000262e-02 3.191640144389999873e-09 1.090791570940000049e-52 2.083001025459999864e-29 1.027175267990000071e-48 2.065432419949999876e-01 9.527457634529999956e-29 5.410842283860000101e-01
6.896401528879999885e-33 1.114722068429999970e-02 1.120486655730000003e-01 1.542295435140000079e-35 5.595304828860000468e-01 3.065404485919999836e-07 3.172733243149999938e-01 1.157250581220000035e-12 1.091667808729999931e-61 4.259177135659999536e-168
3.116047487130000124e-36 3.368195302709999783e-01 2.452466017949999987e-08 1.123316672869999985e-30 6.370498362339999659e-15 3.801040825400000407e-37 6.631804419850000354e-01 3.220204080319999869e-09 8.583094999979999581e-61 1.013110910619999929e-67
4.000244673259999995e-01 5.999268760639999698e-01 5.469028135489999877e-17 1.142766230400000072e-09 1.734160206180000055e-63 2.228726084509999811e-37 5.137214346699999868e-12 3.826469444089999901e-26 1.993047375240000198e-34 4.865546225360000218e-05
1.489281441209999912e-20 4.153542720519999842e-01 2.549310883039999956e-48 4.383512835179999782e-10 3.322466171500000228e-10 2.351503691690000064e-01 3.490183208970000228e-01 2.185899429900000073e-37 1.483743442500000102e-29 4.770371122370000013e-04
6.667996508719999937e-01 4.922952028879999997e-18 2.865425843930000170e-28 3.332003491280000063e-01 4.051447452849999920e-66 1.620176587779999926e-52 1.389773444599999990e-19 2.744591886749999900e-77 1.885719196090000094e-36 2.490435244379999818e-28
4.344875395019999985e-42 1.011492364199999956e-43 2.560670352309999953e-01 1.392454295010000004e-55 2.826398453799999766e-01 3.702846779840000130e-02 6.984717402429999792e-92 2.495484037120000093e-06 4.242621561070000213e-01 2.185250365720000158e-18
6.107326859790000099e-05 5.109517948589999969e-01 1.009189298060000005e-12 5.119173275990000165e-19 4.714326274520000088e-31 1.083548764720000019e-05 2.386825614009999963e-13 1.314961013600000034e-33 1.010037003099999917e-21 4.889762963839999754e-01
5.968137646409999997e-01 1.416368905640000070e-15 5.250643545849999899e-03 5.161234026560000239e-26 1.343175007329999881e-38 3.978922200080000082e-01 1.081359743449999948e-25 4.337180573359999990e-05 3.177752774530000320e-36 2.095270436409999906e-30
1.064449195129999953e-30 4.206560913260000145e-01 3.894014743390000041e-27 3.277725527379999713e-14 2.571331763560000261e-01 3.222107323180000149e-01 4.739825676589999753e-17 4.367438360059999884e-44 2.388907387830000139e-54 5.680476225680000519e-57
3.995254047580000245e-01 4.863467130300000179e-29 4.319545463549999879e-12 6.763276921209999574e-26 4.825240746629999979e-38 6.004745877460000436e-01 1.345367459230000066e-34 1.284364626669999945e-26 5.012056529810000120e-14 7.491483626829999568e-09
3.825413025140000129e-25 1.510876699960000069e-09 6.542124422409999474e-01 5.950168435649999705e-28 3.457750890529999732e-01 1.246719482760000067e-05 3.318674709950000206e-23 8.125892938730000130e-36 1.745057228639999881e-14 6.503822625050000188e-30
2.540680595850000109e-13 1.427958186749999964e-35 6.996094405140000206e-12 5.384404989030000059e-06 3.167120848400000188e-01 3.574229183729999901e-13 1.615107233099999928e-01 3.054149545900000096e-01 2.163568528479999920e-01 2.449123302709999971e-29
6.768932462009999429e-02 1.303308286820000015e-07 1.173443108939999941e-17 3.315324194770000177e-01 3.849595466239999680e-12 5.986344646250000290e-01 1.818661633880000012e-14 1.064024096690000077e-58 1.176962567919999966e-04 2.025964686829999882e-03
7.113125890899999799e-16 2.108083167860000166e-55 4.221189376429999879e-59 5.129039095059999794e-53 2.816985904940000124e-57 4.007828591590000267e-01 1.307275499799999963e-01 4.554479359150000083e-24 9.877764144520000021e-17 4.684895908610000048e-01
1.700587662919999853e-21 3.334539360809999908e-01 7.950608283200000245e-14 2.435359625580000085e-16 1.695790681660000091e-05 6.665291060119999944e-01 4.758115807220000366e-53 2.994576667110000135e-62 1.024299213989999938e-26 2.327331455620000025e-26
1.518078819500000101e-37 4.274715580150000160e-25 2.489286801740000205e-44 4.001478949830000187e-01 3.468779272209999840e-11 7.449654485549999631e-93 5.992048759529999824e-01 5.042628233450000019e-20 6.467022027200000503e-04 5.268271835489999697e-07
3.236707955319999973e-50 8.267473227410000458e-01 1.684056767919999929e-43 3.055321428750000075e-34 8.157073910550000084e-02 9.111993078600000295e-02 5.620073670840000256e-04 2.133701703759999975e-16 6.881951154699999551e-53 3.967423190330000219e-38
5.819376719979999502e-01 6.537237466529999832e-14 5.372633443980000061e-27 1.170221011950000056e-01 2.802753702529999822e-12 3.426031160020000244e-02 2.667770986419999990e-01 1.912498588300000061e-43 2.816383049749999890e-06 1.793604340900000101e-10
5.786066956159999775e-01 2.320678903650000121e-13 4.497035664850000086e-27 1.209375562270000037e-01 4.591569789380000053e-13 3.683107819700000285e-02 2.636225759140000124e-01 1.324436412589999922e-44 2.093982880959999963e-06 6.276709373719999821e-11
7.245769992390000249e-04 9.515723599339999395e-02 5.476362704840000369e-09 2.694782687889999973e-01 9.673245225160000323e-57 2.389045894319999971e-126 6.346399127420000452e-01 1.730441476350000031e-51 2.174638062160000054e-27 2.994094477980000127e-21
5.023730342589999793e-23 3.394260061589999909e-34 3.740181674140000134e-01 5.372720644920000224e-27 6.082318864710000442e-13 7.002010022339999837e-21 8.613188499609999655e-70 5.993537843129999548e-13 6.259818321279999598e-01 4.573569823419999833e-10
9.710839812999999807e-28 1.276276403940000057e-73 1.990226658099999976e-49 5.568047910220000154e-22 2.498406086810000148e-15 5.692419772169999836e-01 7.812136499509999810e-47 1.502118680480000096e-18 4.103195809419999951e-01 2.043844184090000057e-02
5.765738137289999767e-11 1.395064821330000059e-30 6.065617729429999755e-12 3.214253021209999978e-02 3.106753174499999881e-01 3.283082662259999972e-22 1.365558221829999974e-01 3.138255507739999839e-01 2.068007793169999997e-01 7.217391240330000617e-27
3.074910829019999912e-67 3.331575547869999876e-01 3.331695199569999877e-55 1.042350630840000062e-54 1.360029312370000008e-06 6.664975736479999968e-01 3.435114885790000231e-04 4.746052392149999976e-11 6.942473154399999393e-67 1.191655787669999953e-26
4.469113171859999934e-21 1.293347611859999974e-36 1.258664179669999975e-29 2.120335558220000083e-01 7.853093970350000230e-02 3.747104288990000134e-29 7.580921204250000434e-02 1.472736995580000070e-20 6.336262924319999712e-01 2.829554533500000138e-17
5.329803131159999844e-36 2.030749822850000102e-10 6.687177924620000269e-01 1.363343251200000107e-85 7.402120906579999943e-18 2.010998243080000091e-03 3.961080285600000116e-27 1.069916578439999988e-02 2.686230421010000105e-14 3.185720433070000079e-01
1.735318460950000098e-50 7.384818137949999640e-41 1.483198358820000069e-07 4.034210342529999964e-81 4.899616103810000012e-01 5.100382412989999947e-01 9.132453572480000078e-15 1.403137665849999874e-13 2.850494354560000059e-22 9.984293014800000148e-73
2.725343277799999880e-02 6.440345844320000136e-20 2.155976000850000074e-01 5.649008094539999987e-06 1.269611275219999910e-13 1.291461758709999963e-01 2.574410487039999890e-98 1.272010308360000004e-22 2.755521168629999906e-02 6.004419305710000376e-01
5.332062745020000073e-17 1.122439024260000006e-45 2.338650770849999916e-24 3.313046647460000244e-02 4.201889331880000146e-04 1.349663874619999912e-28 4.304397127449999805e-01 1.840076948059999887e-07 5.360094478400000417e-01 3.542170682370000068e-28
6.300207470569999925e-78 2.520907090019999947e-109 2.039462251680000130e-94 1.364204219479999929e-51 4.664825824409999533e-13 3.261397287579999869e-26 4.501041791550000060e-01 3.390997906929999937e-04 5.418693954679999480e-01 7.687325585860000331e-03
1.216504658449999908e-12 5.360835230680000139e-14 2.217720024550000057e-01 2.222104116639999905e-01 2.481534864459999934e-01 6.109570601360000367e-28 4.823659509589999860e-15 4.225441075229999815e-10 3.078640990109999809e-01 5.247973216130000137e-23
4.380594974840000086e-32 2.989447591120000247e-01 4.061081396799999787e-50 3.609779836420000110e-01 4.937708953809999669e-09 2.623692435470000229e-22 1.869894599140000113e-01 1.530877923939999996e-01 1.182950230020000023e-48 5.713773489690000016e-17
1.307504173750000001e-06 3.728393998169999835e-01 1.091353565979999996e-01 1.490509851590000033e-45 8.586447238199999568e-49 3.236805388210000078e-01 5.263928236319999789e-40 1.943346650789999908e-01 4.354832372480000092e-36 8.732180961929999702e-06
5.386885397559999511e-01 5.976149473439999922e-03 3.261158129399999766e-10 2.274879092750000026e-33 9.050394734590000138e-61 1.528262155780000034e-02 4.312463789889999913e-11 4.400526604580000112e-01 5.032954452689999825e-48 2.838555814050000021e-08
1.640775130780000094e-05 1.630525671360000090e-08 2.750074387340000204e-01 8.927209270720000422e-02 7.230416249930000029e-10 3.236328352100000250e-01 1.392112980669999917e-87 2.648923593049999914e-01 4.921319573350000073e-09 4.717884434349999684e-02
1.251941944519999963e-25 3.436998506639999951e-01 4.770746796860000147e-26 5.492313493269999848e-06 9.307214495220000290e-09 1.390499419050000075e-16 3.663249879769999731e-27 5.035464057610000191e-12 8.189640805030000093e-21 6.562946477109999899e-01
1.528411196280000106e-01 2.954131441660000041e-37 1.481572690339999957e-33 6.372335858740000303e-01 3.575296276529999736e-17 1.436960537239999949e-05 1.552842836939999967e-03 2.083580394669999891e-01 3.466002124890000033e-08 7.928384879279999350e-09
3.334641694130000000e-01 3.040718491860000282e-39 2.421596772770000002e-28 6.665335578679999484e-01 9.432665489179999564e-58 3.917787345069999998e-53 4.007173276829999980e-44 2.671666255190000149e-40 1.323170216570000059e-11 2.272705914399999796e-06
3.940178832699999792e-04 9.005087314949999545e-38 3.747545199529999813e-34 6.163811470159999972e-01 1.248988563220000075e-24 8.826394659619999769e-16 7.046015880769999502e-20 8.542364502289999561e-27 3.810229152240000028e-01 2.201919876449999914e-03
2.736754201630000050e-01 1.727502570329999999e-11 4.146238075870000137e-43 4.021185695810000007e-13 1.855332786070000027e-43 3.173218393720000224e-02 6.570224415940000284e-01 8.006878906170000487e-17 8.111887659429999452e-29 3.756995428800000147e-02
1.822824994609999941e-32 9.773490254219999606e-21 8.652647607190000478e-02 8.940935858409999962e-125 6.765298629130000038e-33 1.955999429520000055e-01 1.355083347939999917e-13 7.178735809759999587e-01 4.350956306140000007e-51 2.821742425309999787e-59
2.786530223619999858e-02 1.582840973050000046e-19 2.132206903820000055e-01 1.488238700330000084e-05 9.515594455129999269e-19 1.284783778090000106e-01 5.889294226509999706e-100 1.698384406969999953e-29 3.534154090100000145e-02 5.950792062840000174e-01
1.675145094870000039e-18 3.230325233580000139e-18 4.985940367899999726e-01 4.984714315300000087e-01 1.363387530890000028e-05 7.475295268620000347e-53 1.260186605619999961e-23 3.911092451369999991e-14 2.920897804570000023e-03 3.618536079529999816e-25
3.774778598540000126e-30 4.235866915140000244e-01 5.014731311999999809e-27 1.946185762979999921e-15 2.504300453080000044e-01 3.259758842559999925e-01 7.378922435160000236e-06 8.026733197500000522e-23 6.706881026830000186e-76 2.028331123219999900e-100
2.180246848489999866e-29 3.855984557409999988e-39 5.642866148639999901e-82 9.462738683520000304e-11 1.023907865470000005e-22 1.537467499219999933e-17 3.027201695749999755e-01 1.028891538279999965e-12 3.267195578159999926e-19 6.972798303289999833e-01
3.280258720410000189e-02 1.906784404450000093e-03 3.161184345609999724e-01 6.491721934549999906e-01 6.295682433030000190e-21 5.074125331539999861e-18 3.539607302319999761e-66 1.089363259170000047e-19 2.452550229289999886e-16 3.759183131289999874e-10
4.638297494040000309e-03 3.727776816709999835e-06 6.636501032320000215e-01 3.276181715129999894e-01 1.451029246770000027e-21 8.388901333699999526e-55 4.089699984090000053e-03 3.294859890870000121e-40 8.048213580580000539e-17 2.372187138750000190e-37
1.733256288670000022e-07 5.052265282409999740e-34 5.966355594019999709e-01 4.586071036479999712e-36 2.333426966839999925e-31 5.271621935239999603e-13 3.335926938230000116e-37 8.053079518529999715e-41 4.033642672630000092e-01 8.389251184960000466e-12
6.119636122860000112e-77 6.616937933800000346e-29 1.593187357599999910e-58 4.173790109149999710e-24 2.484271404889999979e-01 8.590118178720000446e-52 5.424046198659999707e-01 2.091682396450000037e-01 8.334861972990000272e-38 4.688742585119999602e-44
1.978777446249999968e-30 3.436925556100000057e-01 1.450559968120000042e-32 2.215542833260000040e-05 4.072653204990000103e-07 1.058003556580000006e-22 1.318727362539999916e-30 6.270877052699999861e-18 3.604237722649999823e-22 6.562848816970000554e-01
2.996663823040000008e-01 4.294104647939999891e-13 1.631108043629999913e-25 2.260235628110000177e-31 2.577334859310000089e-53 2.830443912969999865e-01 1.609635054099999973e-03 4.040247260440000265e-01 2.926790360189999821e-31 1.165486530129999920e-02
1.123133944200000050e-09 5.109792631709999533e-01 5.193504384990000133e-21 9.917661160369999169e-19 3.043164879570000022e-29 3.214878033600000123e-10 5.781383399509999701e-16 6.628861550340000494e-38 8.625634106979999602e-23 4.890207353839999826e-01
1.040531701469999945e-13 1.448419671619999944e-30 7.480968927210000089e-15 9.217856491629999725e-15 1.959263442639999998e-12 3.702832269999999926e-01 6.975796847229999368e-86 1.913635116550000173e-24 3.533785186899999764e-01 2.763382543080000198e-01
1.167949253819999995e-18 6.986290108440000361e-58 5.919500618050000285e-27 9.990605579360000564e-07 1.998243545999999871e-08 1.663225022670000120e-27 4.501274447779999854e-01 1.695465638170000084e-03 5.481760705410000378e-01 7.368752648030000119e-28
1.064237272569999984e-17 5.701623805440000359e-01 3.034919074680000017e-43 3.963894109869999777e-13 1.737108096669999834e-36 3.349414016739999986e-25 4.298376194549999862e-01 1.894895605330000112e-21 3.322548884639999911e-76 2.434357205099999896e-33
3.400289876129999977e-12 4.419242543729999702e-03 2.702650703530000142e-01 1.571435952409999914e-26 1.016621575459999974e-27 3.905148675010000090e-30 5.635001195119999640e-01 1.618155675880000033e-01 9.228737929150000800e-34 2.790926920339999795e-31
3.016710484589999884e-04 8.437751289290000427e-55 8.535376679269999989e-33 1.234435829169999905e-09 8.151545035380000505e-26 1.678920219820000115e-01 1.633673206600000104e-25 3.621937433350000150e-17 3.652624592479999932e-01 4.665438464869999802e-01
2.304718860809999920e-04 9.658496200269999576e-32 6.164916867270000544e-01 3.082213852820000101e-28 6.541129309260000034e-21 6.821678190540000409e-05 1.316116666040000104e-10 5.248370554800000309e-18 3.832096244739999769e-01 1.276195792969999977e-21
3.883332486410000252e-57 2.178644914359999921e-42 3.666824377160000083e-55 2.120562323599999932e-27 4.899616392269999787e-01 5.100383607730000213e-01 1.543572762330000029e-56 5.112226684039999952e-14 2.554313360950000081e-26 6.250898958810000509e-23
5.315886966540000087e-51 1.457216524660000017e-03 1.358768392789999929e-52 1.769001494639999893e-24 4.891856827680000075e-01 5.093571007079999990e-01 1.094430041300000084e-15 6.226325556960000155e-62 5.355233643129999778e-82 4.165689714660000070e-76
3.470105186749999681e-08 1.296100346840000057e-41 2.777199017569999788e-38 5.102018819539999583e-01 5.238885997930000358e-32 7.322704053960000040e-29 5.434989875609999855e-45 4.524912946460000098e-65 3.305070853699999811e-02 4.567473748079999840e-01
1.402420198900000026e-08 1.456782942989999896e-34 3.680879511150000047e-10 3.932901319470000251e-61 4.252506227099999946e-49 9.848957185320000245e-10 2.760655393650000011e-01 5.513335548949999751e-24 4.347664206710000201e-01 2.891680245870000276e-01
4.898580861749999849e-01 1.090252722830000053e-41 5.787755087309999873e-26 2.806846666599999846e-02 1.031416021919999994e-35 9.046696536609999920e-21 7.381267348950000076e-43 8.898923325319999441e-26 4.538784753680000228e-01 2.819497179120000058e-02
3.650976586519999812e-28 3.747085809080000216e-11 4.127742636749999749e-01 3.106244115089999836e-43 4.113936009740000177e-01 1.758321353129999876e-01 3.723116538420000228e-15 5.139245160840000204e-18 3.526477330380000000e-30 1.652523585410000041e-53
1.001640667329999980e-29 4.998096449330000079e-01 4.997377882829999729e-01 5.005699763460000247e-40 2.975685623450000029e-27 2.954641696570000246e-41 8.980562942569999996e-08 4.524769776430000254e-04 4.130100487150000138e-47 2.680733766049999897e-37
6.632615462069999523e-01 2.214889883639999994e-56 3.256607315799999736e-01 7.239653505819999278e-24 3.251060317849999924e-69 2.643394265179999844e-74 3.148489337910000064e-24 4.316889153110000057e-42 1.107772221269999989e-02 1.096372041769999960e-26
2.356566502879999817e-31 7.569356289850000667e-58 7.296814573050000585e-02 1.332466669839999936e-43 1.062902520790000027e-01 1.188396621960000066e-01 3.278541393010000075e-57 7.019019399750000554e-01 1.981225416320000089e-11 8.311392311330000335e-55
1.184832861500000056e-01 2.803979886780000147e-24 2.339488377360000038e-01 7.159429262719999805e-39 1.511106873220000081e-61 2.753247531419999732e-29 2.554139222130000220e-01 3.921539539009999964e-01 1.043380310679999911e-18 1.264172972880000024e-14
8.253748992159999631e-02 3.557190078790000245e-05 7.678906895219999541e-17 3.165262045219999765e-01 1.119671717549999962e-10 5.922207492669999684e-01 8.679984270570000396e-03 1.395208774139999926e-27 1.768897611180000041e-17 5.880590603729999751e-12
6.852353054769999563e-01 6.452541148080000022e-46 1.184423193629999986e-23 1.373491972970000046e-24 1.250349321750000022e-56 2.108925245680000042e-12 2.935931163349999808e-59 2.704256671760000173e-91 2.416049466229999894e-03 3.123486450549999849e-01
2.362263919249999855e-34 3.487234378449999839e-01 7.710530211849999775e-57 3.386852599490000060e-01 1.481252756429999873e-01 6.785234070760000564e-20 1.452068700559999981e-01 1.042676464850000049e-03 4.175514141140000104e-26 1.821648004240000035e-02
4.572643605949999746e-01 2.572816263819999994e-14 3.244899457979999959e-25 2.794792622350000255e-01 3.737737992470000036e-22 1.542722720069999934e-08 1.377951631320000091e-12 1.329698952530000004e-94 8.690289559999999356e-05 2.631694588460000150e-01
2.746867320239999969e-32 1.734114677330000091e-23 2.471764058140000117e-05 1.601778529890000037e-25 5.067916874950000317e-01 3.293182523959999939e-16 4.684749092289999995e-29 4.931835948650000190e-01 3.442881861759999883e-28 4.206166958950000338e-68
8.116209625889999858e-37 1.078726133090000069e-28 6.754651721429999983e-25 1.134530656700000047e-21 2.860193856289999781e-01 5.516221368390000248e-17 1.154224759949999957e-01 2.443961388139999913e-01 3.392401414669999910e-03 3.507695981469999835e-01
1.326922930889999938e-27 2.954601604880000186e-29 1.291357326199999925e-27 6.754156717690000533e-02 5.885510923440000486e-01 2.105482347059999925e-41 3.439073368789999918e-01 3.599286507080000170e-09 3.960174108359999988e-19 2.258277440320000079e-51
3.669718790499999875e-09 2.642193814550000078e-03 2.440012543770000107e-15 3.941682437760000296e-02 2.807425978870000077e-23 2.538140100820000072e-56 6.011046635110000036e-01 2.090117676580000128e-67 3.270719610559999859e-04 3.565092426659999814e-01
4.799279237860000320e-16 6.009092467400000137e-01 3.357771832529999886e-43 3.054995836359999811e-07 1.150246932220000020e-20 1.383056046379999896e-16 3.990904477600000222e-01 3.741488634529999897e-37 3.772865886350000210e-35 6.815493447259999727e-15
1.598001393419999916e-01 2.129044346590000011e-60 2.792756706199999854e-36 1.759537376210000116e-23 1.312976529660000023e-39 7.927580172970000172e-01 9.493801591699999948e-18 2.629443711249999923e-36 4.318322807040000239e-02 4.258615290740000101e-03
1.399538955189999983e-44 1.740877011099999975e-36 4.647702236000000038e-55 3.367878974529999736e-01 2.008509671320000195e-15 7.062808705640000138e-117 6.631545703990000540e-01 5.753214809659999674e-05 6.669710518549999866e-16 1.195009910350000039e-17
1.820874986330000000e-01 2.974371367839999914e-28 9.178119041870000730e-03 1.038956376239999966e-08 6.838424569349999796e-63 2.215257593660000044e-104 1.014013705430000079e-08 2.591837180170000199e-01 9.394506861680000653e-02 4.556055751609999760e-01
1.200359258430000064e-53 7.809925001220000169e-60 4.948438036439999617e-69 3.429963584910000037e-51 3.044403832810000295e-20 3.270931261130000101e-01 1.830533695229999909e-25 2.010516923089999963e-01 1.956106211649999899e-16 4.718551815779999936e-01
8.100111718280000648e-28 4.992906721659999825e-01 6.921973338320000742e-21 2.200379052269999947e-39 1.124244833060000053e-18 4.986008774830000267e-01 4.721302596570000019e-24 4.068163392010000196e-20 1.907167377320000033e-27 2.108450351730000154e-03
6.297724412370000492e-05 5.114786737779999663e-21 4.553351058700000232e-49 3.973913416320000169e-01 4.094814576229999912e-19 5.715379916499999623e-03 5.968303012079999581e-01 8.118150162989999641e-56 1.777503133750000053e-32 5.874358711419999723e-38
