4.401793153439999978e-29 1.632574240380000041e-01 2.893522108179999832e-04 1.427042633140000112e-28 2.165907352309999954e-30 1.427523263809999978e-20 3.009373195859999948e-31 4.777682362780000247e-01 2.353048035920000081e-14 3.586849874729999832e-01
1.243974511879999982e-05 7.155993250830000326e-08 5.700972051120000161e-01 3.084568258529999850e-28 3.641114983739999755e-01 6.558093458609999538e-02 1.978506225079999933e-04 2.197809028800000064e-15 6.336150097870000198e-51 3.051490065570000100e-62
1.064791255489999991e-02 5.105192078579999793e-01 4.787804304080000017e-01 3.771194049909999993e-29 5.244917966080000268e-05 3.055114563059999875e-25 3.758097898710000011e-53 9.451711209530000491e-20 2.219572529469999906e-36 8.074977802279999708e-35
4.355760084719999768e-36 3.147254615310000059e-01 1.776778125570000029e-29 9.697395881260000219e-58 3.653777814290000074e-37 2.784120600780000046e-38 1.902129251699999904e-45 4.122740308710000079e-01 3.433506311110000038e-32 2.730005075979999862e-01
1.174774675309999906e-16 9.710268023740000093e-29 1.000000000000000000e+00 3.709908014119999951e-55 8.831638835060000456e-38 2.173289001480000116e-24 1.153669957810000078e-73 5.773089613339999688e-39 1.149611632629999949e-41 8.491063370530000490e-119
3.137792897639999879e-40 9.731011260440000643e-02 4.165798420599999830e-01 3.087540937289999971e-11 1.918427545849999831e-46 1.166054637290000007e-49 4.860753422349999853e-01 1.110543466049999960e-15 1.238571339679999997e-14 3.470306968450000140e-05
5.398203640719999656e-40 1.343676692750000090e-69 8.294861462100000429e-41 1.036183429149999940e-41 2.088314008940000117e-85 1.713404509590000089e-65 2.687013097740000042e-12 6.051082792919999509e-01 7.289169753390000199e-05 3.948188290080000273e-01
6.947447382420000039e-01 6.920391347479999497e-07 8.008508853669999559e-07 1.877222701789999998e-43 1.740561917970000089e-14 1.491601975610000061e-35 3.411681664469999806e-14 3.052537688679999861e-01 1.563554066999999916e-42 9.057200971660000021e-28
6.787079310659999930e-29 4.635239875659999953e-01 3.580479272920000233e-01 2.317556489950000197e-16 1.408460964249999909e-34 3.660339077909999750e-21 1.784280851429999870e-01 1.912257095029999886e-19 1.904625783259999955e-22 1.935379083660000132e-21
5.034556073629999767e-02 5.250395621880000162e-11 1.896664165159999971e-01 2.515267054940000120e-30 1.361798050440000050e-19 1.577255071209999994e-54 6.171734766539999778e-02 6.982706750299999543e-01 1.409940818630000050e-36 5.242892218920000238e-28
5.461508503199999920e-01 2.653987425570000245e-32 1.215087538050000000e-11 1.106997482590000058e-16 7.151138385709999559e-27 1.242917540660000004e-10 3.638233508559999829e-01 1.418255155679999919e-08 9.002578450489999440e-02 1.088033402259999921e-34
6.074381624279999725e-01 3.924961178370000026e-01 3.734703542350000101e-11 3.813868587450000012e-25 1.412394589729999950e-25 1.539060808200000004e-37 2.156943206360000070e-36 6.568221228249999477e-05 3.742631082379999816e-08 5.922727326669999440e-11
2.990890239099999737e-01 3.020143075780000247e-36 7.005988838129999507e-01 7.297161036469999630e-64 9.047746190359999754e-20 3.120922672350000043e-04 3.254986655770000188e-25 9.803775820319999975e-12 3.627288650039999840e-49 4.795236379549999929e-137
4.402091403390000143e-39 2.049259822589999946e-01 3.170183785219999968e-09 1.122038435810000034e-36 9.718522410159999198e-12 7.830257160600000432e-01 1.204317904720000020e-02 5.119453724110000062e-06 1.539959588110000083e-53 1.230614079700000091e-15
1.249250767549999960e-02 1.080764788119999944e-28 4.302852655759999978e-01 5.056180863370000195e-02 2.422648255570000150e-17 2.529651120289999854e-16 4.169609853360000370e-31 3.312152391650000095e-37 5.066604181149999553e-01 2.492271802630000052e-45
1.647127776500000130e-58 4.996007725180000025e-01 9.738734771510000610e-02 1.802497867239999992e-03 1.323779379789999945e-29 1.179056106110000022e-31 4.012093818999999950e-01 1.188903151700000099e-40 3.717899753819999999e-31 4.381732442760000135e-16
2.403825224430000197e-13 2.389627856679999887e-14 1.134076209009999975e-01 1.648044059740000052e-26 2.186015466810000092e-32 7.256845039880000408e-30 2.021296826890000066e-48 4.046328880630000180e-01 3.976667692740000204e-01 8.429272176039999398e-02
2.133881344810000083e-07 1.610686558709999964e-23 5.486253108509999699e-01 1.145816335739999940e-11 5.065369350179999702e-03 1.276941688949999876e-01 3.186149375049999732e-01 1.592147387610000076e-22 4.131890327350000014e-29 2.229858970750000072e-48
2.990443303920000129e-01 2.490556680829999914e-36 7.005953990050000080e-01 2.144714444540000144e-14 1.588442848650000065e-18 3.602480577820000207e-04 1.118216450680000006e-82 1.532362213759999924e-57 2.254560791240000112e-08 1.247145386240000034e-113
8.739849667380000563e-14 1.732302673340000131e-52 1.938207009659999869e-01 1.004125034199999939e-32 1.868713751410000039e-41 1.785796355220000131e-01 4.974976901759999803e-11 3.187032435400000141e-01 3.088964199229999874e-01 1.405050180030000059e-35
7.800702390189999765e-06 3.173616992209999932e-01 5.885536621300000437e-01 2.171513127559999805e-03 2.110330093079999922e-04 1.040243812510000096e-37 2.206435537540000051e-18 3.922043116299999737e-15 5.864516168370000523e-14 9.169429180889999975e-02
1.434310405870000078e-61 1.935764730149999873e-42 2.215070261500000080e-35 6.813167482559999710e-01 2.955173299330000114e-28 7.631459993460000622e-05 7.146216029649999948e-32 1.104342381329999975e-49 3.186067010060000260e-01 2.361374942069999870e-07
1.849445060629999961e-09 9.338065302259999737e-56 9.665684331849999644e-02 2.817315032829999927e-02 1.455283436019999957e-23 9.491886514320000655e-16 6.406269271719999825e-01 4.327434395159999943e-27 2.345430773319999995e-01 1.050261531420000042e-35
4.850803807810000201e-01 1.870410342079999991e-04 1.533957888549999989e-28 5.901235485610000348e-16 2.095183632089999970e-01 5.338737772720000274e-17 3.038873512749999950e-01 1.326493657390000061e-03 6.938489414779999853e-24 3.700428704840000046e-07
1.831180421480000098e-01 1.299062926780000101e-34 2.308140338239999985e-06 1.097874794110000052e-02 4.662280676419999902e-11 4.294305178909999660e-02 6.096910403090000097e-01 2.253565508549999955e-18 1.532668096260000057e-01 2.097741422929999815e-40
5.194649589470000114e-17 1.426334089369999867e-04 6.361912670000000085e-21 5.775936792299999734e-12 5.354295602890000172e-01 1.887568481130000106e-37 4.409557519019999816e-01 9.557504516730000287e-17 9.747128497629999047e-44 2.347205439389999856e-02
8.200149679250000115e-19 2.670724549500000161e-04 3.255047118979999934e-12 6.908094246460000018e-03 1.041140834400000078e-09 5.465374309199999558e-01 8.220394697490000078e-34 9.084996280219999971e-27 4.462870459819999747e-01 3.553527631120000230e-07
2.603107569410000238e-19 7.704609815599999800e-02 2.186995609570000047e-15 1.203324469419999975e-09 6.021136268560000175e-21 1.748235551469999871e-01 2.053272202830000110e-09 3.173990149870000000e-07 4.813607980869999969e-01 2.667692279550000212e-01
3.450181241899999973e-01 1.132327092889999897e-34 5.779260276820000208e-02 3.287141571709999988e-01 9.720456078129999580e-04 2.674990126569999904e-01 4.036507487620000134e-06 1.699513001030000068e-27 2.109875173269999922e-08 1.614905317880000055e-50
1.026463824939999938e-04 2.364556635089999865e-20 5.839901595969999581e-01 2.855618914879999846e-11 5.727918374430000098e-02 3.626493074969999991e-03 3.550015171729999919e-01 4.005106375190000181e-16 1.153353682910000013e-26 1.518245287360000069e-43
5.521353029419999725e-01 4.391104693439999984e-01 8.753357732339999212e-03 3.611291129719999868e-39 1.157483804099999962e-25 7.256984313910000330e-31 1.868389987730000031e-62 8.699817919849999474e-07 3.058905516869999889e-17 5.198149328989999768e-33
1.825481822109999985e-01 2.709557689689999943e-49 2.466917417669999929e-72 5.541326138179999987e-13 1.811871767720000040e-04 2.175388394019999935e-02 1.259315871450000053e-03 1.321595854619999899e-01 1.628939560300000089e-01 4.992038893090000040e-01
2.855305910669999896e-20 3.399513618040000063e-09 1.516061536499999918e-01 2.060855119339999928e-37 9.512064252170000368e-16 6.113716511069999804e-01 1.459990677350000034e-12 2.370221918419999907e-01 1.263122668769999977e-31 7.899024704949999568e-29
1.791411024610000041e-17 2.630034885220000142e-14 2.427467764630000105e-56 1.020690777570000068e-24 3.858099101879999826e-01 1.327624694339999967e-01 6.566901618879999878e-14 1.568747686080000092e-01 7.390385399099999819e-27 3.245528517699999838e-01
4.141773618620000063e-34 1.075980047999999935e-14 1.136223467820000031e-48 1.194223693540000060e-42 2.203428997899999920e-21 1.358339574310000113e-26 1.716243281680000126e-07 6.024381540919999667e-01 4.769056729290000109e-44 3.975616742829999883e-01
5.297096641220000457e-01 1.035950291839999991e-12 2.765571480460000120e-01 1.172382219100000070e-82 3.303177119649999914e-19 1.491755450799999990e-28 2.630767363930000247e-38 1.937331878309999922e-01 4.659642012019999643e-65 8.452668647319999377e-70
2.351367039499999978e-01 2.694327537580000224e-07 7.627230864580000214e-01 2.484741312919999991e-26 7.935209202579999786e-20 2.011184339839999800e-59 1.817324009150000078e-41 2.139822919190000148e-03 6.705096647320000326e-15 1.172401970879999962e-07
3.727710511769999902e-01 3.874456351589999903e-02 8.478967774659999790e-02 3.595259736259999728e-01 1.441685546049999989e-01 1.504849476970000043e-25 6.867619893930000084e-41 6.907413169209999643e-24 1.793237015610000048e-07 4.865229350470000034e-12
6.496700352990000260e-01 3.092197035330000086e-55 2.562665993519999812e-10 3.283381147250000100e-03 1.816318403469999892e-18 7.564644603659999895e-07 4.208426914230000110e-04 1.830132484999999914e-33 3.466249841410000143e-01 5.444813260990000140e-55
2.992837219190000104e-20 1.211842551190000024e-05 5.463831133549999803e-33 8.647226551720000576e-27 2.472132532119999867e-06 3.474943053009999962e-09 1.118050621360000031e-02 6.679990132790000201e-01 8.131400521100000546e-33 3.208058864750000239e-01
5.616704989690000094e-01 2.027325664979999965e-33 2.004306600340000095e-29 8.796626005900000378e-02 3.503632409590000107e-01 1.531762582770000064e-15 4.604382126120000359e-12 2.661867010739999902e-33 8.214877020710000751e-12 1.099610908339999974e-20
3.551271237169999656e-18 2.920736274700000173e-27 6.868987517419999890e-19 1.200753153770000076e-08 5.544479021349999481e-01 4.455520858570000131e-01 1.029082466389999935e-18 8.872327627820000689e-77 3.194621286790000038e-49 2.033775818549999949e-99
2.815302677120000204e-16 1.403354921869999988e-28 6.116305507389999813e-02 2.942855439300000042e-01 8.078478977160000532e-04 1.395321678690000108e-07 6.437434135659999557e-01 3.838223576339999899e-38 1.668838323760000065e-22 4.195516004249999766e-40
6.236944790649999854e-35 8.123222005599999877e-22 7.835250167580000126e-25 5.652284918519999688e-30 7.722924077890000303e-35 9.583810509979999448e-02 5.085926883060000181e-01 3.955656019170000204e-01 7.433238351470000718e-12 3.604669208850000193e-06
7.672942962799999182e-37 1.410246933009999922e-07 6.466651799409999777e-24 7.301640372269999659e-38 2.240595674600000007e-25 2.887328153750000070e-01 2.274050848220000032e-01 4.838619587770000008e-01 7.776193250359999399e-34 1.904795515080000116e-12
5.961894602320000027e-17 3.262961408569999775e-10 5.282170453620000392e-41 6.266363336450000026e-20 3.348350755169999911e-11 5.537370806560000247e-01 1.037532299299999961e-01 3.425091061109999946e-01 4.235667175050000225e-14 5.829435256530000191e-07
2.023537647829999897e-01 2.791550964989999915e-06 4.224444529420000152e-19 1.002407230160000043e-10 3.291914660099999890e-01 5.582939253819999894e-23 2.027903652209999963e-01 2.656611484649999966e-01 2.741821503160000103e-19 4.638709097319999959e-07
5.704118860610000175e-01 1.130189099119999899e-09 2.964510840869999805e-42 6.318749617559999606e-13 3.281720196000000034e-02 6.129388507539999783e-23 3.559035425889999771e-01 1.258808254070000073e-06 1.386639739729999975e-21 4.086610945090000252e-02
5.634228289449999538e-01 3.166425743799999792e-11 3.076655325319999894e-06 9.899017546529999698e-42 1.111297934460000068e-16 9.704552030320000300e-02 5.183274819939999659e-212 8.610002653520000548e-03 3.309185714110000065e-01 2.531973247350000053e-22
1.753489578790000028e-25 9.240135801629999643e-30 2.906499682499999806e-53 1.038628290009999920e-117 5.217723525009999761e-46 1.836594797929999997e-38 1.689008721170000062e-46 1.000000000000000000e+00 2.607097905849999842e-56 2.131914899350000043e-31
1.119623770520000048e-18 4.965735620619999846e-01 3.436233727929999815e-01 1.795179576439999988e-17 9.453565708409999621e-27 1.286518402840000090e-49 5.670304969170000113e-09 5.687258831530000178e-04 1.186997804609999974e-17 1.592343335910000046e-01
1.896783222969999856e-36 5.001133764859999609e-01 4.807317967779999647e-28 2.243301937619999886e-34 3.247098768769999969e-19 6.425394886830000491e-16 5.001398497939999970e-29 1.225787895659999960e-08 3.365869384310000057e-32 4.998866112559999797e-01
3.339270089010000143e-40 1.319653208310000059e-04 5.344488060830000498e-01 6.213852221460000319e-23 2.150108179779999872e-28 4.654192285959999897e-01 1.800849326779999988e-35 9.940803212149999878e-18 1.005342339449999960e-14 2.577157317960000120e-14
2.169907226710000026e-01 5.688939680780000184e-15 8.021828920529999393e-03 2.713289329099999988e-08 1.069910045129999898e-06 3.368118066670000021e-01 4.381745446890000228e-01 8.890445479540000746e-12 5.092636422330000078e-13 8.478204547119999543e-39
9.461055367350000079e-20 6.376916978530000095e-09 2.054410153479999958e-33 1.844678652190000049e-39 6.696842586739999669e-15 6.520912261929999731e-01 2.846012628229999946e-12 3.479087674269999986e-01 1.095952145280000009e-32 2.681658932439999971e-23
4.521820827799999691e-16 6.176674800610000224e-03 1.196880716570000016e-38 9.096302690719999565e-14 6.401201413920000194e-01 5.984453164189999444e-29 3.536675147860000035e-01 1.302203930949999982e-11 3.493017608710000187e-42 3.566900865129999992e-05
7.879159803959999708e-01 1.983632193829999800e-68 1.936158394419999907e-19 3.156169798080000018e-06 6.192493197750000214e-22 6.902203030370000410e-37 1.542005331889999881e-16 2.601021179679999946e-26 2.120808634340000109e-01 5.698810552269999944e-29
9.572895422329999807e-29 1.056393158159999952e-58 6.333445614569999571e-14 6.691762277189999830e-01 6.724026606259999574e-48 1.362858066109999893e-38 2.686871806610000217e-25 8.385562573959999618e-67 3.308237722810000170e-01 1.141544781210000026e-39
2.938779503939999982e-01 1.208346413619999961e-98 4.315230388899999998e-19 1.009956070529999995e-83 6.743117601880000314e-47 7.061220496060000018e-01 2.724211555889999819e-110 1.205681219580000056e-18 5.655642294399999609e-16 1.616629573840000117e-157
1.626598804600000152e-05 7.431376524039999820e-01 1.765315133039999929e-01 1.004158271280000058e-59 1.098965624820000054e-25 1.237386675600000073e-43 5.826875612149999841e-46 8.031456830369999855e-02 2.781924896239999973e-39 2.052822363769999975e-37
1.136669833989999905e-15 7.318038494169999954e-20 2.216982448990000143e-45 1.627210003129999916e-01 3.657118131150000062e-01 1.399054492109999938e-03 3.407392033650000067e-52 3.518683038360000096e-40 8.261209670759999671e-04 4.693420111130000016e-01
8.824758977920000186e-35 2.116675182229999864e-23 4.513626582740000170e-01 5.415748077930000066e-29 1.142767789569999965e-55 6.402292224789999715e-18 3.245632541549999917e-24 8.524021644319999596e-04 5.477849385759999690e-01 9.860521242719999734e-10
1.603167052199999885e-39 1.156672950790000009e-04 2.801094899500000069e-15 1.933559061970000151e-48 3.263040151610000168e-25 4.764372513440000012e-01 9.419117271039999760e-04 5.225051696339999552e-01 4.061344016509999712e-48 9.269122471999999533e-25
1.322164889960000097e-16 2.980173925199999929e-05 2.012007990490000120e-01 9.491623559359999927e-35 2.106132432629999793e-37 1.840052814990000007e-01 1.363108279199999970e-46 3.451700678890000096e-01 2.695940498230000038e-01 4.262659197540000319e-24
3.245110527469999839e-01 5.653849094150000468e-26 1.256752888390000089e-07 1.687957421060000041e-14 2.159073869729999928e-01 4.595814346050000054e-01 1.309668183440000048e-22 1.879429221119999887e-44 2.956039794649999948e-31 1.589895534749999961e-101
1.114447151020000061e-12 1.339716060399999929e-02 1.154007344020000081e-12 4.049271496519999746e-14 6.359736622739999845e-01 8.993557433700000535e-28 3.506291636330000072e-01 4.286234778409999827e-16 8.061331548829999990e-42 1.348650108389999980e-08
1.067310433480000032e-16 1.204077394660000000e-47 7.588856884040000075e-26 3.806791816159999881e-23 6.422172688570000087e-33 6.792629319200000314e-03 9.922649041319999728e-06 4.820969234940000181e-01 5.111005245380000339e-01 5.345914045259999817e-20
5.254565820820000008e-18 4.190738948829999763e-27 1.045530248940000031e-77 9.042419748269999489e-53 5.544479038649999803e-01 4.455520961350000197e-01 9.147145285129999533e-71 2.362914086740000154e-18 1.078721603109999988e-48 2.146779732889999919e-25
3.667693541439999901e-38 4.584446801419999953e-07 1.008551052080000008e-19 4.802342073029999825e-01 1.401092436549999941e-17 1.726926531519999910e-89 1.528114019170000158e-08 1.176175607169999892e-53 1.601311023779999957e-40 5.197653189709999788e-01
1.687229376820000015e-01 3.711060857950000018e-54 4.646022227859999618e-03 3.728180785129999836e-31 1.960356324230000164e-24 1.883995954649999978e-07 1.711329916649999881e-42 7.265127837710000369e-01 1.001180679199999979e-01 6.146104878830000435e-31
4.119795217189999641e-37 2.334118448850000086e-34 8.806717465490000276e-15 7.440138548370000102e-40 1.271847774150000041e-87 3.434446179420000119e-55 2.267896414670000073e-26 9.402251347600000531e-02 1.106323065160000063e-01 7.953451800080000300e-01
9.995992150710000246e-01 5.421573392450000281e-64 8.421651276589999784e-25 2.695035548699999992e-13 6.764417918970000330e-22 1.206367423880000043e-30 3.028395829919999947e-24 7.715865530289999654e-33 4.007849285169999987e-04 9.036109236959999563e-38
4.092076475570000094e-02 4.039107196639999953e-01 3.214380744079999852e-01 1.789154318190000004e-03 1.903085177510000132e-04 2.317509672610000016e-01 6.129272788300000271e-19 1.614447160600000097e-23 1.107601335010000068e-08 4.441709404059999989e-37
5.498427710109999866e-01 2.985583982650000051e-34 6.677728929410000190e-11 6.876206445840000011e-15 1.013244478829999949e-28 3.401595727790000075e-10 3.665903636689999967e-01 2.578994108939999799e-09 8.356686233379999329e-02 3.210414428219999915e-35
2.120684462759999944e-01 5.114212909659999751e-01 8.545379184119999277e-03 1.277655228790000042e-01 1.121254941739999947e-07 3.494292838769999978e-22 1.216723619290000018e-14 1.380074695179999934e-06 1.299007082370000066e-01 1.029716025760000001e-02
2.995539074549999903e-01 7.589010827610000373e-44 6.003300107900000175e-04 1.269684930359999962e-14 8.556600636500000052e-29 3.339128898909999814e-14 4.004286608750000087e-01 1.236199707079999996e-09 2.994171004230000155e-01 7.685139017370000096e-47
3.069501792150000075e-01 5.375763798010000372e-01 1.554180444749999890e-01 9.646399139120000595e-12 5.539649944550000205e-05 9.491547958139999413e-21 1.881798312510000042e-29 3.569802841510000161e-19 4.491685044210000303e-15 3.223183787380000115e-13
3.932193334690000018e-29 1.982874345560000084e-01 3.132531250019999769e-01 2.808454846769999967e-08 1.162057095919999977e-41 2.671323222310000122e-34 4.884593128549999941e-01 5.379159546189999775e-21 4.345143102069999947e-09 9.515686218640000138e-08
4.179299902059999822e-02 2.328180751489999922e-01 2.788897551860000101e-01 2.929204198289999973e-06 3.378885869640000172e-18 2.998900867350000016e-11 4.735977288650000325e-03 6.411481783449999625e-08 4.417602000060000256e-01 2.511681931859999810e-18
1.064243183949999949e-41 1.639462219300000068e-09 4.450703504609999916e-02 7.748267735160000183e-28 6.779868839930000282e-70 1.551879474470000135e-20 3.026958167389999766e-07 3.735026730239999759e-01 4.732208057739999973e-01 1.087691818200000049e-01
4.352160793250000048e-01 5.965782099100000110e-03 1.589733250839999953e-16 2.986406257919999770e-19 1.746154042649999960e-02 1.567417963930000102e-01 3.846146956879999967e-01 1.060692026079999980e-07 2.740363886769999833e-28 2.252370870569999851e-33
1.712482708239999873e-01 1.487187363340000051e-33 7.034447255600000264e-29 2.815079683350000109e-12 2.301581127170000129e-01 3.660843882959999851e-01 1.219346199080000080e-25 1.267333359430000000e-02 2.050116146510000126e-01 1.482427991529999996e-02
2.669140501820000165e-13 2.877013203320000084e-39 2.920477236090000055e-33 7.990515891339999889e-25 1.600056928370000126e-30 7.661732523919999316e-02 1.532818832050000107e-03 3.975872898560000035e-01 5.242625660719999470e-01 3.561162748759999764e-16
1.316664842859999937e-05 4.780998457710000206e-08 5.702191789770000296e-01 1.492001320240000097e-26 3.645718456540000263e-01 6.497104298490000152e-02 2.247179252139999879e-04 1.440630614000000108e-14 4.076853431569999927e-49 9.118489993079999696e-58
5.343264959169999666e-21 4.429024064519999761e-13 5.439456174579999637e-01 6.388706654769999908e-32 7.868637224409999586e-38 8.147584593270000000e-04 1.255191565189999988e-33 9.716318958279999973e-02 3.580764344969999957e-01 3.174938967099999861e-12
7.888728115650000349e-21 2.856520755029999906e-09 1.853450378569999890e-01 7.253017817880000279e-39 2.840292201609999878e-15 6.064650812770000510e-01 1.191078276399999979e-12 2.081898780089999901e-01 7.157549760240000177e-35 5.218938313100000227e-28
2.175007612659999999e-13 4.143780282949999799e-29 2.885839679700000024e-39 1.097924445440000057e-07 2.226130938290000119e-11 9.998652340020000029e-01 2.310488249180000046e-07 1.573885645710000075e-15 1.133484497249999970e-04 2.107668483650000163e-05
1.396327340079999929e-07 7.591449797299999747e-02 1.841999989700000029e-19 3.117577433550000098e-29 4.169785182630000042e-09 7.759734474680000251e-41 4.601936898580000213e-01 4.638916612849999788e-01 2.277922788879999999e-45 7.080844785449999735e-09
3.754657187189999745e-01 8.431710966310000264e-34 3.798046431919999894e-67 6.016887293800000049e-54 3.723145015880000247e-15 3.652366893990000184e-07 2.395934744219999999e-49 6.245339160439999926e-01 1.016339713100000000e-18 1.498308230800000069e-21
9.966115097989999502e-22 2.815558738129999940e-10 2.748798623430000207e-35 2.730052028630000239e-32 6.801349683960000107e-13 1.171295201769999986e-17 3.617714554450000086e-07 6.691435638170000200e-01 4.120605901260000082e-33 3.308560741300000108e-01
5.655990131960000333e-01 6.370239877490000299e-12 7.143744322679999477e-07 9.913806032050000208e-43 2.143425484480000051e-17 9.838243536429999714e-02 1.582958956039999886e-213 4.511595520580000303e-03 3.315062415380000127e-01 2.809007077049999995e-22
2.090196163960000060e-37 6.738830229899999627e-09 5.234715869769999725e-60 4.797586783960000045e-01 1.282319185539999949e-13 2.390302693010000095e-89 6.424470510160000142e-09 2.398035300689999866e-61 7.899186991209999298e-43 5.202413084410000277e-01
6.496917194589999500e-01 9.113778478930000011e-13 2.389993136730000056e-12 3.955830268230000300e-03 2.311400801790000142e-16 3.016748633129999778e-44 2.772603680670000110e-36 2.681717085460000047e-30 3.463524492039999902e-01 1.064859810480000050e-09
3.621658093419999891e-01 6.378336828639999956e-01 2.009562517899999909e-16 5.203169926860000350e-26 5.077942480359999859e-07 7.591884243180000078e-23 2.417107127180000051e-52 3.975303894179999838e-19 2.967728193800000151e-26 1.326303779449999974e-30
3.621651584710000038e-01 6.378331668429999546e-01 1.129230410190000044e-15 5.462195401119999846e-25 1.674685908709999906e-06 1.891441800729999903e-23 7.481630900499999445e-52 1.629202824260000066e-17 1.002202651150000032e-25 3.856796885700000228e-30
3.349379803580000204e-39 3.423642698359999903e-01 3.749042161920000108e-37 6.155596730440000552e-01 4.899170629620000037e-14 1.491552289019999942e-27 4.207605499210000100e-02 6.118675316969999672e-50 6.595939233259999571e-31 2.128307734380000014e-09
5.347140657740000270e-35 3.920033674560000272e-45 1.478668082889999942e-37 2.397762818660000017e-01 1.273137798130000112e-10 7.602237178459999578e-01 1.455743360020000096e-10 1.107962641309999986e-34 1.504358008359999977e-11 8.154129890400000612e-14
2.330801782879999886e-31 1.005286632449999945e-49 4.802897777750000267e-26 3.426318131739999913e-64 1.011310975539999990e-62 2.098252642279999954e-42 4.620398165810000228e-32 1.000000000000000000e+00 2.757838675500000161e-23 2.538900685939999910e-23
1.161053147010000062e-15 5.802886649720000456e-01 8.432818971279999742e-02 3.056747030390000175e-01 2.970816955250000016e-02 5.895262719400000285e-30 1.262334377179999961e-18 2.584737000570000133e-29 8.814461647660000207e-24 2.727235050990000249e-07
7.223568695730000393e-04 1.752648580680000107e-13 2.486099076090000082e-01 2.229655166899999989e-32 5.892978100410000170e-25 5.951716250640000043e-19 4.212918971770000146e-59 4.140523459820000252e-01 3.366153892300000061e-01 3.094923990360000159e-10
8.370530766910000345e-66 2.086952688800000066e-01 1.294749130420000116e-01 1.159990359860000089e-09 2.328682106899999863e-33 1.746471410930000023e-01 8.459010443589999595e-02 4.179826765630000064e-13 4.735384029320000049e-11 4.025925713419999941e-01
1.429372073910000045e-20 5.419076921360000111e-65 4.337006030900000318e-33 1.286373328329999906e-06 7.785668752759999623e-21 7.383988201479999569e-01 2.279342729209999860e-16 5.948400447929999946e-34 2.615998934780000007e-01 5.723694482639999681e-27
3.394909542189999956e-08 4.039638440730000228e-10 9.181054505479999342e-28 3.710783336219999911e-28 2.617335401470000100e-01 1.793720806630000053e-01 4.659275799219999778e-20 5.571202502150000013e-01 2.694807436910000149e-23 1.774094621879999901e-03
1.220306856499999958e-15 5.081570832539999915e-48 1.144928414900000051e-18 4.431273088429999696e-06 2.071088596690000138e-14 6.759596518449999536e-01 2.081234002500000118e-13 1.563233701629999990e-18 3.240359168820000080e-01 1.649012323839999926e-21
6.925786852910000486e-41 7.500814656609999798e-01 1.074875452600000078e-12 1.181184750419999982e-07 2.247760155869999845e-22 6.460169710240000224e-58 9.677548346129999997e-05 2.798231793930000269e-26 7.661410049489999858e-34 2.498216407359999947e-01
2.623717648990000131e-49 5.993224250559999709e-37 9.385336109919999990e-113 5.382339628849999663e-52 4.479454621430000339e-25 2.125296429950000132e-40 3.154900307549999838e-01 3.858952080009999909e-07 2.987900388319999759e-63 6.845095833500000060e-01
2.045868414639999966e-01 5.197439920519999479e-01 4.095907137099999949e-03 1.207002588000000015e-01 6.525763921520000316e-09 2.352309022350000186e-22 4.551417526700000065e-14 1.207276533219999960e-05 1.439491722029999921e-01 6.911749052409999969e-03
2.686016871080000159e-52 2.014191211959999954e-26 1.906614924900000008e-01 2.008173895969999993e-14 3.725625357779999991e-114 5.963807260819999804e-93 4.289987234300000063e-01 3.014429248779999879e-20 3.803384561939999742e-01 1.327885492929999950e-06
9.995992151379999857e-01 2.545057338900000221e-63 9.386716999809999394e-25 1.764837776189999991e-12 2.688786606189999849e-22 5.722686709580000338e-30 3.563525051030000229e-24 3.759512736810000210e-32 4.007848606299999950e-04 6.780123809879999895e-37
4.964584476039999488e-04 2.847796248529999931e-24 3.540921320140000272e-01 1.116613202820000042e-42 1.747470629589999885e-29 3.561379627939999759e-15 3.585659465759999942e-01 2.868454629630000086e-01 2.979077903950000134e-25 9.210644342990000190e-53
9.419426567259999716e-01 1.538885767600000025e-58 5.680734778290000157e-11 3.734323494039999763e-10 6.849943043649999996e-21 1.827589976119999946e-28 1.097446816089999990e-23 7.638245897609999971e-20 5.805734284369999665e-02 6.023106186259999780e-34
6.659501854160000060e-21 3.467508607840000098e-69 7.230075537439999302e-52 1.659840649439999968e-02 5.437471722810000190e-12 1.214568656179999956e-01 2.500051858610000122e-01 1.793620917059999837e-24 6.119395420090000259e-01 1.222667493719999967e-11
3.909455914770000016e-44 2.035184396760000014e-01 5.357086370739999603e-01 1.358264451959999922e-13 1.556948561920000098e-38 8.275257945490000273e-41 2.607729232479999992e-01 2.998183017529999705e-20 6.333381351929999648e-25 1.699949314319999951e-12
4.258946175900000242e-01 4.998260692490000172e-18 1.547739985450000085e-12 1.216362592210000040e-05 5.367425497199999842e-06 1.345831890089999993e-03 5.727416082549999787e-01 6.333266612690000435e-10 4.105792372149999902e-07 2.980851297810000157e-26
4.835381452990000217e-01 8.046602024410000262e-07 1.817983978570000025e-31 1.056726889920000067e-11 8.347791490110000046e-02 5.001655049679999760e-29 3.542501769220000041e-01 4.278981964319999998e-02 2.427682335250000148e-19 3.594313856410000230e-02
6.530187752580000519e-08 5.108224639470000383e-01 2.425943509579999990e-01 1.685113157939999995e-16 5.867131956490000017e-26 2.021813588449999897e-52 6.986120260029999500e-07 1.331851739210000067e-03 4.271209770550000028e-09 2.452505651699999900e-01
4.470420200570000002e-01 2.015002900190000085e-02 5.332330910480000130e-02 1.009098531360000024e-14 2.081956770010000013e-01 1.045989884150000060e-17 2.710820719400000023e-01 2.068924119240000070e-04 7.228084397730000697e-27 4.834020435969999545e-10
7.464968873549999402e-17 1.517730556580000039e-50 1.122165366280000081e-15 4.868347464660000307e-30 1.112553175500000033e-37 1.698148668470000067e-01 2.610160016920000150e-14 5.073468486109999898e-01 3.228382845409999979e-01 7.042868916229999768e-36
5.295854879329999723e-09 2.671500516670000103e-01 3.617126898890000164e-01 3.710293472100000267e-01 4.137789337650000099e-13 1.354569652730000082e-05 5.110275889749999676e-05 1.740881841030000080e-13 4.325748240059999847e-05 1.117027247400000057e-18
4.620644958649999801e-01 1.112978883010000003e-01 4.266351962580000046e-01 1.818449207379999939e-25 9.092261228799999688e-21 9.998126042960000428e-40 1.576401253959999926e-32 2.419535622969999817e-06 1.584469231859999984e-13 3.994953452139999719e-11
4.751289524199999853e-56 6.317363974710000275e-55 1.002937428590000069e-29 1.653955008459999871e-32 4.637889121079999976e-79 1.184218796559999963e-27 5.786229715220000402e-01 1.381062131559999961e-01 1.997448787059999953e-01 8.352593661630000610e-02
1.091811115570000035e-04 1.730508818919999914e-01 4.614120959940000155e-01 7.199429255699999653e-07 1.150130434129999923e-21 1.587157373419999882e-13 3.378831762219999899e-03 6.458084959059999606e-04 3.614024808010000145e-01 1.476898967599999967e-18
1.189309317660000040e-17 2.508227709119999899e-02 7.822475871339999720e-02 3.404616379920000213e-01 3.658229948360000039e-01 1.904083313669999999e-01 3.513856776449999859e-40 6.630884137700000132e-69 2.444032572170000171e-28 1.563705476100000108e-56
1.414839097350000007e-36 1.794156183969999901e-35 2.621700843449999938e-58 1.641991627580000028e-29 3.998820463440000001e-07 9.999996001180000427e-01 5.948101895509999635e-42 5.915388150900000337e-53 7.663543548369999744e-54 9.261709178880000194e-53
3.067293148830000143e-38 1.151567076929999946e-06 9.610957847149999750e-20 4.802339743810000172e-01 5.184794113309999823e-17 7.655731104030000006e-89 1.487714652700000057e-07 1.872872123830000043e-52 2.890320417849999911e-39 5.197647252799999507e-01
1.189001857839999960e-43 4.035497479649999630e-40 1.369454977389999919e-22 3.491619883980000005e-01 7.082699712600000248e-28 3.016378702130000249e-13 6.371652306169999465e-30 1.240299188530000046e-47 6.508380116020000550e-01 1.693264424419999948e-16
4.637933390610000095e-01 1.234455483080000061e-02 3.125194162759999811e-02 1.587920438179999969e-15 2.073830985389999992e-01 9.136503960680000256e-25 2.841383476980000045e-01 1.088714538680000087e-03 2.227057767829999924e-25 3.704592978720000003e-09
2.077477932349999968e-21 1.155158782740000026e-17 5.823180703290000252e-13 6.645745330669999840e-02 3.040674172309999959e-13 4.460403440940000075e-01 1.151271380879999954e-35 1.767287487920000153e-36 4.875022025979999785e-01 1.364884659719999987e-16
3.987907472240000140e-02 5.214873320050000191e-33 2.578787034420000068e-32 2.564374424900000142e-13 4.052875480600000024e-01 1.091989364709999993e-01 5.955349532799999741e-27 2.182306997529999959e-01 2.270577075830000069e-01 3.460334096059999821e-04
2.647219265210000207e-23 4.392606770749999945e-01 8.754579099149999517e-51 6.653715325010000221e-37 7.370523201690000123e-04 8.347573916310000005e-50 5.597909179479999553e-01 4.499781073809999977e-08 2.781978567379999992e-86 2.113076591660000101e-04
4.302230444609999665e-18 1.000714952019999930e-02 4.902010390109999838e-01 4.725625625980000022e-01 3.519065584300000148e-17 5.630051093049999973e-24 2.722924722910000095e-02 5.865823272079999953e-27 2.188683784080000033e-11 1.620490164559999953e-09
2.321604442999999948e-32 3.148582290320000032e-01 2.065894669209999979e-01 4.785508810140000069e-01 9.402264816779999828e-10 5.907615101949999898e-16 1.422092260330000003e-06 1.895966835749999838e-49 2.400858030409999816e-31 6.838261018979999736e-25
7.238625376509999877e-37 1.072807478059999949e-19 7.593975069419999947e-07 1.069523613800000009e-24 7.223183266689999594e-32 4.240825138669999939e-02 3.891547079500000117e-01 5.684362812659999875e-01 1.572391668760000011e-13 1.683669917209999958e-15
3.465964815779999930e-01 2.835586536360000243e-01 5.413968007159999635e-34 3.667576717119999857e-53 2.976621304689999747e-01 1.825667614230000107e-13 1.675376781890000030e-19 7.218273431680000130e-02 3.267098677130000301e-64 1.798341972019999961e-36
7.974039043220000622e-02 3.172202001619999859e-47 8.676626021169999964e-13 7.752051256490000340e-26 4.586220662200000238e-20 2.714739872340000236e-13 1.270619322920000023e-30 6.637941748690000532e-01 2.564654346979999833e-01 3.125999290169999863e-16
1.325322992969999933e-02 5.883574859709999509e-04 2.583338026590000225e-01 9.483127855190000046e-28 2.323274532930000011e-18 4.273578089619999951e-13 6.016926538440000145e-66 5.201301910940000495e-01 2.075871827459999930e-01 1.072360840919999933e-04
4.289849330709999836e-19 6.061152254680000418e-26 4.655947796809999801e-32 4.075308155700000296e-12 5.224978371889999747e-18 2.592437725100000256e-01 2.821966150970000031e-01 2.055133845300000095e-01 2.526373495600000019e-01 4.088782999120000173e-04
1.602145740869999972e-15 1.939802030240000000e-15 8.200368536160000666e-68 4.263944029339999844e-28 3.869819774700000159e-01 2.094766766099999955e-01 2.418290405079999795e-13 5.546603417700000233e-03 1.305402657339999941e-27 3.979947425020000096e-01
2.035118662679999968e-01 1.657079865390000120e-05 3.885477888869999861e-20 8.994685603120000669e-12 3.284140839249999888e-01 3.768325104110000278e-24 2.031821827460000007e-01 2.648746353279999854e-01 9.474361032479999520e-21 6.609247145220000072e-07
4.547400457340000063e-40 1.315951632020000129e-04 5.344490418599999737e-01 9.960569302569999796e-23 1.557362705630000056e-27 4.654193629769999840e-01 3.003549151159999977e-35 2.246045210860000056e-17 1.175237871269999923e-15 8.565140529269999717e-14
4.340690856480000082e-01 4.001027836609999905e-39 6.466762557400000013e-18 4.014082105239999976e-01 1.255531068919999974e-05 1.495295020799999874e-01 1.498063508300000006e-02 2.354334887900000131e-35 1.135529682160000033e-08 5.305811578540000185e-41
1.048402412230000005e-19 1.611485417430000011e-01 1.209307149259999950e-23 3.820916287600000297e-20 3.215420582690000084e-01 3.288577293909999977e-01 1.884516705969999928e-01 2.350203996089999959e-28 3.717781411879999677e-61 1.489705420680000067e-50
7.239218130489999403e-02 4.599863049970000002e-06 3.013353356469999911e-01 1.014114584970000070e-12 3.554942035020000057e-01 6.662830245289999615e-20 1.384757830520000066e-01 1.322978965609999946e-01 3.841576130819999738e-24 6.945819091080000393e-11
2.110540578810000001e-13 1.458591855969999978e-12 2.030211170470000090e-02 6.776957544099999333e-05 3.458269986029999798e-01 1.143844174669999963e-01 5.194187026480000524e-01 6.059195294079999674e-37 2.020511585459999878e-32 7.703224940219999652e-42
9.281968866259999690e-17 3.349324995930000186e-10 2.366216987080000155e-08 5.014456787430000399e-19 3.104528510819999861e-13 5.537364032839999783e-01 1.037542771920000051e-01 3.425091875999999869e-01 2.416543814429999979e-13 1.079266834790000027e-07
1.894717650859999861e-20 3.895319104880000278e-09 5.402111278579999711e-33 7.644068011389999984e-40 2.370593970260000001e-13 6.520912270419999546e-01 3.920929465489999953e-13 3.479087690620000228e-01 5.558211892949999798e-33 3.414955568970000242e-23
2.911644122640000276e-01 3.614181329729999936e-21 1.256129641510000025e-20 5.563793240890000380e-01 2.144344404050000118e-13 2.545019836380000136e-59 1.819855509079999985e-29 5.750819894760000113e-27 8.411252163009999561e-02 6.834374201710000096e-02
4.872887603569999787e-17 1.518273196079999976e-10 2.188032586279999932e-40 3.476431546190000082e-22 1.781863396849999884e-11 5.537868080140000426e-01 1.035721315600000025e-01 3.425121378159999841e-01 4.591633699680000300e-15 1.289224404060000087e-04
8.067490035200000368e-06 3.244738970459999927e-01 5.836178747469999983e-01 1.235492218159999975e-02 6.514976545439999604e-04 3.686030865420000335e-30 2.348093892019999853e-18 2.397402849420000024e-15 1.226622210099999950e-15 7.889374088070000290e-02
7.591530387700000564e-57 2.523030382669999902e-55 7.940107181939999857e-30 1.250342146759999924e-31 3.443050928630000112e-76 2.527516464010000093e-17 5.786735069239999918e-01 1.380397635689999958e-01 1.998053519219999963e-01 8.348137758489999893e-02
1.228156475380000019e-20 4.740372934870000221e-01 4.277461385599999883e-12 3.879291431529999779e-01 4.882861531990000288e-04 8.800933005769999441e-43 1.499162378489999979e-15 1.740075546800000042e-34 1.635450307760000004e-28 1.375452772029999993e-01
3.912462013249999715e-42 6.631907902360000071e-05 7.016625407159999850e-38 2.022333399340000004e-01 1.798064152100000106e-16 3.245389511849999797e-01 3.177834473769999795e-08 1.478516542790000010e-33 2.812429644790000087e-10 4.731613577420000216e-01
5.322331786949999755e-01 1.136808966770000012e-01 4.041379197810000306e-11 7.296053768170000300e-10 7.782437249859999753e-25 9.275846570960000104e-48 1.705423104179999998e-13 6.444844734739999924e-07 1.485298761090000086e-01 2.055554032639999862e-01
6.670953354510000383e-06 3.621254234769999770e-11 5.528230647369999919e-21 9.451044201970000073e-48 3.667573930040000096e-01 7.494940127289999310e-02 1.234516644890000082e-40 5.582865347340000284e-01 2.069739048770000086e-38 3.010826282900000155e-24
4.916585497160000215e-135 1.136960716259999923e-11 4.093468303899999880e-27 1.550838535840000088e-01 9.709384299679999979e-74 2.064010835109999879e-114 5.866592549769999998e-01 1.211204525540000078e-81 2.160420159949999892e-35 2.582568914280000127e-01
7.413443720700000597e-15 2.369112860549999899e-27 8.975552297679999449e-29 2.998873932209999982e-01 5.662692566130000243e-02 2.121421964740000021e-05 6.434644668979999649e-01 9.446168068930000641e-37 1.303041191890000103e-22 2.432761346419999863e-35
7.026893615329999727e-35 1.671070785650000060e-58 8.147825438440000030e-29 2.568206139729999901e-34 4.436678556190000023e-72 2.162885915589999980e-51 1.905659627880000002e-07 7.429871888979999728e-01 5.538055597020000165e-02 2.016320645649999910e-01
6.466585308529999576e-01 9.596867632960000278e-58 6.073850018929999854e-53 4.434606036199999769e-34 3.887581322839999704e-17 2.667227699479999972e-08 1.947131803299999989e-39 6.059724696559999624e-03 3.472817177770000097e-01 9.117451064029999686e-13
1.837844199309999960e-07 7.600579899949999607e-01 2.882578308729999912e-06 1.883911765390000109e-45 7.353310682799999653e-32 1.268514162359999968e-56 5.278819465049999771e-29 2.399389436430000022e-01 6.119996736369999940e-28 2.233827568960000033e-17
