3.801407890300000245e-30 1.978483994050000139e-01 3.424843552570000203e-68 6.084631056430000323e-02 1.526882166090000048e-01 2.371173604389999926e-44 5.886170734210000033e-01 1.646709109800000076e-46 5.389877514720000322e-13 8.295076707820000060e-13
3.102241548110000191e-01 1.033535076500000032e-27 6.842517722240000211e-01 1.852957841529999889e-12 6.246489426179999849e-49 6.027085470470000303e-09 9.156711652700000078e-19 7.046635945540000023e-31 5.524066936109999632e-03 8.552854406139999979e-16
1.546529639239999907e-22 1.404053826140000087e-19 5.891841467889999961e-01 9.313226499969999572e-02 1.659587188590000042e-19 4.300367646720000036e-20 3.176746681150000029e-01 8.920096366890000489e-06 4.337645416850000041e-13 6.586881785700000277e-33
8.513774616199999847e-77 6.601166420249999591e-28 2.979189647390000263e-17 2.986076274570000081e-28 8.395911834260000317e-02 6.284473598529999871e-26 7.406472956459999590e-01 1.753935860120000023e-01 1.870402396709999983e-34 2.277437137470000157e-36
1.034369179680000065e-06 5.451328718190000297e-17 3.554816789129999821e-07 5.800214620289999568e-01 4.631687586089999809e-19 4.199771481199999767e-01 4.719570149070000055e-37 1.686533756499999984e-22 3.385417337330000078e-32 1.170490544700000057e-55
4.775926224999999993e-30 3.419071391629999797e-25 3.534249077249999936e-18 4.949309576660000230e-25 5.745856858719999849e-02 3.495141053060000175e-12 1.390161495259999965e-06 4.893183071719999777e-01 4.088646325990000219e-01 4.435710147710000134e-02
1.137089407499999934e-20 4.321199633500000248e-02 4.119126597519999886e-43 5.356147697690000395e-32 4.036148280349999840e-01 2.017907708459999998e-22 5.515040827119999885e-17 1.336709237639999895e-13 1.733664295859999933e-30 5.531731756300000136e-01
3.693021032749999841e-05 1.978165441080000020e-16 1.579286148990000083e-01 3.482117112380000122e-03 1.611812866080000045e-02 3.261029019800000261e-01 7.660184764779999467e-12 5.935996499520000048e-21 4.963313071300000101e-01 9.020555438159999712e-16
3.641412486750000149e-02 1.078265673169999939e-01 5.632916183380000086e-28 4.621660960399999740e-01 3.352524322970000149e-08 1.219517833470000088e-03 4.467294011510000024e-02 5.282830913640000024e-12 4.405547360430000191e-03 3.432951729359999815e-01
6.933493015790000033e-11 9.981397344499999714e-12 5.748360348220000164e-05 1.178162945380000022e-13 1.167594269359999924e-06 5.546643414580000320e-01 3.413537615940000192e-04 1.513026042300000050e-12 1.505648793459999912e-01 2.943707741559999924e-01
9.979989014289999342e-05 1.057409904319999995e-21 3.469415652859999891e-24 2.585133328790000039e-64 3.817954239840000297e-20 6.098043649869999694e-01 1.307733244060000068e-64 2.738894527549999847e-01 7.617972254939999599e-34 1.162063823680000024e-01
1.219311312020000036e-33 3.787534328729999974e-18 4.210617198429999845e-10 2.642120307070000076e-16 2.026861663610000086e-01 3.575311778899999959e-01 1.296764856960000030e-08 4.397826423599999757e-01 2.824350876640000094e-26 2.920870645580000004e-30
4.998777846410000225e-01 5.778810468650000556e-29 1.460284012629999917e-04 5.776903110199999903e-05 7.340379551349999425e-36 4.999184179269999806e-01 9.719049092419999733e-44 1.680430221830000023e-56 1.105073201599999951e-17 8.846525336829999630e-44
3.016982808340000141e-02 8.488169113750000586e-17 2.084857660680000113e-01 5.704571468289999503e-01 1.757976080810000127e-48 5.993635025579999935e-15 2.397993230630000026e-04 2.639110770120000018e-45 1.906474596970000046e-01 8.139781607410000499e-17
7.082833144509999563e-27 3.953972871320000236e-74 6.626636973739999663e-09 1.248489101690000036e-37 7.744933022129999456e-01 2.253416152009999895e-01 1.436161061379999951e-75 1.638802477499999993e-19 1.650759596109999973e-04 2.156121806899999964e-26
1.138268426749999979e-01 1.218606108730000033e-02 3.271069056600000242e-14 2.496921153909999799e-03 5.724923913000000417e-19 9.562746419369999956e-08 4.755938566490000019e-01 6.386578575180000295e-06 2.041565718480000124e-01 1.917332643809999959e-01
1.078285786240000067e-37 9.865924824969999748e-12 1.986262204140000060e-59 1.507037376339999957e-01 7.381733426169999612e-01 1.842388351099999959e-65 1.111219870529999987e-01 2.838758193579999842e-53 9.326867650670000285e-07 2.273365893570000040e-19
5.581802416619999763e-01 1.427078692690000043e-33 4.925966373759999738e-17 8.401198449349999342e-05 4.237240047719999870e-23 2.556082479010000170e-04 1.694630656349999981e-49 6.337484732510000021e-84 4.414801381049999751e-01 9.640357829889999851e-27
5.386002687610000481e-29 1.937245440280000088e-28 2.868294058669999813e-03 3.790083284960000243e-01 3.031603384770000052e-03 6.150917740600000405e-01 5.609175375059999896e-49 6.898126494750000168e-18 1.016014247850000010e-55 7.805672060820000495e-120
4.804051448119999734e-01 1.507810067739999982e-01 1.842776528949999906e-06 1.451427587609999958e-01 5.050587471340000218e-08 2.236691963699999897e-01 6.803487214040000393e-37 8.231657324870000433e-27 6.346815948090000157e-45 6.408482691499999923e-45
1.797547148630000005e-28 1.020422325279999929e-20 3.112943516689999912e-01 3.038924632769999840e-04 5.140236907170000341e-02 3.952482425019999829e-19 2.045571512920000001e-01 1.133107853710000057e-01 3.191314501329999831e-01 1.359071653799999936e-19
6.771284446610000501e-07 1.420829401589999985e-01 6.310632408659999353e-08 2.486070478359999891e-01 2.544444786260000035e-01 1.453760606229999982e-26 2.091202488970000055e-05 3.190450937279999954e-01 1.988542352260000076e-02 1.591336386840000103e-02
5.229329534740000396e-01 1.748131022219999941e-29 1.538827303770000094e-49 1.438561558459999958e-26 2.476057344989999838e-16 4.054655039349999671e-28 3.090310459869999827e-71 1.064707985769999977e-57 2.458459859490000066e-01 2.312210605770000094e-01
4.580089335909999781e-01 3.755083960760000061e-02 5.811872881369999815e-04 2.075960097240000101e-20 1.229639311380000000e-36 1.596361628509999908e-01 2.127512771159999935e-07 3.441395693079999929e-01 2.804016435759999938e-24 8.309460332719999513e-05
2.024766665630000073e-01 7.101969405349999934e-20 1.065523619009999935e-21 1.661817488589999911e-42 1.300129075409999901e-19 4.350823338149999997e-01 1.177427064430000051e-56 3.066390767970000149e-14 7.639618694830000194e-21 3.624409996219999930e-01
1.105478571520000030e-53 2.193987949159999922e-89 2.955390197249999937e-44 3.610580202979999671e-55 8.436019435180000602e-52 3.888978891690000052e-77 5.897670254859999737e-31 3.108612469939999811e-66 1.000000000000000000e+00 6.206697388540000194e-14
5.777313603289999622e-45 1.171690757850000066e-27 3.857541487949999737e-01 2.799539062060000081e-06 6.141055124869999604e-01 5.143041225660000429e-13 1.734589312950000035e-06 1.358045884800000030e-04 6.269471760890000129e-23 4.971253020249999869e-51
6.422949022840000086e-43 1.666502309569999896e-01 7.308515557619999521e-35 2.032862473780000019e-19 1.590179366449999965e-01 9.111366888239999785e-28 6.586457372250000412e-07 6.743311737520000237e-01 1.289260830070000075e-61 2.295096806849999970e-33
5.994310435939999786e-38 3.751683901939999954e-104 7.514356238139999755e-01 2.045273229520000135e-57 5.827376420329999917e-07 1.112589488400000031e-04 7.244091248239999798e-75 1.370173243399999963e-27 2.484525344999999885e-01 2.109991614059999938e-22
1.655705311999999944e-09 2.647167205840000037e-44 5.013218676849999778e-01 1.097737394429999995e-26 2.092721517109999939e-22 7.809402714209999746e-04 2.667131833660000170e-40 3.521694638120000071e-27 4.978971903880000105e-01 4.889709545989999860e-14
1.163106094430000012e-32 1.592442510389999946e-07 1.530709824990000072e-05 2.450353661219999927e-03 1.872326692200000045e-06 5.892138365489999474e-01 9.478219102189999485e-04 4.073706492099999910e-01 8.230248045750000484e-46 5.466510131529999914e-56
7.860076995450000455e-18 4.384718653619999740e-02 8.499187538419999712e-40 1.003107010890000015e-23 4.032834378360000138e-01 1.186521052439999951e-20 4.869551144849999879e-14 1.687104006410000059e-19 1.047622963220000010e-21 5.528693756279999816e-01
7.810534962350000043e-11 2.018115266910000122e-13 5.705208433670000412e-01 4.294776398399999806e-01 1.549163596140000124e-20 8.474713574549999573e-09 1.508229034789999985e-06 3.502980027899999736e-32 1.109740216619999987e-11 1.189654879769999944e-27
5.651476887800000484e-29 3.816173854319999909e-21 2.855038882229999908e-01 5.881781403900000423e-25 2.920434043829999815e-04 4.171011756400000128e-07 4.992895382990000241e-01 5.938403874969999898e-09 8.124220134439999463e-02 1.336719056890000035e-01
6.751885178859999819e-13 4.016417789730000049e-02 1.067300211320000017e-50 2.976192856369999987e-02 2.177276982440000119e-01 1.160036291580000052e-21 2.307208215029999954e-01 9.435796110480000203e-64 1.416386935110000023e-01 3.399866802809999866e-01
2.633840464400000192e-01 4.300401271189999825e-15 5.595932616790000314e-01 1.497708875210000123e-01 2.272847240810000111e-22 2.724399806329999910e-02 7.553940460799999534e-13 1.955703926410000100e-30 7.806296057799999436e-06 2.385985359350000162e-21
1.775832945200000020e-07 1.062012913080000048e-13 1.909878284790000047e-01 3.127042984949999771e-01 2.908547940099999729e-01 2.311821974270000107e-03 4.167290191200000200e-13 1.278505392709999922e-09 2.031410781790000120e-01 5.874797047309999961e-16
3.721654192620000027e-62 5.366097913869999723e-54 5.478263362090000088e-01 1.876339565619999906e-26 2.514474692779999909e-01 9.612061232130000442e-26 8.606735945880000219e-15 2.007238689370000051e-01 2.325575935800000034e-06 1.527458490129999934e-29
4.083567187809999943e-01 5.268847631519999825e-31 2.712873402020000071e-05 6.554004811299999938e-41 3.137128450750000241e-01 2.565176696199999995e-01 1.426995718709999865e-76 2.071092166569999879e-02 5.620641878160000022e-11 6.747160680989999727e-04
2.493650373550000132e-01 7.494849051219999447e-01 7.103157077569999564e-26 9.310862040429999666e-20 9.457476116349999792e-64 3.464187217890000055e-24 1.736732016770000087e-06 5.281208126979999711e-35 2.179340235900000147e-25 1.148320790759999998e-03
6.007462513729999731e-01 1.448851854600000052e-08 3.992537306989999979e-01 2.081916783340000124e-09 4.946999592300000044e-23 3.108586108400000108e-10 1.082161044560000037e-15 1.044021461309999907e-09 9.247619514429999349e-15 2.399331457299999834e-12
3.034816035519999899e-01 8.553351851310000217e-34 6.817930991620000380e-01 5.851773558610000410e-09 6.153056012190000233e-58 4.869199779539999648e-07 1.464198583019999902e-26 2.101720619910000083e-41 1.472480451409999974e-02 2.506304109659999967e-23
5.240783804580000371e-01 5.059997551449999809e-31 5.465172583969999724e-14 9.986856236869999548e-30 5.490028222429999820e-54 3.648087239350000060e-29 2.557533695020000168e-38 4.437208092369999855e-29 2.618346661329999936e-01 2.140869534100000027e-01
1.068617831979999933e-01 5.627683859759999851e-01 2.703576521000000174e-58 1.954317004390000049e-20 3.366274806310000071e-29 1.977423959579999982e-26 1.553299822169999898e-20 3.077214772030000154e-41 6.022406402599999999e-24 3.303698308260000216e-01
5.104302746560000076e-02 1.165373591809999998e-01 8.025988356440000615e-30 4.314047066109999995e-01 3.004079159560000121e-07 3.864458607390000035e-04 6.333516472840000633e-02 9.643354951339999294e-44 1.884691234389999914e-02 3.184460834010000019e-01
3.349494071359999877e-32 2.940139705539999852e-23 1.609179466979999973e-01 5.583584062750000355e-28 2.394682816979999962e-01 3.933755778690000149e-01 1.695237793400000137e-01 3.667979669830000178e-02 3.097405489570000010e-08 3.458672367189999662e-05
6.656856872720000028e-46 2.503498576740000140e-56 5.572582763129999561e-01 3.355094199839999962e-68 6.039159148489999785e-15 1.090217842359999978e-05 7.244420368070000638e-18 2.950394365680000242e-01 7.208246605779999698e-03 1.404831383350000074e-01
9.218748944950000412e-02 6.417763851309999702e-06 4.545754686400000088e-11 3.201814916359999876e-24 2.969930557390000073e-15 3.301519932329999851e-01 1.783153647130000104e-15 9.602369132759999704e-02 5.886200628880000234e-18 4.816304081800000247e-01
8.822885046830000066e-50 1.168718344219999986e-21 2.533898211989999982e-01 3.896476454169999770e-01 3.569442133969999986e-01 1.831998577390000035e-05 9.983394228440000206e-24 2.301847909339999899e-20 4.823550090759999939e-69 3.749989153800000164e-144
2.092897427699999965e-10 6.537666510420000396e-06 1.429984059219999916e-12 1.025130876260000076e-11 1.726882814129999943e-01 3.564049048929999741e-01 4.330579874969999743e-01 7.971085274609999651e-19 2.559550378950000193e-06 3.783972875910000117e-02
1.630724602199999944e-04 2.721290283050000203e-01 2.626646527900000136e-24 1.155805262769999953e-01 8.491040526579999793e-10 4.217430792129999990e-09 2.558893288810000222e-01 1.496845534349999984e-15 2.562331094309999724e-01 1.000049295789999931e-01
7.969207987199999709e-32 4.452671831359999999e-01 1.370584327150000014e-59 5.106584771549999481e-29 5.449628665600000358e-87 8.716417408590000513e-88 5.547328168640000001e-01 7.202554758759999986e-15 1.711484698950000040e-64 2.722305859109999988e-24
7.590344150069999686e-25 3.494252353640000053e-16 5.653502306140000035e-53 1.000000000000000000e+00 1.297317721049999938e-44 5.144008684149999806e-38 8.560530449400000148e-37 2.832887080209999955e-89 1.945231568109999959e-60 1.571535282540000111e-91
1.199793095850000026e-03 1.375304909109999871e-23 2.862475024690000091e-20 6.862533330989999931e-23 1.063081857340000041e-17 6.870871558629999543e-01 1.969206971500000083e-32 4.959478928339999663e-34 1.134804960230000048e-01 1.982325550179999951e-01
2.175864691930000119e-31 6.526149140050000388e-07 1.928487519329999955e-01 2.292315546530000004e-10 4.855146184870000289e-10 5.513503169250000280e-01 2.558002754320000127e-01 2.380066426229999921e-09 1.634403208210000076e-44 4.385540339759999877e-40
8.751251654969999566e-19 2.522076248519999821e-25 4.787335872730000275e-01 1.761462467870000077e-29 5.959240895510000067e-34 8.954139790490000388e-07 2.581675306289999902e-02 1.164766238530000014e-05 2.878617975759999864e-02 4.666509368310000072e-01
2.301041715820000000e-01 2.386019145739999991e-19 3.406203886329999819e-01 8.133390327920000411e-33 2.575788892759999782e-01 1.177142864350000026e-02 6.883087324660000713e-52 1.298669991910000043e-01 4.931253954160000306e-11 3.005812262580000171e-02
3.368448394529999779e-01 4.986245103159999660e-12 1.741598754420000106e-29 8.805975402820000641e-15 5.689428919119999817e-01 7.629353404720000124e-18 2.362635282840000105e-42 2.860289328799999953e-09 1.754422126630000080e-05 9.419472154930000340e-02
1.131691064920000067e-30 8.127785946789999573e-31 2.132431563510000117e-03 3.743339834319999726e-01 1.004547977940000066e-02 6.134881052259999468e-01 1.463972929859999927e-50 9.693227482429999898e-60 1.195408254729999943e-53 3.211334192249999862e-125
5.249270505239999673e-22 6.314061162669999998e-16 2.456156816720000136e-01 6.464101959349999912e-13 3.548926875889999841e-36 2.718381638659999979e-08 5.421977672559999961e-01 2.121865238879999949e-01 7.368036227270000143e-20 2.467715958399999839e-25
3.053931013889999992e-18 3.689962736869999995e-05 1.500870924620000148e-11 1.238911671830000005e-01 2.371934610679999889e-01 3.226166289620000000e-45 3.057010644300000024e-01 3.331773764759999867e-01 3.120008410440000211e-08 3.315776611130000182e-13
4.729174988129999840e-21 3.557481267660000145e-12 1.781713089800000041e-54 2.632821437799999775e-01 7.367178512180000416e-01 2.459218160530000051e-37 1.151433792439999931e-17 3.172691357790000285e-54 4.998815242740000007e-09 1.206609994919999908e-21
1.474431992730000085e-01 3.038004649889999853e-01 1.796565022189999916e-21 3.054077476340000263e-01 4.598545301310000035e-42 2.433485513829999891e-01 3.672015558710000309e-08 1.117365694670000059e-56 8.143021832890000458e-27 3.522918194199999741e-26
9.435858540679999448e-40 2.343203812690000110e-01 6.763469872530000373e-18 1.995099898009999873e-02 1.951044174849999868e-01 5.506242022239999923e-01 2.869681973949999866e-15 4.108001183849999938e-11 9.212248356350000154e-102 1.325565948340000054e-101
4.701371404359999963e-32 2.461716298889999906e-88 9.999854708059999764e-01 9.138611090250000156e-50 9.026276211270000477e-49 1.452919424640000055e-05 2.652621908859999930e-76 1.312210856199999957e-35 1.000554780109999975e-33 6.628044167630000249e-65
5.070649958909999588e-01 2.229070448060000197e-15 2.146882075740000062e-01 8.168979629429999614e-15 2.069893229369999925e-71 1.207428349089999983e-33 7.508174154430000309e-03 3.071413880069999951e-12 8.569966030310000038e-02 1.850389620740000018e-01
5.949996203610000294e-29 2.933398923129999934e-23 1.001590229420000041e-26 2.128627040539999995e-45 5.669040330650000348e-01 4.330255235830000049e-01 3.415109580639999913e-27 5.354576338770000010e-19 1.622163929190000082e-20 7.044335207879999603e-05
1.416312018240000071e-25 3.415904406450000247e-24 5.920469166120000404e-01 1.025491034719999972e-01 1.685649709400000092e-24 1.444617699160000068e-22 3.054039367799999960e-01 7.510108488389999970e-39 4.313642047279999856e-08 8.263184726290000769e-34
6.866964829030000159e-30 1.257825946049999911e-12 2.118777674459999863e-46 4.425011161240000170e-11 2.462688492060000154e-03 5.848487893780000184e-99 1.906613380999999940e-01 4.066394414280000147e-03 4.026663554500000131e-01 4.001432234980000224e-01
3.235190210920000180e-10 1.519505807779999946e-15 1.906888361050000091e-01 3.119251287259999783e-01 2.901125267679999786e-01 4.512450595830000237e-03 1.191739716009999883e-13 1.346193478729999917e-41 2.027610574819999900e-01 1.905025670930000058e-17
1.304839156959999947e-47 5.178922534550000067e-01 1.396343724530000021e-155 5.539545573929999684e-23 8.326396749259999674e-02 1.689058978899999983e-102 8.979586509340000203e-03 3.734567579430000111e-32 1.089697688640000037e-23 3.898641925429999766e-01
3.845955301369999857e-01 4.729951743740000214e-11 5.746605988270000465e-01 1.617240305079999939e-23 9.188830959410000153e-19 2.995039738629999906e-02 2.975791774740000162e-44 1.079347360249999915e-02 6.532544047560000398e-37 3.612597802199999782e-23
1.988943957059999954e-34 4.436102082139999884e-26 7.609427799830000005e-02 1.622996030780000066e-19 3.995637027350000151e-26 4.940815599039999895e-01 1.380216124599999972e-16 4.298241620980000066e-01 5.010955190109999869e-43 7.867247881510000472e-54
1.483123594280000030e-04 1.078153970290000050e-21 7.786053191769999440e-24 3.355333449470000131e-65 1.193744919699999987e-19 6.097624478880000476e-01 5.532352903659999775e-64 2.739400895929999802e-01 2.091805030179999970e-34 1.161491501600000059e-01
3.539657442370000096e-08 5.747473788210000212e-03 1.538490039680000115e-10 2.251458431670000111e-03 1.637820325600000126e-01 3.033138094930000195e-01 3.490261523750000094e-01 1.210885973470000043e-01 8.287547451300000118e-03 4.650289300270000342e-02
2.183895841520000047e-04 4.832691886819999927e-21 2.734597694440000012e-21 6.104156862689999950e-69 6.369317761279999528e-16 6.435643999069999843e-01 8.005515227739999982e-81 1.496584905139999866e-01 3.334103945180000123e-36 2.065587199950000008e-01
1.679725967270000015e-11 8.068240251130000141e-16 2.082797855009999897e-24 5.652826072840000382e-01 2.009448919589999960e-12 5.116106919379999858e-24 1.078824552279999939e-06 3.466444311590000000e-22 4.347163138730000265e-01 2.304959231079999910e-13
1.068617964770000039e-01 5.627683771970000137e-01 5.934232463569999814e-59 6.454961640499999889e-22 4.559140849229999644e-31 6.568399237850000360e-28 1.260267616699999945e-21 1.508277572710000094e-10 1.465010596380000139e-26 3.303698261749999920e-01
5.020670055020000286e-08 1.274214759020000087e-01 5.475709987149999702e-26 1.413593263639999938e-25 1.077880827550000080e-30 4.997369593920000241e-01 6.277745135560000198e-54 3.728415145000000264e-01 2.623776071929999982e-111 6.769189434770000567e-52
3.283821245700000019e-24 6.462159504810000010e-01 5.711918896579999649e-47 2.524921429520000090e-26 3.381555606530000091e-01 8.000953861450000288e-19 7.811286262070000395e-22 1.562848886649999963e-02 5.504222080409999986e-52 1.538083601580000011e-19
4.391269262080000282e-34 4.815049990169999712e-66 1.416561835369999911e-01 1.460569850339999929e-65 4.717447939360000051e-15 5.221709371299999569e-01 1.211193801649999936e-26 2.014802860719999977e-01 2.511681912060000077e-02 1.095757741399999985e-01
7.376793269629999692e-14 2.918847317709999954e-24 1.956815701359999882e-01 3.122433661340000000e-01 2.903439981000000003e-01 9.428764236419999965e-04 2.753396256370000072e-20 4.543511852760000354e-52 2.007881892060000006e-01 6.569366155510000348e-26
1.435056407020000013e-07 1.889327796710000007e-01 2.373378273600000123e-22 1.549501379589999928e-34 2.940710075199999829e-01 4.399821015809999847e-01 2.934402557649999773e-29 5.035785254860000032e-02 1.727883870959999905e-34 2.665611517379999976e-02
3.078957664160000274e-01 2.676263353019999855e-25 6.833805871020000033e-01 2.138372133119999985e-11 5.785805640550000172e-49 1.875379413460000079e-07 9.979826645330000310e-18 3.872290234829999954e-30 8.723458923120000486e-03 2.313486638219999919e-15
3.721062748719999760e-23 4.084797905680000008e-14 5.182145226690000445e-25 5.162132758730000326e-01 4.837867241270000229e-01 1.227650047919999978e-13 1.741364533839999872e-23 4.710867189940000252e-33 7.079060197149999581e-32 5.697336201740000068e-53
2.837210969380000055e-10 3.085217437060000185e-13 5.705208961429999448e-01 4.294780865380000145e-01 3.316806650640000260e-20 2.191941306840000101e-09 1.014812919319999909e-06 5.585525954140000161e-32 3.041133343270000277e-11 2.019027043480000140e-26
1.975648725870000053e-05 8.675533934160000254e-24 3.261210968699999974e-07 3.295509376710000216e-01 2.997419418699999727e-01 2.351627802729999994e-01 3.446277695309999806e-28 6.728171846299999566e-52 1.355242575770000124e-01 4.375068685020000030e-23
3.690970971730000300e-02 4.194023754590000251e-04 4.654497719510000031e-40 1.134381190950000014e-03 1.239716729699999985e-02 1.604103521709999980e-01 3.275989387879999936e-12 9.267049347300000796e-47 3.837676248740000129e-01 4.049613623709999999e-01
2.895477772110000074e-28 8.350085151939999579e-11 1.879273011289999923e-06 2.930001824669999942e-21 3.625502825460000245e-01 4.720698649469999841e-01 1.653774226799999969e-01 5.504542348549999956e-07 3.830562294429999914e-20 1.651301990109999976e-11
3.865685636130000168e-06 3.344660210700000080e-01 3.251662422150000120e-01 5.842732884419999763e-27 3.440321184220000216e-42 2.224935033630000185e-09 1.857100980660000011e-01 4.921296751100000255e-02 8.438714704529999937e-25 1.054408032279999935e-01
9.040624613239999143e-50 3.819539976900000097e-21 2.534312196779999748e-01 3.896369953109999895e-01 3.569296585580000181e-01 2.126453642960000106e-06 2.599353740709999765e-22 7.752098957110000441e-20 1.291422325610000059e-68 8.605309945609999293e-143
1.115912109200000064e-56 4.754703047540000262e-31 4.435930076569999865e-49 1.583488763889999930e-52 5.719332383250000192e-16 2.386636724969999809e-66 6.426275099210000278e-09 5.755648057879999557e-01 4.479090251289999873e-14 4.244351877859999789e-01
9.926091532970000020e-06 7.217155889059999996e-12 4.733784146900000406e-03 1.217986921400000115e-10 4.203889368959999873e-01 6.873455937550000412e-04 1.550510934490000101e-33 5.741800071429999930e-01 1.394527080159999865e-26 1.395625319120000075e-31
2.184413087640000051e-54 3.610052994780000259e-29 4.612156229809999952e-01 2.638614694700000088e-20 2.038578952960000082e-23 2.633451256879999870e-08 9.118885242929999219e-03 5.296654654410000163e-01 1.816617014410000023e-38 2.181398626160000132e-52
4.509856986099999796e-54 7.423708375670000045e-29 4.626375038659999994e-01 1.511773184120000145e-20 5.191215945830000234e-24 3.474127248950000328e-08 5.818728249289999675e-03 5.315437331429999634e-01 1.293628359340000022e-37 1.052334346239999985e-52
8.424722468850000257e-02 4.035369718299999797e-02 8.672370710289999898e-29 1.505046187559999890e-17 6.221239245510000409e-37 6.793940270659999720e-23 1.375084874110000093e-07 6.800550938380000021e-01 1.324079430319999962e-17 1.953438467820000080e-01
2.097365249590000063e-18 3.035269491899999831e-23 3.159742799820000059e-01 2.035389991350000094e-01 1.723210399529999937e-01 2.772209993369999867e-08 9.681832375700000293e-14 6.680815918329999663e-37 3.081656532079999899e-01 1.832072771560000017e-23
2.798819398500000059e-09 2.891031524050000079e-03 7.604297537580000085e-09 4.968335451900000393e-09 1.957805731330000132e-01 3.461904803220000049e-01 3.683086959770000002e-01 3.602163070659999927e-22 9.691774870569999775e-05 8.673228592319999486e-02
6.297803162570000140e-21 3.301170937140000014e-19 2.463639161550000144e-12 1.358194455310000048e-01 8.561186308690000514e-24 8.196956827439999561e-35 3.111313525280000047e-01 2.875954586360000072e-18 5.530492019380000013e-01 1.140162691949999923e-18
5.357353513539999728e-21 4.699460957800000172e-01 1.144775240880000065e-05 2.573706663199999967e-01 2.699263750900000036e-01 1.745239024230000051e-13 2.228283407639999957e-19 2.745415057069999949e-03 4.129244791030000184e-56 6.437608090889999612e-60
6.218150985520000103e-13 1.236544441560000068e-01 2.460253353489999947e-32 1.434517792580000117e-01 1.332230633109999921e-04 2.550585263299999893e-20 5.690171324360000504e-01 1.079729948049999974e-20 6.366075262829999637e-02 1.000826684570000069e-01
4.810487125640000028e-01 1.303818166369999920e-01 6.853689236360000482e-07 1.650019367730000130e-01 1.411073661040000024e-11 2.235668486429999990e-01 1.156879995249999998e-36 2.472005736379999894e-27 2.637697330899999864e-45 3.202827132119999941e-43
5.165218598559999800e-12 1.034901382749999967e-16 3.840453707290000046e-23 5.652825089909999656e-01 5.726791568980000208e-12 2.494488127900000073e-23 1.211927063340000097e-06 3.599181509209999874e-63 4.347162790710000224e-01 1.401772077820000052e-13
3.401016922890000280e-39 3.613443876120000161e-49 5.831846659739999827e-01 1.269920066550000011e-21 4.168153264350000220e-01 8.425847989320000001e-10 1.926411416939999911e-31 8.518092791840000339e-34 6.748353119159999752e-09 2.936515023639999939e-34
3.499242334179999770e-14 2.569884605649999897e-17 1.154610417050000020e-14 4.874690088770000188e-18 2.052459356069999924e-39 9.687878133759999768e-23 6.473288685200000447e-01 4.765198083670000131e-08 1.781042084970000106e-01 1.745668753300000098e-01
1.550039793220000005e-56 2.539426894320000133e-17 3.232780725029999851e-98 6.931053866239999492e-48 3.467346415690000183e-32 2.237865818760000121e-125 2.423528173529999885e-01 4.965677916969999676e-40 1.318780506520000089e-24 7.576471826470000392e-01
1.588974810240000113e-07 7.469059213589999968e-03 3.970882960170000067e-12 1.753590144570000035e-03 1.614998257889999900e-01 3.013463979970000262e-01 3.474613428509999991e-01 1.266894264129999892e-01 1.853240543920000108e-02 3.524779324979999962e-02
2.948291159770000201e-03 1.440009659110000062e-01 5.938661391080000320e-47 6.947692097430000231e-27 2.862048875170000173e-01 1.160541928499999943e-07 9.059295824720000608e-39 2.444109544670000078e-01 3.468716186620000093e-28 3.224347848910000258e-01
3.849661257679999893e-01 6.586291119680000616e-11 5.752706818959999469e-01 2.412384289080000092e-24 1.515717047199999990e-18 2.934672010909999962e-02 1.209051335470000057e-45 1.041647216069999972e-02 2.514235683649999930e-37 9.827815364499999741e-24
5.000321634829999473e-01 8.832755227789999904e-10 1.296801242809999928e-21 1.400195260470000086e-50 5.083801559469999679e-61 4.999674723120000053e-01 5.401889481640000363e-53 3.633213505800000142e-07 6.456777041429999496e-70 1.428399939800000115e-19
4.287999554619999865e-29 4.965038130800000427e-63 5.748507546590000405e-01 8.533070787369999378e-31 3.340095973339999857e-01 9.044825244599999370e-02 6.458129318669999963e-55 1.342027660739999989e-35 6.913955605349999568e-04 3.451097007370000334e-30
2.012659151430000077e-21 1.069069612270000041e-41 8.962341063430000199e-02 2.745322823169999898e-51 5.922884876089999917e-01 1.673447625789999902e-14 1.889732070669999876e-44 3.219102198750000018e-04 4.363895341119999781e-06 3.177618276410000275e-01
1.970380116699999849e-09 1.203010761639999922e-08 2.122723401180000107e-05 1.110162484180000054e-07 6.122323318979999873e-07 2.374373178139999874e-01 2.257006853630000032e-01 3.645489784589999727e-01 1.711606238870000130e-01 1.130429993740000080e-03
1.641777725099999989e-51 2.153593817420000018e-89 1.950908049339999950e-02 3.686231469390000149e-90 1.304514847069999928e-02 4.265934501629999875e-01 4.926035829419999786e-41 1.385841424979999958e-01 1.920863228659999977e-01 2.101818555090000096e-01
5.721145099319999680e-70 9.300929682429999714e-93 1.515443263089999992e-01 3.062738268070000172e-95 2.569730016069999836e-06 1.503265702759999902e-07 6.142176783279999434e-26 4.763853258030000259e-01 3.544038795789999918e-01 1.766374825220000042e-02
2.512385121979999908e-12 2.604415662019999855e-01 6.712348526520000668e-27 9.095903443090000318e-24 1.337871477859999958e-74 6.801114915410000065e-39 7.853253391450000509e-02 6.610258998810000231e-01 2.575938453400000103e-38 4.270820670560000078e-13
8.423851399889999980e-01 7.005019518820000183e-08 2.361430724769999982e-06 1.919941363240000132e-04 7.020819131959999764e-37 1.968836043039999942e-28 1.547632729289999953e-01 1.072625466029999910e-18 1.925703387760000071e-03 7.314580767229999581e-04
3.073806158459999892e-24 2.951162636500000042e-09 3.309858725299999799e-23 1.674680087639999898e-25 3.706642404989999862e-01 6.293357565499999584e-01 2.798381557860000005e-19 8.454674997689999897e-20 1.114382226979999934e-32 5.516413404370000314e-16
3.652044436400000028e-04 2.217867383609999909e-01 5.276527813820000417e-19 1.582979256260000009e-02 2.264229520559999931e-01 4.537102121520000253e-01 1.577506395410000099e-06 7.853169828500000023e-07 3.634537236720000123e-03 7.824820036429999681e-02
5.897665363000000255e-08 1.566297748499999923e-14 1.683346776820000001e-01 3.183474868669999847e-01 2.804854927250000074e-01 5.997462830649999584e-03 8.480675534159999807e-06 2.474345797460000135e-02 2.020828822690000082e-01 1.023434147230000062e-13
9.734580994579999544e-31 1.764743608259999940e-09 5.790105771949999845e-30 3.989385692109999992e-38 3.213255333939999958e-01 9.512363099289999481e-25 1.145875041640000034e-11 1.813365872210000022e-04 4.165621868009999862e-26 6.784931282420000320e-01
2.301165465939999919e-24 3.214950441569999876e-15 7.228936553939999928e-22 5.218631839359999685e-26 3.307990471730000159e-01 6.023460770459999614e-01 1.482935026380000002e-27 6.685487578109999829e-02 1.350911984140000031e-31 1.025735421729999928e-21
7.765606542720000246e-11 1.230558610029999898e-19 5.674009393629999565e-01 4.325990213099999981e-01 2.297700793320000068e-26 1.868101825520000155e-11 2.616029817890000124e-10 2.997458699129999831e-08 8.994629684899999791e-09 2.274146730009999781e-28
1.235767804350000060e-11 2.447529874220000123e-21 5.705138029570000491e-01 4.294861873190000123e-01 1.933843133650000052e-26 4.114961266730000016e-11 1.049234881240000043e-10 3.098644150629999830e-40 9.566061509119999620e-09 1.650213478810000058e-30
1.765445280020000102e-29 3.073986202159999910e-11 4.257978489610000139e-47 1.800194862809999908e-10 4.017714050320000257e-03 7.987528137440000269e-99 1.915087673629999876e-01 9.921026288320000577e-04 4.017176105579999823e-01 4.017638051890000117e-01
1.541332651930000089e-14 9.685853712580000410e-06 1.111156403890000005e-01 2.161697746540000091e-06 4.894590801029999882e-01 3.189136490649999872e-13 3.568024661409999726e-21 3.994134319559999868e-01 5.862149345489999745e-31 7.447620779559999734e-32
3.569536549780000234e-01 3.239044654919999862e-14 5.840641097759999845e-01 1.420507761970000127e-23 2.178456536600000157e-52 8.771194093390000597e-25 5.832783648610000326e-13 5.302056165120000442e-04 3.245179490200000028e-09 5.845202638409999901e-02
7.763083859159999904e-20 3.531391239530000262e-04 1.864805729719999916e-01 2.871477288600000066e-01 1.099686798149999978e-01 2.442391054299999880e-10 2.179065042830000026e-20 4.160498789850000101e-01 4.217885737559999902e-54 7.570789946430000184e-61
3.622007335369999883e-63 3.380997333690000253e-54 6.404355654579999557e-01 2.566378865259999959e-25 3.595617799420000038e-01 2.607579664189999940e-25 5.637241842200000275e-15 1.828958828089999982e-29 2.654600595739999854e-06 1.075567243970000056e-32
9.985295688949999847e-53 4.147840454460000302e-58 6.587758625849999620e-42 4.516003403679999956e-57 1.288097918880000001e-50 1.717369887990000071e-52 1.378031833829999917e-10 1.695489128240000107e-41 5.014924761100000294e-01 4.985075237520000258e-01
3.463472317619999963e-01 2.040746300139999963e-12 4.611838979530000210e-05 1.574869478669999913e-03 1.045189358609999993e-06 6.431112316160000307e-15 1.280977496790000107e-16 5.497630088189999764e-01 1.022676595669999994e-01 6.679186479219999459e-08
6.258891328550000299e-01 6.858434638520000224e-06 4.777455444970000263e-06 7.899739591979999809e-02 6.141941568230000074e-45 3.348714445940000146e-32 8.674210259350000063e-02 2.082649020969999931e-01 9.461089320540000088e-05 2.197508294100000069e-07
4.810401283170000215e-13 7.452711757060000324e-09 4.174011342599999626e-03 4.793296159939999989e-12 6.802760972929999816e-02 3.687264646889999997e-01 3.446946593460000208e-01 1.740955016629999944e-11 1.304689778679999973e-03 2.130725576389999876e-01
1.017262050539999990e-02 3.135550262710000050e-07 3.307551607999999893e-03 1.593484774370000090e-08 1.608155329749999915e-36 6.751887328629999629e-01 3.113307629070000138e-01 5.291699110690000135e-17 3.781375835580000208e-10 2.248898185569999861e-09
9.890761828430000100e-24 4.033969214469999909e-28 3.894902313979999915e-23 6.553761612819999604e-13 5.561533309880000164e-01 1.700759548919999911e-22 5.113536106110000387e-19 6.093952918470000194e-60 4.438466690110000057e-01 1.753027527829999904e-15
9.624824338120000722e-41 1.081577198529999957e-13 4.007323070849999757e-24 5.098603530659999716e-01 4.886634213259999915e-01 1.654337581359999959e-31 1.476225608189999945e-03 7.140527790050000584e-27 4.437792562840000203e-26 3.053236061840000197e-47
5.517618193810000147e-45 1.546136423830000070e-43 3.894357645089999848e-02 3.408979709849999756e-51 4.634725181259999882e-01 1.975624974309999893e-01 1.298062130720000020e-12 2.578275600030000177e-03 3.107877646809999758e-04 2.971323446260000223e-01
8.837434774110000408e-04 3.327494769189999757e-01 3.247358766339999980e-01 1.760742845689999887e-24 2.177154158589999970e-41 7.909441135199999581e-10 1.961653073809999925e-01 6.029730035630000151e-02 1.331795861379999967e-21 8.516829444060000642e-02
9.174768958029999716e-49 7.005290256299999625e-57 5.655982702270000440e-01 2.876640786359999915e-67 1.359110512150000025e-14 3.337818397940000076e-06 5.048483769909999895e-18 2.729989523570000021e-01 4.637988764090000262e-04 1.609356407210000006e-01
3.409317280499999763e-23 3.014770940119999851e-16 8.473359714260000573e-53 1.000000000000000000e+00 2.700704174000000141e-44 1.610264860900000008e-38 6.119213624049999898e-37 5.754279029929999702e-89 9.579818111030000388e-59 1.861833282930000007e-91
6.062858785089999536e-01 1.077798580149999950e-29 1.972982697749999889e-08 8.619180238080000662e-27 1.632940475069999953e-01 1.289460386150000082e-01 8.306320373229999882e-54 2.501867796490000095e-12 5.853159425789999926e-02 4.294242137840000029e-02
4.862685127690000164e-02 1.603613026519999956e-18 2.344781846310000084e-01 1.052003677089999986e-22 2.519990190170000002e-66 5.095522856749999940e-01 2.742991116179999828e-04 1.012660730369999957e-08 1.445940028080000129e-07 2.070682245849999881e-01
2.893422607639999922e-01 2.153995569290000010e-20 6.687556732299999929e-13 1.334658263980000037e-01 5.576118142349999708e-25 1.742599390800000008e-09 7.788382500080000206e-26 2.717199319129999966e-59 5.771919110950000098e-01 1.426831338010000040e-18
7.655277663489999940e-01 9.364468968900000436e-29 1.232458861749999995e-01 4.361527077349999654e-25 5.376788436730000007e-89 8.751903605030000057e-29 2.683003100320000042e-17 5.037578348469999548e-16 7.214100586409999405e-02 3.908534161189999856e-02
6.212353035829999706e-13 1.865980399709999909e-14 3.162042260699999829e-01 1.990229126739999910e-01 1.732869606230000026e-01 1.200608517249999944e-06 4.465082851479999781e-03 1.177834660890000010e-21 3.070196171730000256e-01 6.073961009710000148e-15
2.161776590349999901e-31 9.955247793469999986e-07 1.928754811099999966e-01 2.705567631290000247e-10 2.613814920299999890e-09 5.513296147799999769e-01 2.557939030670000058e-01 2.633410862739999810e-09 4.007494604330000384e-43 2.628342152709999935e-39
1.326434651529999998e-53 1.069706889710000060e-74 2.949662423189999761e-14 5.352628339370000165e-60 2.778276382550000090e-01 7.618468491319999662e-49 2.281554418869999875e-37 6.857165240529999872e-01 3.645582317209999923e-02 1.451981042180000037e-08
1.010631512950000016e-31 7.790037678980000361e-22 1.611555198480000006e-01 5.164539375640000346e-28 2.395743307579999981e-01 3.933200830229999778e-01 1.696092014639999923e-01 3.632799899570000185e-02 7.529336786829999819e-09 1.285838320849999981e-05
1.811262087540000011e-13 9.101344216520000193e-16 1.577902367799999972e-24 5.652817559570000316e-01 4.411400404220000303e-11 1.575194583040000004e-25 8.938602024590000596e-14 8.201489346150000407e-33 4.347182439980000201e-01 4.568262326220000388e-15
8.858009093449999798e-07 4.328663900129999798e-01 2.497615021560000078e-85 5.283639665790000277e-19 5.203254367169999773e-11 4.695882867169999960e-36 2.619810849030000214e-29 3.349253833089999973e-56 9.629507298690000035e-21 5.671327241339999548e-01
5.068407213200000523e-60 1.924565913290000106e-35 1.530367766349999921e-48 1.884434644080000127e-15 3.438946127860000134e-09 2.660525851849999923e-87 2.418652588899999900e-01 6.832257359299999417e-24 7.581347376710000363e-01 2.752761543059999878e-18
1.060250024420000067e-20 4.273281445339999762e-01 6.251605435199999980e-35 7.777980081390000140e-16 6.972663986140000281e-08 1.862100444409999993e-30 6.495369492289999880e-02 5.072691322719999896e-01 2.722695677679999845e-21 4.489585440019999750e-04
1.596645191100000003e-12 5.219450785620000088e-02 1.569317494289999951e-29 1.988391869019999959e-22 8.977556114349999339e-02 1.181804861499999998e-01 1.021016883150000072e-30 7.398494448489999487e-01 7.661338576829999689e-51 1.210047529899999926e-25
4.233564939420000381e-25 1.130721094229999892e-19 5.931345022289999935e-01 8.854642731619999374e-02 2.722203723719999839e-19 1.215783988659999934e-20 3.183190704519999747e-01 3.484201916510000169e-35 2.472206082320000112e-12 1.433980383889999945e-35
3.518062502059999664e-27 7.365471608260000524e-02 2.279543951180000078e-82 1.071018229679999947e-24 3.758838809569999882e-21 1.132365732650000006e-68 1.132113634360000016e-04 2.043534200430000003e-01 8.927367397400000205e-27 7.218786525110000296e-01
2.484230601950000034e-02 3.936639771609999966e-23 1.023539911549999938e-02 3.593727993430000215e-45 1.631948174429999968e-41 3.032001577510000101e-01 4.304905574810000052e-38 9.721458942709999829e-02 1.056710881709999992e-17 5.645075476869999553e-01
9.828966939909999690e-09 3.874571853959999923e-01 2.088558433850000066e-08 7.651330203699999859e-25 1.501043298939999937e-01 1.486481899019999886e-01 4.729344157939999881e-15 1.805623267530000067e-04 1.472876337230000126e-23 3.136097017660000041e-01
2.003568758400000038e-01 2.877576283999999911e-03 2.270670708779999880e-01 3.668562975119999854e-20 5.588749186829999882e-01 1.221406310570000071e-05 3.247293801219999852e-23 1.074786054200000014e-02 9.709846065680000367e-22 6.348370938210000619e-05
3.071676909179999824e-38 4.041367007819999690e-36 7.671268952629999984e-07 1.810441079460000082e-26 1.695548800769999961e-15 1.814034634409999854e-15 5.097670476960000085e-01 4.862734090160000244e-01 3.958776052860000019e-03 1.081521332620000042e-10
