2.246495031790000007e-14 7.028448989760000466e-32 7.336935778699999767e-25 1.454530483530000084e-28 6.904328699149999831e-09 1.016266140009999939e-48 4.585910429010000011e-01 5.403192919760000379e-01 3.406109777629999936e-04 7.490472409620000001e-04
7.183829406990000168e-28 5.664738478849999883e-32 5.167034270339999624e-01 2.703227550810000102e-01 2.380942453289999964e-15 2.115709858849999996e-06 1.071043515340000065e-17 2.212717127409999930e-06 2.129694894570000052e-01 6.919497925750000279e-29
1.203369040710000069e-26 9.646767176929999831e-10 5.229800825499999473e-01 9.955161533209999636e-02 3.774683011159999935e-01 5.724591041419999830e-36 3.737854980839999882e-24 3.740099963850000044e-11 1.311635914449999927e-33 1.091799234179999935e-39
9.376344013490000269e-62 6.283776820969999566e-01 5.023034700340000152e-14 5.501019476130000121e-33 3.527479535110000178e-03 1.713796189520000062e-17 3.680948081809999883e-01 3.018662487930000250e-08 2.993978805080000174e-40 8.643757408869999498e-18
1.610450149740000000e-04 1.222134611449999936e-31 5.168159994159999826e-01 9.115274695950000501e-33 3.569189982669999696e-30 2.844849186120000067e-20 4.869465827489999904e-83 4.830229555689999899e-01 3.081452052639999920e-25 7.006481317630000338e-65
1.317182240339999921e-01 1.511674549490000057e-06 3.964488570369999820e-06 1.729366681700000019e-01 1.219544280540000012e-13 1.140087655659999952e-10 7.502357222119999947e-02 2.735615463189999819e-01 8.604822906279999500e-06 3.467459081559999823e-01
2.781636612580000167e-01 1.728756732900000037e-01 4.730069269469999726e-02 9.932104103890000480e-26 3.900205198780000283e-17 1.854923366890000010e-03 4.974060949410000210e-01 4.099257932160000024e-23 7.120598341540000039e-10 2.398953736689999911e-03
2.027307900230000118e-72 1.149330414500000045e-15 7.678909211740000407e-01 3.710386659549999752e-23 1.537048158289999999e-31 2.221078640649999936e-01 1.000121476100000045e-02 1.934990704629999972e-37 3.494532539639999996e-32 3.076599020529999909e-46
1.315612975180000053e-44 1.067651030880000041e-10 1.556687954390000053e-33 8.917175812580000245e-92 2.152657815410000059e-16 1.576328889009999956e-01 6.779830787309999505e-07 8.163496514500000467e-01 1.523902258319999939e-25 2.601678155940000126e-02
9.580178531919999595e-05 2.433405965299999949e-29 4.202519190469999888e-01 1.280243628000000133e-01 1.078172260399999972e-07 1.636962159049999922e-40 5.586451336769999554e-10 9.810099963040000426e-02 3.535268083620000112e-01 2.515183114569999866e-23
4.886906156270000023e-01 1.037223747120000032e-02 6.597480770609999532e-13 1.861589186409999968e-31 5.248316688340000400e-12 5.009371468940000405e-01 1.259570525600000014e-51 1.347135850620000021e-12 2.211011572380000075e-28 3.125710202810000107e-19
1.258136057440000058e-06 5.008168102690000456e-01 1.564567766149999872e-01 2.628770495989999939e-05 7.566248978040000552e-15 3.889272145179999834e-02 3.783310414579999915e-33 3.038061458219999955e-01 7.195052322479999609e-28 4.958592672670000336e-35
4.882508422229999959e-28 1.984761372179999971e-99 9.999999511639999783e-01 7.020399429500000513e-35 1.842647479500000032e-76 1.999401354730000018e-08 5.739944715999999990e-81 6.292662220489999900e-13 2.884155817799999927e-08 1.484186154409999988e-126
1.238810334609999965e-49 8.721000750929999613e-23 9.940594465240000510e-02 3.159150947860000186e-18 2.974963272609999960e-04 1.928650974439999888e-01 3.833621982750000101e-01 1.111521842079999933e-01 2.129170790930000057e-01 1.311425749129999931e-17
5.668121296070000037e-01 2.593504301509999885e-23 1.307411177139999991e-18 3.979114699550000242e-04 1.069033658889999926e-67 4.327899589229999844e-01 4.523522410140000385e-25 5.141090364099999791e-24 1.064320939819999982e-14 3.964482246679999773e-26
3.017956044290000098e-15 1.510398114999999966e-48 2.977718070970000122e-41 1.520206962469999947e-09 5.027749395980000285e-03 7.780316941229999498e-88 1.211925953149999977e-08 5.005430956020000544e-01 1.954450904009999990e-01 2.989840509619999809e-01
1.348045261019999996e-01 1.644973774519999932e-01 2.228291852469999890e-01 6.028525548740000377e-16 9.299468171439999742e-27 2.822160073250000109e-02 4.496473010520000146e-01 8.396208130009999471e-11 9.646583087989999544e-13 9.328632143920000541e-09
3.192440268920000188e-43 4.375316078859999763e-185 3.064623237100000010e-14 9.087046389540000469e-28 1.335987283169999978e-76 3.775424846130000281e-40 2.338292845320000183e-40 9.996125734150000146e-27 1.000000000000000000e+00 4.254519812910000369e-93
4.883360691229999828e-01 7.239649246810000336e-22 3.487231510659999922e-01 4.569508266440000315e-14 4.637962052039999956e-40 1.620116480759999922e-01 2.838885387909999839e-98 9.291317353159999617e-04 2.132652973630000139e-30 6.178223322500000000e-76
2.128398298320000048e-01 2.610074124229999973e-02 4.258541419760000224e-01 1.030022894140000015e-44 7.472593968110000745e-12 3.352052869420000247e-01 3.591905641389999990e-33 2.087777519490000076e-22 3.259079113130000174e-18 1.780318904120000008e-14
8.252102881440000759e-09 1.601275574350000061e-23 2.637501891150000055e-02 6.509193119999999722e-01 3.222084861849999760e-01 6.652926677279999539e-60 5.534441555019999482e-07 4.965994284509999595e-04 2.177804996500000065e-08 3.556976331869999907e-19
1.788478579710000016e-01 1.162588242500000064e-14 3.609377203600000117e-28 1.948968437670000053e-01 4.216589844839999811e-23 1.640119893350000085e-13 1.075166729060000032e-12 1.132423789790000094e-31 2.631548150820000091e-08 6.262552719449999694e-01
2.145133822579999974e-06 2.995326705309999924e-18 1.419374526000000096e-13 8.756562051459999879e-33 7.937849106489999663e-23 1.874206275390000035e-04 2.102881244179999876e-05 4.871962258240000085e-30 7.026561026719999603e-01 2.971333027540000171e-01
1.681991298009999913e-01 2.465828278359999994e-11 1.676239793769999931e-01 2.463539082169999977e-02 4.959755725550000216e-01 1.405230605889999929e-01 1.889821293170000049e-24 4.341411540540000011e-04 2.608725677029999877e-03 9.225537080580000506e-21
5.427305967119999686e-01 9.909597508000000535e-53 2.671905255720000209e-38 8.235350825590000349e-23 8.247669980310000018e-27 2.593833207810000025e-32 8.432193686289999536e-39 3.584801324320000274e-15 4.572694032879999759e-01 2.810191693270000134e-16
4.335644160989999600e-56 1.860870065950000156e-73 6.906440996970000233e-12 1.789931891050000057e-01 3.812684367750000177e-22 7.272296246949999457e-51 7.135181083120000212e-01 2.622243096780000129e-28 1.074887025760000031e-01 4.375963707280000120e-44
2.207051613659999910e-34 4.650463407229999957e-01 6.327260400050000385e-35 8.702221360090000383e-18 6.781164686720000414e-41 5.349536592770000043e-01 1.781180491800000002e-27 2.639265172179999854e-37 8.982795903700000394e-58 7.461549205079999532e-22
4.476014601899999668e-02 6.835392024919999532e-01 1.028906992070000048e-69 1.021391995669999983e-74 8.577621578309999548e-39 1.793903616859999996e-04 2.450829367680000010e-74 6.712520199849999753e-23 3.504042397749999774e-57 2.715212611269999798e-01
6.143832871069999924e-02 1.314915902979999969e-66 3.447369570549999764e-16 7.584161777700000329e-01 3.966394126959999907e-95 1.760244552439999997e-03 1.250767183690000016e-51 6.409205615229999732e-29 1.783852489670000041e-01 1.865922042000000097e-53
9.607290245999999550e-26 1.018672617569999971e-68 2.488685969440000093e-03 5.225803064049999724e-01 2.843393335609999894e-46 1.525389824949999990e-27 1.209004655580000070e-20 7.126237036250000461e-27 4.749310076259999902e-01 1.452793606230000094e-54
2.094925056389999873e-01 1.495460157540000057e-01 2.454915667910000099e-01 8.563782420670000561e-02 1.095299240380000009e-09 8.078871491979999532e-14 8.437409839810000215e-56 3.098320865129999824e-01 6.282172116419999577e-36 5.984643259660000094e-47
1.458421132189999887e-04 7.218266123620000087e-08 1.388110809309999969e-19 1.953559117169999907e-16 5.585707135080000183e-21 2.529509170040000199e-01 2.969023090019999866e-01 3.767878139749999787e-27 2.173242881580000112e-06 4.499986864550000187e-01
2.084936072260000159e-37 7.892837796940000145e-10 3.717343355709999964e-01 1.060497161630000046e-01 3.127478489130000043e-12 3.422964008359999921e-01 1.799195466369999941e-01 4.398280773699999786e-19 4.170557438459999760e-14 1.136493435959999942e-18
1.499235305160000067e-18 1.794125063870000165e-21 9.905940107660000434e-42 4.002093326439999932e-01 1.150300122330000039e-09 7.826867341360000103e-32 4.246006666919999728e-01 4.858092009839999704e-13 1.500863288580000032e-09 1.751899980130000034e-01
2.972105383270000227e-29 1.508412313630000081e-40 1.923280140550000025e-16 1.441581054830000010e-55 5.968746167690000136e-30 1.007410666579999992e-10 7.499581118010000269e-01 1.134802499429999993e-02 2.386938631030000035e-01 3.556797340539999801e-14
9.793918810839999535e-67 1.976829997169999967e-65 1.000000000000000000e+00 2.952170023620000111e-21 1.813661166830000042e-38 3.886314586940000034e-38 3.830872583769999908e-42 9.818579050899999806e-34 8.014358554050000445e-29 1.270065723459999975e-145
3.307168884069999759e-01 6.009919500270000047e-30 6.000339256200000193e-01 6.790178222459999913e-02 4.389769920009999978e-10 1.812896173670000156e-49 6.458037948200000303e-12 9.626545697599999925e-04 3.847487335550000241e-04 5.754727315620000291e-25
2.163124096740000057e-01 6.324491864610000406e-06 9.581641075049999975e-35 7.836812657580000119e-01 7.616157201159999450e-11 1.194710048209999923e-56 3.645430876640000197e-35 1.027244123249999999e-20 8.899558300700000045e-43 1.291021927540000051e-15
3.772486208670000063e-01 1.967677319149999983e-09 5.374984808219999684e-05 2.485955131390000065e-17 4.882814936509999659e-31 6.226976273169999576e-01 9.343396389139999578e-70 2.801656213319999947e-35 1.705500952199999950e-30 2.626089366790000145e-45
7.964465173869999681e-27 1.784160996530000145e-11 1.452571472310000000e-01 1.817347679059999920e-47 5.424432741939999580e-01 2.011968087150000084e-01 1.023018433870000049e-01 2.968908953599999883e-03 5.831886011220000290e-03 1.314899696690000038e-07
1.062346447510000014e-01 3.555210293549999887e-09 3.433110486779999970e-01 1.353671512849999869e-01 3.200379124380000051e-01 9.134717787740000150e-02 4.915929073620000140e-23 8.512089810600000110e-10 3.702060564959999862e-03 1.418962204669999929e-20
1.656875372110000016e-35 4.285797987999999906e-31 1.410578780989999944e-05 4.520956702639999936e-01 1.450012447070000011e-11 1.906860350840000051e-01 2.077541467329999995e-17 2.476359711199999925e-01 1.095682177289999948e-01 6.941117123610000095e-32
1.044877254609999897e-06 2.507257464650000041e-27 5.679721839379999648e-20 3.491977860030000269e-02 2.519866425080000139e-01 6.408555593830000083e-52 9.534602722790000234e-08 4.962987680119999683e-33 6.354214017929999958e-01 7.767103687529999800e-02
3.524601141810000136e-29 7.738163282419999348e-15 2.178829620159999917e-10 1.034499107649999923e-86 2.215727185770000052e-02 3.911457617240000073e-01 3.708510422820000157e-07 2.334801533480000135e-01 2.046790542189999866e-04 3.530117629480000185e-01
2.477847548970000098e-65 8.717202324289999966e-34 6.900485300159999983e-19 9.461075599440000271e-83 1.357339316069999884e-20 4.786136770689999875e-01 1.365199549130000078e-01 3.848663109800000148e-01 5.703695822720000113e-08 3.710260225479999938e-13
1.912933127319999977e-38 3.796401725529999771e-01 1.958684168429999973e-37 3.157977304689999934e-15 9.053069577690000420e-21 6.203487494930000068e-01 8.527145589400000352e-08 1.200246092400000087e-22 3.178037112719999997e-36 1.099268210049999983e-05
4.850013163340000105e-05 4.289501173259999908e-16 2.739822898600000260e-35 8.333845025949999652e-01 1.656645984610000122e-01 1.118211262529999933e-50 1.902219996440000083e-15 3.189779815320000107e-04 3.795888960329999871e-15 5.834208305340000478e-04
2.791635309080000097e-07 1.564009006430000168e-02 1.604802128220000025e-09 9.024176323920000068e-14 5.143694399620000191e-01 4.699901702870000197e-01 1.072564795429999953e-13 1.554729088300000104e-08 1.253854476499999962e-09 2.116730821179999947e-09
3.180374770019999965e-05 3.904277657879999808e-01 4.645467830819999810e-01 4.700949683369999831e-05 1.232918427080000020e-22 1.449466378200000016e-01 9.313008398720000379e-40 6.529885655319999741e-11 1.848937390650000156e-33 4.775671429060000049e-42
2.686171775999999835e-40 9.784755442789999647e-02 2.917672313660000238e-01 3.408600451009999733e-36 1.086174793589999958e-02 2.937271353540000240e-01 2.747614606780000024e-01 3.103487023820000051e-02 9.575641995569999575e-24 2.653154844090000119e-17
3.844912449189999766e-12 7.396206495740000317e-45 1.183565515439999923e-21 9.128394801390000588e-11 3.014428933539999855e-01 2.298135241860000021e-95 2.866050476619999912e-02 3.186470222910000039e-01 3.512495794550000161e-01 3.869574869109999972e-11
1.835464368960000036e-57 2.305354973900000055e-06 1.268532601949999958e-57 1.387337927849999968e-77 7.835216519790000334e-01 3.282578738719999913e-54 1.134209282180000029e-15 6.125688441630000025e-26 1.625830713039999829e-61 2.164760426660000125e-01
1.411541133190000064e-29 6.134643354360000469e-23 1.311604299189999883e-04 4.790416449220000273e-43 3.196820867800000097e-18 3.570036632740000160e-01 5.289981679720000214e-12 6.428651518469999937e-01 2.444335878049999904e-08 9.996775339209999379e-21
2.931420643950000127e-01 2.587374835380000164e-55 2.075642524449999882e-31 1.629847425009999846e-05 2.124048099680000106e-48 1.919806208330000032e-13 5.749118024960000214e-40 1.734939617539999859e-08 7.068416197810000190e-01 1.375141775990000112e-29
6.391744717359999546e-10 1.840454831510000000e-01 8.077388976079999795e-13 2.572147791000000128e-01 3.943901639679999812e-07 4.083966337320000251e-01 8.529293046780000464e-19 1.503427069909999969e-01 2.510865784160000086e-15 1.995378003310000003e-09
7.133874625940000136e-20 6.910929503250000364e-37 1.794341976829999948e-42 6.180086189729999679e-01 2.688017658049999814e-01 2.160033124650000000e-54 3.934155309270000178e-02 3.012272539310000170e-03 5.932294885909999982e-02 1.151284073070000039e-02
4.404372281760000063e-01 1.801648397480000106e-27 2.607107482549999908e-06 5.595601647169999859e-01 1.186607567920000059e-37 1.294341190030000007e-23 2.218091748229999983e-38 5.661575130940000315e-55 1.085479411269999967e-18 2.873070192749999972e-51
5.168250635750000210e-01 1.673690595299999896e-20 3.434499136450000152e-24 1.011237167829999951e-19 2.832374563119999938e-28 7.921146071210000139e-02 5.242824009130000070e-11 7.663719329690000395e-18 6.608516782699999648e-02 3.378783078329999912e-01
1.037096207110000053e-13 5.209515119620000386e-44 2.808683694519999996e-01 1.612385457659999945e-08 4.234511082049999806e-66 7.191316144239999764e-01 2.911102243499999690e-73 2.473952231590000004e-26 1.891898882690000098e-21 7.754706034970000249e-97
1.438974394229999886e-19 2.836779921660000131e-07 3.766551904100000070e-01 1.604290769460000113e-02 5.942467815880000392e-01 2.753829883970000151e-34 5.721285229250000315e-27 1.305483662970000069e-02 2.326360529709999984e-32 2.971760660609999997e-37
1.405040259730000140e-57 7.324043352960000197e-01 2.671414451919999994e-44 1.517263177140000015e-34 5.329744280009999537e-04 1.098815541870000047e-17 1.124525998339999944e-01 6.377557792169999897e-39 6.976681967189999989e-40 1.546100904419999977e-01
2.804221951609999763e-01 3.134944082689999977e-12 2.842607496439999819e-03 6.723465739670000667e-27 1.340472272619999888e-28 3.624246126430000214e-01 2.960750094760000173e-01 1.212394159249999964e-02 1.885804712769999919e-02 2.725358650039999900e-02
1.196845340020000007e-49 1.642060746880000117e-38 1.203047176259999876e-07 6.671228431930000343e-49 2.980977723280000034e-20 3.209509769989999928e-01 3.979944632529999748e-03 5.524153900780000015e-01 1.226535679859999950e-01 6.263674896050000174e-21
2.481820808100000109e-01 1.538137400839999919e-02 1.903120836469999920e-18 1.206258039539999983e-30 4.797169085250000042e-27 4.102321388260000146e-01 8.085818269159999536e-63 3.262044063549999762e-01 1.122101676069999956e-39 5.956072129199999763e-28
1.550539852479999891e-22 3.516036911570000195e-32 6.771176422739999534e-02 5.830347309629999586e-01 1.206745016710000092e-37 3.492535048100000039e-01 2.676264897860000260e-57 7.132646230379999535e-18 5.813893036819999771e-20 3.869444898730000056e-72
4.346344115000000034e-51 1.085644279050000101e-34 3.966073967550000079e-01 1.695061984089999904e-04 6.031637286419999633e-01 3.014782440309999935e-34 5.873238880409999894e-05 1.579256388129999975e-31 6.360157351959999703e-07 1.393437504000000025e-36
1.369430916759999950e-01 9.466655381109999815e-21 3.546932009970000207e-37 4.323985150370000246e-10 2.523543762410000213e-66 6.750452744060000398e-01 8.371704884629999565e-06 8.305028312999999723e-30 2.973350085359999984e-08 1.880032320470000073e-01
2.509070247819999794e-56 7.365985315470000169e-08 1.154308993740000018e-05 3.643417964980000257e-01 8.733337540730000403e-02 2.914229207399999799e-01 2.568902906050000157e-01 5.374315573000000200e-13 5.031411670160000014e-17 4.111295719059999939e-25
1.305483998320000061e-09 4.824550145440000035e-16 1.533188396439999973e-15 1.043007262659999962e-03 4.674448903310000070e-01 9.305460585689999906e-48 4.668194219469999906e-01 1.973498262120000050e-24 3.103234748370000184e-08 6.469264812119999986e-02
4.583099378970000299e-18 7.059786786139999685e-34 5.990945628560000458e-01 2.643840464670000126e-02 7.531190128240000076e-57 5.766111537049999612e-09 3.744220829550000129e-01 1.622221240810000058e-40 4.494377572660000016e-05 1.021056778769999990e-34
4.814158192540000408e-07 1.856150887940000156e-08 2.570991021339999945e-09 1.093303881539999929e-59 1.835206650740000001e-01 2.969031587730000125e-23 5.416775409079999798e-02 1.938630662159999962e-01 2.216505719130000167e-09 5.684480098549999916e-01
3.012694606379999751e-01 4.089890767079999712e-02 5.964987543049999896e-01 6.133287724070000252e-02 3.962820776799999867e-16 1.455353994989999961e-10 1.568362367850000131e-60 1.316955267740000032e-42 8.949954085219999710e-40 2.887020733659999766e-50
1.526376357160000030e-01 1.764565208639999883e-01 1.024764242379999994e-16 2.266047400600000039e-01 2.611252649129999877e-08 2.330586004890000250e-13 1.009105089619999932e-54 4.443010772479999981e-01 2.483914301130000126e-34 4.067616848070000166e-24
4.886847240689999872e-01 1.038486299940000017e-02 3.752205305269999930e-12 4.566757719430000146e-30 5.672019330970000490e-13 5.009304119799999899e-01 4.740265202390000241e-52 9.478356328519999267e-10 1.397634351910000083e-26 9.371733387899999584e-21
1.789505882040000051e-01 1.188565555519999973e-24 1.298265582730000017e-30 3.407260684030000153e-01 1.846327621129999902e-04 3.906979721959999961e-47 1.649778007280000077e-09 4.800672825539999966e-01 6.328678328330000031e-05 8.139643558699999671e-06
7.721531591670000028e-01 3.333236396489999896e-54 6.698034767539999424e-08 4.957033491480000026e-02 3.089958017660000113e-58 1.645974115569999906e-09 3.374908269650000193e-40 2.461762612529999901e-33 1.782764372919999896e-01 3.770251730160000319e-49
5.402019318480000236e-42 1.368856948810000048e-08 2.814646001869999803e-01 2.418715123019999975e-31 8.522948228839999493e-04 3.411810655629999873e-04 2.936904324130000243e-01 4.236514778230000000e-01 8.829928660469999613e-17 9.152176152329999389e-21
1.382762436490000043e-11 1.077040421349999950e-06 1.122820757149999891e-31 2.740468682209999827e-118 3.993886943549999902e-02 7.327421163420000420e-19 8.081516422400000031e-42 6.259948347499999510e-01 3.653938591439999853e-29 3.340652187609999824e-01
7.284442027690000154e-01 2.506913206609999879e-03 9.993188278589999448e-11 3.266032651480000078e-50 2.704836517900000010e-11 1.867620375719999974e-13 2.400098477709999979e-201 2.690488838969999907e-01 1.787353520379999923e-58 2.954047016279999984e-55
2.184428018279999860e-06 5.554883744180000305e-01 1.001482978670000061e-13 2.195652611610000206e-109 2.218734404609999849e-15 4.296994192710000028e-03 8.673419200559999274e-37 4.401910800989999872e-01 2.087048743079999906e-27 2.136686239759999939e-05
3.184673730039999890e-12 1.840143116569999959e-01 1.375523604980000065e-15 2.572073636680000108e-01 3.424551366869999755e-05 4.084323413209999809e-01 7.657540604530000491e-16 1.503117136819999977e-01 1.468677170789999972e-15 2.415559129680000064e-08
2.950879608300000026e-17 2.622948646240000089e-28 9.229094983299999586e-13 3.156167573140000182e-01 3.912351786929999925e-39 2.130626362609999991e-01 2.356852028099999941e-01 5.704328650190000526e-26 2.356354036140000108e-01 8.486724702820000471e-22
3.561431197650000093e-05 3.796256511109999954e-01 1.103001515240000058e-35 9.117391323830000328e-61 2.625538305849999812e-28 6.203387345759999727e-01 3.920732832189999844e-54 3.886294249110000182e-28 3.956630010809999606e-43 1.505423091809999971e-12
2.165780018580000055e-28 5.694406068510000180e-33 5.177618885800000514e-01 2.700462941589999999e-01 1.017182262299999977e-15 3.230667274630000152e-06 3.197894972379999737e-17 1.534443934629999916e-07 2.121884331489999886e-01 3.792581246559999898e-30
4.386338575880000352e-22 3.408481630229999795e-03 1.022714989069999948e-02 2.982440125730000133e-58 2.104308533559999881e-16 6.589484653460000452e-01 8.442971803579999665e-18 3.274159031330000080e-01 4.425408748730000054e-26 4.479818202779999959e-17
2.810327698849999862e-37 1.661118333369999942e-09 3.712885610830000127e-01 1.069083693779999955e-01 1.779525175159999907e-12 3.425175619540000160e-01 1.792855059219999880e-01 5.051404723099999840e-19 5.747502720919999639e-14 3.442854080959999931e-20
8.261250821879999264e-68 4.427763099840000063e-45 2.398222909249999999e-32 1.559138052399999969e-53 1.469766896500000017e-33 9.999992714730000509e-01 5.170742046850000052e-07 6.080245789649999991e-12 2.114470253490000062e-07 3.610889596189999776e-20
6.417527169640000312e-35 1.975228555610000084e-47 1.624729730659999959e-17 3.823549282610000104e-32 1.630172559239999997e-12 1.483727525639999878e-35 4.999923214109999736e-01 4.164007163979999669e-03 4.958436714230000097e-01 2.834404772860000066e-18
2.029293336319999998e-40 3.796189191039999744e-01 1.911621767470000099e-13 1.352596866699999961e-17 3.347377175590000252e-17 6.203808428870000169e-01 2.380081569360000003e-07 1.526548453950000004e-18 3.701619466589999749e-35 5.104474301960000124e-23
1.190298703980000021e-31 3.684708994600000009e-01 2.637910498700000161e-01 2.686265155300000045e-07 3.070155612700000147e-01 2.824304795700000147e-14 6.072222077299999771e-02 6.411299228840000085e-31 1.130733396600000022e-22 1.220239371440000026e-17
5.113155424070000177e-05 3.904164237650000202e-01 4.645425932250000223e-01 3.775293668699999792e-05 1.541025836450000098e-22 1.449520981909999950e-01 2.917258706069999844e-39 3.280180532449999913e-10 8.609104546889999948e-33 1.745085197570000054e-41
5.585199645130000095e-04 1.742944362550000096e-11 1.020172577249999996e-50 5.559819057360000129e-03 3.771072767509999757e-01 3.781602049940000214e-68 1.251835874569999973e-20 1.926889307490000002e-23 1.620067913909999846e-27 6.167743842099999707e-01
2.240052301509999899e-01 5.464594373029999508e-01 2.295326898080000122e-01 1.290542611290000125e-13 5.130168397939999717e-19 2.642736983240000142e-06 7.778456107279999678e-56 2.415512422239999887e-22 2.310953288739999919e-38 1.508890903459999986e-43
9.187417069979999888e-11 2.196754612609999879e-01 1.240966313910000091e-13 4.080060533100000053e-01 3.063156573809999728e-01 6.498050975250000199e-29 4.019366509870000165e-44 6.600282795579999473e-02 3.497744675629999904e-41 2.633482305270000146e-30
8.791445190579999969e-10 2.184109586949999904e-01 5.673681644709999927e-14 4.089556378440000195e-01 3.094162923909999918e-01 5.971315970210000045e-27 8.145347479600000387e-47 6.321711019070000437e-02 3.400843213559999972e-42 2.908095094750000165e-33
2.270054538560000064e-03 5.874979357300000316e-02 1.056116707939999954e-42 2.879475400399999838e-35 3.435948119539999901e-01 3.612121598580000238e-14 1.072573783429999977e-51 3.803765380469999874e-02 2.368048449189999845e-31 5.573476861299999641e-01
1.588734248920000026e-18 1.249430080259999950e-29 4.730303849639999996e-36 3.156284783050000153e-01 5.076645039290000295e-43 2.129192844810000040e-01 2.354991015679999966e-01 5.341423847040000017e-30 2.355637948419999905e-01 3.893408034919999946e-04
1.071006482719999986e-01 1.441135299239999953e-11 3.997747145559999993e-01 1.542626174140000075e-06 1.985977461980000130e-14 2.245157324359999867e-12 4.280657651349999981e-01 1.484651516159999967e-03 6.357267436859999343e-02 3.509370396499999864e-09
5.396762310509999814e-19 4.438020837370000048e-38 1.667077411299999913e-15 3.243517109740000071e-01 4.115190677489999893e-01 1.919852178019999896e-68 1.307323648260000082e-01 2.022542772510000159e-05 1.333766310239999919e-01 1.214423901080000025e-13
1.031843228290000063e-06 4.475577092169999993e-01 5.272590107400000337e-01 4.488120177410000321e-40 2.518224819319999849e-02 1.088632027979999918e-21 6.269883163380000645e-36 7.012541927299999751e-12 8.343431686209999987e-32 1.761210540500000068e-24
3.219692456590000248e-23 4.372458517759999815e-44 7.184397860170000212e-35 1.833152796979999862e-21 7.542398643880000113e-14 4.570231757420000082e-45 6.060354357060000058e-02 4.124496094949999803e-01 4.165701105459999887e-02 4.852898358789999866e-01
1.816364242559999898e-01 7.240279657940000599e-11 8.778300633779999543e-11 1.899475970910000175e-27 1.167885344429999972e-01 6.255068580299999459e-01 1.967885654869999987e-25 9.884353331130000053e-07 7.606405452389999877e-02 3.140151102589999838e-06
2.559672917300000027e-98 2.885113079459999865e-30 1.876946612959999872e-01 2.549613126680000075e-52 7.640069394619999605e-20 3.248240441110000210e-01 4.874812945920000140e-01 3.342615087390000020e-15 8.927763881059999828e-17 6.065737622869999922e-44
7.651748949549999950e-16 7.491445392060000522e-23 8.604177607399999458e-33 6.205901332890000344e-01 3.372674111050000187e-73 3.794098667079999765e-01 2.783256615360000051e-12 1.401333265059999922e-57 1.301853282179999905e-18 1.255133315749999980e-15
4.805700962219999763e-21 9.420141047189999320e-52 1.141666359939999947e-34 8.046643790920000169e-07 5.821610577389999541e-01 2.079173790049999988e-113 2.165867851040000069e-01 4.110880892220000055e-02 1.601420745469999962e-01 4.690237114199999788e-07
2.394521656940000072e-67 9.830876334909999428e-31 1.856073139150000088e-73 1.947075839370000039e-57 9.687530828970000280e-14 3.094009102800000133e-74 6.407948176769999726e-01 2.584759353640000131e-63 6.321254930490000503e-39 3.592051823219999940e-01
1.789251127270000130e-01 3.380729356830000047e-25 4.114935094279999656e-30 3.407650039530000230e-01 1.158598884379999973e-04 2.058198561279999923e-46 1.936829068789999801e-09 4.801235702509999981e-01 6.202475188509999919e-05 8.426492354469999657e-06
5.280859590359999745e-01 4.436955225679999966e-15 5.417941489629999736e-11 1.748752618759999892e-53 3.545721248379999878e-10 1.691167932150000106e-23 9.708034395980000420e-14 1.775281606620000008e-01 7.024427735590000645e-08 2.943858096490000187e-01
3.012631942919999917e-01 4.090837494610000125e-02 5.964998391360000207e-01 6.132859141079999993e-02 1.103099185900000034e-15 2.156045518949999950e-10 1.097171963110000076e-59 1.879431826110000090e-42 8.967447801149999498e-37 2.451315133100000179e-50
3.773858291430000067e-01 5.891847088820000138e-22 4.145489689040000036e-01 4.156904062660000135e-41 2.568795291680000051e-03 3.467735659330000222e-22 6.242365853189999621e-59 2.054964066590000138e-01 2.076199607909999981e-12 2.304292539740000093e-30
9.368073840640000846e-10 7.319049023949999581e-65 3.280672548329999771e-01 6.719327313509999566e-01 7.007421827199999935e-83 9.500901610869999566e-13 1.818320279829999924e-44 1.300930254899999939e-32 1.287854775419999928e-08 5.568885062530000019e-93
5.828108558010000141e-06 6.536140651760000142e-02 7.568908714429999372e-43 2.039304573529999998e-01 6.903876908020000386e-62 3.353318968080000184e-01 9.464151795870000517e-10 5.933671528429999978e-123 8.863670205309999706e-34 3.953704102660000053e-01
1.795764030739999961e-01 6.281322509530000152e-25 7.672359056060000489e-18 3.377943007149999954e-01 2.475758712600000053e-03 1.056945325140000052e-53 1.910921684469999960e-09 4.767532859010000235e-01 2.920719203990000055e-05 3.371042494409999795e-03
1.722069857969999937e-02 3.942210800750000156e-13 9.730629574269999592e-29 5.162805623339999928e-01 5.471330239940000052e-32 1.231978748090000048e-01 3.164752953390000250e-10 4.386382193859999764e-14 1.144200780319999981e-07 3.433007495400000053e-01
1.556839334830000067e-18 7.619424230259999598e-02 8.758316740910000375e-38 6.422108993940000010e-01 7.591597516879999603e-19 2.273262226690000165e-16 1.284120142279999988e-01 2.987239840019999919e-29 2.868966310209999965e-29 1.531828440759999965e-01
3.240951495900000045e-03 2.299080273169999966e-01 1.876368811989999981e-03 4.026779247549999820e-11 7.649746523339999715e-01 2.247997748810000125e-51 1.695188526719999916e-61 3.283831061339999837e-19 2.385592119990000086e-51 2.017776702659999836e-40
2.479627130370000134e-27 5.036302823130000231e-42 5.966607892519999456e-01 1.308824372229999901e-31 4.031698612849999863e-01 5.760531383109999749e-36 1.916327624229999924e-22 8.348252486079999397e-12 1.693494546350000104e-04 8.912997425680000370e-38
4.192482656400000063e-01 2.554772436290000079e-30 4.498338550539999703e-17 2.273547642690000072e-03 8.246500050039999618e-51 4.540316593979999982e-01 1.432509151029999981e-14 1.185013625899999929e-14 1.244465273199999999e-01 1.642645713320000104e-17
4.564516393670000061e-01 5.263602568199999898e-64 4.496035190720000156e-41 1.689661351609999909e-15 1.335307969880000079e-39 1.291184981009999869e-32 2.593139806800000066e-37 4.715570482520000106e-01 7.199131238120000387e-02 2.153416296470000049e-22
1.225293804870000020e-26 3.052956229470000227e-01 6.945242282010000157e-01 2.830508901769999900e-29 3.390418210020000039e-09 4.506675139540000029e-07 2.161172071339999990e-14 1.796947933729999914e-04 6.256783083090000302e-31 5.116840591949999911e-27
1.403801600540000027e-02 1.586817313939999918e-01 6.666540038610000105e-07 2.666331939259999938e-05 6.261805160969999567e-26 8.316097536779999688e-02 2.936583188199999861e-01 1.566477945630000137e-39 7.425478298539999773e-12 4.504336284309999883e-01
7.277019294440000285e-01 1.402905963380000078e-54 5.250835516129999829e-12 4.806017201960000040e-03 1.607988913620000108e-60 2.233836826869999949e-14 5.239740652889999893e-46 2.674854615519999812e-01 6.591796316919999663e-06 2.470528657490000185e-53
6.234295503330000101e-10 7.084923866669999618e-09 3.194184441960000213e-16 4.283595311019999796e-01 6.636219156599999723e-06 3.683683346260000075e-06 6.811845840749999349e-30 5.716301412869999599e-01 6.316257910590000007e-17 1.168468439839999995e-15
7.321594226830000023e-35 7.250355672230000504e-17 7.797985769099999744e-12 2.518530031119999846e-01 2.703761944049999991e-02 5.587336773150000102e-01 8.129352152390000030e-02 1.337727739479999947e-03 7.974445061950000135e-02 2.420956011519999789e-10
1.065868517520000011e-09 4.710517775689999947e-16 6.030631778070000386e-17 1.145310863769999994e-04 4.689141819909999898e-01 1.323150237130000090e-47 4.688196894369999757e-01 7.606348473869999735e-26 3.824390695810000153e-08 6.215155817620000162e-02
5.019819064030000000e-01 2.622116616530000277e-01 2.817619746670000107e-44 9.633839178170000572e-02 4.297303361120000322e-39 4.006987573750000197e-16 3.069370022539999987e-19 1.192407891419999983e-67 1.311489958240000078e-36 1.394680401620000121e-01
3.989737431039999780e-25 6.233951168550000617e-08 5.231917350020000024e-01 9.930725492399999910e-02 3.775009477349999809e-01 1.580261965900000060e-36 6.292570172920000485e-23 4.861285663789999715e-49 9.471817792069999475e-33 1.145339293749999958e-36
3.981655764079999882e-01 5.977102052170000235e-01 9.120032113919999584e-12 7.221208938110000536e-08 4.584914855590000094e-24 4.124146153849999989e-03 6.795499384619999554e-56 1.364971181100000060e-27 7.449022837339999415e-36 1.567797598729999974e-29
7.457240798050000257e-41 1.273925946070000005e-07 5.041846115459999931e-34 7.656267804440000102e-01 1.627625126960000133e-63 6.289816959190000194e-06 2.343668023469999973e-01 3.186699504790000242e-94 7.442383895300000094e-45 8.068179300999999478e-20
1.189025884380000026e-42 7.878325964859999352e-58 4.839188873680000260e-27 3.220710331190000154e-14 1.528054520930000049e-01 6.670626620910000172e-75 7.150487001919999530e-01 1.907297144469999897e-06 1.321439404180000110e-01 1.971349607149999818e-15
1.975863394119999894e-01 4.272007988120000155e-01 1.593025607549999889e-01 1.119956176919999961e-23 1.384776046320000120e-01 1.202492321879999941e-04 5.487989921770000253e-23 7.716706365290000591e-02 1.068149091900000012e-10 1.453833980090000122e-04
7.275425269229999700e-03 8.806716362530000162e-18 2.528477634310000166e-02 3.888849654609999925e-15 6.263785950970000016e-01 6.016378110460000275e-16 2.522579560459999876e-27 7.044915276950000638e-02 2.706120505190000025e-01 1.955109728790000182e-12
1.077657456590000035e-01 1.895714018540000143e-09 3.082325289189999923e-06 2.075742811830000034e-01 1.013058352729999939e-18 1.414853266860000014e-03 3.241797462150000086e-01 2.984898230799999893e-06 2.545162405110000248e-01 1.045430640460000005e-01
6.734400279760000123e-24 2.533046667610000085e-23 9.871498919089999324e-02 3.725060451919999793e-01 2.973656565440000020e-08 8.598672874729999934e-05 5.828304403139999893e-19 5.286909445290000065e-01 2.004622294020000165e-06 1.092472709150000073e-39
4.287317595719999763e-28 2.303594369899999945e-26 3.339070607899999876e-01 8.200063068640000445e-10 3.067366604629999912e-72 1.256501113909999912e-01 5.404428269990000366e-01 9.923714432199999489e-52 1.341551020079999973e-14 2.519265318099999971e-39
9.484404030189999479e-47 3.897893081500000134e-01 4.634299297960000064e-01 2.249012324010000038e-41 1.406551005349999997e-15 1.436942461490000045e-01 3.086515889370000133e-03 1.584304228190000101e-11 1.661156980919999943e-34 9.933717698210000358e-23
3.551845791060000079e-16 1.676710032089999971e-08 1.367527598030000048e-43 1.784651051749999995e-01 2.430587073630000177e-53 3.941863664420000024e-01 1.939236056850000139e-02 3.337283260130000146e-47 3.621935386029999688e-24 4.079561510470000041e-01
8.589709320379999503e-27 3.231124545449999830e-01 6.052505655150000238e-19 9.382223897739999652e-02 4.062110392139999804e-01 2.642881799039999841e-02 1.500163133500000134e-01 1.051845008960000016e-25 2.304214012259999810e-15 4.091359231620000014e-04
6.531029606440000258e-05 2.242062812660000000e-16 2.161863506149999902e-36 8.334280362979999968e-01 1.649731354860000110e-01 3.478595978500000147e-50 1.585248889349999988e-15 5.772965507799999877e-04 5.656828853349999863e-15 9.562213689459999905e-04
8.872504217689999934e-30 1.682300588100000108e-22 1.307485976969999957e-04 2.528072794789999987e-43 2.640777063039999911e-18 3.570038923200000158e-01 2.469459197599999959e-11 6.428653505450000472e-01 8.513564062259999715e-09 6.222407554509999575e-20
1.816141760209999956e-01 2.880459328690000086e-11 1.556388067969999915e-11 9.157377556909999880e-26 1.168272347599999955e-01 6.255270519650000249e-01 2.670766344800000058e-27 4.360750492870000259e-08 7.603095193360000226e-02 5.416681612120000169e-07
7.208053298440000475e-24 1.852790536919999933e-22 6.166479495030000150e-18 4.282932253250000265e-01 2.929548914009999954e-08 3.943192114709999894e-05 2.623106535179999940e-19 5.716590712469999946e-01 8.242211697249999253e-06 3.060472543870000109e-18
5.799475794770000440e-54 2.125737529769999996e-77 3.229600778639999947e-01 1.432379228489999955e-02 1.994556086989999987e-21 4.181183188910000429e-53 4.066495644870000287e-02 5.159393278249999946e-26 6.220511734029999795e-01 1.003866432689999983e-62
1.944144517899999815e-18 9.384219921679999913e-26 4.142058387750000015e-02 3.540538592819999861e-13 4.900928267019999951e-01 2.525249261830000115e-18 8.110586602529999297e-18 8.241656307640000008e-13 4.684865894190000102e-01 1.745055166349999991e-18
7.611964485149999884e-68 1.426640983719999910e-12 2.447257571780000075e-03 3.402199315589999859e-20 5.343320918450000443e-22 6.115614056120000086e-01 3.859913368139999967e-01 8.713687415290000181e-30 1.077726369109999956e-25 3.197436596670000038e-28
1.079701974810000039e-08 1.840376772329999910e-01 1.395244246060000004e-13 2.572129334689999824e-01 8.839385781610000522e-06 4.084055481030000045e-01 1.143039018810000049e-18 1.503349532209999895e-01 2.780823769339999824e-16 3.779082849209999896e-08
8.678662443130000237e-02 5.147098012199999850e-01 1.515691585449999974e-44 3.983631981399999855e-01 2.624939881989999971e-22 1.270565568410000087e-41 7.160129868409999832e-22 4.256283687189999930e-66 1.193267731109999946e-44 1.403762093010000060e-04
1.260061171600000004e-38 3.795646166600000204e-01 9.436349414419999799e-38 7.525042055149999854e-16 6.478523577520000255e-21 6.203438663460000280e-01 4.500581657070000265e-09 2.430549390890000097e-23 3.590702576299999895e-36 9.151249386879999580e-05
1.188916446820000058e-10 1.958382855279999962e-31 9.199856577559999138e-03 3.077642876670000013e-02 2.933030424140000147e-01 1.911742269399999905e-51 5.354965305749999696e-03 4.532483103180000306e-02 6.160408757849999972e-01 3.724414865259999775e-21
8.867898913239999240e-19 9.619871496849999224e-31 2.769737619279999930e-24 1.674498652929999857e-67 5.062287116349999970e-33 7.086297421789999602e-05 5.436162369299999460e-04 1.472665310699999947e-17 4.211942664489999877e-01 5.781912543399999604e-01
2.762612824720000155e-15 6.482083746199999803e-26 1.196065276049999937e-16 8.473440827199999414e-05 3.325259220580000230e-01 4.707962415080000184e-51 6.664469848940000052e-01 7.003928674260000457e-04 2.419352909579999963e-04 3.048116688929999728e-08
3.097036280570000120e-28 3.296662357780000274e-01 1.928247334740000122e-70 5.266324746750000091e-92 1.749560940779999941e-12 3.514487459419999983e-15 4.362243578100000272e-51 1.488348275599999845e-14 1.448273922909999964e-57 6.703337642200000168e-01
3.999892374199999767e-01 5.999979427799999598e-01 9.936658142980000801e-12 1.418542147810000035e-30 2.773324354919999991e-06 4.160045206289999817e-19 2.660115631259999949e-64 1.004646513969999918e-05 1.481273381680000074e-40 1.749240336689999936e-32
1.561809681680000082e-65 7.370438037989999591e-04 6.056279593900000258e-01 1.481442652859999917e-02 2.854279065159999891e-13 1.017179110830000019e-09 3.788205692609999953e-01 2.243723507569999886e-40 5.155003471720000392e-38 1.872136310059999843e-36
9.481975822399999897e-05 5.313018615450000430e-41 1.264628002919999977e-36 1.485963153450000006e-33 2.113503025709999872e-01 3.711315977389999748e-77 1.074711537729999966e-23 1.115786773570000001e-01 7.913259717570000126e-04 6.761848743420000307e-01
1.801148071239999926e-01 7.828043777330000671e-33 5.449857541970000415e-41 1.690049129170000108e-01 3.954605237050000085e-10 8.118517544770000360e-42 2.486710280960000176e-19 1.155299060659999949e-19 2.529608400719999817e-01 3.979194394919999822e-01
4.319218077940000233e-01 1.241274572150000007e-05 1.916871790540000120e-01 1.931495695210000022e-13 1.785280505320000074e-04 4.753325361560000152e-20 3.756670406920000205e-01 2.328048583500000049e-17 1.755288987680000083e-06 5.312763745270000304e-04
3.464015325810000081e-35 4.650011927359999908e-01 4.802570140640000305e-13 7.025450054209999533e-22 3.757627069270000086e-38 5.349988072639999537e-01 5.104150536059999891e-26 5.161328547279999877e-82 6.062892960699999968e-56 5.349575815359999727e-42
5.277371393710000323e-37 4.070203533150000275e-01 1.854556873959999908e-01 9.629145634640000307e-06 2.251415379449999976e-01 1.206641688119999900e-12 3.089489504179999957e-02 1.514778971550000131e-01 4.284851739990000100e-26 3.753121594219999886e-22
