1.627852163280000076e-10 7.405835978910000221e-08 6.103491080890000342e-22 1.427280175709999997e-30 2.712109058870000119e-15 1.901061119740000150e-11 5.043124091380000174e-01 4.212369250369999985e-01 5.957265919270000066e-25 7.445059158540000277e-02
1.105754896590000052e-47 2.773151905490000013e-01 4.591313492940000129e-01 2.503787187670000192e-01 1.317474138999999954e-02 4.335600639180000172e-36 6.413831367890000673e-30 4.588535083450000319e-46 3.266889599940000164e-50 3.173653898260000018e-60
8.682971059179999604e-47 2.220604203619999939e-01 1.642751737859999936e-10 2.228774195780000023e-01 5.550621598960000513e-01 1.791116001879999930e-29 1.700082918749999923e-31 3.433104815759999967e-50 1.885487661480000115e-41 9.884293065280000278e-42
1.369482937619999966e-14 1.703643961550000015e-19 4.570957386549999725e-65 5.557386317139999532e-01 3.095073591939999939e-32 1.030103964710000039e-44 4.912357198739999509e-04 1.912017775940000019e-62 2.138987907639999821e-28 4.437701325660000085e-01
9.621042550979999626e-20 1.302141752069999903e-06 5.094815663520000371e-01 9.216760248440000482e-08 2.862162700679999894e-01 2.043007682599999875e-01 9.663310285520000462e-38 1.353747100689999957e-16 1.010718995639999949e-09 3.185070513169999927e-30
1.877666230320000074e-01 3.608951498049999818e-01 2.545792645219999831e-24 1.109678388769999972e-19 5.186859610779999925e-24 1.803736558329999962e-01 1.563511891540000001e-06 1.650540249099999980e-07 1.991756861520000118e-23 2.709628427640000115e-01
4.540569719670000115e-01 8.760689272319999773e-05 5.123868490480000069e-50 4.075591015200000049e-03 1.389316238759999942e-35 9.826527177420000104e-14 1.603698650550000059e-06 3.451405950859999783e-28 1.454874751579999958e-30 5.417782264260000424e-01
5.530968875019999634e-24 4.349868579090000116e-08 3.515632348830000087e-01 6.484367216180000337e-01 1.171818590760000070e-13 1.562086832970000000e-28 7.782275152840000513e-26 1.581049489700000081e-38 3.616125698309999672e-30 4.007174400560000220e-50
1.029871818950000053e-08 1.496843816730000103e-17 2.057519191720000029e-01 9.085221035019999155e-16 5.529440750649999891e-04 7.459021037919999480e-15 2.827755215419999746e-01 2.823410145999999954e-01 2.281195538259999933e-01 4.590364857840000088e-04
6.167229375340000166e-03 7.991083372270000318e-01 4.665061987050000130e-07 9.772384184259999519e-35 2.132218499930000082e-50 1.947239219330000048e-01 6.638866800429999633e-29 4.495838604300000006e-08 3.742606494459999651e-49 1.008312030839999958e-52
3.128226040839999778e-01 2.930154440099999987e-23 1.893525358329999908e-01 1.406125333499999967e-11 2.548210593239999825e-32 3.141433025120000111e-01 1.174004419570000019e-43 1.958697122380000089e-16 1.836815575569999970e-01 3.608431022239999982e-39
9.468930088950000545e-02 6.314469101649999687e-03 1.479344717320000072e-02 3.910719608959999927e-01 3.234602730930000030e-10 4.734904852030000222e-01 1.288102249269999907e-15 1.553115181739999927e-15 1.964033641379999903e-02 2.307054755229999839e-13
9.404669724799999920e-39 2.669403532310000160e-01 7.294748462679999657e-01 2.951413491230000206e-03 6.333870098020000445e-04 3.436795001629999770e-29 2.565863364810000172e-27 4.853097944640000241e-35 1.333160668109999976e-46 9.041155664949999850e-54
3.879950810519999907e-29 1.075920286150000100e-22 4.495239407819999755e-01 3.796393024649999948e-01 7.103859539729999450e-02 3.489141264180000084e-56 9.979816135619999640e-02 4.972094800520000248e-27 7.594631537820000077e-15 8.149416700949999288e-24
3.164408279959999848e-01 2.839305527600000176e-25 1.893045816620000099e-01 5.389755124859999936e-24 5.832018682429999477e-35 3.120599413160000113e-01 3.606565188330000138e-43 1.223201473500000087e-15 1.821946490269999996e-01 1.058797854689999929e-36
5.250163720280000378e-37 4.205472673249999738e-01 3.044249536929999892e-27 2.460779069620000204e-44 8.525736618180000024e-07 6.626796527899999743e-21 5.931851372929999866e-02 5.201317447659999926e-01 7.940333977209999745e-60 1.621605740940000033e-06
2.334419900609999987e-01 2.810171130079999792e-25 5.119479610890000152e-30 3.842649815890000209e-01 1.639049696890000144e-23 9.435402279170000020e-24 1.584623296780000086e-06 1.332688671649999958e-33 9.541735378400000023e-02 2.868740899439999881e-01
2.305367162210000191e-28 2.928316592649999883e-01 6.208172928299999782e-01 1.077940984919999998e-25 8.146619264799999762e-04 1.394734514970000058e-23 8.104713332600000861e-03 7.743167264609999989e-02 2.974670062650000077e-44 9.532936382329999553e-25
2.039942954330000065e-26 3.406766755390000106e-40 6.595501672300000395e-01 7.849696623890000458e-39 4.281392226509999629e-25 3.330483446599999953e-01 8.475323943320000052e-106 3.951253161769999943e-21 7.401488109520000178e-03 1.500284424270000094e-68
3.766263565130000144e-13 8.917028062720000623e-14 2.764737910819999867e-01 3.157707237380000254e-01 7.468646744460000209e-02 5.889175719889999661e-02 6.451294734640000507e-32 7.482848838250000686e-12 2.741772605280000108e-01 1.185692381910000016e-24
7.556825388870000023e-36 5.940825958940000318e-01 1.460677642200000033e-22 9.527150361620000636e-09 4.059173945790000015e-01 7.986633065580000083e-17 2.307082250409999800e-19 1.911761148849999981e-29 1.778059536649999984e-35 3.840582482549999806e-16
1.861945661690000108e-25 1.107923466850000058e-26 1.943716502999999834e-18 9.698146768399999809e-29 1.787905386539999919e-01 1.418900944889999974e-09 2.428922908949999969e-17 3.267457205350000060e-01 3.386904432889999983e-01 1.557732961030000030e-01
7.042940547810000415e-06 9.783633396570000602e-14 1.781102781699999971e-01 1.050533188149999899e-03 5.660487778980000106e-02 5.722003898660000220e-15 2.572136686009999784e-01 3.001966283649999956e-01 2.059680583150000077e-01 8.489126297130000125e-04
8.459800984009999862e-22 5.424961132219999899e-02 3.096667219920000158e-01 8.165906949959999778e-16 2.478540098030000138e-01 5.471303879430000318e-06 6.748821955679999839e-14 3.882241855790000140e-01 2.113602625700000059e-20 1.828447250110000046e-19
5.934945009820000127e-15 2.804876651369999799e-09 7.826867880470000233e-03 2.476037511900000114e-59 3.376405549589999942e-49 1.589469029160000000e-07 5.751307316719999593e-35 9.921729703680000068e-01 7.691027506409999427e-52 1.466252069909999959e-62
1.323048338730000078e-38 5.149242629069999966e-02 1.252643713839999994e-09 4.054272988399999778e-02 2.992826133590000270e-01 4.536504279069999910e-52 6.086822292129999701e-01 1.566031365010000089e-33 1.973830423490000059e-47 2.015317724649999983e-24
2.507386795399999782e-04 1.094622462289999997e-36 1.693052288130000029e-11 4.854042361829999930e-01 8.383310168360000010e-39 4.766431918339999873e-30 6.573599247200000277e-29 4.374036845459999811e-52 5.143450251209999990e-01 5.965291597899999976e-35
1.389290990479999932e-01 2.866367581280000271e-17 1.069463487259999969e-34 2.882728003559999891e-02 1.477024462480000098e-23 1.027878078289999955e-02 5.385392960460000098e-23 5.367397528800000357e-28 4.906598796969999787e-01 3.313049604369999734e-01
5.263878721719999975e-18 4.835080678440000224e-01 5.164918653300000217e-01 4.927027465559999687e-21 4.000261699510000159e-32 6.682606402530000016e-08 8.063766433560000435e-40 3.911482501450000154e-21 9.254206867780000368e-45 1.476773755250000038e-64
5.231284974760000300e-30 6.483920346510000376e-01 3.516079639499999909e-01 4.140523008129999878e-10 9.850561256639999153e-10 1.068598192789999982e-18 8.956251027660000348e-27 1.526714433379999937e-23 3.160728104339999954e-43 6.798822409780000578e-51
2.040613511530000143e-14 2.652562160579999828e-01 2.815993497659999845e-01 2.396962263760000074e-05 5.712899230460000144e-02 3.959914443259999750e-01 4.215050976709999954e-24 2.844453051830000067e-15 2.792298364990000069e-08 3.412558289120000088e-19
4.992045456479999865e-01 3.016379940239999822e-27 7.202853906870000508e-27 1.937714567150000106e-26 3.419677678150000209e-31 5.420992270589999940e-14 2.282918903799999947e-04 1.500601494259999960e-03 1.454372394289999962e-06 4.990651065949999743e-01
5.323190687409999774e-25 3.591833772039999828e-07 3.515950441319999897e-01 6.484045962679999553e-01 4.166015666560000055e-10 1.458107902110000073e-27 9.018960957470000763e-22 2.242661958749999959e-32 2.843215612750000050e-30 2.489758260310000055e-45
1.809855349439999928e-01 3.275549962379999958e-01 7.526059837740000562e-05 1.488190943189999917e-22 1.837105496809999981e-25 5.136112081350000244e-09 4.863231660380000210e-01 5.061037046229999864e-03 2.746288989010000119e-24 5.736291685099999820e-16
2.497276796250000042e-01 3.175196056419999795e-28 1.045414850039999938e-33 5.311738972370000224e-26 2.785101128979999974e-60 1.470345004050000069e-38 7.502723203750000236e-01 8.721255200100000000e-23 1.240787552609999959e-30 3.042714599700000196e-15
8.465498500769999832e-47 2.683584501779999743e-01 4.604143921559999963e-01 2.683359670539999797e-01 2.891190611360000030e-03 5.138207238959999694e-34 4.241976160730000270e-32 3.258059970609999821e-42 1.605569345890000124e-48 2.258362818060000007e-61
1.268475074720000016e-12 4.036138598419999890e-01 1.071724935070000051e-01 1.002693020399999991e-07 2.470381561749999955e-01 2.421753901410000076e-01 4.865861169010000200e-18 4.972949597369999822e-11 1.441592332780000004e-11 1.133360179850000029e-16
5.371935794699999597e-16 4.520042452299999902e-01 8.929559208449999730e-02 5.006137484410000117e-05 2.437048328810000053e-01 2.149452583289999941e-01 4.226352353550000171e-24 2.579683313209999996e-15 1.010045391039999978e-08 7.272741817500000448e-19
1.129659844280000064e-07 2.092443353059999861e-30 4.586233584070000258e-01 1.446165292829999944e-11 1.037542683739999917e-34 8.912199325500000380e-02 6.355089365269999708e-72 8.716693067519999604e-29 4.522545353579999761e-01 4.451437398959999869e-62
8.258217123010000435e-06 2.031740013779999918e-10 2.176755068440000031e-03 2.886935668090000184e-03 3.058954689230000135e-01 5.026554646180000042e-12 3.793203242270000164e-01 1.948234918079999878e-01 1.144608305900000067e-01 4.279352910319999875e-04
6.006974708609999570e-48 9.468577831659999683e-33 5.795356243910000371e-01 3.646288838730000261e-32 4.204643606580000248e-01 5.672393065160000023e-15 4.961498741859999602e-50 4.243186610909999694e-09 1.070808006960000048e-08 2.605429791170000217e-44
5.176434030659999935e-57 1.886070092670000020e-10 7.877940547520000392e-01 3.924082056960000236e-16 2.122059450590000063e-01 1.612505896930000032e-48 7.164134531040000471e-19 4.319610367720000053e-30 1.286373408619999911e-43 1.016942318930000072e-48
1.549790482850000111e-35 2.305074784089999884e-01 4.094962413010000255e-05 5.844497937239999622e-26 4.441687318220000069e-01 1.996115144250000028e-16 7.244462061950000007e-12 3.252828401380000178e-01 2.391528683429999858e-42 2.620407006410000167e-24
1.318748730110000031e-02 2.370025222940000182e-24 2.219244395859999950e-09 6.977200690670000404e-09 2.181588266100000091e-13 3.338339987640000136e-18 4.287057426120000070e-01 4.291535208630000179e-04 5.569271498960000066e-01 7.504574741249999499e-04
2.006836207240000058e-01 2.595467447810000125e-33 1.685805232669999876e-01 1.350157662989999972e-04 1.010268236769999989e-25 2.566816636849999885e-38 4.494537750270000132e-01 1.123356677130000068e-18 1.811470652159999917e-01 1.341798743949999991e-19
5.847187227740000548e-01 1.416383829889999944e-17 3.146884204450000104e-14 4.152812772260000007e-01 1.547372736540000032e-49 4.266591939659999998e-30 1.787299129860000097e-16 1.414419809730000097e-45 1.167058599070000012e-20 3.818801598699999802e-34
6.168613275649999755e-12 9.999547626789999644e-01 3.685724779959999924e-13 8.111964438549999240e-34 1.373044992180000083e-58 4.523731459250000028e-05 2.109965026059999987e-37 1.047627550409999984e-20 8.709540369760000535e-63 3.075155593339999888e-62
3.498108526259999967e-06 2.824064432440000086e-05 1.916732266779999916e-01 9.593732742649999437e-03 6.973052905960000492e-02 3.756785021650000117e-07 2.603130879619999782e-01 2.532076892119999867e-01 2.107084339520000071e-01 4.741185962590000087e-03
4.295873199100000009e-13 2.480001217929999959e-14 3.259570803499999836e-01 3.509942994179999776e-01 3.226691229449999856e-11 5.881426506399999949e-09 3.991810753900000026e-33 7.341593639960000319e-31 3.230486143180000269e-01 1.753238872259999909e-30
3.901789463349999987e-01 1.369971538079999968e-10 1.316911776129999949e-32 5.866971440049999487e-01 9.270557525350000236e-49 2.051632553229999962e-35 2.312390952309999886e-02 1.101518755009999963e-46 1.962974247320000158e-33 6.286349930080000055e-17
2.037557533090000055e-28 4.213418269529999871e-01 6.234830358430000189e-23 4.764399404740000247e-38 5.098242763349999904e-07 5.745974297999999941e-15 5.850483616060000308e-02 5.201418074970000083e-01 1.344256399210000074e-44 1.101956472590000063e-05
6.658031543540000300e-65 3.081924190349999832e-37 3.351002645670000047e-59 6.922094894939999988e-31 5.176853775899999954e-01 6.066766777750000423e-45 3.647727022510000031e-14 7.568773510510000364e-25 9.005283530289999243e-28 4.823146224100000046e-01
1.393756406280000019e-18 1.296226944760000032e-28 3.565452500829999760e-01 9.170897729939999749e-07 2.545352317340000003e-01 3.700356879150000141e-38 2.654331569720000047e-02 6.149329101940000107e-16 3.623752853960000020e-01 3.415409654179999993e-14
3.578931172570000050e-05 1.119842236159999949e-02 4.454153317769999898e-01 1.486520430030000027e-58 3.176404531710000123e-66 2.112706424449999933e-08 1.365679198700000115e-19 5.433504354220000110e-01 7.386681972200000533e-63 2.449778240669999868e-60
3.604962651929999873e-01 1.974052061079999976e-01 2.446659815059999965e-01 1.974325471910000074e-01 1.664382220299999873e-27 1.210225955959999961e-12 3.586288188689999905e-15 1.433306205130000112e-26 7.099862979779999933e-22 1.648705219739999901e-34
1.525168469770000011e-26 6.210563293690000153e-01 1.155585765439999971e-11 1.051464353589999910e-37 1.358940656829999991e-14 8.259240163299999631e-25 1.154368232029999997e-01 2.635068474169999786e-01 9.520537672239999916e-51 1.613787536809999903e-19
8.696810604009999758e-23 2.518786420899999934e-01 2.693874200679999831e-01 7.238183813029999583e-05 8.427540631700000673e-02 3.943861496859999982e-01 4.074238297959999887e-35 2.281379918210000079e-15 1.545373226579999957e-16 8.620801648550000480e-32
7.571100698590000270e-23 1.488842114859999990e-58 3.592709485830000035e-19 1.972541068519999890e-65 1.546004097600000050e-28 1.016348945560000060e-06 4.349771335399999846e-47 4.976186835499999961e-01 5.023803001009999880e-01 4.010302961750000152e-23
3.050200927649999727e-01 7.732672126669999628e-43 6.523637310759999863e-01 4.260215600319999796e-02 1.254937133880000032e-64 2.613482943759999954e-33 3.656273669279999633e-49 4.867966168500000371e-63 1.402015531109999926e-05 6.287245912629999650e-84
2.461161499149999927e-39 5.940825925389999762e-01 6.995865397129999885e-24 1.223611099879999932e-08 4.059173952249999773e-01 6.425429661310000102e-19 2.352261773309999837e-19 4.138281823070000142e-30 1.165296019310000049e-36 6.139867956459999988e-16
1.252222828889999963e-55 4.738999180640000188e-64 2.393000850999999927e-50 3.155426062970000139e-05 2.480339041709999914e-01 2.053653836470000102e-77 4.715625169050000126e-14 2.664551279090000112e-58 5.426136704280000167e-01 2.093208711410000089e-01
3.991438411179999979e-01 1.351705355080000035e-21 5.389116359149999718e-21 2.148841886689999980e-01 1.781154651629999943e-17 1.063239524070000001e-19 5.696167806479999942e-05 1.567640702919999998e-25 2.627767770100000178e-01 1.231382315250000026e-01
4.217540247649999990e-03 3.898057254730000306e-15 5.603763261440000143e-01 7.764823876340000071e-14 5.020937029160000342e-19 7.111557968809999724e-20 4.352143433530000216e-01 1.917902553040000055e-04 1.281615165229999984e-13 4.435785036729999772e-17
3.164710715199999802e-01 7.452203890379999848e-25 1.893066638389999945e-01 1.378429821549999896e-19 1.525655491500000110e-32 3.120272340620000029e-01 1.378453232530000025e-39 2.873456265130000172e-15 1.821950305800000003e-01 1.123858935080000023e-35
8.070402335120000355e-44 2.093935178299999866e-01 7.038851448849999803e-01 8.672133536819999489e-02 1.916873802859999912e-09 2.303911049580000112e-30 1.255612530900000074e-38 1.521655066620000030e-49 1.271348004369999986e-45 1.771943902969999918e-69
7.518861486759999887e-75 1.285790705939999992e-05 2.020597622909999865e-09 2.348877854459999874e-06 9.999847911939999667e-01 1.421071973149999949e-71 3.578783329870000032e-13 1.964855569680000056e-41 1.987690157879999937e-68 5.257607752800000116e-51
1.000000000000000000e+00 3.850507303659999994e-37 9.030285999040000316e-38 5.199943427940000348e-40 1.279648551239999945e-233 1.724229743639999857e-30 9.632668420250000045e-42 1.805400033890000088e-51 8.911798468850000493e-50 6.838480957879999548e-66
7.682305900329999616e-31 2.194351618940000161e-18 4.331906066260000077e-01 4.807479887600000223e-01 8.145289563610000338e-02 9.055378379100000797e-56 4.608508977960000183e-03 2.457368984290000088e-29 6.329406591689999848e-15 2.391070768409999934e-25
1.571617608800000045e-62 3.707475820490000310e-36 3.040145945829999894e-55 1.384347893009999921e-33 5.176899713020000071e-01 8.030888797470000187e-42 3.215235025289999988e-18 3.862304201569999966e-24 1.507074933309999943e-25 4.823100286979999929e-01
2.015621478540000067e-01 3.480331010100000122e-01 1.023494823070000004e-01 3.480552688040000064e-01 3.637051646849999993e-22 1.130025626379999957e-11 1.323337691499999966e-11 6.911404014150000268e-20 6.197997550369999659e-23 7.044736911819999894e-30
5.462181997879999966e-03 4.471722043300000256e-59 1.786648376339999979e-46 6.084070229910000333e-57 5.263762902880000077e-48 1.111852817260000092e-12 3.758770197009999876e-19 4.975889793219999662e-05 1.984475361099999891e-01 7.960405229939999661e-01
1.145889182980000061e-28 1.421401464850000024e-07 4.754777354260000255e-01 7.580908696150000237e-02 2.558957908539999937e-01 1.928172446139999885e-01 8.557539015929999095e-56 1.124806487709999911e-24 4.142664234789999665e-12 4.897030236909999867e-45
8.271641287750000542e-18 2.605402291230000111e-01 2.774242161359999903e-01 1.720341403399999875e-10 6.618653352379999522e-02 3.958490209250000169e-01 2.753735265349999876e-24 4.134687485270000019e-12 1.153448184579999936e-10 1.838313799870000063e-22
3.128226040629999982e-01 9.152301724810000035e-23 1.893525351500000009e-01 3.202787774949999856e-12 7.426119172080000547e-33 3.141433024690000186e-01 1.590671271269999899e-42 2.727462911090000093e-16 1.836815583149999931e-01 8.512415247789999754e-40
2.219441945619999910e-10 3.320507303449999892e-01 7.629400091599999254e-09 6.460759704369999799e-34 6.710331876470000613e-17 1.756290044120000137e-08 1.005668105349999972e-04 6.678486774280000260e-01 3.164817492299999893e-28 2.287853145159999822e-12
1.560862075869999953e-08 2.048777705769999902e-01 5.627630810109999701e-04 2.276311907249999958e-45 7.002336331699999795e-66 7.945594505580000355e-01 7.829930906230000103e-52 1.747117097449999937e-10 4.162498637640000258e-61 4.037851616379999989e-83
8.090693450359999594e-20 6.465501053939999890e-26 1.808430822360000134e-01 2.014415500889999988e-01 4.100907994210000185e-01 1.285851362919999921e-40 1.690096986009999996e-02 9.573471138490000242e-25 1.907235983939999935e-01 4.047441720780000261e-15
1.515840585629999926e-29 2.081739270279999875e-38 1.680313415210000019e-21 2.150439162710000205e-34 1.562454211450000074e-01 4.533179446149999983e-15 2.685736590880000080e-18 3.810144832960000172e-01 3.272916406129999789e-01 1.354484549449999908e-01
1.939838250750000011e-39 3.293796647269999760e-47 1.255962324079999970e-01 1.699229468210000049e-42 1.904101443489999900e-14 7.769973131099999764e-01 3.622524465399999914e-118 5.738287414029999889e-13 9.740645448119999994e-02 4.916644159269999896e-65
1.493062462710000038e-01 6.632302721499999569e-22 1.388264774190000025e-34 1.932421863359999878e-08 2.194730639209999902e-23 1.951108528539999970e-03 2.580889587630000071e-21 6.774108410969999758e-21 4.990989117030000255e-01 3.496437141739999754e-01
3.604805578929999865e-01 1.974311259519999917e-01 2.446833984900000092e-01 1.974049176530000005e-01 1.670733603740000011e-28 1.212407229899999940e-11 1.969753881330000012e-16 1.674823613100000042e-25 3.362095063169999830e-21 8.221622196630000232e-34
1.375399622809999993e-02 5.736827677250000349e-09 5.565248902280000021e-01 1.322863568439999921e-08 7.165078862290000227e-19 1.599086639640000006e-18 4.297210945639999835e-01 1.196907460970000034e-11 2.441152234269999893e-12 4.147788089630000183e-18
5.725199995849999945e-01 2.021116096190000064e-38 1.107565361819999943e-14 1.808470677030000080e-14 2.215063222590000223e-47 1.331640748989999977e-07 2.154019600510000042e-45 7.058702224719999872e-25 4.274798672510000119e-01 4.984992990889999699e-35
1.072959555290000031e-47 2.729179998030000220e-01 4.592366465919999752e-01 2.569830740499999822e-01 1.086227955549999916e-02 9.468665302810000219e-36 2.650540412729999920e-30 1.189398094310000019e-45 1.082864883459999964e-51 2.022546841379999963e-61
2.766147565940000209e-03 6.364975996859999763e-37 4.027161328750000236e-10 4.662261855529999943e-01 1.049069206570000023e-33 1.651692029969999991e-31 8.279872140900000328e-21 2.232695158550000103e-42 5.310076664780000177e-01 1.387818380809999937e-28
2.231663853389999924e-24 2.562512445980000143e-07 3.515950892440000142e-01 6.484046539810000009e-01 5.238716494820000411e-10 1.970717479920000102e-27 5.414138160800000319e-22 7.059671167170000378e-33 2.908884031430000081e-30 1.163562416980000039e-45
1.341579952280000099e-01 1.188085494309999933e-59 4.309439480469999806e-01 7.064982643769999581e-04 5.412446141350000254e-52 3.058660192350000132e-71 4.716283719980000013e-10 8.004545207300000030e-47 4.341915579880000209e-01 2.453022564459999810e-47
4.486142521650000360e-03 9.168833049459999829e-02 2.260296143849999966e-06 4.847552777899999616e-25 6.928428332259999646e-28 2.215316069160000157e-11 6.403091904469999651e-01 2.635140762179999929e-01 5.698665534559999911e-35 4.934408952750000251e-19
5.846960420279999626e-01 4.628310857229999719e-23 9.989536100089999919e-19 4.153039579719999819e-01 9.060332865959999543e-64 4.999779810620000110e-35 1.841287308509999884e-23 5.422424160069999673e-61 1.192660788189999990e-21 7.154903317419999808e-45
3.029941348779999948e-27 3.130204376799999855e-01 1.530683012870000048e-37 3.130221570839999967e-01 1.716625644650000004e-01 2.280543973569999971e-12 9.590479644259999803e-12 7.650476462990000373e-23 2.774118894460000113e-27 2.022948407590000053e-01
1.839475892750000038e-13 2.197165636750000120e-15 3.259570797090000083e-01 3.509942992569999864e-01 7.052186885150000006e-10 6.632777566290000295e-09 6.899655168530000401e-34 1.309289695249999923e-30 3.230486136960000199e-01 1.148487757600000007e-30
7.583689627070000235e-23 3.815068240489999736e-14 8.731552592609999633e-32 3.654025398419999747e-42 2.555360121149999920e-13 4.487352560219999738e-03 2.464288811760000156e-18 4.050483125250000094e-01 1.698352279140000065e-18 5.904643349150000553e-01
1.273159757780000063e-22 1.077314943009999910e-12 6.794934328449999761e-07 9.432535311879999829e-02 2.350473372080000012e-01 2.005353459210000022e-01 8.686413180389999735e-47 2.311531695799999931e-25 4.700912842580000084e-01 2.297770228050000130e-25
9.660975457479999894e-16 4.520145567650000196e-01 8.931028693530000673e-02 3.210694830209999997e-05 2.437102539060000128e-01 2.149327564469999952e-01 1.380188872670000053e-24 1.577644496259999909e-15 3.899865899389999744e-08 2.781698086489999858e-19
1.055106700249999984e-15 4.519804810799999961e-01 8.926086693229999536e-02 9.162216583780000622e-05 2.436925886450000134e-01 2.149744375750000103e-01 1.023674485769999991e-27 2.224982853280000021e-15 3.601666951850000082e-09 4.621500798130000465e-19
2.292437809830000222e-25 7.167265887900000195e-26 1.502631855329999964e-17 2.890678688439999815e-29 1.788002610280000071e-01 6.726266179859999805e-09 9.972401428010000000e-18 3.267440886640000097e-01 3.386889739200000249e-01 1.557666696610000012e-01
9.398322521200000446e-03 4.005166419309999755e-09 5.583376026020000493e-01 3.526553598269999929e-10 4.353125689399999847e-19 1.986899066310000006e-17 4.322640524229999781e-01 1.809469544600000000e-08 1.566308875080000012e-12 9.005442691629999488e-17
3.895667238869999771e-01 5.858010360359999780e-01 1.081877428060000019e-31 8.955793061899999260e-09 7.443743733640000099e-45 5.349247208580000278e-24 2.463223112089999930e-02 5.941793512030000297e-31 1.647050687360000017e-46 4.412250215930000072e-16
7.132515260870000230e-46 3.748254161010000085e-01 2.157063084599999923e-23 1.329503573369999897e-29 6.037390370759999625e-01 3.241817440119999776e-32 2.143554681220000147e-02 6.879233873600000324e-14 3.038957874020000105e-58 1.094691685620000038e-11
1.013216955770000021e-19 3.619642416649999754e-15 4.020100134380000224e-13 2.150505455320000092e-01 4.110231191190000244e-01 7.530673902850000545e-02 6.240763038700000273e-40 1.788596822859999951e-22 2.986195963189999802e-01 1.796444355050000095e-19
2.990550916359999759e-17 1.172751907640000087e-09 2.281767252450000101e-27 6.135344656359999991e-37 4.840965077629999815e-17 4.323228458859999775e-16 5.006472680700000399e-01 4.197646053660000209e-01 1.679700122009999998e-32 7.958812539119999863e-02
7.818921866400000438e-32 1.945996133029999988e-53 4.987960993000000176e-01 1.173057736060000020e-34 1.508978934060000004e-14 6.826791189719999867e-20 4.004777814910000014e-47 1.161875615390000079e-09 5.012038995380000417e-01 4.620855555499999552e-47
1.113801119839999947e-15 1.365971739649999974e-44 8.228460492170000529e-02 5.038267641929999874e-01 3.673667638950000129e-15 2.134857861900000053e-68 2.032769271659999877e-01 5.989570873039999771e-35 2.106117037190000096e-01 1.103159659380000004e-25
3.604962666259999837e-01 1.974052078369999963e-01 2.446659800329999968e-01 1.974325454689999926e-01 7.263884438289999730e-27 3.453677564029999798e-11 3.779624471789999996e-15 4.059906627429999792e-24 5.275886185500000088e-22 6.931334210230000264e-34
1.475460140779999980e-58 5.310069722400000414e-01 6.681444025679999612e-41 1.215400830469999953e-52 2.705217403449999836e-01 7.142401655470000263e-25 1.615659635740000072e-02 3.088262103000000060e-03 1.136099199790000057e-72 1.792264289549999889e-01
3.984070591410000232e-35 1.839489371009999987e-22 2.875962683359999836e-86 1.804906088210000046e-22 1.282018593319999957e-30 1.150710556310000023e-55 5.356997637449999461e-01 1.058555999029999914e-37 3.540926466370000192e-58 4.643002362549999984e-01
2.408729837150000200e-10 3.320344810160000271e-01 1.594808961500000096e-08 1.305760768570000036e-33 7.315544322659999341e-18 6.153870555070000221e-09 1.167913136279999950e-04 6.678487053270000251e-01 2.327312683050000136e-29 1.074778432590000022e-13
2.452267681369999972e-04 2.506653177120000120e-21 9.783186677719999133e-44 1.880189493779999899e-31 5.690445038970000059e-34 6.425693268019999627e-01 7.862643497509999641e-21 1.007742583659999942e-07 1.207871296080000039e-13 3.571853456549999861e-01
2.800909395459999760e-29 2.851792462899999749e-07 4.753537853640000255e-01 7.610193522060000604e-02 2.557139656619999979e-01 1.928300285719999896e-01 4.558913747150000358e-55 3.822583222000000049e-25 2.752718172070000017e-12 6.276824088490000054e-46
1.747404659139999930e-26 2.185595233969999940e-01 2.663534759739999980e-01 5.600061843929999983e-14 1.115003939219999934e-01 4.035686772900000108e-01 2.200856909380000117e-30 1.792941640760000143e-05 9.346662161439999641e-26 6.518742709409999993e-31
2.309101178820000078e-11 4.835358223760000129e-01 5.164641440570000297e-01 2.228104976190000174e-15 4.075731187170000231e-37 3.354358119750000010e-08 8.459381607799999547e-38 9.783010035470000731e-28 2.688806177350000111e-39 8.603738466249999579e-66
3.879100686849999979e-01 2.090355154499999875e-12 5.426658279529999689e-23 2.506477467139999749e-01 7.173479807189999614e-18 1.827168463820000094e-03 1.144129633219999879e-13 8.705684654239999797e-18 2.665483193639999748e-01 9.306669677079999758e-02
2.280972958359999963e-19 6.000280334290000184e-01 3.782927564029999958e-27 1.791704363109999922e-36 1.314089815349999987e-16 3.996598962069999872e-01 1.528303514070000059e-16 3.120641695109999895e-04 2.310231209450000038e-40 6.193955114019999667e-09
5.847134293379999681e-01 4.152865698250000071e-01 4.816286585250000139e-18 2.289672202639999878e-20 1.680517059470000126e-54 8.365569310140000028e-10 1.042697394619999946e-17 1.740469209660000120e-21 6.375268670739999862e-45 2.536963840650000081e-33
3.664150510659999749e-01 6.329853167560000049e-01 1.886902951549999915e-37 7.597054141669999899e-05 3.779123606150000160e-55 8.470810347569999584e-26 5.236616366630000158e-04 5.866503678099999900e-43 6.552496880760000479e-47 6.904949834179999940e-16
1.026787414729999984e-41 3.421269252720000043e-01 1.547402700260000035e-46 5.734023240130000229e-20 5.885938848139999902e-01 6.927345878580000449e-02 5.661529228399999840e-32 6.026509122120000408e-19 2.017249870710000044e-36 5.731128138509999666e-06
2.728199925239999928e-48 2.826885236569999901e-28 3.713438836380000274e-01 3.503271417439999985e-29 6.286561163560000498e-01 9.985852041149999718e-24 8.816970899469999850e-39 5.222748270200000101e-12 7.611595928879999565e-19 4.003719515730000092e-45
7.484860511709999775e-01 8.272057623410000032e-03 3.369206687500000096e-03 4.784656249669999994e-39 2.050259425460000092e-70 2.398726845180000067e-01 1.396821879589999980e-39 1.983079703020000074e-15 4.876825612489999886e-53 1.936517009369999857e-74
1.370898528359999931e-02 1.276474836979999949e-08 2.044921118930000115e-01 2.225835933860000001e-58 8.920764510560000030e-54 8.203038519080000495e-07 2.201552684390000029e-18 7.817980697549999913e-01 2.377446174209999885e-39 3.442685530070000089e-44
1.351377880089999938e-13 2.072979376060000088e-11 1.471152506279999883e-01 4.572418295280000211e-01 2.435207558659999993e-01 1.821483880880000021e-08 5.207275377910000234e-22 1.424721038580000057e-19 1.521221457430000090e-01 1.249197964360000084e-18
4.538037558960000273e-01 4.694200577599999882e-03 5.941660448500000616e-45 1.353368300350000014e-05 3.702663689019999858e-35 2.474494595010000199e-10 2.682655944209999816e-06 4.642604291760000097e-22 8.816903254609999416e-30 5.414858269400000257e-01
2.447667213470000047e-01 7.655224476429999588e-04 5.955636468959999569e-03 2.507258945769999941e-48 9.378787744789999788e-66 7.485121197180000241e-01 3.371992066130000247e-38 1.908089897570000142e-11 2.700598964490000069e-48 2.170728000870000012e-65
2.221696860190000031e-44 2.153855217350000015e-31 5.873921468260000500e-01 6.579008327310000095e-34 4.126078530189999927e-01 1.471710998440000075e-22 1.750603122330000001e-34 1.158119091059999963e-12 1.539984703529999923e-10 1.962545051770000113e-35
6.087404483290000220e-20 2.066821268669999841e-28 6.564645624060000406e-01 3.335528069450000022e-01 8.274166917759999645e-08 7.771553029179999707e-51 9.928337989009999517e-03 2.071998991820000139e-27 5.420991821259999789e-05 1.433823972690000074e-21
2.002433992230000129e-62 2.617186010139999986e-36 5.593848286840000178e-55 2.248704352580000081e-34 5.176899713020000071e-01 3.279689680639999869e-42 1.418021858589999904e-16 3.254596130430000127e-23 1.782219591219999959e-25 4.823100286979999929e-01
4.869763372800000041e-12 9.198442955789999632e-10 1.587082582470000136e-17 9.544090434929999867e-02 7.433692968010000013e-02 4.796708187400000045e-01 3.448089786999999821e-18 8.602340612320000046e-16 2.374909398199999966e-01 1.130604064850000007e-01
2.801736787280000251e-57 2.128664134000000097e-01 3.623418887670000137e-15 2.136719696280000025e-01 5.734616169720000434e-01 1.639744399969999874e-20 8.164151857899999556e-50 8.911816854870000266e-49 9.691260381209999317e-52 2.010506436319999990e-53
1.981849291449999918e-21 2.064091445010000110e-13 4.496778895520000221e-08 9.424025945210000310e-02 2.351122827559999906e-01 2.005015444009999870e-01 1.347134006979999904e-44 1.641790282240000038e-24 4.701458684229999907e-01 3.425341818320000070e-23
1.768497201429999888e-01 4.070807993409999992e-01 8.963866542210000010e-03 4.071056139479999891e-01 1.160196042249999932e-31 2.606601741220000138e-11 1.715996117900000059e-18 2.203824218980000198e-28 2.841739008600000048e-22 2.333232843519999854e-39
2.250620168410000045e-44 3.246058785739999730e-01 8.351633288860000301e-42 3.390213591779999922e-32 1.136308198980000034e-18 8.418700704159999578e-45 6.753941214259999715e-01 1.290868468259999980e-22 1.881547419900000116e-98 6.284682019179999823e-16
7.630467228740000194e-19 1.794918315669999972e-15 9.467279810290000411e-14 2.146396517489999878e-01 4.088444207299999911e-01 8.477565250730000057e-02 6.541508442770000154e-37 5.906017315760000235e-22 2.917402750129999833e-01 1.108083643250000066e-14
1.920564226489999932e-62 9.703954624589999328e-65 2.413641232459999799e-07 1.118837788439999971e-62 7.975092958220000305e-01 7.652247117890000384e-16 7.175006379780000346e-68 2.024154259210000084e-01 7.503689253080000443e-05 1.089292043879999909e-40
3.885937219730000169e-01 5.842640276539999844e-01 1.636849789829999995e-27 3.962808834780000298e-11 1.204904765599999911e-43 6.916829504269999980e-19 2.714225033289999894e-02 1.591219114459999945e-22 8.139269371939999687e-44 2.625209637709999881e-15
2.873877657509999863e-21 3.376953879380000245e-01 6.522341451380000432e-01 7.926559310379999674e-23 3.651358315260000128e-07 1.383681294559999908e-18 1.840524205560000078e-03 8.229577582230000396e-03 4.848181062860000025e-32 9.684082104770000531e-22
3.909583406100000103e-01 9.645327755099999729e-11 1.019242557510000013e-32 5.878286009059999762e-01 9.060608765050000235e-47 1.872366194399999926e-34 2.121305838720000114e-02 1.679918672309999900e-44 7.032996364040000168e-32 1.626060568950000039e-15
1.379235947770000002e-13 2.032323358379999878e-44 1.576895559270000082e-27 6.495707353770000525e-01 4.562543541330000293e-25 2.090881289669999976e-42 1.954046588269999998e-20 2.024294411910000110e-54 3.504292646220000251e-01 1.301225962960000005e-17
7.498558204099999847e-01 7.080863633859999819e-03 2.604144377010000132e-46 3.404655311430000199e-03 2.576508072590000012e-59 2.080187317730000135e-34 2.396586606430000099e-01 5.937083154110000221e-50 6.007199232220000051e-48 1.400132007029999975e-12
1.458722440279999982e-05 1.220297067859999997e-04 3.057474535330000076e-02 1.471908040980000054e-01 2.619335589999999825e-01 6.655398377539999797e-06 2.658134002649999994e-01 2.626168344859999837e-01 6.818601031010000212e-04 3.104552436520000014e-02
1.724452186020000086e-11 9.999990606509999713e-01 3.776594724659999882e-14 9.460289394890000477e-35 2.753416137099999897e-60 9.393321114100000139e-07 7.632362161069999748e-38 7.416099740280000581e-23 1.769739039349999997e-63 1.948772018200000165e-62
6.850577675240000075e-19 4.935847270719999769e-30 3.565454044570000036e-01 1.000032676120000066e-07 2.545354548620000212e-01 8.210785803200000213e-39 2.654360928570000111e-02 1.095739926760000026e-16 3.623754313920000136e-01 3.218036654819999880e-13
6.578001799930000084e-32 1.110377480479999920e-55 4.987960990720000098e-01 9.531726349420000500e-38 4.359740389199999637e-15 5.950888610639999853e-20 9.513362330580000052e-48 1.567501129319999927e-09 5.012038993609999604e-01 8.283765748989999783e-45
1.324158279119999991e-29 3.388364334960000113e-01 6.516141851169999777e-01 3.257097854390000125e-28 9.036829724550000371e-07 3.157622402499999991e-19 2.162758050699999825e-06 9.546314945749999337e-03 3.799909961759999837e-39 1.544034911019999940e-26
1.909033984859999851e-27 3.823687140340000234e-01 4.489190498749999758e-01 3.983091983100000146e-20 7.269210504100000192e-02 2.407956359250000029e-24 9.596683083019999505e-02 5.330022000330000284e-05 1.515817606119999973e-37 2.627893644899999974e-22
5.218507800300000107e-60 2.321538180630000123e-29 3.713438818029999866e-01 4.533287624839999909e-37 6.286561154690000208e-01 5.216737592070000397e-25 7.947791722939999765e-43 2.727717876250000094e-09 5.427242844549999676e-26 2.567091062780000044e-51
1.766871315440000090e-01 3.789527510970000055e-36 2.301454519460000014e-02 7.993460076170000317e-01 3.463861622310000207e-39 2.324376860799999852e-31 8.629911163869999872e-23 1.310721337999999956e-36 9.523156448520000506e-04 3.038615168990000102e-44
3.604962651420000053e-01 1.974052058090000061e-01 2.446659814390000076e-01 1.974325475310000078e-01 1.012108172709999993e-28 7.932329960639999540e-11 1.910431693070000080e-16 4.405249639499999732e-23 3.305203507609999868e-23 1.474146904660000040e-33
8.250067719630000555e-15 4.866030013559999903e-08 6.955466577119999553e-21 1.881125734309999908e-01 1.854491533479999954e-01 3.662166006909999827e-01 7.013960297029999907e-21 7.762402485709999959e-19 2.064050590110000014e-02 2.395811179690000015e-01
5.847187227740000548e-01 1.600424406870000115e-17 2.666124464820000092e-14 4.152812772260000007e-01 1.990371402360000076e-49 7.568679076999999954e-30 3.627888305269999703e-17 3.657156641589999747e-46 6.308816173870000117e-20 3.717122992099999739e-35
9.799523112880000031e-17 1.980435121040000079e-01 1.632229018949999944e-01 7.983109914810000306e-20 4.011540299490000128e-01 1.066409842609999923e-12 1.080816139840000065e-02 2.267713946519999968e-01 2.923631452659999849e-22 1.036724965860000061e-12
4.176331710060000035e-01 1.197571932849999985e-29 7.235166292470000595e-27 1.853292217610000077e-28 3.037242528680000007e-34 1.517548207019999936e-16 7.714208841740000100e-02 1.242374719429999996e-01 4.976036301400000031e-11 3.809872685840000051e-01
6.676662133580000009e-37 1.580164225989999977e-15 2.949723157189999864e-27 5.429785639790000236e-14 4.991613320059999914e-01 5.491172974470000213e-41 4.985921007340000100e-01 4.074824080270000011e-24 1.034332842299999945e-26 2.246567260679999817e-03
6.878651993469999490e-17 2.832783403430000182e-49 1.517907842289999977e-37 7.936511740790000509e-35 1.726504088170000052e-24 1.541079937719999868e-20 8.354652181890000324e-18 2.783411474140000143e-13 6.054754316810000425e-01 3.945245683190000130e-01
9.175512407599999475e-14 2.588997068619999809e-07 8.718190629120000669e-18 1.394202387479999972e-01 2.428577387509999949e-02 5.003443792259999467e-01 1.055053078739999974e-19 2.740786510769999979e-17 2.257217449620000094e-01 1.102276042880000057e-01
1.761375057840000007e-60 2.351779380460000124e-01 3.116917901159999812e-09 7.479417212460000020e-01 1.688033759080000140e-02 2.628299339720000041e-47 1.277741689690000074e-25 7.891850625959999411e-55 3.662588728799999799e-63 6.737063885190000035e-56
4.509808424149999958e-41 2.601324781900000204e-28 2.373248843749999926e-51 1.922389275739999884e-68 4.888254045800000177e-15 9.125520518180000005e-15 2.939816359849999906e-20 4.256413568599999864e-01 1.007874539250000015e-32 5.743586431399999581e-01
2.657844661879999844e-36 3.087333152169999817e-01 3.693742940969999755e-23 1.600016957310000046e-42 3.260911109389999939e-12 2.666066828180000013e-10 9.010595239030000452e-17 6.912666845129999960e-01 2.024691121450000000e-53 6.427185514120000188e-18
1.818245437069999915e-01 3.613082350949999855e-01 7.388699391850000514e-32 8.496106846470000705e-09 1.793572463799999942e-21 1.850458541140000135e-01 1.449671100620000010e-06 5.545811350119999833e-09 4.589274508629999903e-23 2.718199033709999823e-01
1.222616166949999961e-09 1.885395037819999915e-40 3.190947799500000153e-15 4.855344432670000154e-01 1.899220068650000147e-36 8.073519498639999929e-23 8.291679262780000312e-45 2.228638953919999811e-50 5.144655555099999500e-01 1.220259561309999941e-41
1.710807357539999886e-23 3.158734105009999849e-01 5.960740709250000061e-27 3.159092232779999732e-01 1.532998183029999906e-01 5.384073995679999788e-17 2.348401777790000127e-07 5.362175324909999883e-27 5.197482399209999573e-22 2.149173130779999941e-01
