3.681650441420000013e-19 3.617124144750000058e-39 6.573315419230000093e-15 5.679445860450000293e-03 3.675337159620000183e-01 8.169551418320000161e-05 2.815820274219999961e-02 1.365390617120000039e-01 4.337192017090000240e-01 2.828867649939999923e-02
3.396434200869999920e-01 5.676480898400000115e-24 4.084734952979999954e-06 4.118036035609999868e-01 1.604783789670000127e-01 8.807044816480000260e-02 1.313635717950000081e-38 6.999635474199999878e-40 4.920575295270000048e-20 6.448472886669999751e-08
2.956224501149999906e-01 3.360143165249999809e-22 4.719784633290000087e-02 8.213944422779999310e-02 6.590597906900000328e-07 1.761965807049999944e-01 2.111921736340000061e-22 1.893177909780000001e-02 3.798410525790000269e-01 7.018788273579999455e-05
1.427202965479999943e-24 1.136824470560000004e-07 8.449824908910000308e-04 3.723585263819999829e-09 4.936493262329999728e-24 2.447874980719999976e-53 2.482957434539999897e-01 1.864598035410000112e-58 7.508591566490000480e-01 1.500255138159999919e-41
1.166213544529999900e-06 3.670719945559999884e-11 6.690510721929999738e-01 3.089631656550000148e-04 3.173516086120000135e-01 1.328718977879999978e-02 1.046493170120000063e-24 7.189824719739999310e-24 1.030804022710000060e-24 1.154882893740000063e-21
5.243453094759999722e-21 7.396806696310000350e-40 2.011677966060000020e-13 4.998391541860000009e-01 1.241340465640000091e-53 3.237009504410000156e-66 4.991350956030000119e-01 5.657022010560000534e-26 1.025750210999999993e-03 7.766707474370000539e-34
2.122389031869999836e-40 3.992103154750000002e-07 4.607769147890000032e-32 4.224163716300000174e-20 4.075616251079999808e-01 4.563258041839999804e-19 5.878292275340000206e-01 6.997362124960000297e-22 4.383420350359999985e-14 4.608748148359999817e-03
1.680272434569999899e-09 3.563199322789999991e-04 2.906214022909999750e-01 6.847592169479999408e-14 6.206784741749999945e-01 8.834380192200000370e-02 8.622992081859999826e-24 4.952222444060000338e-28 3.343943068040000172e-20 6.636305072120000416e-28
8.399309537460000411e-52 4.108175035799999683e-24 5.677677142979999925e-01 8.085673787490000541e-20 1.369580604549999934e-05 1.920291153709999990e-11 1.967067508470000092e-22 1.690434700680000063e-31 4.322185898770000145e-01 3.533799151260000200e-17
5.209997981179999662e-15 8.060034017590000544e-46 1.164692445990000023e-07 6.647474525780000532e-01 1.012828192709999963e-04 3.342314557919999762e-01 4.484708624159999917e-32 3.084492516730000100e-29 1.442101697900000020e-22 9.196923419260000492e-04
1.619463883360000023e-09 4.602024977279999818e-01 3.863270897419999739e-01 1.534701591239999996e-01 1.745000503039999908e-27 2.901761518069999892e-15 1.225037875360000018e-20 4.593556171400000219e-40 1.011222057870000002e-57 2.517870940689999923e-07
1.510753219090000088e-47 3.457513249659999773e-19 7.700746375939999666e-01 3.848246513290000118e-41 2.517430441519999959e-10 3.421140689459999974e-03 2.910038292309999849e-36 2.302665274479999917e-16 2.265042214649999885e-01 2.386355999669999991e-26
2.391980559440000098e-01 4.537778274339999981e-15 1.707809059039999966e-01 1.915774736620000085e-01 2.901293855659999865e-01 1.083141789239999986e-01 4.493626377580000126e-38 9.486389446509999866e-55 1.272620217830000071e-45 1.519752297240000049e-21
3.666554443669999830e-01 3.140431132259999803e-20 3.953472504739999944e-28 8.698543036130000400e-05 6.332316077480000249e-01 1.518934775270000129e-14 2.730633404780000082e-14 9.712359265620000041e-29 2.596142482730000097e-05 1.029262874939999944e-09
3.663606342380000269e-01 2.211106824740000087e-01 4.125218798190000147e-01 8.892530328750000296e-15 7.611355856400000699e-37 2.985836345780000272e-29 6.759692373010000091e-06 4.377718681070000028e-08 3.684092677500000029e-30 1.623089461010000038e-78
6.849042384360000031e-17 9.938317078270000736e-77 2.395296252360000058e-18 6.535639259650000144e-01 1.070752483019999949e-33 3.949826339409999816e-25 3.631602049929999994e-17 9.823014094709999004e-07 3.452011978669999870e-01 1.233893866319999907e-03
8.930001314199999609e-13 8.621372881969999180e-03 6.991978897390000084e-14 1.089230034259999961e-21 5.448993736539999855e-01 1.243460665129999961e-16 4.418180970880000169e-01 2.495487446569999851e-08 4.661131419710000043e-03 6.925764201100000474e-49
1.119026116910000063e-01 1.254346818679999986e-38 1.821571841580000144e-23 3.934742013929999893e-01 1.561425331300000108e-01 3.384804965139999733e-01 2.454307853680000037e-28 2.869162555930000149e-15 7.592766197940000192e-32 1.572716868729999925e-07
1.706565394089999965e-01 1.181265808569999977e-05 6.874136280010000322e-01 3.125482591480000235e-36 2.549389908609999863e-24 1.419180199310000057e-01 4.522855823510000042e-71 4.735586756279999741e-29 7.952758509710000358e-77 7.741310027130000250e-78
1.036536939260000083e-03 5.590575295140000067e-01 8.496001974959999864e-16 1.675640347210000059e-03 4.381281843939999754e-01 3.205409682419999950e-05 7.800929095479999825e-20 5.726222930810000115e-38 1.529612879550000092e-57 7.005470849059999958e-05
8.146695446490000159e-02 2.884918624709999868e-46 3.739349765440000182e-19 4.611909501740000250e-01 2.642131106890000105e-12 1.805517818549999943e-09 2.938950104779999904e-18 4.484688447860000204e-01 8.873155467549999342e-03 9.329961240939999828e-08
6.358099688649999914e-02 8.824488451329999539e-02 3.158666176189999946e-32 2.784200925580000114e-18 1.078045165329999906e-25 5.325626072349999842e-28 2.439128819030000062e-01 6.042612366980000260e-01 5.494473616910000002e-24 3.029822211609999949e-21
7.145828168739999653e-02 1.823458946669999914e-01 5.273775932430000250e-16 1.023243534119999965e-01 2.821934146039999924e-01 3.137615856899999916e-04 5.873087894600000081e-02 2.320374932979999971e-01 1.484157853380000008e-31 7.059592179989999938e-02
7.859408063050000214e-39 1.172222898690000047e-12 3.265127869460000029e-05 5.143921450689999837e-31 1.868181965750000019e-23 5.098794055730000441e-01 1.590683572350000064e-38 6.511814675320000388e-16 2.392373137819999874e-40 4.900879431469999936e-01
2.424080567959999988e-01 8.971330021209999810e-05 2.494665129720000096e-01 2.849195379460000080e-02 2.411856408439999915e-24 6.825627094099999403e-02 2.077289674599999890e-14 2.336455531879999895e-02 1.469388801159999973e-61 3.879229368770000241e-01
1.416017563109999988e-01 2.480499682439999961e-61 1.708521682669999991e-47 2.287995490210000073e-08 3.990499618309999996e-01 3.941999252079999736e-04 1.007793756759999954e-24 3.580968353130000170e-01 8.518534361639999719e-02 1.567188012340000117e-02
1.937896160479999907e-01 5.933242161680000182e-01 7.550923631950000488e-05 2.697464031000000137e-16 6.930273382500000543e-24 5.755510409470000304e-36 1.093855684809999995e-07 2.160706470919999882e-32 2.128105491620000123e-01 2.159367290869999946e-72
1.697689166450000030e-40 4.779461943569999760e-01 1.887152872860000123e-11 1.082172796669999967e-25 4.394059110110000264e-59 6.238120537399999987e-75 5.220538056060000098e-01 2.249889002029999949e-41 1.795362460330000012e-11 1.054318878670000064e-37
1.000000000000000000e+00 1.244325936330000002e-64 3.398462721829999945e-37 6.828898580339999768e-19 6.415604711220000367e-79 2.785364694270000138e-44 2.875535504600000072e-70 2.855892683980000134e-52 3.744456260639999980e-107 1.931148587770000111e-61
4.995672029620000232e-01 1.551388934219999956e-62 2.828864815759999921e-46 5.004327970380000323e-01 1.737065078680000061e-19 1.984308899310000129e-24 6.528775630650000320e-34 7.273877814149999469e-29 2.680913237130000129e-39 1.156013970349999932e-14
3.882572475609999982e-37 4.180118064269999991e-39 7.178673072710000103e-01 1.150341840509999973e-25 6.465364491560000178e-18 2.821326926619999731e-01 8.344337497309999627e-50 3.061781804380000184e-21 6.757624569649999375e-11 1.292059100440000048e-14
9.696659918909999819e-28 1.297492309009999900e-01 6.404637629309999449e-17 1.612521463270000041e-27 2.871108042250000159e-01 2.195789340099999973e-02 2.063561785770000045e-01 2.269078909929999888e-01 1.079053056729999947e-05 1.279072113720000070e-01
5.259635239259999873e-01 2.326213072729999936e-05 7.824643444489999401e-17 7.259382995329999831e-03 4.667538307110000173e-01 6.131591161500000435e-23 2.308978619100000018e-10 4.740300974250000017e-54 5.990364929969999952e-12 2.343791658330000008e-23
4.227924457200000208e-01 4.507383610010000238e-41 9.130058588180000452e-29 7.501190895749999786e-07 7.264818537090000109e-07 1.170362220189999955e-04 2.609953027180000079e-18 5.276098426739999982e-10 4.253678338060000175e-01 1.517212071229999959e-01
1.591460341039999936e-22 7.339639377019999954e-46 5.534612100489999630e-37 2.760173502839999844e-08 5.559832229819999805e-01 1.898778303099999854e-18 1.852599096670000112e-01 5.924985716609999677e-15 2.587566824799999998e-01 1.572697322079999900e-07
1.521704398959999871e-01 6.445013355679999449e-17 9.233453221119999887e-02 5.744665822699999633e-03 3.841836467799999988e-01 3.655667152900000105e-01 1.156779663000000077e-37 7.004254951050000033e-48 3.124111615580000112e-40 1.168457553460000005e-20
7.538235959120000119e-04 6.069941181540000568e-17 1.479408544799999947e-01 3.499546282850000134e-01 1.688230662159999991e-03 2.617307900920000097e-01 5.706718188800000187e-11 2.379316728160000005e-01 1.221672647310000064e-11 8.723080896899999785e-14
5.358648095639999553e-01 4.201025960739999711e-43 9.835951976580000331e-14 9.593078993280000438e-12 2.419203632289999824e-35 3.646887149850000403e-12 2.626210081199999792e-31 4.641351904220000213e-01 1.478998494490000091e-15 4.132330548870000007e-25
2.633142530790000269e-01 7.045114267590000257e-01 3.216583053480000232e-02 6.418487899310000139e-20 5.109840243269999637e-34 8.489626981720000385e-06 5.210087213800000324e-50 2.932221731439999985e-28 1.568914616439999922e-106 1.257559469490000035e-30
3.718837852899999826e-91 2.655991526740000078e-16 5.391415289940000082e-36 2.358513217300000187e-46 4.634613877279999961e-01 2.885826551879999925e-15 2.488614863870000102e-23 2.146611494819999792e-37 4.946488504030000298e-17 5.365386122719999484e-01
1.039063568239999957e-34 8.007545472920000063e-04 8.086770831720000279e-33 8.490001583410000680e-58 3.697741006950000103e-23 7.712247463379999779e-01 2.517477134659999993e-48 2.256973980739999941e-01 5.700161084260000008e-80 2.277101040259999886e-03
5.009979618569999626e-01 4.250246625660000092e-36 1.037137624089999958e-14 3.160765621720000205e-17 2.102370311369999922e-18 4.990020381429999818e-01 7.738799640530000389e-62 7.175562101709999758e-25 4.271988376659999947e-30 1.472697367759999967e-22
4.501384849200000260e-01 6.245585474799999516e-33 4.434801755249999639e-55 4.930168921469999794e-07 2.401059225830000105e-28 8.188058044530000434e-24 1.351914315299999912e-18 5.736114823829999848e-02 1.235042011419999992e-50 4.924998738249999897e-01
1.406061573650000006e-67 9.124941867079999769e-02 4.835782299350000150e-17 2.539007968119999945e-25 5.092695038210000025e-01 3.552030056390000232e-23 3.952076101709999789e-01 2.515399685239999847e-41 5.516810824799999813e-05 4.218299229399999871e-03
6.070140173650000026e-32 5.659073478859999971e-05 2.613992387030000253e-01 8.815879748599999671e-08 5.736117343829999493e-01 1.200946206649999954e-26 1.206988194820000047e-02 7.102532371610000418e-84 1.528624660719999917e-01 4.607066998189999751e-27
9.222509913170000295e-02 3.164763670640000082e-01 1.215255831920000057e-01 2.582445601319999784e-01 4.176119281749999878e-14 1.746349895200000055e-32 7.530850861669999632e-03 2.062153037600000132e-63 2.039975396179999900e-01 3.116019433679999969e-35
4.827801164600000194e-01 3.043378550030000294e-70 3.309433622220000089e-15 2.602599670579999747e-01 4.541873607039999900e-26 3.621718308389999878e-05 6.911585751540000504e-38 3.442931537189999920e-11 9.079987575080000017e-14 2.569236992650000273e-01
7.011291343099999928e-51 2.435296845499999863e-01 4.662128540850000308e-02 1.700351607389999981e-35 5.658274526939999707e-06 2.837125149240000144e-01 2.500967161320000172e-12 1.319970700730000014e-05 2.397204688240000148e-03 4.237204524450000065e-01
1.281777605790000061e-19 4.365306401130000236e-01 9.866537127619999514e-02 5.183276181819999884e-39 6.071517694010000049e-02 4.040888101849999803e-01 1.950098371389999968e-31 5.225204163589999731e-26 1.485267485399999982e-09 6.594900988379999953e-51
1.998384526859999903e-32 8.437288283699999510e-05 2.697351430580000042e-01 4.540145702169999828e-10 5.726554042779999909e-01 7.280639019470000029e-26 3.282108468439999842e-04 1.543732242340000106e-82 1.571968684800000016e-01 1.135210565559999987e-25
1.945743648989999963e-21 4.838318286769999816e-53 8.305581696050000351e-02 1.105841569830000037e-01 7.230159204440000016e-07 2.520192173899999943e-01 1.105059336180000009e-15 1.628226854589999995e-01 2.818415528639999779e-01 1.096758473279999951e-01
1.463765019210000001e-85 1.834037963669999913e-27 1.115926831159999978e-48 1.688885496230000033e-47 1.921310179670000030e-17 2.624359843690000033e-34 1.546153121579999964e-12 1.876784201830000053e-15 5.000049200499999680e-01 4.999950799480000208e-01
3.267469605400000052e-20 1.077884518349999932e-01 2.586622586010000058e-01 9.854160432719999297e-21 6.335488054210000053e-01 1.996765573759999929e-08 2.101811092769999803e-15 3.591083437430000081e-24 4.641752951950000047e-07 1.072923666080000038e-33
1.230490300670000064e-02 3.854905678500000152e-38 7.761529386979999778e-02 4.553298112360000260e-01 1.847366492040000043e-20 4.547499918769999927e-01 1.029829671970000069e-31 2.244569419609999937e-18 6.677376782539999944e-32 1.028467616459999989e-11
1.562636356260000137e-01 2.479425807800000048e-01 1.469492200660000025e-01 4.021599049299999784e-01 9.871243116190000662e-07 3.416316894840000167e-22 5.174913022999999698e-06 4.017689392819999872e-67 4.667849656079999660e-02 7.281305112230000358e-24
3.930144268010000164e-01 7.239753481530000325e-91 2.254671943240000002e-17 1.749176382940000052e-02 1.927054312289999954e-23 1.364505950409999890e-01 1.049014059229999949e-42 4.856460456960000221e-08 2.652685808830000189e-09 4.530431631110000135e-01
3.214441646680000209e-01 9.631821491700000293e-02 2.146485764560000081e-15 3.233836934699999902e-18 1.903176137180000146e-24 3.192244979869999777e-01 1.849595639069999913e-27 2.630130855889999952e-01 6.346924444520000305e-99 3.683925062720000175e-08
4.751440012969999848e-14 4.279286671709999768e-01 1.905302355499999910e-06 1.703218891269999929e-25 3.399417986839999965e-37 1.801314030039999976e-18 3.931603497609999985e-13 5.720694275259999850e-01 2.964554411430000197e-48 4.430900720180000107e-36
3.093087724499999913e-01 4.323228886480000033e-01 5.385208669669999844e-03 8.914304039319999812e-30 9.491604769309999745e-02 1.580670825390000089e-01 1.087694277730000026e-59 4.701855470930000204e-83 2.034519272960000019e-54 8.597846478330000575e-71
1.081305220649999949e-16 1.870300469349999976e-47 2.394733613199999944e-01 2.543891084659999913e-01 1.580186316880000065e-18 1.035399990999999941e-08 2.049914492440000112e-30 1.929394629499999908e-20 2.992600352620000126e-01 2.068774845989999889e-01
1.883841965269999829e-49 2.837142689570000265e-01 3.129085019310000161e-43 7.094878202339999413e-89 4.943686330560000116e-11 6.639469732059999669e-19 2.150700940790000069e-16 4.367147973489999835e-01 2.795709336439999859e-01 2.171492822769999890e-24
1.762115826449999964e-02 2.256050261120000067e-01 1.064964135559999915e-03 3.209548083230000228e-07 2.944637649669999968e-01 2.368469590509999922e-20 4.612428754719999913e-01 3.022453970139999982e-27 1.890093488100000081e-06 2.608823651510000110e-73
6.965937024700000646e-24 2.447864968040000039e-20 1.088878103200000003e-01 2.770900623549999997e-01 6.140221248260000486e-01 6.866183478420000475e-14 2.209692174000000101e-16 3.011486371710000133e-74 2.451284931329999799e-09 4.734821513410000090e-11
1.107811005390000010e-29 2.526760234270000183e-01 7.473239759369999513e-01 3.539785072899999755e-21 1.055832429540000080e-11 6.632454311840000049e-31 8.404571113089999535e-13 2.027352160620000023e-78 6.246505475649999741e-10 4.788238959610000194e-56
7.716578108120000223e-01 6.788369577549999590e-21 2.283215173710000101e-01 3.036068177569999727e-23 4.370065079470000219e-22 2.067181734689999966e-05 1.703724009859999935e-89 3.899535734130000329e-61 1.108719097719999985e-55 2.423747529850000196e-47
1.516622305440000035e-19 4.316786808440000158e-33 5.054719396029999549e-66 8.861243591979999598e-41 8.339526449390000083e-07 2.514324099579999805e-01 8.658136870719999927e-58 1.033102410629999947e-02 8.056730841479999380e-37 7.382357319829999653e-01
8.341502232340000655e-02 3.205812748399999856e-01 1.931815423229999995e-01 2.714514644859999937e-01 4.601127349150000158e-09 2.650376371149999853e-27 1.313706914259999969e-01 2.257572335429999851e-59 1.594109676120000024e-14 5.340039048639999720e-48
1.477248499540000093e-01 2.752400881019999834e-24 3.102229138980000133e-38 4.133148958370000050e-29 2.703389688619999842e-01 4.321774895509999936e-01 4.329382630170000045e-33 8.191946848629999951e-10 1.497586908130000005e-01 4.134813692670000034e-13
2.345190772040000059e-62 1.898349178599999827e-52 6.766787862860000243e-87 4.435533453379999729e-34 3.558840858080000092e-22 4.650271570320000175e-50 1.444309678549999924e-06 7.698004331359999952e-01 2.297263451840000081e-01 4.717773698660000163e-04
3.667373631249999932e-01 5.038631946790000046e-19 1.856861776749999874e-30 8.908617965439999501e-08 6.332625477850000184e-01 4.159455091490000319e-12 1.352676365959999989e-13 8.766652956940000811e-25 2.982893906640000208e-29 8.211401933540000484e-23
2.891709062099999903e-123 8.247596166780000233e-08 1.607277441379999867e-35 2.604869599950000004e-64 2.765239189200000003e-01 5.575377196419999882e-19 4.652343547100000198e-01 6.964934858960000232e-03 2.512766515589999750e-01 5.747672048689999789e-08
2.671091642879999998e-06 3.551195708020000175e-01 3.695041588919999845e-10 8.006055587680000346e-24 1.360171581989999975e-29 6.448777577040000208e-01 1.261691530629999922e-43 1.800671416950000028e-11 9.538481401840000141e-99 1.412540768419999967e-11
2.662652713040000035e-04 4.901059072530000286e-38 7.146639428700000130e-01 2.850697918589999991e-01 9.544474855240000404e-65 7.706836896310000630e-34 1.330863398999999955e-24 8.309640946620000466e-30 1.559763983150000036e-18 1.906034267410000113e-23
1.026262885730000058e-10 4.602126294989999922e-01 3.863068334190000175e-01 1.534804067899999958e-01 9.432351778030000514e-28 4.860762447140000443e-16 1.072782561299999971e-18 6.185761856749999891e-39 5.483909841049999625e-57 1.301897777379999958e-07
2.754238745229999859e-13 1.879214891700000004e-54 3.838988473450000161e-01 4.568271184379999763e-05 1.096468762490000088e-19 2.335442894499999977e-01 2.237598056900000024e-24 3.823549696019999944e-01 6.058195115669999712e-06 1.501526955689999891e-04
2.444005822729999888e-02 3.051697562540000019e-01 1.443539343849999934e-01 5.260362365120000439e-01 3.704006456430000075e-51 2.016484384650000002e-18 4.963094342279999669e-15 2.992743583669999780e-16 3.855977348309999972e-113 1.462089008119999991e-08
1.643191698230000142e-54 4.752486284529999619e-18 6.661417786579999906e-12 2.066125260409999917e-53 2.152815719060000021e-01 3.882872485120000272e-01 3.241768201780000002e-34 8.005218178900000317e-05 3.963511273940000246e-01 5.353982046509999913e-28
5.407777345949999671e-66 1.320088002569999863e-01 3.574733311580000072e-01 2.419108189849999987e-22 6.917954677420000140e-10 4.180190019889999842e-16 8.820218432430000643e-02 8.570100970810000265e-10 1.317600225599999952e-01 2.905556601520000171e-01
4.401725467800000066e-29 2.526633563949999828e-01 7.473196309340000010e-01 3.693837232730000001e-14 7.620746660579999876e-70 2.978774396969999904e-31 9.100743940639999925e-12 3.604907441570000229e-14 6.935774852600000508e-67 1.701266186410000105e-05
1.135097328159999972e-104 4.831835234310000171e-01 4.250909313759999915e-11 2.091320288450000014e-32 5.617197224539999775e-16 2.027436672410000007e-50 5.168128245990000202e-01 6.135570893949999629e-68 3.651927258470000071e-06 1.615353611959999938e-27
7.646737300849999752e-02 4.770570134800000012e-09 5.855053637089999707e-01 3.380086580159999965e-01 1.192563452700000042e-25 6.827455955690000027e-29 2.566734410969999928e-08 3.076912334760000225e-36 1.857482913299999844e-05 2.258510480179999861e-27
2.527885091100000037e-01 1.597045467259999969e-19 2.581093848410000002e-39 2.239605166170000095e-27 4.173558707580000138e-01 3.295218402289999959e-01 1.494224327099999965e-24 3.337799020790000164e-04 4.346981438830000356e-22 2.937984009860000163e-26
1.945273646110000049e-30 7.405109437550000395e-01 1.227794012289999959e-01 1.077348934150000048e-01 1.527600563079999944e-19 4.327784441610000164e-39 2.897476160059999847e-02 2.852484434799999944e-85 1.314414614700000012e-22 6.407585974630000166e-14
3.309161002429999998e-01 7.345269740020000249e-24 3.949149131060000049e-06 4.191540668120000146e-01 1.486023217930000084e-01 1.013235602160000026e-01 4.764767862409999637e-40 2.677404111460000247e-41 3.423467203489999661e-21 1.786555497099999995e-09
1.291859062339999867e-29 5.855778057420000238e-01 4.013388532820000298e-02 1.325321825150000029e-22 3.158370304629999903e-01 3.467535468350000088e-28 7.405791383960000488e-10 1.013490282220000025e-56 5.845127772559999962e-02 3.035754380930000234e-70
5.281862932640000174e-01 2.247203939280000050e-05 7.230299677030000038e-18 4.409477172969999623e-03 4.673817557830000080e-01 4.342773371040000246e-23 1.710456208249999922e-09 3.562708051490000098e-54 3.044199022500000136e-11 6.710043026220000255e-25
4.465833615279999983e-13 4.485844693009999884e-01 9.709393680319999994e-08 2.810972580700000153e-43 5.457911064960000447e-01 5.624327108319999817e-03 8.247620417840000460e-42 3.752652734909999700e-45 1.974140846760000082e-23 1.677120713790000092e-69
1.719004847119999906e-14 3.371487999829999818e-40 1.998927637960000001e-11 3.349028306610000172e-01 3.903483263959999783e-01 4.944883549680000046e-02 3.200408193749999935e-08 1.465256592990000052e-03 1.646143430289999932e-01 5.922037580040000193e-02
5.093773988880000459e-29 4.264565431200000034e-02 4.622401546389999782e-01 3.403378763780000256e-24 4.905790757779999733e-01 4.217749580949999845e-12 5.698647383819999863e-15 3.393492185860000014e-55 4.535115266929999958e-03 1.208901586929999954e-32
9.557151335709999560e-20 2.443398063099999889e-03 2.755736916499999981e-19 5.667543690299999837e-06 3.427037932470000051e-03 2.639812910429999933e-23 3.290268627449999816e-01 5.000049916320000010e-42 6.906538395389999708e-06 6.650901271770000012e-01
2.218038650470000082e-18 4.278744639440000275e-01 1.073953710829999991e-01 1.643674287359999983e-38 7.304455354569999725e-02 3.916856114119999788e-01 3.255868124630000217e-32 8.687288488829999523e-26 1.510133759380000159e-11 3.134396870709999995e-50
1.126105663209999964e-40 1.393673279640000060e-40 3.263461440330000058e-20 1.878994294809999898e-15 1.555195865709999974e-67 5.197569394879999901e-48 1.516989369550000022e-01 7.437136585110000198e-01 7.800188394309999496e-02 2.658552059060000083e-02
4.816843060960000125e-32 5.994811069500000089e-01 1.366193852129999990e-02 1.460047555270000118e-45 8.559150298970000682e-22 6.116119123980000294e-02 8.286786181179999780e-34 3.256957632890000176e-01 1.372289787729999976e-28 8.881461241090000213e-22
1.182868398959999936e-05 8.714755800049999559e-44 6.152336138799999743e-01 1.364367251409999947e-02 6.612667656890000108e-27 6.050951698380000257e-03 1.123986431580000006e-30 1.456152942370000068e-05 1.249308700539999983e-01 2.401145016400000054e-01
1.132205065679999911e-03 2.078980899519999891e-45 6.164784910909999471e-01 1.165277030729999948e-02 2.610459337429999987e-27 4.499844583149999883e-03 5.895482484869999801e-32 3.302807566010000070e-05 1.220422651460000008e-01 2.441613957310000138e-01
1.989858851770000047e-29 1.301643062679999976e-03 3.996074166840000164e-01 3.697883445899999889e-16 6.542040859889999881e-39 3.626481817409999719e-26 1.226518372770000059e-01 3.868993314659999738e-01 7.082421341380000512e-02 1.871555809580000007e-02
6.914177986049999669e-01 4.066641934919999818e-18 1.384981868469999901e-47 1.594038587610000052e-20 3.085272496079999871e-01 2.228161856300000130e-12 3.784579917049999922e-13 5.161381628369999698e-10 5.495126781430000268e-05 4.293210555780000171e-20
1.898367693809999914e-14 4.496955341309999870e-25 2.292900715139999998e-13 5.305273764950000359e-01 4.694725638639999921e-01 1.118628286120000050e-14 5.910052494820000294e-08 1.970202387239999866e-39 2.173692997979999914e-10 3.226700429010000140e-10
1.649748882930000089e-03 1.945588617419999958e-93 9.254167094969999752e-33 7.333806612940000573e-05 1.988355819879999919e-07 8.405008458649999847e-02 9.979624934190000651e-36 6.001509474130000132e-01 3.095556566429999990e-01 4.520025573409999602e-03
2.198112169590000140e-36 5.235218632529999860e-01 4.442442363090000369e-19 2.758834903739999871e-27 4.215209082899999959e-01 1.357905701740000069e-05 5.365887050150000164e-10 4.444808132109999768e-04 2.714089508010000245e-13 5.449916804959999833e-02
2.644053567099999982e-15 1.215733093060000048e-45 4.837000610670000246e-29 4.389931294889999891e-01 1.144344547500000017e-23 5.164452024670000310e-42 7.931839637580000157e-02 3.329998096709999880e-20 4.816884741199999875e-01 1.498021891970000092e-11
3.702582142319999893e-19 5.428520390800000150e-01 8.193141940269999460e-27 9.840265317269999950e-39 1.139612306439999947e-04 4.570339996889999923e-01 2.230524892180000046e-36 2.993243273320000188e-23 1.717538213759999996e-49 1.588322787060000006e-17
3.452635903720000166e-79 3.683957042469999751e-30 1.049827880229999975e-59 8.603041216939999384e-98 1.000000000000000000e+00 6.157263814199999887e-19 1.597143657740000096e-59 2.258365171179999995e-53 2.484196360359999885e-18 8.945972693290000024e-57
8.247333076780000161e-01 1.427602008409999956e-01 3.867171153140000136e-45 2.256889483279999926e-18 1.581399441900000047e-12 2.691318172989999940e-49 3.250649147990000015e-02 1.912188125450000111e-51 2.301440430189999986e-17 1.182199620560000078e-62
1.093033283250000052e-12 3.152345485059999875e-134 4.943272617140000024e-25 3.306166368469999894e-01 2.503884844200000117e-29 4.278882836320000169e-16 1.964719393759999922e-28 1.331954446249999924e-02 4.180820244019999854e-01 2.379817942870000036e-01
2.224362579860000154e-52 7.520274102530000474e-41 1.042784196669999988e-109 4.022352022379999823e-32 7.167546232959999556e-15 2.374833784639999960e-49 3.519832157369999770e-01 8.269746066360000086e-13 2.155896978069999914e-01 4.324270864549999982e-01
4.816632469669999962e-14 1.358715076149999944e-53 3.839113212199999903e-01 2.997917591380000167e-05 1.365024434910000074e-21 2.335332774040000114e-01 6.826163357339999823e-25 3.823637821779999890e-01 5.645936695690000066e-06 1.559940852980000112e-04
6.592791721499999921e-33 1.607288270710000062e-08 3.675175439589999926e-01 1.798211931310000010e-05 7.285425544890000367e-37 1.021507959970000044e-33 6.324644578479999835e-01 1.140040348360000006e-15 3.235820103830000147e-34 9.516238730710000224e-13
5.193504055729999579e-06 3.551184550700000053e-01 3.452253143549999944e-10 7.047680965750000458e-23 9.700721150760000704e-31 6.448763508949999501e-01 2.270684079040000034e-41 9.782637932829999448e-11 1.109367235480000027e-98 8.705223028040000457e-11
1.275412066590000118e-19 9.427670505220000358e-03 3.911323967279999869e-01 1.725397459169999981e-01 1.716192795200000020e-14 1.212707000000000075e-12 1.555830102110000097e-16 6.011599766450000433e-44 9.965593273199999364e-56 4.269001868489999962e-01
5.009979690339999570e-01 1.458327474410000051e-33 2.517692530199999839e-16 3.562668150080000173e-22 4.663865828720000054e-23 4.990020309659999875e-01 1.233954607179999975e-65 3.705268602579999771e-23 1.183810019439999925e-74 1.606282423550000091e-37
3.891662231199999877e-01 3.287801531319999859e-01 5.853481980079999903e-55 2.894917023879999817e-20 1.984744734569999881e-46 3.511247579940000305e-64 2.820536237480000263e-01 7.684172862059999835e-20 3.924580377249999661e-49 1.956560701619999921e-41
3.528801864629999795e-19 8.664245245799999858e-47 2.703395546799999827e-02 7.482316603759999740e-01 1.030679794600000013e-67 1.920896003590000113e-60 2.136711986279999920e-01 9.799703541750000631e-12 1.106318551839999970e-02 7.436217228290000214e-25
4.783889968860000064e-01 3.890931644360000265e-12 8.410415161190000228e-04 2.754824175219999782e-01 8.514640836169999812e-47 3.709908489250000283e-48 2.452875440700000020e-01 1.034774112400000007e-29 2.298553327889999864e-12 5.553452680699999508e-44
4.810265011059999818e-01 8.619084270479999833e-29 1.732156765090000048e-09 1.790000752979999943e-01 2.367010184359999888e-22 2.876079771009999976e-13 3.523023747649999997e-10 1.349438751820000032e-04 3.398378528720000236e-01 6.247635665639999676e-07
9.478088695220000280e-28 3.495478961699999896e-13 3.150365056750000226e-01 2.125552580860000135e-05 4.532340698270000094e-35 3.198362375500000180e-31 7.739693342870000367e-03 1.350209897609999969e-09 2.381480162319999877e-05 6.771787293040000266e-01
1.720547708310000161e-52 7.382514828919999483e-20 3.745735834950000167e-50 1.238574880670000003e-54 6.685918592120000334e-06 5.150084180480000162e-01 2.713459356139999946e-53 6.321828706820000210e-10 5.469191408529999565e-53 4.849848954009999824e-01
9.156053372849999594e-02 2.943456502019999865e-01 1.385387733719999903e-01 4.755527408269999978e-01 1.157847452140000071e-06 1.413024337040000101e-20 1.144023021329999956e-06 1.080360000370000018e-64 2.553270619220000014e-23 6.675849038029999779e-43
5.327881660840000265e-06 2.589057979689999892e-41 6.254513687689999824e-01 5.733517089310000148e-02 1.345139726850000046e-21 1.608328001110000127e-02 2.087979486940000055e-20 3.011247181969999853e-01 7.057602016220000334e-13 1.342475463499999890e-07
1.184680352669999902e-25 1.757685793119999947e-03 4.845491075660000035e-01 2.987444524590000170e-26 4.977930690649999823e-01 1.543033452899999916e-03 3.300368172649999881e-18 4.235121210500000038e-09 1.435709988860000078e-02 8.329165680730000148e-28
3.824559739109999729e-11 4.011116976069999953e-20 1.342730873030000026e-57 2.500006136160000114e-01 6.979605632019999358e-27 1.118091054930000034e-60 7.499993861889999724e-01 1.662854008280000008e-48 1.727725756870000017e-35 1.565211648820000101e-10
5.385480726950000248e-05 1.618440281850000085e-34 7.146967932600000184e-01 2.852493519320000170e-01 2.473203550939999846e-69 1.462523409080000092e-34 7.612615519939999830e-22 9.052718750660000700e-27 3.703015161319999967e-55 2.393809193110000137e-44
2.435910386990000065e-01 1.786207865490000011e-22 2.592842798019999728e-01 1.949836309880000014e-13 6.758906067149999669e-19 2.403424910120000035e-01 4.347253355050000346e-30 2.566574602739999933e-01 1.247302138089999984e-04 2.598766103390000105e-15
5.311226617119999549e-01 1.284506180200000019e-05 3.696254060660000100e-16 1.563109075730000095e-22 4.674769639099999874e-01 1.387525382439999937e-03 3.225471997459999853e-28 3.783760749639999808e-25 3.933597648829999985e-09 2.352246400100000064e-25
2.640490149430000124e-62 2.821836863219999747e-51 7.515932455179999955e-87 2.193998169609999796e-34 1.877933881780000015e-22 4.951601923580000252e-50 1.481446003469999975e-06 7.696762218079999940e-01 2.297596336159999919e-01 5.626631301789999885e-04
4.099812648419999817e-01 2.651807982189999802e-01 4.229698157649999907e-32 8.221791360079999945e-16 5.101681774610000344e-57 2.081300483789999974e-51 3.247771135749999982e-01 6.082336399870000022e-05 4.051084176320000264e-46 4.676566617519999986e-32
3.280811447779999890e-01 3.300923183780000211e-03 4.381054527139999667e-19 2.701435678410000166e-10 1.480796610890000027e-08 4.458935578339999831e-03 2.979976682769999835e-24 7.126141405889999930e-09 8.222804290150000293e-38 6.641589742560000120e-01
3.022098460250000063e-01 6.824921092829999703e-01 3.793353331579999934e-17 1.649205418040000091e-09 2.398722345490000119e-40 2.547515051179999866e-34 1.529605711000000048e-02 1.985932668210000047e-06 3.980673230389999781e-19 2.224066051380000022e-13
6.914179102419999445e-01 7.422527618870000124e-18 6.090769110110000237e-48 4.341081661220000231e-23 3.085235263500000213e-01 2.282199525549999980e-10 1.938146997950000079e-15 6.689770353170000391e-09 5.855649064210000044e-05 1.015198040360000019e-19
1.931837829930000121e-07 1.281661507730000027e-83 8.767290285399999733e-35 3.488680582850000045e-01 4.766335357679999803e-12 2.320587257280000151e-13 2.921866112210000069e-21 4.765493609629999635e-10 4.306240862290000027e-01 2.205076618200000060e-01
7.355763415209999748e-08 3.704438723790000054e-01 8.685612076950000732e-03 2.098354783520000114e-02 3.367907786480000190e-19 6.471887541089999468e-17 3.444029264469999907e-01 1.528206546989999970e-01 7.505551659670000792e-09 1.026633054999999961e-01
3.542723203649999759e-04 2.586001996230000155e-01 3.803072120759999879e-03 4.295219535629999849e-03 2.475877445700000026e-13 2.304403063300000086e-08 1.031824271750000101e-06 2.629855668380000067e-01 2.267432487639999887e-14 4.699606146940000229e-01
1.521852529270000053e-09 9.805534047690000638e-27 2.789946993950000261e-38 7.500010532480000380e-01 9.086744832509999956e-09 4.312472341049999795e-48 2.499976643840000068e-01 1.252065682179999975e-67 1.271759305860000089e-06 3.442766333990000050e-25
8.444597968900000000e-38 2.100895650339999896e-64 2.173606090130000001e-01 1.807231237629999857e-14 1.970306729880000115e-15 7.651027440059999796e-01 2.277314331280000037e-53 1.889161138070000028e-42 5.540069297560000401e-12 1.753664697480000062e-02
1.028682147609999986e-01 8.814406267450000247e-07 1.103680426990000011e-25 3.171743807700000178e-10 6.731306279640000279e-01 8.861123182729999545e-19 2.240002755169999971e-01 5.301918180530000366e-19 1.077548006810000022e-15 6.344218772080000474e-36
1.067134828790000006e-43 3.755635376079999865e-01 8.612638848949999878e-11 1.065603710749999943e-43 4.372474281450000055e-01 2.757510571769999911e-20 5.661701052510000277e-15 1.530568769029999967e-37 1.871890341609999953e-01 6.470705910669999879e-60
4.573555747010000228e-01 5.220702153699999669e-12 2.477669346420000186e-13 5.912054448210000285e-02 3.786773975059999970e-27 3.468955468020000073e-50 4.835238507679999742e-01 1.109210294800000012e-56 3.004352255559999958e-08 1.763648050240000013e-49
5.586911164770000195e-15 2.541672061999999954e-01 1.955411358809999993e-17 1.054652664240000012e-24 1.970800669189999945e-04 2.600850971440000093e-03 2.429828248290000132e-12 7.268625678709999987e-09 2.055102532080000169e-02 7.224838301699999521e-01
4.828153605300000151e-01 7.573024953969999852e-70 8.168279042149999821e-15 2.602283971270000218e-01 7.555346965859999512e-27 1.350168413579999974e-06 1.643987194530000006e-38 9.270903316750000573e-12 9.695871541589999832e-14 2.569548921659999818e-01
2.340802259090000065e-19 1.072859135780000056e-01 2.590832025070000100e-01 9.778749138150000056e-21 6.336308694760000026e-01 6.074429148869999959e-09 5.146655891839999765e-15 1.475185553169999950e-24 8.364879056259999762e-09 1.319249178720000065e-34
1.306084264179999881e-16 5.275487204090000271e-01 7.923764852130000303e-12 5.663227439119999948e-34 3.517650604610000299e-17 4.724511022730000231e-01 2.702018826800000078e-33 1.773103034029999905e-07 6.846674646040000444e-47 2.108913122820000111e-16
3.759225457899999928e-02 1.111241262690000034e-41 1.165138752220000046e-01 3.414110160570000274e-01 2.650583290489999876e-20 3.521424505099999824e-01 3.468033300800000102e-36 6.043640002190000356e-22 7.198483246199999624e-09 1.523403964339999916e-01
9.058016549149999763e-02 5.084006559050000030e-79 1.121074919390000032e-49 7.523553046200000304e-04 4.515171427089999766e-03 5.728820444759999964e-01 3.152989864320000001e-31 9.720363248259999978e-02 1.947843970079999876e-26 2.340666308179999988e-01
3.268482398070000072e-01 4.815977151990000378e-03 4.368115384880000289e-19 1.045887463949999939e-08 8.978543133260000169e-08 4.277451515759999635e-03 6.496569441860000117e-22 4.601597430849999878e-08 2.853405703690000085e-37 6.640581852650000450e-01
2.361813173510000086e-01 1.254142786899999917e-01 6.208060649000000155e-18 8.238031363790000120e-04 3.797324726910000225e-01 1.448195451669999906e-29 2.027916791870000013e-01 2.478259144859999916e-47 5.505644894410000045e-02 2.106851145149999998e-31
1.394703435719999995e-01 2.593891945130000209e-01 1.441735450789999873e-01 4.209883281810000155e-01 1.574798679960000077e-05 1.047843343700000034e-20 3.711752032310000016e-07 6.461657207919999951e-66 3.596246949209999655e-02 1.127916817469999920e-24
2.292696894720000142e-02 2.951322016900000123e-02 2.900290910750000013e-16 4.161090003020000084e-14 6.773369298319999434e-67 2.745404378510000034e-46 1.937597115280000060e-01 7.538000993560000085e-01 4.537251086499999824e-36 3.406920871080000053e-36
8.741111394759999709e-02 3.217713422330000239e-01 1.187163945339999999e-01 2.646465298540000011e-01 1.527522788759999946e-14 1.117031245460000023e-33 1.040179042940000097e-03 1.723464501700000034e-63 2.064144403879999978e-01 5.260168063200000396e-35
2.409623728169999930e-23 2.948022769680000030e-57 8.152759221199999715e-25 6.904827246800000103e-14 3.503645843179999941e-01 2.076651322289999879e-01 8.851949191740000137e-26 4.419215769589999732e-01 4.510989088629999795e-05 3.596602659269999814e-06
1.284370757690000084e-37 1.947978762570000088e-07 2.847384185169999823e-31 1.485610919669999969e-18 4.078935379479999845e-01 4.127900386470000118e-19 5.880339455480000366e-01 6.248124228050000081e-22 7.757205503400000466e-16 4.072321705900000186e-03
5.092721901940000130e-14 2.460166147620000040e-64 5.701411133360000266e-39 2.038710540229999998e-20 1.552472698680000053e-11 1.475837157540000034e-11 1.739783244989999975e-29 5.429747135319999973e-01 4.570252864380000002e-01 2.741633440580000191e-18
1.453991982720000010e-44 4.053382139119999783e-01 1.379726138420000061e-14 2.337909197189999961e-35 5.025391629509999649e-34 3.622040314360000126e-40 1.814322440939999947e-01 1.104992051740000064e-14 4.132295419940000269e-01 8.220271233020000478e-20
1.259373022149999961e-58 1.704697165329999986e-01 5.536745923370000044e-01 3.281840832630000312e-36 2.851661648569999879e-18 6.904450309039999629e-10 2.482189459970000186e-10 2.539576192660000231e-01 5.584897256309999608e-04 2.133958119920000007e-02
3.666954644989999790e-01 2.259140401659999901e-21 7.082594136389999982e-30 3.225136903109999909e-07 6.331551400539999763e-01 1.664930114099999918e-13 2.582670702320000124e-17 9.451133632830000544e-28 1.490711878569999987e-04 1.744373377309999970e-09
1.624472853989999930e-34 9.441063226840000331e-45 6.839053291930000150e-32 4.721669475490000257e-08 1.559617141589999924e-56 2.261861818189999950e-57 6.067332238679999934e-01 2.389187550340000077e-01 7.819450955510000000e-09 1.543479660619999916e-01
4.554541873180000255e-01 8.976395977660000002e-30 4.816897634999999972e-20 3.277204516929999728e-02 4.346651641860000124e-66 4.329513941229999798e-30 4.720295364330000123e-13 4.444463645220000209e-04 1.837556872489999935e-47 5.113293211480000044e-01
2.246113746739999811e-15 7.708728018739999547e-04 6.815287214929999700e-14 5.850641378000000226e-02 3.115900054269999941e-01 2.070240689060000056e-11 3.726314524789999805e-01 2.397332404839999860e-25 1.481914490050000076e-30 2.565012554910000020e-01
4.904868706090000248e-42 6.725600416679999860e-01 3.802221281210000099e-39 2.633843247949999956e-73 3.265166680209999894e-01 9.232903108949999616e-04 9.918947571230000324e-39 9.610686253480000750e-19 5.847240551480000541e-29 2.278553371609999938e-26
1.167870925520000067e-18 1.010634639399999941e-35 3.322772357279999977e-01 5.446574911479999670e-02 1.329535524159999987e-28 6.371761779349999869e-23 1.166274294219999908e-15 5.484743499930000081e-19 6.132570143150000153e-01 8.425618497240000262e-10
