1.038057780259999924e-43 3.468528667129999786e-38 8.782661825699999628e-14 4.143278538729999852e-07 3.999997160920000239e-01 7.693424443179999716e-46 2.248290849529999874e-20 4.259756882549999974e-30 5.999998694770000141e-01 1.026537624499999948e-10
6.281695521090000511e-01 3.811301389290000145e-11 2.464990650580000005e-09 6.232787581659999829e-07 1.280947772090000042e-98 3.718298221069999965e-01 1.284524628029999982e-23 2.846546104020000006e-80 2.082228422310000170e-12 5.488902484339999975e-22
9.971902589019999708e-01 2.617968678979999828e-50 1.769363156370000057e-36 2.249139939550000131e-23 8.359119942480000179e-113 1.930998870200000049e-34 6.546302018139999817e-50 2.379506353789999886e-102 2.809741091870000037e-03 5.846467803140000395e-12
5.246215898030000269e-02 5.387250427779999669e-86 3.114373225509999751e-20 5.202308931079999699e-01 3.888596474490000083e-08 1.492872772329999972e-41 9.213020139649999560e-06 2.409658573419999963e-02 5.741615218219999622e-03 3.974594950529999893e-01
6.281699890459999658e-01 2.131743788019999999e-10 1.138715048350000028e-14 1.864545349550000081e-20 2.679018545310000149e-36 3.718300107410000277e-01 1.750051637549999972e-23 2.073659564169999925e-82 2.220937112309999910e-13 5.148470048200000333e-24
2.390617873729999898e-01 3.145131746759999896e-08 1.482462583899999891e-31 1.457637724449999950e-01 8.129275063289999326e-02 5.823642496579999693e-15 3.431311185609999851e-27 1.872763829599999874e-01 3.466052751370000129e-01 1.476344200380000087e-21
1.804270836530000039e-99 2.066324687299999974e-44 3.273135176759999887e-21 4.227237094829999764e-01 8.461122872479999826e-05 2.558989148180000175e-69 3.734629714450000137e-01 2.022529972569999945e-01 1.272485933049999925e-17 1.475710586659999962e-03
5.951809364699999680e-07 7.425905656010000587e-21 2.899226324610000009e-08 5.465358718439999874e-01 7.256950998439999633e-62 4.357581008840000214e-01 1.770540309870000106e-02 1.377142706870000008e-101 3.428520021350000075e-24 7.660224560460000632e-24
3.895912492490000141e-10 8.961446907420000715e-43 3.284242119979999819e-01 1.476992842179999952e-24 4.232661846129999739e-01 6.450318471469999882e-21 1.183624291310000011e-11 1.771606469540000088e-13 5.187244447299999808e-05 2.482577305429999881e-01
4.223396338040000172e-26 1.584074073400000005e-01 2.179447867659999871e-01 2.868048560609999797e-01 1.147270945100000020e-35 1.044866188039999967e-06 1.150676703800000070e-23 1.790250565239999829e-83 3.368419049670000054e-01 4.390188327649999935e-17
2.335094543380000060e-32 3.565326882410000059e-04 2.495963528460000136e-01 1.261800771539999927e-43 3.522416873929999875e-05 3.098523478190000069e-01 2.977691517020000234e-01 1.423903907759999921e-01 2.534073599980000085e-48 2.511801868950000039e-18
4.015092433029999741e-01 2.429939662749999941e-17 1.702640950500000083e-01 3.247346389550000147e-07 3.115977290120000021e-01 4.525131356500000038e-04 1.143507482930000013e-01 5.576616507829999619e-18 7.597420282559999615e-04 1.065604443719999923e-03
3.429817252249999903e-03 4.385318893250000204e-11 4.158816599900000105e-06 1.796223820869999876e-01 2.861725665809999816e-80 8.169436005160000125e-01 2.598305958830000148e-14 3.104528712919999869e-132 4.128426029049999897e-08 6.322971541269999884e-17
2.658755614739999884e-01 8.556894621030000312e-19 3.669476296390000170e-01 2.864009532510000122e-01 2.092469482470000055e-10 4.555590561589999967e-07 6.339937856800000049e-02 1.737601374830000101e-02 7.543020834220000499e-09 8.859298746799999809e-12
8.499460521629999959e-03 5.133065795119999830e-01 2.872407305250000239e-48 1.363395333929999969e-10 4.780613854129999729e-01 1.325744169390000030e-04 9.923748012019999142e-31 1.239652366770000011e-18 3.520151352539999743e-24 2.757020325589999823e-53
6.942094638680000350e-08 8.299199844090000074e-09 5.310945508709999873e-05 1.524590440100000079e-72 1.099886365200000021e-01 4.660277931739999931e-14 8.623077427039999433e-79 9.199670371189999640e-02 7.979614725920000096e-01 1.402077644029999903e-12
1.018039746089999978e-08 5.271699691839999725e-38 8.777958103670000548e-74 7.625897693740000260e-01 2.372810848809999984e-01 9.900725556869999680e-48 7.073744693160000624e-27 1.168513131270000114e-19 1.291355645710000062e-04 4.833363343730000128e-22
4.503477167659999922e-22 4.513020411620000116e-01 2.969686064639999734e-01 6.543943561020000227e-07 1.972112155180000077e-21 7.589341719299999798e-08 1.300167927769999960e-25 8.038269074040000304e-55 2.517286220859999979e-01 2.948981115440000219e-19
3.960468849809999914e-01 2.181527694139999996e-10 9.120809866029999614e-29 3.724299367959999898e-71 6.199641552279999751e-25 6.039531148010000017e-01 7.475570297490000284e-53 5.472778166739999849e-49 7.713969032320000514e-37 9.802728868809999447e-49
7.384161836460000030e-16 6.200682057340000265e-05 6.961691079000000575e-20 2.209583181319999938e-13 3.620613546549999802e-54 3.690110663119999801e-01 6.309269268680000042e-01 1.054214821699999965e-47 2.821061222940000014e-42 6.828173572149999604e-25
5.116380282139999514e-01 2.265556533989999917e-14 5.407486675150000407e-62 2.006077316250000112e-07 3.537166350540000137e-78 1.265080866810000042e-26 7.819755337449999837e-64 3.671344225979999961e-80 4.883617711780000037e-01 1.590178135249999895e-28
5.138867054639999904e-02 2.923135326429999736e-01 2.941842070719999798e-32 6.593838508360000172e-29 1.074372551179999985e-16 2.486668645969999859e-13 6.647258776409999651e-32 6.562977961170000096e-01 3.071419182870000014e-10 3.860879882909999777e-10
1.673864049480000090e-40 4.318990523469999898e-01 6.596904522729999699e-03 2.096503664769999893e-03 1.045834918839999989e-01 6.798064254279999839e-17 4.264265406509999967e-01 7.308797959409999920e-04 1.574790992009999945e-06 2.766505234299999894e-02
2.337792524029999859e-45 5.451156540430000367e-19 6.662492406090000374e-01 1.114291422290000015e-54 3.753122833210000162e-35 1.270609642819999923e-18 1.537451431829999935e-03 3.241980129520000078e-18 4.387919524429999824e-38 3.322133079590000038e-01
1.117341769459999949e-63 5.093087500620000485e-01 4.310223890700000116e-01 2.478795164769999837e-55 3.754390299610000164e-06 2.264860945569999956e-19 4.929218488549999639e-25 5.966493499980000254e-02 4.853461621800000243e-24 1.714777999729999888e-07
3.556162211640000284e-23 9.843636501569999444e-23 9.901273006260000277e-12 5.728023151140000380e-01 1.388797569240000027e-29 2.430083843350000204e-28 5.074601643039999787e-22 7.605243991269999781e-28 4.271976848719999942e-01 3.637819565160000090e-12
6.014651807480000389e-01 1.090153878449999969e-22 6.996256750809999417e-51 8.033591968210000538e-04 9.996670298229999585e-02 6.565640113450000025e-07 7.059225263730000213e-03 2.907048752449999940e-01 3.392402037539999650e-58 1.312165724450000044e-73
2.242776806410000101e-01 5.388647812799999642e-23 2.293215370409999945e-48 9.914652139110000585e-22 1.353661266800000071e-23 4.739456962929999660e-09 4.219320753300000171e-02 7.335291070860000540e-01 1.432835260300000040e-60 4.440831790120000257e-33
4.088284784269999861e-01 5.911656226089999633e-01 2.094963108790000056e-29 1.680095881819999924e-22 9.415323802480000428e-49 5.898679344690000225e-06 4.662275340509999906e-71 4.437402380670000021e-30 2.845581091479999934e-10 5.321031555660000199e-39
3.222889336179999842e-01 3.576612597959999973e-01 1.298679361770000106e-22 2.305641885259999968e-01 3.676797971090000217e-66 1.715094899910000024e-06 3.496853903719999826e-42 1.093557568690000056e-57 8.948390296449999781e-02 2.278079081429999835e-25
5.052433557590000346e-01 5.246920400649999627e-13 4.780206264640000091e-01 1.101749442369999928e-31 3.214261954200000021e-11 4.368866592510000160e-03 8.405373172920000196e-25 2.668597799330000050e-34 1.236467697100000068e-02 2.474181078000000142e-06
7.001057220319999956e-109 2.174938958689999984e-32 1.781109122400000041e-18 5.241325069360000186e-03 3.528383431089999744e-01 7.471708942850000029e-58 4.494984073430000060e-01 1.924219244769999893e-01 2.333178850409999954e-24 1.776541144359999935e-12
3.715234221140000237e-01 1.179651441879999944e-14 2.430908510330000043e-17 3.925453620330000004e-01 3.116248824400000130e-36 2.358647405619999915e-01 6.647529112649999900e-05 1.600672349030000043e-25 2.544242741440000238e-29 5.654831929339999595e-35
8.147989826440000207e-28 8.373408357260000071e-11 2.421435545110000032e-01 1.795139257889999951e-01 3.741413199580000126e-02 1.233806236440000044e-18 2.965815657450000227e-20 1.923167850960000036e-01 3.486116025250000083e-01 8.420270628979999831e-16
3.657764060230000151e-87 2.145854009129999923e-52 1.870996116129999972e-04 5.577896604350000009e-01 4.419771728369999986e-01 1.347314469559999941e-60 8.569773924949999587e-13 1.738815698570000068e-20 4.606709298859999936e-05 2.326062533269999869e-11
2.374966541960000024e-02 1.983331864469999979e-14 1.139385127659999896e-03 3.591765604059999895e-01 1.054671468709999972e-100 6.158917618670000094e-01 3.215440750230000193e-14 4.475206353849999929e-218 4.262716277740000187e-05 1.674147392410000043e-11
1.341622265890000110e-01 2.591405866979999972e-01 1.051720087940000012e-28 2.187497008710000135e-01 2.205921843609999970e-37 3.896788716690000330e-05 3.242731494150000111e-32 8.680999857320000036e-95 3.879085179549999762e-01 5.204279333450000131e-24
6.565536126119999594e-01 6.512597892499999430e-02 5.803791845819999984e-45 2.641078791749999995e-17 2.355448945840000157e-33 7.396686222320000612e-17 1.847363386139999960e-69 3.255152874109999912e-34 2.783204084629999908e-01 9.763354742009999514e-30
7.481569777360000172e-35 5.334975052500000054e-04 2.802651820960000203e-34 6.221712926930000446e-32 1.266391318179999910e-34 5.624744731020000499e-01 4.369920293930000255e-01 3.101128172590000085e-28 1.916325665199999870e-108 2.287242045909999980e-60
1.396973406470000106e-57 1.666178904930000062e-47 1.733901692450000032e-01 3.078282417369999786e-19 4.454640884079999723e-27 9.595927088330000881e-41 4.667673088979999996e-01 4.179875909110000007e-27 1.411786473179999973e-22 3.598425218569999973e-01
2.545614748810000066e-15 2.903281754549999830e-02 4.220396807560000130e-01 1.773912661300000076e-30 2.125087011869999951e-47 1.294383598369999999e-01 3.780001659450000218e-01 4.075140760899999786e-34 2.810614874470000085e-25 4.148897591629999854e-02
3.797230257549999988e-01 4.921456569649999802e-11 4.157167289779999941e-01 6.349854231989999657e-56 6.001877961490000416e-34 2.045602452180000086e-01 1.514928877909999995e-42 4.102480598830000010e-19 9.486353761650000004e-19 8.693465036760000155e-22
5.055995814500000317e-15 5.651145318129999762e-01 5.743136614010000281e-11 9.844619155709999650e-10 1.568768148179999937e-34 7.106337923149999692e-16 1.735265843549999899e-16 4.297032901890000096e-08 1.264452725379999927e-02 4.222408969209999752e-01
6.202455164599999973e-80 9.374314239189999693e-57 2.107840888919999822e-03 2.060264201029999899e-34 6.339367796599999771e-02 2.593290226609999937e-45 6.452238999989999835e-01 2.892745811440000092e-01 5.943601663090000113e-40 2.197917331959999920e-12
1.263517484590000073e-44 1.996305427759999829e-43 3.706721401799999982e-01 1.704683208610000095e-09 2.997365586019999917e-01 2.915983478360000165e-23 3.295912995140000135e-01 8.427792474789999524e-20 1.005251814199999996e-27 2.824184541269999978e-29
1.738046737880000103e-07 9.421055277770000212e-19 5.521490373239999582e-10 4.223709024410000207e-02 4.924328934240000417e-04 4.531711275190000165e-01 5.636831338599999734e-03 4.984623436480000169e-01 8.212605707550000374e-33 2.856067375759999819e-44
2.119743564840000131e-09 4.406358014360000075e-01 5.511909692689999683e-05 5.271656397789999906e-13 1.920992057549999913e-31 6.599661533819999685e-06 2.675662725469999878e-37 1.617923416519999844e-27 5.593024776860000546e-01 2.467423597410000152e-16
1.438559732329999936e-47 3.962523988409999907e-27 5.537221830609999618e-01 2.914003709149999781e-38 1.125986162329999983e-12 2.187461276939999876e-24 4.452225127209999966e-01 7.653738945560000178e-07 4.596772705549999858e-31 1.054538842980000087e-03
4.936948199389999958e-01 2.821195936890000052e-13 4.953617172090000146e-20 3.720025223690000271e-02 3.749806727559999719e-02 1.604755434919999946e-01 2.711313170560000207e-01 1.938208312569999924e-23 9.229732749120000253e-24 7.875660310119999679e-30
2.247211611550000151e-30 1.249098095089999960e-44 2.621109671379999728e-01 4.357858934109999915e-01 3.250176342649999931e-09 1.914051444429999866e-20 3.021031362009999888e-01 9.673775561409999458e-32 4.542062683369999910e-17 4.551002743830000141e-20
2.051754642160000032e-41 5.489296075329999640e-15 2.160326999269999992e-01 3.593929636030000084e-25 1.198407663829999942e-02 6.742114815429999512e-23 4.736799578069999929e-33 1.186450313999999997e-52 7.719832234350000322e-01 5.618596572709999953e-14
7.056870669269999718e-31 4.326065265470000053e-119 1.816240900749999874e-29 1.871450163730000124e-26 1.343464467079999961e-23 2.661823193089999928e-82 2.096334940440000004e-07 2.082785238579999976e-01 2.955301547050000031e-20 7.917212665080000100e-01
3.527456286399999752e-01 2.207730129379999989e-19 1.633602149210000021e-01 1.616537348320000058e-07 2.721140230199999843e-01 9.702155352339999908e-05 2.116805694689999906e-01 3.455599750709999834e-20 2.352910723349999936e-06 2.783195313830000153e-08
1.747223075689999907e-49 2.025740996369999880e-01 6.595816581029999570e-01 6.262765764030000068e-49 1.378442422599999995e-01 4.028347635289999808e-14 1.202909464349999994e-60 1.486792824970000058e-20 3.508605859199999767e-13 6.011481844039999604e-34
3.460967595750000236e-02 1.669227838710000003e-14 6.955298748150000321e-02 3.506744120719999887e-14 6.366315895389999951e-10 5.386870578800000420e-01 5.189602766879999951e-14 3.571502780449999914e-01 1.885587091940000001e-17 2.954308652549999987e-22
4.983666355269999987e-23 1.763949834720000050e-03 4.300296651850000207e-01 1.150092085769999905e-28 1.153595176370000111e-13 3.198770208479999796e-13 1.084233944120000036e-51 8.625104451230000422e-13 5.682063849790000010e-01 6.264790294029999797e-16
1.037696873170000047e-23 8.189996169569999651e-01 7.697569092939999562e-23 1.779376345450000008e-01 1.556320451329999855e-61 1.100594863750000040e-11 5.522533176479999710e-04 8.403374558859999339e-46 3.659278421570000303e-17 2.510495169299999975e-03
1.014526802349999956e-19 4.663202666249999795e-01 1.979522307950000004e-25 4.637711737240000087e-30 2.569708562720000034e-01 1.235155949320000026e-12 6.562908068160000097e-14 2.767088771010000059e-01 5.619426680279999662e-24 6.055900860569999786e-14
1.167552256829999946e-32 1.199509144960000078e-11 4.666457430799999995e-35 1.834012346429999911e-06 7.113125585580000022e-11 7.907016513510000122e-01 2.092965145540000016e-01 3.493160051390000014e-33 6.297443330519999531e-94 1.354021494410000087e-118
4.549567826440000240e-01 3.826945090229999710e-55 8.272596518180000584e-14 8.940694173960000275e-42 5.517409671320000136e-63 2.821067978679999985e-29 3.217256618119999807e-46 5.846565446950000251e-53 3.157008735180000247e-01 2.293423438370000011e-01
2.709223435269999918e-03 1.782432546109999867e-52 4.481161576589999941e-37 1.168854229500000055e-10 6.422152295779999903e-24 3.568352416270000107e-37 4.169733774709999952e-01 4.944703591130000242e-01 1.797347836570000043e-18 8.584703986389999320e-02
3.790879985440000403e-09 2.880748052040000067e-09 1.124865198779999957e-57 5.578463242150000223e-01 4.421536691130000252e-01 1.524975961390000091e-14 2.301619837210000122e-19 1.147756496390000052e-19 1.830946933220000071e-25 1.274560869039999914e-53
1.251755782190000014e-36 9.119608576430000201e-33 7.361777503399999922e-01 1.398250580750000013e-09 7.698841489190000331e-02 2.420550089299999907e-18 1.868338333700000076e-01 3.921794707350000256e-18 2.469807614249999850e-25 7.662395817209999525e-26
3.688502049209999717e-02 1.592217633999999855e-17 6.517788951049999666e-10 4.926744860279999546e-41 4.939240574329999967e-01 4.691909214159999952e-01 9.131835515020000580e-20 6.552064384420000220e-12 2.898128733040000120e-26 9.282603105449999308e-24
3.960468852690000041e-01 4.196958084230000213e-10 7.668318698310000468e-23 5.623268973439999552e-47 1.563865852780000132e-76 6.039531143109999611e-01 1.888944114679999929e-51 8.268550951659999854e-50 5.182678671519999622e-37 8.864573073150000743e-49
1.604298187189999924e-03 4.937437531649999730e-10 1.503733913129999935e-04 3.032290585559999874e-05 1.054729603539999955e-115 7.465677093020000104e-07 3.395243128800000121e-01 1.061551371409999983e-51 1.731821837210000089e-14 6.586899455739999576e-01
5.922292676709999778e-51 1.521078552210000101e-01 1.677416764060000058e-25 2.471744753389999993e-01 6.006649527380000242e-01 5.269998663100000142e-05 1.671598282610000016e-08 4.443947400110000202e-20 6.412449806379999834e-62 3.903104157300000106e-103
2.678604216250000114e-01 2.211520535299999929e-19 3.664940272619999773e-01 2.840387053810000118e-01 1.149280116190000027e-10 4.448342889610000391e-06 6.419457158010000164e-02 1.740781683860000151e-02 8.782101792410000653e-09 7.260429008199999882e-11
1.787940046799999947e-15 2.221753828269999915e-29 1.871093882800000081e-56 3.438642305840000080e-01 7.094304202079999846e-22 7.144281539530000206e-56 4.411766207189999941e-16 8.213767395799999316e-02 1.176804669860000013e-01 4.563176284720000253e-01
5.329430534779999519e-16 2.455551047969999900e-01 1.325733602310000019e-17 7.543796791929999745e-01 1.227771882509999948e-52 6.517579776810000563e-05 1.455982621559999951e-31 1.647229365219999984e-110 4.021284149439999876e-08 6.069660200929999866e-33
6.930440524450000246e-87 2.384192769189999868e-68 6.393610492240000123e-43 5.624962047129999920e-02 4.312472035209999888e-01 3.165052996269999964e-116 1.401300402900000075e-01 7.768872320830000344e-02 3.986780704550000312e-14 2.946844125090000155e-01
1.725632494340000049e-09 6.756765133599999633e-03 6.147542786729999602e-10 1.722127036619999846e-14 1.435785349530000021e-86 5.845366237350000382e-01 3.958653551569999984e-01 4.236804866539999881e-61 1.697563200690000064e-23 1.284125363430000007e-02
7.308480506400000243e-01 2.390706457449999881e-20 2.623859730390000200e-01 1.469012807779999910e-91 2.788989704109999854e-07 1.587280359700000073e-08 3.164604160830000058e-63 6.765662066270000316e-03 1.884401738530000007e-08 6.382914273009999647e-10
3.014254427639999909e-33 3.346907870259999899e-04 2.382653438600000062e-01 1.745553974109999964e-42 7.643360893479999671e-07 3.204530894629999960e-01 2.884589125659999809e-01 1.524871989880000056e-01 4.233167865779999723e-48 8.936050560490000641e-18
6.037434530169999819e-23 1.394217564910000004e-06 2.165994603999999990e-01 1.113916144680000059e-47 2.617592387009999855e-01 6.827139241000000234e-14 2.522041554509999791e-53 1.186621591020000054e-28 5.216399066800000428e-01 1.886365779420000176e-12
3.241018939000000067e-49 7.739280731690000303e-01 2.106313114539999920e-01 5.118674026060000359e-44 2.097697329390000117e-07 1.223026294940000054e-12 1.935869176020000095e-22 1.541023457989999963e-02 2.291466525609999925e-20 3.017102615829999945e-05
1.253048407360000116e-01 3.319581262340000005e-28 3.162258753520000298e-02 2.769359652540000216e-03 1.225041831079999935e-02 1.565342770169999849e-11 4.555129403620000184e-01 2.498269519149999948e-28 3.628844169659999896e-01 9.655436421810000003e-03
4.750365175320000073e-25 2.466402880059999937e-27 3.286182765850000076e-02 3.863179416249999803e-44 3.709120099050000063e-01 1.444276024560000086e-18 5.117615405119999711e-02 1.753237012499999845e-02 2.992399775839999959e-24 5.275176382599999769e-01
5.666512283700000375e-06 5.756979937190000044e-04 7.831138979399999788e-06 2.762029825169999969e-74 5.199978145190000053e-08 5.528431962019999535e-01 1.971946603019999996e-15 9.179412921419999316e-02 6.045816253930000299e-26 3.547734269389999917e-01
5.690175039250000557e-14 6.290492478150000130e-39 2.091378263060000082e-31 5.358462223559999842e-17 8.956020380420000315e-02 1.966458926420000047e-29 5.790042612119999932e-01 3.314352559879999993e-01 6.371532840460000022e-24 2.789963932840000244e-07
4.404531323389999919e-02 1.457615378100000012e-13 7.627950046560000308e-02 4.294947027050000064e-15 9.345371722499999411e-11 5.270188682209999698e-01 2.767637158549999809e-12 3.526563179830000117e-01 3.565926983759999750e-18 2.015772178859999895e-22
9.416922736310000634e-27 1.488267244239999954e-01 3.139665475330000177e-01 4.098022451509999997e-01 1.274013119740000088e-01 1.404980179210000100e-06 3.319709056690000166e-12 5.679862606789999980e-23 1.765934531970000012e-06 6.356204902980000213e-24
2.508174754299999857e-51 3.247996266389999954e-13 2.347537934709999945e-19 8.919102891009999403e-39 3.031453153779999909e-01 8.036973468690000432e-08 6.431127202180000335e-01 5.374188403449999679e-02 2.965705960149999880e-96 6.070782381020000114e-56
6.281696303489999744e-01 8.008932812080000066e-11 3.473772210149999909e-09 5.121336464090000344e-07 1.764917896229999988e-99 3.718298539639999789e-01 4.451023281289999784e-23 2.492661655859999871e-82 2.670815227990000114e-15 1.195980070829999904e-22
2.765198124969999727e-01 4.869723828270000039e-21 1.397399963530000011e-31 8.692067978749999646e-02 2.276785526229999912e-01 6.270742327930000531e-05 4.088182476689999900e-01 3.400430574910000197e-20 1.207700234830000035e-33 1.570804151700000078e-44
3.714895090800000022e-01 3.916787358979999667e-15 1.493720674070000016e-16 3.925926186190000222e-01 1.476453691909999961e-36 2.359053987180000089e-01 1.247358303069999984e-05 6.359330128090000065e-25 1.012155472099999951e-28 2.794531812840000102e-33
1.908890046040000001e-35 6.101587818939999724e-17 1.042000074319999989e-09 1.325122381560000028e-20 3.907877724719999724e-01 3.016718571159999751e-01 3.075403693700000107e-01 1.483585600360000074e-22 2.155571582839999924e-74 8.452368405540000441e-80
7.199878597399999599e-59 1.282895747519999909e-22 3.069301182829999863e-01 3.671458389660000043e-01 3.474055657930000263e-02 7.344448820129999589e-34 2.052404830479999969e-16 1.592186346760000010e-27 2.911834861700000054e-01 1.976017649740000081e-12
1.059527337160000005e-22 1.582902310020000037e-18 2.363243100300000121e-01 1.718926544309999915e-01 1.808159576330000129e-01 1.299123949479999950e-02 3.979758384120000159e-01 2.258818288609999838e-22 6.679617396659999758e-26 1.918963241280000075e-36
1.433614257670000058e-08 1.075545068659999982e-27 1.074316113429999999e-12 6.778219130330000175e-02 3.719037280770000159e-63 1.968657818860000051e-18 4.162769620960000139e-01 1.107256973120000037e-23 1.600883831139999903e-13 5.159408322640000044e-01
4.972334351780000050e-01 4.376503574149999952e-13 1.620070630210000089e-20 3.140997212999999816e-02 3.554660075959999860e-02 1.571422336649999918e-01 2.786677582670000208e-01 5.000789993949999886e-24 2.998565347610000091e-22 6.602979712040000432e-30
1.439638701209999895e-34 2.132905217099999871e-38 1.645925535760000053e-31 4.193494523620000104e-39 8.373730472690000309e-15 4.895419163640000071e-65 6.062000696009999776e-47 5.991864551969999786e-01 3.496370080779999823e-03 3.973171747220000105e-01
4.358277021890000213e-01 2.410970967770000075e-07 1.126206991890000078e-24 1.281783274090000010e-20 1.887842233430000110e-14 4.693211993770000185e-04 5.637027304299999653e-01 1.624330445059999999e-13 6.374167597630000022e-28 5.084264430689999805e-09
6.802579992689999910e-01 8.276634341569999866e-28 1.025067432490000055e-02 2.703172163100000005e-57 6.190408576560000283e-23 1.108667430760000063e-13 5.278846096349999686e-50 7.909782232959999593e-17 2.563853274439999996e-01 5.310599896209999837e-02
6.746881259350000493e-01 1.836858756399999987e-29 6.637849268539999618e-03 6.340831642230000128e-59 4.692816019549999936e-21 1.394255890760000084e-16 4.960735460720000445e-50 1.218415419709999962e-15 1.964808543379999994e-01 1.221931704589999945e-01
8.382146032780000327e-07 2.217620621020000175e-31 8.144805843649999331e-05 1.006455049510000052e-110 6.974302849090000238e-20 1.229627559530000095e-15 5.280604700959999824e-31 6.460843343729999466e-01 1.475518583300000005e-25 3.538333793539999994e-01
6.507062398290000028e-04 3.756875526610000127e-01 8.803866604450000504e-04 1.011715663559999978e-01 1.708415798809999886e-01 2.720053474790000078e-02 7.821608481940000216e-26 2.463510426190000102e-01 7.721663083459999466e-02 1.878644141110000176e-24
4.113377601389999913e-33 1.048289204030000051e-07 2.352133831250000084e-01 6.177205102160000516e-01 6.044887505529999940e-14 1.594307812209999887e-13 4.194957168060000010e-19 4.610590959910000115e-42 1.470660018299999872e-01 1.536417988160000076e-15
2.422236088230000084e-01 4.677579383560000138e-22 9.604581007700000784e-43 2.513794614409999974e-17 2.172983480799999900e-60 4.373892650359999927e-29 3.020236614830000220e-56 1.934763206090000128e-60 7.577763911770000194e-01 3.363159553869999829e-19
1.842860015299999932e-01 3.228315766779999873e-22 1.758333214610000079e-29 2.952166638360000032e-08 4.608600595690000321e-34 1.535031236540000002e-16 6.091278380279999682e-01 4.799385815089999949e-34 1.595808203320000045e-14 2.065861309210000052e-01
4.034877517280000254e-21 5.549121914450000495e-35 5.733789178739999839e-22 1.576558367750000041e-30 2.558730645330000164e-01 4.360835890760000347e-43 5.479511536870000126e-51 1.619885264239999956e-01 5.821384090419999824e-01 5.770383806399999462e-14
1.483010011339999929e-32 1.496608176839999912e-04 2.842069950710000015e-01 1.771775113960000007e-47 2.096977356359999863e-05 2.303793550919999988e-01 4.844968169550000203e-01 7.462022901779999644e-04 7.748348492270000366e-54 3.664662437160000251e-23
1.276796882329999898e-31 1.337694651980000074e-47 1.203986180959999985e-01 2.801699248239999940e-01 3.545812896249999828e-10 2.478831125180000049e-22 5.994314567249999781e-01 3.748388905420000198e-37 1.221855904889999975e-18 1.113557247740000026e-24
1.788270883810000045e-01 4.216382021560000082e-01 1.362574198190000024e-33 3.841194084610000115e-01 8.668441688369999582e-16 2.270499359610000023e-05 6.775975580129999948e-29 1.539259600839999916e-02 1.434417675389999860e-17 1.144931078619999978e-45
1.120095794219999953e-36 2.231666837939999946e-76 1.237181888250000060e-33 3.467444698319999957e-66 1.135601832050000070e-51 9.507951391710000310e-89 2.291512531480000102e-120 8.230162281669999743e-47 9.999999997890000047e-01 2.106744001860000020e-10
3.189957668960000045e-94 2.633284000670000148e-72 3.121375882400000023e-29 4.405776872059999905e-01 4.201768204919999779e-21 1.074550829250000074e-107 1.838981132399999924e-06 4.118917939999999778e-01 2.249475670069999781e-16 1.475286798129999966e-01
6.605611977930000213e-23 1.264185682390000068e-06 2.166005022880000130e-01 2.095723151400000080e-48 2.617585949299999770e-01 1.616772535119999921e-13 1.108296133199999943e-52 4.815149414159999981e-29 5.216396385949999548e-01 4.360668161640000135e-13
8.073735114700000353e-15 3.307604921160000044e-01 1.696500460989999838e-24 7.435460294210000098e-02 2.749106751779999969e-01 9.894053083049999098e-16 4.694592199710000309e-03 8.181686005560000197e-02 3.645761921909999825e-06 2.334591317470000038e-01
3.623736430640000144e-09 7.262859472290000059e-04 6.513546952120000394e-10 2.140227785249999877e-14 5.415930765710000361e-88 5.899409676100000333e-01 4.040741721559999999e-01 3.681399424369999878e-62 5.451140671689999962e-22 5.258570011799999951e-03
2.299067103720000046e-15 9.305826564859999428e-02 2.339533299190000026e-01 6.833491204380000249e-25 2.211566251069999776e-47 2.992699100630000220e-01 1.112227732080000031e-01 7.126631688869999382e-33 4.087819753230000045e-24 2.624957211619999842e-01
1.558158939929999952e-13 6.708857482840000497e-01 4.253535176509999847e-15 3.283256166260000164e-01 2.173575496909999990e-52 7.602482811850000237e-04 1.447651292749999901e-34 1.926938322799999954e-108 2.838680880450000017e-05 1.156801292130000023e-29
7.153403866789999740e-28 3.356099773339999981e-01 7.775739327450000398e-66 2.760884423830000101e-01 1.961220153749999861e-23 2.721586748940000014e-12 4.542384642130000219e-03 3.837591956379999836e-01 1.420669151369999926e-73 1.543136512959999994e-68
4.261320440090000106e-01 1.752688048109999827e-02 8.945672958869999801e-21 1.012156591549999920e-37 3.041270675279999841e-12 4.231612991989999801e-10 5.888408257900000409e-65 1.743778596870000086e-11 5.563410750670000349e-01 1.110823552980000065e-18
1.973650332849999852e-05 3.138408399140000249e-01 7.057173685659999711e-06 1.305049964549999941e-01 1.359009388490000081e-01 8.478806963439999844e-02 8.347000347009999879e-29 2.521336519940000076e-01 8.280470947699999917e-02 3.318119694799999963e-25
1.451815870340000042e-09 1.818129754979999901e-01 4.349079331210000125e-04 4.097298414700000224e-01 1.708449567780000004e-03 5.017233361329999678e-05 3.287892013969999789e-19 1.216067560450000001e-01 2.846568957019999790e-01 1.208425755550000066e-14
2.422236845530000016e-01 6.603470224690000146e-38 8.706174435390000078e-35 7.804578720090000002e-30 1.089834680730000018e-90 1.213218904699999982e-29 1.479111430139999990e-25 4.997649909479999995e-42 3.052611687789999753e-14 7.577763154469999707e-01
1.266689152879999991e-12 5.756089672479999863e-07 1.675835047860000093e-01 4.774374280699999845e-12 2.653734398379999827e-75 9.219006810350000719e-03 4.611841663730000263e-01 2.058926553189999957e-73 3.455309921509999825e-16 3.620127464160000086e-01
3.767687652220000092e-38 5.188301841460000174e-01 3.919095241939999909e-11 2.234915191359999956e-10 4.808994819199999826e-01 2.703336717530000020e-04 8.135760337889999806e-20 5.420212089120000137e-20 7.525382830199999989e-31 5.939715326469999504e-54
2.068975202370000084e-15 7.496373255360000258e-03 3.603690742869999908e-01 5.412053705769999788e-83 4.758577393610000095e-01 5.343062255730000300e-10 5.909090254720000263e-86 1.244507358770000041e-20 1.562768125610000114e-01 4.613457109720000010e-13
4.943495432910000043e-01 1.251645165340000016e-18 2.833790405430000184e-13 2.063665705640000125e-01 4.791315889539999773e-17 1.025911930859999986e-03 2.982579742140000212e-01 6.577938103980000476e-54 2.767328575220000097e-14 2.839869540649999736e-17
1.287356186699999970e-45 3.218268175429999953e-23 1.821822449530000093e-39 4.854980655109999987e-01 7.658318841380000392e-25 3.198288096370000184e-40 1.748513478989999832e-05 5.144844493539999508e-01 6.799351493220000512e-32 1.296560596570000023e-21
2.264877728800000051e-05 4.874933047359999994e-01 2.016062708310000102e-10 8.041618330139999578e-54 4.102741364070000007e-01 8.604274193390000546e-05 4.723269863909999894e-66 6.800908681530000097e-18 1.021238671359999961e-01 2.318538365319999850e-16
7.316207572699999773e-01 5.014486877449999581e-19 2.683415473469999979e-01 3.418056604360000143e-96 3.728327449480000010e-07 4.857478826120000170e-09 8.032086701220000090e-56 3.731767458729999662e-05 1.811258304899999932e-11 9.498905076009999743e-14
4.384436401320000037e-02 7.887208611160000318e-15 7.661084426570000105e-02 9.398584507150000073e-14 1.509513370230000062e-08 5.269258653770000356e-01 2.655693642889999943e-09 3.526189085929999911e-01 1.644355439440000145e-20 1.287211387009999985e-24
1.003961134399999930e-15 1.423433977430000089e-31 2.869286160180000172e-56 3.438308070230000069e-01 6.650631298130000164e-23 3.045531259529999815e-57 2.301110356060000059e-16 8.217809932599999534e-02 1.177576076029999974e-01 4.562334860480000143e-01
1.736994388970000136e-01 3.804056661140000073e-01 6.533096141819999596e-68 3.842474635439999818e-13 2.173306020560000023e-22 4.846033344910000208e-15 1.587154065899999938e-24 4.458948949889999791e-01 3.249452117019999808e-25 1.559687857010000113e-25
3.096017003509999865e-01 2.014938985280000121e-06 4.779629331590000271e-11 2.264812640479999927e-03 0.000000000000000000e+00 7.241340261970000136e-03 3.644527146339999746e-01 8.453301433839999593e-65 1.118422799179999971e-16 3.164374171250000090e-01
6.114234016209999512e-01 1.983439997649999968e-10 2.313036830190000128e-45 1.117176005129999986e-28 1.971254611259999942e-29 1.278860695239999994e-06 6.633533823069999794e-03 3.819417854969999748e-01 2.590133016939999878e-58 1.145421500449999908e-25
1.907627254860000121e-01 2.190690501199999973e-01 9.786753290330000417e-26 5.901679901509999659e-01 6.502383814160000012e-28 1.049769996749999971e-07 4.355377025959999956e-32 9.521083330520000400e-18 1.292669348000000011e-07 8.252823809319999577e-30
2.225472753889999896e-47 7.527062204930000166e-35 9.646869208940000258e-05 3.764659267759999928e-01 2.268537474920000077e-14 2.454526567660000016e-41 2.471963441329999868e-18 1.287014941379999939e-14 6.234376032839999970e-01 1.248270527189999998e-09
5.945892157309999870e-01 1.854909501130000100e-26 3.185534105270000095e-44 2.491393719110000108e-14 9.207253131590000546e-36 3.224421959680000123e-24 3.219186841910000041e-01 7.868221223870000558e-02 2.156314095450000038e-25 4.809887838900000351e-03
4.447251746179999854e-01 2.874497997090000129e-16 1.890994357789999965e-13 1.389224905780000100e-59 4.852857677079999735e-31 2.524322534259999923e-12 1.758561478780000177e-21 3.822670144719999782e-04 6.407284975390000021e-22 5.548925583649999549e-01
5.171444083670000261e-10 1.817575303810000098e-01 8.303553459329999793e-04 4.098893025450000005e-01 2.168278500509999973e-04 1.697789503769999841e-05 2.203612633620000056e-20 1.228062947809999972e-01 2.844827106849999732e-01 1.702070276919999945e-16
7.515668937160000401e-34 2.805396797840000214e-28 1.000000000000000000e+00 3.390264581580000089e-49 1.465143993899999993e-36 2.545921949470000059e-15 4.064270026960000123e-35 4.084111138610000261e-67 2.574478001680000110e-27 1.562813748270000052e-26
7.432602586579999710e-63 1.557113452970000098e-31 1.933694461119999894e-61 1.000000000000000000e+00 8.790440793269999413e-42 2.012642695759999976e-37 1.272476866360000098e-25 2.034528932150000040e-89 9.965437798240000075e-55 5.375321446809999670e-99
2.680346902540000076e-01 2.399062159019999906e-46 3.252448867270000056e-34 3.536286251460000196e-01 4.214922476820000084e-07 2.283503860139999966e-21 3.783362631080000038e-01 4.785442588539999937e-28 8.117281806750000526e-20 1.318046957179999919e-22
1.293364323269999902e-19 3.359298175839999824e-03 2.372549253040000058e-21 4.470311486429999759e-01 2.023620444969999876e-01 3.391350032630000078e-07 3.685791161250000015e-20 3.472471695489999788e-01 1.078097809959999972e-26 5.145099377910000178e-58
1.082312934360000023e-27 1.854731918850000095e-33 2.285737599590000058e-01 1.696076607390000031e-22 1.431897438999999932e-25 5.139101347110000263e-24 1.482444979879999902e-01 2.590441857129999748e-01 8.646851508180000307e-24 3.641375563400000015e-01
6.473720652659999909e-10 4.401094453080000024e-01 2.175229654689999899e-04 9.218913807339999804e-12 2.291909664270000078e-31 4.978024121460000425e-04 6.719021089519999582e-38 8.850321781380000612e-28 5.591752286569999786e-01 3.362181903759999985e-16
3.527356101319999993e-01 1.849449366309999870e-18 1.633420603980000052e-01 3.503735550949999977e-07 2.721199352950000039e-01 1.175510082909999936e-04 2.116787481190000042e-01 9.465055279689999512e-20 5.698059477390000213e-06 4.661413853580000222e-08
1.005106577229999983e-32 1.225561422699999905e-04 2.845691277430000277e-01 6.566875707069999834e-48 2.865032047260000138e-06 2.301964337690000084e-01 4.848477296870000175e-01 2.612876263910000169e-04 6.542468053980000495e-57 6.651555549149999600e-24
2.346024291690000096e-01 7.826731391229999672e-22 7.653851986080000280e-01 1.348617078250000005e-77 4.222386642260000227e-28 2.173105699280000054e-10 7.174046219590000189e-62 1.237194829369999971e-05 5.569112086730000064e-11 1.534471638679999962e-12
1.175088653109999936e-24 1.548879940439999991e-01 2.213705619349999876e-01 2.892548067549999824e-01 1.500256854319999966e-35 3.170019345469999749e-07 9.926725016159999300e-22 3.553075341569999928e-85 3.344863202639999922e-01 1.379703938369999918e-18
1.038032854569999981e-03 1.627870183800000147e-05 1.523004799299999996e-03 2.902654966749999907e-21 1.865090608469999964e-54 4.211293603199999791e-01 9.242386927869999588e-03 2.725545449530000138e-14 7.870196155860000236e-22 5.670509363969999939e-01
2.420644274569999921e-01 2.236514734000000069e-18 7.956185611560000285e-23 5.056443612519999631e-01 6.690403004160000396e-22 9.097500662080000577e-02 1.613162043549999924e-01 3.145449817389999861e-10 6.459684281620000277e-42 4.314807568710000077e-48
3.169129000919999883e-02 5.369427085980000222e-15 6.409764547919999389e-02 2.470480311240000010e-15 3.302857895689999882e-10 5.447647009099999549e-01 1.180521903080000083e-13 3.594463632709999912e-01 1.598887097670000093e-17 4.103522833410000361e-21
3.180561023719999936e-01 1.419408342340000018e-01 4.084654057080000085e-53 2.212489263790000105e-01 8.060014294269999842e-26 2.842220473069999956e-21 2.433995507720000024e-14 3.004700159049999986e-01 3.408490287569999980e-05 1.825003620720000094e-02
1.224260974750000014e-08 1.673590484109999931e-18 4.042537060659999671e-09 7.437628458110000229e-02 2.734587324910000075e-04 4.349564748090000155e-01 4.470713145769999661e-03 4.859230524459999812e-01 3.759299820070000181e-33 5.869800280729999574e-44
5.402812786540000022e-13 2.922538271099999752e-01 2.582525996790000047e-08 4.262936618919999689e-06 3.740076295960000197e-14 6.330541387070000422e-05 2.041537890899999969e-20 2.925039769359999867e-69 7.076785787129999949e-01 6.308255047570000342e-17
1.286081472510000046e-105 2.752949648169999979e-30 3.212296505990000289e-17 5.057311272509999907e-03 3.558219800419999967e-01 2.346506784810000131e-54 4.461600436120000124e-01 1.929606650740000040e-01 7.719961680670000108e-25 5.562679460350000068e-14
3.003526934419999932e-13 1.638811217379999852e-42 2.255599010089999955e-45 3.764988906610000075e-01 1.015230182439999968e-14 2.816622919320000170e-51 2.170932991559999836e-25 3.355565722149999974e-11 6.235011093050000230e-01 6.229714462850000463e-13
9.818844151590000785e-25 1.428286283819999985e-98 8.027335555429999581e-20 5.515869521510000387e-97 2.866670623919999899e-23 2.022633221860000076e-35 1.372307375609999980e-09 9.999999986280000419e-01 3.824220471119999975e-76 4.099928417320000044e-18
2.286402086710000170e-02 2.167860244390000038e-06 1.905890662259999987e-07 2.784346888309999819e-24 1.377200640319999891e-01 1.325130302689999928e-01 3.280782186449999749e-01 3.231275451659999798e-02 1.679040416669999987e-16 3.465095532199999884e-01
4.282098807049999900e-01 2.693494748289999872e-27 2.122220472719999921e-13 5.717897691429999485e-01 8.950076377090000280e-80 3.378988291039999912e-07 1.225284737830000017e-08 8.650102823180000518e-64 2.239886106950000012e-18 6.100060885150000009e-20
5.360568661799999877e-33 1.187979344700000054e-38 1.563688012669999992e-30 4.158250481839999898e-38 6.141842387390000042e-16 1.420689496940000017e-65 1.730005981729999977e-46 5.842430249040000412e-01 7.600148581170000639e-02 3.397554892849999897e-01
1.306797109510000082e-29 3.594122667740000110e-01 1.799993808239999937e-01 6.889397638549999976e-52 9.854014181650000049e-22 8.932593895549999693e-16 5.009905886560000252e-43 4.046718502089999836e-01 6.247108563989999472e-08 5.591643972219999953e-02
8.308278039119999813e-44 1.252908438910000088e-01 9.688431065890000440e-04 4.045744235290000268e-01 5.933187102820000053e-17 6.728733483010000101e-16 1.764328601240000016e-01 6.764754862159999709e-22 8.474535118259999272e-09 2.927330208750000273e-01
4.300470524660000307e-40 5.717228578130000324e-18 1.301390268129999948e-47 3.939174954200000266e-14 9.656989570059999578e-37 1.228675010189999992e-11 9.999999999880000434e-01 5.889813730780000255e-38 2.620715125379999725e-113 1.335300245870000040e-79
2.316434109090000082e-01 1.719011161619999888e-60 1.878063563669999956e-17 2.870778770169999938e-01 3.165676028570000315e-11 2.532707633709999842e-33 8.934044032400000127e-08 1.609504281619999925e-06 1.082185882619999956e-01 3.730584249359999993e-01
