1.589427285019999929e-36 5.598169048160000004e-89 1.863299923019999968e-27 2.880528816059999882e-36 7.929739680529999946e-02 3.591576759770000071e-61 8.192230148280000679e-28 3.805195212320000020e-01 4.195002822970000138e-13 5.401830819620000446e-01
2.011691998290000005e-01 1.877239854989999970e-02 6.314608510929999863e-01 1.485975505279999997e-01 3.723617158709999679e-18 1.495817199930000061e-14 1.434794426270000039e-20 3.087780217150000160e-23 3.905112250870000252e-18 1.344770290890000014e-61
2.577567780239999924e-14 1.487200434379999952e-12 3.162608432390000002e-01 4.672806579320000209e-01 1.340685055170000028e-01 8.233013187559999613e-02 7.137173050469999757e-20 5.986143485970000193e-05 4.033989639640000106e-13 5.203706621589999762e-16
8.995663324400000357e-07 1.193930994060000000e-01 1.725330195969999868e-60 8.996912582339999798e-02 7.906368752039999448e-01 6.777373379129999272e-24 8.932233769029999617e-36 1.716502825219999876e-38 6.166610925939999933e-14 8.021287268040000411e-18
1.020207462550000025e-13 5.166432590130000057e-18 4.999736186120000148e-01 1.949877153310000014e-13 3.556916117900000052e-28 5.000263813880000408e-01 3.018793844640000090e-39 4.120266006330000171e-22 1.705750074409999971e-28 7.926350518639999460e-37
9.205277652419999968e-09 1.475808292819999902e-19 1.336655762790000019e-25 4.008847830280000135e-01 7.386444516020000389e-06 1.564532985620000006e-32 5.991078212539999726e-01 1.253583059889999949e-52 6.815814984079999731e-11 3.071467990039999843e-35
4.503659986669999770e-10 3.483501546460000039e-03 2.891755238960000257e-32 1.310486576840000068e-11 9.417279590480000240e-02 1.323806594500000058e-39 1.396302830479999868e-01 7.231369474389999497e-02 2.629075367879999958e-01 4.274921875059999876e-01
2.052240125300000128e-04 5.561646397199999662e-13 5.630715495510000279e-01 4.253998071649999768e-01 1.685365306529999960e-10 1.021763792060000020e-14 1.256427215000000009e-32 1.127080319320000051e-02 5.261590887949999868e-05 9.020190585460000733e-40
3.497498077530000146e-07 2.031701365720000013e-21 4.215338058940000243e-01 9.872774327850000421e-21 2.891682509210000140e-01 3.190589737379999730e-11 2.892975934029999863e-01 5.800782544519999691e-32 2.050045892179999892e-24 2.485939498779999954e-23
1.580848516329999881e-23 7.386688302610000101e-109 2.181773421299999883e-08 6.034211139380000157e-38 7.024939183609999541e-16 1.173338780920000048e-52 2.115032119780000142e-18 2.495604915790000100e-01 7.504394866029999722e-01 2.587049731749999998e-13
5.886580785520000303e-01 2.891324509209999838e-02 1.592277413029999901e-25 1.182774398730000022e-22 2.885185973560000170e-46 3.824092014330000011e-01 1.947481325989999898e-05 1.983753849810000085e-75 1.105000232920000037e-10 1.714983873700000062e-28
2.086530661319999924e-01 1.724317328600000025e-12 5.057351731500000081e-28 3.214525663900000274e-01 1.645743425410000071e-01 6.283173190260000433e-04 7.791558780319999684e-20 1.498189855380000060e-39 3.046917076080000175e-01 9.391528029210000493e-12
2.133649113040000100e-01 1.780608147539999967e-23 7.855237745850000008e-01 2.242164266210000097e-23 1.250736311269999970e-82 1.111314110849999934e-03 2.768172362400000021e-88 2.013453375969999935e-25 1.144590500169999995e-14 4.169106335070000050e-67
1.766484511099999837e-18 9.286951414630000153e-07 6.160871929390000501e-01 2.376518768130000137e-34 3.013897792520000007e-01 1.808391853070000013e-43 5.684165024060000208e-24 8.252209911329999592e-02 8.191825122080000029e-62 2.831887790679999982e-44
1.982097152399999957e-09 2.689515449609999925e-12 2.123816527539999922e-14 6.026928992290000453e-01 2.209302732860000164e-55 3.973070987849999791e-01 1.570386560660000038e-28 2.794465486399999797e-40 1.634079399970000059e-12 1.696278359400000116e-44
4.123722007590000149e-10 4.026345445499999993e-55 3.211251027179999884e-01 9.911481915870000846e-13 6.854118202589999653e-04 3.539862589320000041e-28 6.640177597649999930e-01 1.573852870580000026e-13 1.417172527330000029e-02 9.541376348089999369e-12
6.516855235550000656e-36 3.986135371459999984e-08 2.062981755349999923e-35 4.906092036329999795e-01 1.333792333460000028e-02 4.124314460930000050e-23 7.095824243020000373e-25 4.857408743380000060e-01 1.876293638519999980e-21 1.031195883309999999e-02
1.371859958420000070e-33 2.552350964639999822e-80 6.667531240020000416e-01 7.392859326899999557e-18 1.592429098329999858e-54 1.913701133829999948e-36 5.519179275550000085e-13 3.329707607540000058e-01 2.761152434859999796e-04 4.267131022919999982e-27
1.238909337809999955e-01 4.157427094139999838e-23 1.207216302389999968e-01 2.815726896719999840e-05 4.628331967260000078e-50 7.553592787109999485e-01 7.093163634100000094e-81 3.081236213990000167e-31 2.360986539890000017e-15 2.595807743040000112e-69
1.552577621530000012e-08 1.747729240030000131e-01 2.684882632450000250e-01 5.965277441189999994e-72 5.686396525929999576e-54 3.296880479750000092e-01 1.270260121049999960e-56 2.270507492520000004e-01 2.837846634319999836e-36 7.202861202350000109e-16
1.127937661119999949e-29 5.600687911389999841e-35 2.783575991230000023e-05 6.666347434830000029e-01 8.163896002729999360e-11 1.614208030220000073e-11 4.052658044640000306e-08 3.333210129070000027e-01 1.630462051099999926e-05 6.260561079320000618e-08
1.255207246199999933e-35 4.824186140689999958e-01 1.876537037530000033e-10 3.446811456309999841e-14 3.713458731850000118e-21 3.806426217460000001e-03 1.209391425970000045e-01 4.204856717180000154e-03 2.311633807930000031e-33 3.886309602110000205e-01
8.503557167509999935e-35 2.436199403980000122e-16 4.999682216679999791e-01 1.384057547410000014e-21 9.415723267340000624e-49 2.355977294640000070e-13 5.000260311630000398e-01 5.747169027039999638e-06 6.568975928700000103e-25 5.565653063560000107e-23
1.090011205740000011e-03 1.935053454430000153e-30 2.501644278169999902e-01 1.723398703909999964e-45 8.444188002079999867e-22 1.427825685190000082e-01 4.537536210260000056e-11 5.013281424900000192e-10 3.411112800600000217e-01 2.648517118520000158e-01
3.124867571780000168e-05 1.092524267449999981e-30 9.561875672090000555e-02 7.913063503660000387e-50 1.972626247939999996e-56 9.357976317209999728e-02 3.337305672940000245e-01 6.576457489180000403e-20 4.710099649989999970e-01 6.029699138350000202e-03
1.065536119820000041e-36 1.068667646560000074e-46 2.320788228770000183e-03 4.125136059180000148e-01 2.154344602029999867e-05 1.150279381719999923e-68 1.252089208499999884e-01 4.599351415569999935e-01 1.393054814989999952e-15 1.861867775799999932e-54
1.287792264940000080e-07 7.492940604329999532e-01 2.120441187640000055e-19 2.505044311879999763e-01 2.013795992890000009e-04 5.865679872079999832e-27 2.157693527909999872e-55 3.267940863079999972e-24 3.508062671379999857e-36 8.401457405769999985e-65
1.500206658520000054e-03 7.922906467939999642e-01 1.164001191810000100e-87 5.623963374789999710e-34 5.279970338219999726e-02 6.860547364719999887e-25 1.533481098270000065e-01 2.446095720830000182e-108 1.390267954469999983e-21 6.133333820409999683e-05
1.840871463290000010e-01 1.267826396480000068e-17 2.054409953259999921e-01 4.076193986530000091e-01 8.637361713329999598e-66 5.734177119819999848e-09 1.075534674130000087e-31 6.341866657749999613e-22 2.028524539580000008e-01 2.357020112560000046e-58
4.070470557870000327e-09 1.203372573899999951e-21 5.568936687359999915e-01 4.090281617359999844e-01 3.532942576759999888e-29 3.069288210519999827e-23 1.645210234090000018e-08 2.519246852310000161e-08 3.407812381289999915e-02 2.643437365189999796e-35
1.161066840220000007e-03 5.103470565650000238e-24 2.209453700899999979e-25 1.351270470239999917e-07 4.586835173139999778e-10 3.995545350120000005e-01 1.411970558939999949e-36 6.962344671919999908e-36 5.992842625340000229e-01 2.813843272909999992e-11
1.450785007220000076e-11 2.443905187650000030e-08 1.404259896110000117e-32 9.802171284410000291e-14 8.345089420000000036e-02 2.987232247859999974e-40 1.424656706499999870e-01 7.230782160059999464e-02 2.453973031370000057e-01 4.563782859580000073e-01
3.554531701170000058e-01 2.018402766019999905e-01 3.949184847939999909e-01 2.404789062750000025e-17 9.756405669169999491e-11 3.815123106009999674e-21 3.789855657849999737e-42 4.778806838920000161e-02 8.794981132100000489e-25 2.166464459329999957e-37
9.236048948669999531e-18 1.686155276389999882e-50 3.805107091669999928e-34 1.641004015130000070e-24 3.225570348039999979e-01 9.022029570709999556e-72 3.996372696089999768e-23 2.336111252089999868e-01 4.438053741499999871e-01 2.646583666830000167e-05
5.174674729169999823e-25 1.625193799020000149e-73 2.775303547010000001e-33 4.143088090940000268e-32 3.989993400669999968e-01 1.105598446329999981e-104 7.755059581799999616e-13 5.973818261240000371e-01 3.618315379369999810e-03 5.184285625720000149e-07
1.142280253329999986e-07 5.021593603990000199e-33 5.841606887970000050e-01 1.722763845810000035e-12 6.217412842749999972e-38 4.902232108179999690e-08 1.829470704809999882e-75 2.773379754379999909e-02 3.881053504070000049e-01 7.328623575889999927e-37
3.807932072369999872e-28 3.544769546929999955e-37 1.983502921059999887e-05 3.914482251809999758e-01 1.578071168840000011e-20 6.809146925690000296e-02 1.320177517980000108e-16 4.224637436550000014e-01 1.171255790460000029e-01 8.511478312629999635e-04
1.229100211020000050e-23 9.011994743010000228e-34 3.193689592470000205e-22 7.495292906149999546e-01 1.721478981860000082e-39 3.937556187449999927e-05 2.220341229980000116e-38 2.553213419980000111e-16 2.504313338229999797e-01 2.255673307300000119e-15
2.865041180289999989e-01 1.780087484610000104e-01 2.451106988529999815e-03 1.653238820620000037e-17 8.448827019269999461e-80 5.330360265210000170e-01 4.125579326219999640e-37 4.024035650449999616e-37 4.199011741859999891e-18 1.693776310500000021e-74
1.526315227109999954e-04 1.573243159080000049e-24 3.126581981750000128e-01 1.084333288290000030e-131 1.659802155689999877e-05 1.036130342959999978e-16 1.248446604220000081e-27 1.309565864920000100e-01 8.293623558270000526e-27 5.562159857890000003e-01
3.504988911279999772e-16 9.246437659489999350e-31 1.582887654540000022e-01 6.173838470030000180e-29 1.222717052900000072e-41 5.022063949409999450e-01 4.893715874000000081e-31 3.372181771250000182e-01 2.286662473920000101e-03 6.759988133119999787e-12
2.094844852980000116e-01 1.273447315419999976e-06 6.298932758180000313e-01 1.606209654359999905e-01 1.328332991299999900e-19 7.891376158879999601e-13 9.329141658909999583e-20 5.756922747770000071e-25 6.992042845270000066e-17 5.088242518570000140e-65
1.608226110920000016e-34 3.898372578279999816e-23 5.000259917520000208e-01 1.652251096980000127e-26 3.505931426809999899e-51 6.583695339419999606e-15 4.999617693580000188e-01 1.223889077089999963e-05 1.209402201320000094e-22 1.287034767959999956e-21
1.882229230770000039e-01 3.886761508540000076e-02 2.729005404389999723e-01 1.378823925389999919e-81 1.527096955629999864e-01 5.177132469280000192e-20 2.417496827099999968e-01 3.733894130770000052e-03 2.101626713850000029e-28 1.018156489959999994e-01
2.972266862860000192e-01 1.082318265009999960e-22 3.428805607379999953e-01 4.268865671899999748e-58 3.598335260400000180e-01 5.028065716599999716e-45 6.958441678809999729e-22 5.922693524659999805e-05 2.792339113790000097e-26 9.357457490060000574e-24
9.820794561960000113e-01 1.782947520389999846e-02 1.444150644569999993e-37 1.648177802119999976e-16 9.106860034279999779e-05 1.255789058340000068e-48 9.900280909209999438e-32 1.006897289170000076e-40 6.888828981589999356e-24 3.020665113070000111e-51
1.456104955629999929e-17 2.087446823010000116e-39 4.558284056319999879e-52 2.485745207919999866e-01 8.096817052529999738e-11 5.570476728170000321e-64 2.794314842529999841e-11 2.044630634979999919e-45 7.514254790990000377e-01 7.508303377210000729e-40
1.797678028249999893e-01 4.559442007359999846e-07 2.634677127490000006e-02 1.886683902710000123e-18 1.106624834410000063e-01 4.640642923789999735e-02 2.466490512450000006e-01 5.102445648919999802e-06 3.166950114309999842e-01 7.346689215570000042e-02
1.299651171200000115e-04 9.726256463389999730e-04 9.422600750689999700e-26 9.796396810389999821e-02 7.097172926540000104e-09 5.179558838779999563e-01 1.029077063850000048e-91 3.829598857889999763e-01 1.006350603299999963e-05 7.600863010070000294e-06
4.539898428210000225e-01 5.337424574069999730e-21 4.290925752469999902e-20 1.143811639039999973e-20 3.716552650980000094e-01 6.234213043520000022e-35 9.174972098600000591e-42 1.306934293400000002e-01 4.366146274089999918e-02 1.738327361449999950e-13
1.394565233359999922e-29 7.784584753559999587e-96 3.526527574149999900e-02 3.716036853260000263e-17 5.029633871980000032e-02 6.462364836580000221e-29 1.240448062600000012e-01 1.564693157519999878e-01 2.988029295410000175e-01 3.351213339849999917e-01
2.580243909409999891e-45 1.213284709769999983e-18 1.302553464950000053e-28 1.741306193739999948e-66 5.621696131069999769e-01 2.685497537700000085e-26 1.108790763970000026e-10 3.917043956180000190e-18 8.701051027239999913e-65 4.378303867819999806e-01
1.158381998229999942e-27 4.117362977439999877e-02 5.889826966129999564e-01 9.129822596289999764e-28 2.525564941590000001e-01 1.582847477789999999e-02 5.742617949860000236e-24 1.009440965820000008e-01 2.601885220030000268e-63 5.146080939400000422e-04
4.378039314790000075e-04 1.237173822260000123e-63 3.998576221469999914e-01 5.091987080879999846e-37 5.322641798959999850e-36 2.050435082039999805e-28 1.893577695979999896e-13 3.187897062189999899e-19 5.997045739209999615e-01 1.476756886090000045e-25
9.999999975109999939e-01 2.272952698180000124e-09 1.176840893900000045e-29 2.866584755150000040e-33 2.159792604640000106e-10 2.251423171649999922e-35 2.582966771990000036e-51 9.133614759730000870e-22 4.662144521030000458e-19 2.763702305800000056e-26
7.852615787069999340e-24 7.481985612039999590e-75 5.067014642619999770e-16 1.782841501670000068e-16 1.530442448379999987e-01 5.441306192079999832e-67 1.474191728250000000e-01 2.241256589989999884e-09 6.995365800959999492e-01 7.623139498910000617e-21
8.897718745480000377e-32 1.623836356240000044e-24 1.572563285899999947e-24 7.052265861909999556e-16 8.815850155730000416e-103 4.000667796510000151e-01 2.015770440239999873e-39 7.919823336679999765e-11 5.999332202689999782e-01 2.318041231329999826e-13
3.699916280620000183e-39 1.226670594979999985e-05 1.336742860609999927e-17 6.342392059210000266e-03 3.291841857770000304e-39 4.968209763959999803e-01 4.968243648389999989e-01 7.921747185670000373e-26 1.193942176339999930e-26 9.082085549130000752e-21
6.274049989640000380e-01 1.025388943519999965e-04 1.966712454129999899e-02 3.799074104640000172e-28 6.907364357909999967e-63 2.602894970080000259e-01 5.522119266729999913e-159 9.253584059250000160e-02 3.228315059379999990e-23 9.814533123490000192e-46
1.995163897749999875e-04 3.193788684760000158e-21 1.311077122799999981e-08 3.662647099660000082e-03 5.676687159429999463e-01 8.778962302589999461e-03 5.205696439440000324e-08 1.072008336720000030e-23 4.196900913889999862e-01 1.707570877449999991e-09
4.223062171069999972e-68 5.998515945729999688e-01 2.192732883639999882e-42 3.116056046110000180e-15 4.001483643050000039e-01 2.337940740550000192e-22 4.209288233610000126e-13 2.180009457559999884e-11 4.807460003329999962e-59 4.109990217899999788e-08
1.339761390870000030e-15 4.181827892439999861e-01 1.352782083899999936e-06 1.299238192419999993e-01 3.840507292430000187e-06 1.821024663029999922e-10 8.157003878799999546e-10 4.518881893119999771e-01 6.536766682830000487e-20 7.914819410049999998e-09
3.600191892490000045e-01 1.005073867409999947e-48 4.849113931430000246e-01 1.310718982099999958e-110 3.907030095109999962e-02 1.050006249879999973e-44 7.909950954819999642e-29 1.159991047040000028e-01 1.871565777910000093e-20 1.195238690190000012e-08
6.589880959039999819e-01 1.051015686519999898e-03 1.527997656719999958e-26 2.069893675129999876e-21 1.555737217839999923e-08 2.915576281489999921e-01 7.303269937670000368e-48 2.376944184199999950e-24 6.454185413550000095e-17 4.840324470360000270e-02
4.788209625109999812e-01 1.246421422409999982e-05 3.344490816810000156e-01 1.867098360539999891e-01 1.105912383789999957e-47 7.655539858009999404e-06 1.407022624270000059e-45 1.517910002679999975e-32 7.707650639640000176e-16 4.171729609609999937e-85
2.708884477400000053e-29 4.697534952569999805e-08 4.260654324979999963e-01 1.355491048700000095e-23 4.776638944079999956e-13 1.459203592019999980e-04 3.017431912369999969e-01 2.720454062470000212e-01 3.465915724490000000e-26 2.682398010080000140e-09
7.118376614560000260e-01 1.372018195659999889e-04 1.021412803649999996e-35 2.690758266089999864e-05 2.868768902840000009e-10 1.499624776199999913e-38 3.539461724000000099e-20 2.076051710499999905e-11 2.879982288030000226e-01 3.142775316090000314e-11
3.272670334389999880e-01 6.724563282210000402e-03 1.383766590560000011e-08 4.715352749699999735e-02 1.518821983080000104e-01 3.419813279930000082e-15 2.321394295019999800e-37 4.669726636090000271e-01 2.690766916989999867e-11 7.913181256139999771e-30
1.451425625719999869e-125 1.160190447530000063e-09 2.026622711610000108e-21 3.979103919440000192e-01 1.684669860679999920e-15 2.286982203770000020e-20 5.995410869930000164e-01 2.548519902910000197e-03 4.003143759420000042e-61 2.351998223620000015e-21
7.753213405360000220e-16 6.339355147830000605e-33 2.263347550610000105e-26 2.350463931370000159e-15 1.636361455179999955e-45 4.957869901890000261e-24 5.235779922889999641e-84 7.495757548550000537e-01 2.504242451450000018e-01 7.313923066060000468e-19
2.285210960770000044e-87 1.414485386590000041e-33 6.474097126929999863e-71 4.242600389459999728e-39 1.720386753629999932e-01 2.053441260289999890e-66 1.805781839410000034e-01 1.470911827890000040e-22 3.240326036319999788e-56 6.473831406960000034e-01
2.657087534569999984e-11 1.256081268399999926e-24 2.411689392990000190e-09 4.326273116149999902e-26 8.682568034179999872e-66 6.000668065059999723e-01 5.283685929230000114e-70 1.344690261580000040e-06 3.999318463650000099e-01 2.789977108490000018e-24
5.388674274939999620e-01 4.151382102229999867e-05 1.422537097140000113e-23 1.421876380600000100e-01 9.226554839439999762e-10 3.189033636229999802e-01 5.607970867129999723e-08 1.522533457990000105e-73 3.665259448479999796e-14 2.009100078819999992e-24
5.886403069200000227e-01 2.886813238360000020e-02 4.444144056200000242e-26 7.085130194830000344e-23 5.144436436839999906e-45 3.823877158749999783e-01 1.038447194160000022e-04 7.101584496620000439e-76 1.022317172679999992e-10 4.868186033730000193e-28
1.794986445680000036e-28 5.455501366169999504e-63 1.763977055229999948e-15 2.132441413609999832e-09 3.783357652819999768e-04 1.244890248560000035e-20 3.209148130510000151e-03 5.496383326840000217e-12 5.455581058970000452e-01 4.508544080690000122e-01
7.096950497609999953e-04 1.276767637899999947e-22 1.155263219959999948e-27 1.434982570129999947e-42 1.837128752729999947e-104 3.997536298139999777e-01 2.705814379220000088e-13 1.867208570479999942e-59 5.995366751349999745e-01 5.093909379959999791e-14
5.824337320069999817e-39 9.715813550609999999e-20 4.621253273989999744e-01 1.229106494760000001e-01 4.147882918929999829e-01 5.705005620230000319e-09 2.869078031140000087e-11 1.757254984259999924e-04 3.543784243619999840e-30 8.758438697380000066e-24
1.139448626770000076e-12 1.534555172740000070e-11 1.724172757580000048e-01 2.073528675390000083e-50 2.751228914420000027e-09 1.870770987890000014e-01 6.405056226769999528e-01 4.474452278699999762e-32 3.360277459780000036e-40 8.414845021529999333e-12
2.141507378510000004e-01 2.908821441629999866e-23 3.121911693040000219e-42 5.400334805099999612e-43 4.195909315789999932e-37 7.858465962880000211e-01 2.120456549759999949e-13 5.087694076409999823e-101 1.630597956819999891e-07 2.502801229590000061e-06
1.446086697139999994e-11 4.765989049029999980e-01 1.194619349449999911e-18 4.742988979730000093e-49 1.235671823390000063e-01 2.496787098350000110e-10 3.801511314610000331e-02 2.819657540819999797e-29 6.229052731760000027e-40 3.618187993479999864e-01
8.427240520319999595e-01 4.581915558479999691e-09 1.070095570859999998e-24 1.572759372910000064e-01 8.536232297109999752e-13 3.157944020000000081e-34 6.094793350970000412e-09 1.216669515420000032e-78 2.873459575179999947e-16 9.408729425279999292e-87
2.947669923050000079e-19 1.992976589740000174e-40 1.269070837710000091e-24 2.051256587470000026e-17 1.127034463629999926e-46 1.373830519360000078e-24 6.917608324409999552e-78 7.495784567169999635e-01 2.504215432829999810e-01 1.292664353970000030e-20
6.981126756900000174e-01 3.018873219739999780e-01 5.870704006529999639e-34 1.705716844990000038e-51 5.500590249169999551e-32 8.371863755549999801e-12 1.681463018440000061e-27 1.561084784830000024e-34 1.863721623749999993e-16 2.327598491719999869e-09
1.997349516980000128e-01 2.190359360069999914e-02 6.317734616419999893e-01 1.465879930600000047e-01 3.044699373990000141e-18 2.243186598070000097e-14 1.679831633729999974e-22 1.657561202599999945e-23 7.771960051790000339e-19 5.825403497780000369e-62
1.471185886819999940e-09 5.304276659319999698e-01 3.778436419639999988e-01 3.742640727090000068e-10 7.721672361739999324e-02 2.007265504729999947e-11 4.429272767129999830e-36 1.451196662140000031e-02 2.746728617489999785e-35 2.575191261909999889e-26
3.556061521250000190e-01 2.017134093750000134e-01 3.947606670179999999e-01 4.833295682369999796e-18 1.065058862769999968e-11 9.754066011120000721e-22 9.250946503339999943e-43 4.791977147100000278e-02 4.570284478620000118e-26 3.608983157720000082e-39
3.170341019830000273e-01 2.296098008599999907e-01 4.065206057429999742e-01 8.790951476120000185e-16 1.571115735229999948e-12 5.384103660780000029e-21 7.012160578520000264e-43 4.683549141320000192e-02 1.481093270659999894e-25 2.371810847700000097e-43
1.884692167799999930e-23 3.209584232829999776e-79 2.104104982429999860e-09 9.972884650790000296e-18 9.306972762189999471e-02 2.537471032190000200e-69 2.660597887000000217e-01 2.923966901469999824e-01 3.484737914270000236e-01 3.739844904919999821e-23
6.478857302270000229e-01 6.674515551609999997e-09 8.025338488140000159e-37 7.085059395159999508e-10 1.218799561799999986e-01 3.494884579330000117e-31 3.819288814050000106e-56 1.110978843819999968e-07 2.302341951119999952e-01 7.291400976880000151e-14
3.856842740920000123e-01 6.750991984400000340e-03 1.091853576310000020e-14 6.681489116340000209e-33 2.263480600180000080e-01 4.424780128619999704e-19 3.852620525490000001e-12 3.489410726389999880e-03 4.455075133860000096e-08 3.777272186250000274e-01
1.333114813139999930e-04 1.737136978240000004e-02 4.111745003580000012e-25 9.899200226160000116e-02 1.148008120690000017e-08 5.051494618909999623e-01 6.255782029610000573e-92 3.783116885210000002e-01 4.768362820610000276e-06 3.738621967790000018e-05
3.502263701630000177e-37 5.054479179110000285e-22 4.748081116440000184e-90 3.999103269829999974e-01 1.245153907949999965e-19 4.499485855820000006e-25 6.000874677540000146e-01 4.156175399770000223e-69 2.101032599619999813e-06 1.042306997510000000e-07
8.879605990480000718e-34 1.172107426609999940e-02 7.550216379309999944e-45 3.951728399939999914e-01 3.398444465659999828e-18 5.931060857400000108e-01 1.770609528119999968e-20 5.327529597429999970e-31 1.728132263369999928e-18 3.204427859999999864e-13
1.350404475729999887e-01 8.092279020540000030e-13 1.881655089229999993e-25 2.783398991400000133e-01 1.882044479730000108e-01 9.171729307819999344e-02 1.352769973410000057e-17 1.957344347770000174e-40 3.066979120800000236e-01 1.553788134899999947e-10
1.485469444560000019e-01 4.604104919179999575e-13 3.231918688039999939e-25 2.846037455989999798e-01 1.871095339000000135e-01 6.948003205080000022e-02 1.460714106639999962e-18 7.100453630479999676e-40 3.102597437729999741e-01 2.205408481990000035e-10
1.267313548850000092e-09 3.994306977550000082e-01 9.504079244790000385e-26 1.854140513580000006e-20 6.987669440950000052e-16 3.953906811260000237e-04 6.001739102969999573e-01 5.968918017299999930e-92 1.512600856079999979e-36 2.865171329540000206e-35
3.076953816640000117e-01 1.126971655500000058e-01 1.332269365910000031e-02 5.291462649570000121e-02 4.675500800950000048e-12 6.104142986549999696e-18 1.852444522240000021e-10 5.133701295960000355e-01 2.845102315109999824e-09 6.840050024219999812e-23
2.188204956049999931e-16 6.799128991899999429e-64 1.946349950000000152e-34 2.492372260520000061e-45 1.590837722030000048e-13 7.875290988529999703e-62 1.404462188019999910e-46 4.863874777509999969e-01 4.898334031470000238e-01 2.377911910150000072e-02
4.210316221379999758e-46 5.079320655140000123e-46 2.592668793190000022e-03 4.125151344110000173e-01 1.875624490379999978e-05 9.229296621019999347e-22 1.251280335609999961e-01 4.597454069899999940e-01 6.929822835320000189e-16 1.786694967029999968e-15
1.138894833350000028e-35 5.452083243919999579e-03 8.585374359659999931e-19 9.886456214079999697e-36 7.684592640499999806e-19 4.350038834300000157e-01 1.243568538109999991e-45 1.490801096319999963e-01 3.081244188459999967e-45 4.104639236939999769e-01
1.791825377420000000e-07 4.578304496120000212e-23 8.694527965709999973e-02 2.273781955199999814e-22 3.357083403860000037e-01 2.286500838880000119e-23 3.356056807050000201e-01 2.614669886399999916e-05 1.856240232420000119e-14 2.417143733709999909e-01
7.709876878629999660e-08 1.248766035729999974e-01 2.190898933390000025e-01 1.250272104380000038e-71 1.969212629540000037e-44 3.864067520209999995e-01 2.539545489080000065e-47 2.696266739679999969e-01 1.171643142849999979e-38 1.516637721159999988e-15
6.083605462440000192e-38 2.653694952800000061e-18 3.465319290319999732e-14 1.123654234850000059e-27 3.975136279150000007e-01 1.733749111979999958e-53 6.365995566059999735e-37 6.024863720849999993e-01 4.076396519619999905e-56 9.777152188109999565e-51
4.908677725939999958e-01 6.697297314920000466e-02 8.634782033030000357e-11 1.907681274330000065e-01 8.318469079900000678e-31 1.055362309020000063e-14 1.341712025720000034e-35 2.452039931090000124e-01 6.187133628659999968e-03 8.497955211719999222e-22
8.002132323659999474e-33 9.775284248300000046e-85 1.074767520010000096e-12 1.293062375409999923e-15 3.293771387589999877e-01 1.271239403280000126e-38 3.291710619970000251e-01 8.751217121409999965e-08 3.196987493510000111e-01 2.175296237950000156e-02
2.695206233639999909e-40 6.214243098170000637e-39 8.916153888859999414e-45 2.655235100240000014e-49 2.358141019359999979e-01 1.127780429069999938e-104 4.382660849180000096e-01 3.191673882530000061e-01 2.487692744969999881e-19 6.752424893290000056e-03
6.264615006590000065e-27 2.266016552450000043e-62 8.889495317220000372e-15 3.167893505580000049e-08 7.502953095660000026e-04 6.949494074040000423e-19 3.163291698510000208e-03 7.001612369370000187e-13 5.455805160129999498e-01 4.505058652999999746e-01
9.038033552029999977e-11 1.902303390639999920e-11 7.624345360730000085e-30 6.779527651600000301e-13 3.183625180119999936e-34 3.299226928799999792e-01 6.648746592369999542e-01 4.331136898480000173e-48 1.526065008629999987e-03 3.676582764159999888e-03
5.261701467769999956e-11 2.966324738550000129e-24 2.708259031400000120e-10 7.680707693859999537e-27 8.931867597950000398e-63 6.000669255349999620e-01 5.992870695970000175e-67 5.034208285899999927e-06 3.999280399330000235e-01 7.292580481150000400e-22
2.475941128220000009e-01 9.514263507759999859e-21 3.385165221770000121e-01 2.014865206330000058e-70 2.413032483010000015e-32 3.269667264150000197e-01 6.138065460150000235e-02 8.462241485330000085e-26 2.046034885099999893e-09 2.554198193799999891e-02
8.007627875559999604e-21 3.544039773739999745e-35 3.742444838229999778e-04 1.566329475540000071e-01 5.958390295680000222e-95 1.400530485620000080e-05 3.822704535740000140e-93 1.273450719220000082e-01 7.156337307360000066e-01 3.479136739930000089e-49
1.124846601030000063e-12 7.476375402429999983e-01 5.778840239789999687e-25 5.823889295290000413e-03 6.144047189850000279e-42 1.734000946069999998e-34 9.151152585929999596e-09 2.961208565890000052e-05 2.465089492239999902e-01 6.254479103480000175e-19
1.635103176950000042e-02 2.034224532449999953e-21 6.256512271539999900e-06 1.946983988059999837e-02 1.352836666929999942e-07 2.299227037239999987e-10 5.595324285939999864e-01 1.960698131200000019e-24 4.046403077169999918e-01 1.315146885500000069e-11
4.937070194900000097e-01 3.272001598479999917e-18 2.123999324690000122e-29 3.549313860880000115e-01 5.788701220990000234e-24 3.633556185810000054e-41 5.024483760370000024e-02 3.229984150300000203e-62 1.011167568180000031e-01 4.898264626000000401e-56
8.211507956320000276e-18 6.407972160690000508e-38 2.334477983359999807e-62 4.991978071889999757e-01 1.581501319130000026e-10 3.680426596330000076e-78 2.242491283049999889e-10 8.351728266060000182e-54 5.008021924279999482e-01 1.972574406680000110e-46
4.535801139749999738e-08 5.039735845189999798e-08 3.904617783710000182e-19 4.439005105669999824e-10 3.294454422140000172e-01 3.780739621440000198e-01 1.414622803239999893e-01 2.588853043910000180e-29 3.380414117490000121e-07 1.510178810770000102e-01
2.526703060080000058e-37 1.925481669490000101e-27 4.133936431840000147e-01 1.242375428969999963e-48 2.982423203769999944e-35 2.504957754330000008e-01 9.066813721409999736e-11 3.357680100559999881e-01 5.009941573420000128e-24 3.425712372640000157e-04
5.577742181270000099e-01 1.335097168519999961e-22 8.931601576989999584e-29 1.264034643129999919e-34 8.715834547369999910e-33 4.226819883399999737e-29 1.029528074739999953e-57 1.839950850529999918e-04 4.411370612239999822e-01 9.047255638399999671e-04
5.750598759199999953e-05 1.881779114529999941e-32 9.513015675579999941e-02 2.475540120210000097e-09 6.771458593499999809e-14 9.353477781999999796e-02 3.345738655989999866e-01 1.350370868109999991e-18 4.717933869959999860e-01 4.910304366140000147e-03
3.934570958169999860e-16 1.085787094509999934e-09 3.249320583740000212e-01 4.751314337029999835e-01 1.275439739639999959e-01 7.237534763639999480e-02 1.652176803159999991e-22 1.718523738900000022e-05 1.178753040109999948e-17 5.138194348460000301e-19
3.978496117640000218e-01 6.984570834269999973e-02 8.160463114259999445e-21 3.346208903379999783e-27 2.052145889429999961e-07 1.384065716099999926e-45 5.317197222089999897e-01 5.619858835140000052e-04 7.590047348279999852e-06 1.517653960310000078e-05
8.293351156949999676e-04 3.438499558090000175e-23 4.408393319340000247e-25 1.869015360789999893e-05 1.312919928470000008e-35 3.996925079520000090e-01 2.073052507120000154e-15 7.791336406110000337e-60 5.994594667779999941e-01 1.607899991149999956e-16
2.939901894319999847e-12 1.026390018340000015e-01 4.484212749770000173e-01 2.544837770439999924e-01 1.744775145090000037e-05 1.944361275010000056e-01 2.370890856690000138e-06 2.534727720620000190e-28 2.698723008179999857e-33 7.293904575320000557e-36
3.551711546360000193e-01 2.021348894049999900e-01 3.958315666950000256e-01 1.020317838459999996e-14 4.969155619640000147e-07 1.315354432269999962e-19 4.249860468209999870e-34 4.686189234779999935e-02 1.614934876489999944e-23 3.236380761149999831e-35
3.447692894109999727e-126 9.215893600570000459e-10 2.160325202960000069e-21 3.982124146570000245e-01 6.253761005239999783e-15 9.656157114170000166e-20 5.996203157389999872e-01 2.167268682610000181e-03 2.397314062140000078e-60 2.535838007780000147e-21
3.244057933600000042e-27 6.247878031179999736e-01 6.059992891090000610e-39 1.536626264720000019e-04 3.430962477919999903e-47 6.728367227970000197e-02 2.893505719190000116e-13 1.318293014809999930e-22 5.610597503630000041e-13 3.077748619749999803e-01
1.817064931539999875e-08 2.317003457909999897e-01 2.421141530660000096e-01 7.293811362959999600e-02 2.174325361920000029e-10 1.715174546590000071e-01 1.679285230540000090e-02 1.727233069209999916e-01 9.221375506770000674e-02 1.714654240950000117e-10
3.325300489540000144e-21 6.665553414970000201e-01 4.670144540169999669e-30 1.201659579060000109e-38 1.692496299389999953e-45 3.334446585029999799e-01 1.166195348249999918e-52 6.971527740399999789e-32 4.918489932280000048e-44 4.767822021809999727e-18
3.533737849590000151e-12 6.469817349210000183e-13 1.313636045959999976e-35 4.255048717079999987e-01 1.300581392830000079e-19 1.110967839870000050e-31 2.181474663329999918e-54 4.256425661400000116e-01 1.488525621479999950e-01 2.558066776829999945e-21
2.240400977339999941e-24 4.967894860810000007e-87 2.154098995699999842e-12 1.112074898959999949e-15 3.333794576579999780e-01 1.213062202229999917e-118 3.331719305440000167e-01 2.633888202200000057e-05 3.334222729140000063e-01 1.155481198489999980e-38
1.240961324790000064e-37 5.998226117630000020e-01 1.498445443240000114e-11 1.213925836159999950e-14 4.479012536319999578e-25 6.735537608539999788e-06 4.001706526850000167e-01 3.729720045540000168e-52 8.379130779620000772e-65 4.088699376570000363e-52
3.303807519950000171e-41 4.608788232020000165e-04 2.899333383589999813e-01 6.192379707170000443e-32 5.966085511510000616e-17 2.883623917300000006e-01 4.212433910880000187e-01 3.135285431139999927e-23 2.886317446549999946e-76 1.911556117390000005e-23
6.100563984829999731e-01 1.041204753869999913e-15 1.367082285439999973e-08 1.007552446100000023e-16 2.301686477460000019e-02 1.120596712900000049e-39 1.493987685140000018e-05 3.488737517700000179e-01 1.803151126949999877e-02 6.520155789139999602e-06
1.691083915069999935e-03 4.997845445310000193e-67 3.992938431890000195e-01 2.191203000239999873e-39 1.800092434439999889e-10 1.328320681120000119e-26 1.755155706279999959e-35 1.680144305119999991e-05 5.989982712729999825e-01 1.059773552690000000e-19
1.025639935649999969e-17 2.296499594460000186e-13 1.718419919340000080e-29 3.334891872340000063e-01 3.754164766899999812e-13 6.209582867239999524e-39 2.473327056050000054e-36 6.665099683849999845e-01 8.443797945939999481e-07 1.623219310140000022e-21
5.485983748160000200e-17 2.756932927649999865e-01 9.391250932120000512e-17 7.928623715200000532e-02 3.236104969470000037e-01 4.298829000039999847e-06 2.000640607499999880e-43 3.214056742809999756e-01 7.578588413789999706e-21 2.694973115139999952e-11
7.324557900770000129e-01 7.384244493420000265e-04 2.793829606059999971e-43 2.565436809039999821e-01 1.030528398409999961e-06 2.736461773089999969e-53 4.876917470469999680e-11 3.504091434780000261e-21 1.026107399200000027e-02 3.531682889070000096e-20
3.840848700519999825e-01 5.160555603749999748e-05 4.712782452069999731e-13 1.559396959340000107e-32 2.156340403270000095e-01 2.658632917999999803e-16 2.875146942160000251e-10 9.946643514099999788e-04 1.830214616229999982e-07 3.992346364039999762e-01
1.243849950449999999e-17 2.576368153960000139e-41 2.443891545810000051e-51 2.485745210149999940e-01 1.208069991399999991e-11 1.951190036299999878e-63 9.594926851270000919e-13 1.080891695220000008e-44 7.514254789719999605e-01 3.868499620319999776e-40
6.052223743799999899e-27 4.200993283749999974e-02 5.430428163999999613e-01 4.563103013829999971e-29 2.197398274890000058e-01 5.696256515249999847e-02 8.502756234519999306e-24 1.382392902529999967e-01 3.591690997579999760e-66 5.567868621510000312e-06
6.634855347430000329e-12 3.342259357969999956e-01 5.001422375570000467e-01 6.176668311290000329e-21 1.340007039229999992e-40 1.656318165310000090e-01 1.010807243130000004e-08 1.234083324530000070e-25 5.331107625980000039e-29 2.008360110750000100e-42
5.816090749140000460e-01 4.185815666739999934e-30 3.736953907969999822e-01 1.749841027130000176e-18 2.852850607990000016e-03 7.185316862020000380e-32 4.184268350570000128e-02 1.537262498879999891e-28 1.758067037390000071e-10 2.685841126749999852e-40
1.938111732249999922e-38 2.397386683809999899e-117 3.077544656830000225e-01 3.612281107340000294e-17 2.186494354429999931e-44 3.519059873960000164e-35 3.830506248050000221e-24 6.553874821730000244e-01 3.685805214420000142e-02 9.674293617080000582e-33
1.958355492900000010e-31 1.755817850050000019e-03 6.664737547600000367e-01 2.243795372260000037e-46 1.144488441579999978e-32 2.057593965310000109e-06 3.317683697959999956e-01 3.016755901609999877e-21 7.846952605269999967e-59 3.112927633720000143e-29
5.752275323669999926e-03 5.172024181909999907e-01 3.713137864380000042e-01 1.034331262980000035e-10 9.720980415560000198e-02 1.703339225230000114e-42 4.176260041130000271e-30 8.521715788789999482e-03 9.869560521119999281e-31 5.575262796590000372e-63
9.999999995220000271e-01 2.605204548620000173e-10 8.095640112320000073e-30 4.994901780590000410e-32 2.174106372859999987e-10 2.577607053009999976e-35 8.791598343090000247e-50 1.253778609840000036e-21 6.156953120500000188e-19 1.165319492249999899e-25
1.221019481779999902e-62 2.429739305230000090e-01 2.036696775060000055e-85 7.492686631149999554e-01 8.104975123079999878e-45 3.124980881720000175e-06 7.754281380299999846e-03 1.911364863289999893e-65 9.622811341240000191e-28 2.140384453409999930e-13
9.820798531319999691e-01 1.782903675120000100e-02 1.894077143330000135e-40 1.116001595540000089e-16 9.111011662799999586e-05 4.067024660449999941e-50 1.802946144309999989e-31 1.955393582159999864e-40 5.464757332669999873e-25 3.739806903060000191e-51
5.377260634719999564e-44 2.508693881129999883e-49 1.358798996729999875e-01 2.908336173330000052e-01 2.286153467409999811e-12 5.394460021449999963e-05 3.579347027679999869e-03 5.645217324779999712e-01 3.563838387679999870e-08 5.131423247390000386e-03
8.112414980290000106e-07 2.536568236319999873e-11 6.690784014710000160e-06 5.348680366250000045e-58 3.637032966880000201e-13 1.001815571069999950e-29 5.489787947399999979e-01 3.955979153229999823e-01 2.231237142480000000e-17 5.541578788620000334e-02
4.507319702999999734e-77 5.035365901880000100e-40 6.297713307749999873e-12 5.438725987250000449e-01 2.222444124959999934e-01 6.908954227429999587e-50 2.251830008419999918e-01 8.699987930319999160e-03 1.285073362260000084e-41 1.616428486070000052e-36
8.259941062550000224e-24 5.466871326500000183e-01 6.191955308070000357e-46 3.228250815779999861e-43 2.268970806700000009e-01 4.471888506569999709e-27 2.264157866769999916e-01 1.018790439869999969e-57 1.737772256180000114e-58 3.867825617860000295e-12
2.856979197359999921e-04 1.494267652279999969e-01 9.667706537889999138e-50 1.508962841410000089e-01 8.169982668149999849e-04 3.352518331509999894e-01 3.360805912139999685e-02 6.311101063839999689e-59 1.826748252250000037e-01 1.470395369470000047e-01
2.426526483020000069e-01 1.452843911489999917e-01 4.111090256820000256e-11 7.244900835159999615e-03 1.008369129440000039e-01 7.281321891739999947e-19 2.052901047570000099e-43 5.039811466650000460e-01 6.359776499389999643e-11 2.122143157219999897e-28
1.113812397429999998e-72 1.163557923930000056e-38 2.316090631319999831e-56 8.682746293689999379e-45 1.880459172770000101e-31 1.301347746869999987e-55 1.000000000000000000e+00 9.707411520149999691e-88 1.793612101150000054e-76 1.799541891319999988e-41
1.733141736889999909e-02 1.979671819659999884e-23 1.141269417440000030e-07 5.807921378200000105e-32 5.467713645479999810e-47 1.492674940329999878e-08 5.673898796309999604e-01 1.817604643159999972e-27 4.152785739459999848e-01 1.138882572870000039e-13
2.802159361160000118e-15 1.902288995510000135e-46 8.642416021769999673e-26 2.069609661520000085e-59 3.381034288619999821e-38 1.825283702480000052e-37 9.277767688290000197e-38 1.415277280960000050e-01 2.308475934800000018e-01 6.276246784240000487e-01
1.280716097670000059e-05 6.108744971999999773e-01 7.740665895830000323e-24 2.219804339239999874e-15 4.199299812769999817e-32 2.767864868760000225e-04 1.830884271449999986e-58 3.132078614889999835e-01 7.562804736139999706e-02 3.019838881460000107e-10
8.795807317530000579e-08 3.874280108659999878e-18 1.514255144570000121e-23 3.995696196910000220e-01 6.004294946339999717e-01 6.100594696900000205e-18 7.976369044450000151e-07 6.353351053129999743e-51 7.953035048870000295e-11 1.090017639549999944e-31
