1.799320750970000081e-49 4.848941992829999825e-01 8.629977454569999528e-04 2.928409132469999903e-05 3.204795075379999976e-07 4.421479279000000132e-26 4.960302032460000010e-01 2.164496862300000195e-03 1.601849829269999873e-02 5.619603319289999633e-19
4.999855592169999974e-01 6.998213421590000383e-15 1.650175715479999913e-29 6.936549680779999960e-15 6.723983218860000130e-97 5.000144404990000124e-01 3.193097156469999742e-38 1.475217651119999934e-116 2.577198237709999820e-18 2.840678581320000076e-10
3.691955244849999818e-01 4.631969163849999904e-01 4.733524788389999747e-36 6.918070349490000603e-02 1.729985439809999991e-22 9.842684938649999549e-02 4.225843142719999838e-26 4.805061138910000082e-77 2.292971069909999880e-19 6.248847272609999703e-09
5.807490943249999653e-48 3.830569780690000203e-01 6.690356392849999669e-140 4.350744562359999956e-01 3.573821611159999916e-05 6.123971988480000423e-56 9.401985930310000799e-13 3.932167406050000007e-55 4.555999648859999890e-16 1.818328274780000031e-01
8.377783844900000198e-05 3.355098732039999976e-01 1.095803006569999924e-21 8.026612977580000169e-40 2.733667724410000138e-30 6.612923434409999635e-01 6.189524660689999781e-62 2.309960004190000092e-33 3.913816253570000018e-08 3.113966378469999827e-03
2.000106660759999877e-01 5.819896472179999942e-40 7.668970662780000189e-57 3.058973930569999896e-15 9.301838285379999721e-19 7.005722524949999543e-16 4.862184785760000097e-47 5.001151212160000112e-33 7.999893339239999568e-01 3.944197474300000151e-14
1.006879235210000038e-18 8.370767660570000490e-41 1.718193517269999905e-43 8.126827520990000169e-11 4.999387480620000046e-01 1.597630755350000000e-34 5.000612518560000330e-01 1.405526084119999922e-15 1.275455938489999965e-36 2.291246384999999924e-41
5.774637197919999717e-10 5.131846851139999499e-01 2.495745388149999872e-27 5.647856015600000117e-09 6.452064896690000238e-10 4.868153080150000034e-01 2.881614420479999926e-29 3.640225828060000002e-53 4.396774076619999966e-34 1.698580097160000020e-21
4.818030253700000180e-64 2.585604649209999883e-01 4.689967296330000270e-09 7.874442518219999771e-33 1.464074200730000072e-35 2.469148879609999844e-06 3.268182020400000175e-73 1.173188237009999968e-01 1.255489339230000077e-02 6.115633441469999765e-01
1.962808106410000031e-01 1.149286121049999940e-16 2.915665847489999907e-01 3.039629687679999970e-01 8.450520139709999569e-22 1.462139512969999958e-02 1.922105615080000052e-01 3.613710902790000295e-17 1.357679204980000078e-03 2.549212744010000014e-22
3.667052596289999832e-13 7.581709248120000302e-49 2.220508034469999989e-32 1.418536283810000105e-04 2.322651121710000157e-15 4.998737064050000067e-01 1.986248099199999987e-30 4.999844399489999924e-01 5.733512682549999718e-33 1.721695482930000029e-11
8.717727343229999367e-61 1.395427267580000019e-01 1.138449408629999985e-24 2.956355778990000238e-01 1.218143195429999964e-01 1.359843999370000112e-01 7.674023281380000527e-70 2.573501956470000129e-01 8.000982312439999550e-10 4.967277941579999884e-02
2.499891908350000136e-01 2.319773498410000051e-12 3.394815346830000032e-22 1.527380910659999979e-31 3.049727948179999878e-73 7.500108091630000029e-01 1.057218374739999971e-43 3.024979439109999937e-85 9.177064770530000343e-27 1.269714181079999948e-19
1.508376661430000099e-01 2.845989505900000105e-01 1.336220690989999970e-03 1.224984789450000089e-03 5.305129365520000341e-60 2.812892591669999831e-01 2.767522936540000034e-01 2.038712626489999880e-58 5.117515805760000055e-10 3.960624453490000155e-03
1.038507168960000033e-19 5.375241266050000136e-14 1.061068749549999995e-01 1.002168330880000049e-41 3.070164338210000232e-01 3.381202657119999899e-01 1.307031241720000087e-109 2.451941559580000096e-01 3.562269554919999994e-03 3.829766705590000076e-26
4.454669922989999697e-02 2.325121844039999882e-39 1.613012794279999884e-01 1.840971241399999968e-21 3.677203810060000006e-113 2.666647240220000051e-15 1.868497050559999993e-08 1.644730097580000144e-36 7.941520026570000335e-01 1.261581273189999919e-15
1.360545890860000044e-21 4.834064135589999922e-01 4.343734648719999982e-32 2.033967544770000100e-29 5.165935864299999736e-01 8.420636938309999424e-37 1.428471311789999911e-21 6.922684502760000443e-42 1.104218438629999945e-11 2.326772536100000056e-33
2.487632464650000041e-01 1.353135158329999985e-10 7.497266890879999979e-01 2.527552097540000250e-63 4.943174343100000300e-78 6.698031726769999632e-18 3.252291368849999944e-21 2.487492734619999975e-42 1.510064311839999984e-03 2.123992198420000092e-19
1.998677024549999992e-43 1.347088583030000009e-01 1.643662414780000032e-18 1.278702679250000082e-34 3.606666527730000016e-02 8.289681956850000200e-01 1.651045593339999999e-151 2.562791641150000089e-04 2.301518266500000129e-14 1.570141806889999954e-09
3.690482400260000073e-01 9.730727212379999120e-13 6.725854508930000015e-28 7.044404667629999839e-02 1.187361476290000051e-01 3.779783300019999848e-01 6.379323566569999882e-02 6.280799478090000321e-40 6.324881386949999795e-67 3.901893434419999871e-29
5.820754540900000551e-01 3.605390631789999745e-01 2.505598456920000088e-15 1.301534919209999966e-11 3.285675117249999948e-09 1.547505310780000056e-15 9.520544205569999726e-14 8.055765139490000728e-43 5.738547943200000140e-02 6.814661163859999717e-20
1.794791263040000084e-01 1.475616128439999923e-12 1.414907777939999889e-01 1.284257552989999954e-26 2.495789719760000136e-01 4.498992479049999844e-23 2.497387643049999995e-01 1.797116937890000099e-01 6.658310275919999497e-07 7.101945190919999801e-16
4.288637746849999766e-01 6.040165771070000365e-08 1.423556223559999945e-01 5.667926528919999986e-91 2.259686735700000069e-21 3.231775722950000167e-25 1.218753520800000057e-18 4.287761129350000089e-01 4.429622660739999690e-06 1.504763206329999898e-16
4.712931284140000247e-20 4.451223313600000440e-16 5.099900346970000220e-02 3.416645314890000007e-01 1.047665151860000012e-22 1.075070632390000003e-01 1.499707680210000116e-01 3.498586330669999911e-01 1.656902602859999838e-39 7.142076855470000469e-10
2.767016706379999818e-09 2.462667261229999918e-98 4.998032025329999795e-01 1.040879206890000002e-23 8.753153272380000547e-56 1.960905658660000190e-18 4.094262431330000125e-08 5.001967537570000122e-01 6.263037254590000069e-28 5.027763409320000293e-38
1.689505065449999899e-01 2.870849876900000153e-01 9.234995006650000005e-02 3.196135207790000069e-31 3.246045668329999994e-30 3.771105585550000089e-25 1.432880536360000012e-01 3.522956694740000212e-34 3.083265020629999964e-01 6.376953591369999638e-18
5.293715707240000070e-15 1.187987587669999956e-01 2.310938187209999883e-26 1.881332787140000129e-01 2.477473755090000007e-01 2.181107670990000136e-01 2.266805261819999876e-45 8.669169884149999687e-27 4.344774786110000050e-06 2.272054751370000125e-01
2.101767592009999946e-17 4.062518650999999885e-39 3.640362697300000302e-61 2.093585851689999944e-01 3.032938322600000070e-01 3.124763464549999985e-21 3.158960242799999983e-20 2.509992310200000187e-03 1.128163124010000078e-15 4.848375902609999843e-01
4.472957166220000169e-01 1.622426272280000129e-57 2.749019436349999790e-01 2.512136683260000073e-15 4.239198859360000218e-49 2.778023397430000041e-01 8.950078745790000501e-45 1.625152805989999895e-50 1.026157987959999929e-23 1.710966262259999907e-51
7.428921048130000537e-01 7.163000973390000438e-24 6.608950514979999857e-02 2.576965768800000111e-19 6.561422017780000264e-77 1.910100430380000103e-01 3.878188345030000003e-40 1.554077793049999993e-81 8.346999364569999494e-06 1.237313703279999874e-32
1.800289024030000127e-52 4.356343630420000251e-02 9.184416030739999931e-20 4.567638315509999769e-01 7.537140862399999836e-03 2.779795100199999869e-01 1.833046095350000052e-56 2.131739339329999927e-01 1.055898101339999966e-12 9.821473281600000965e-04
3.298293043669999771e-58 1.249671951539999928e-37 3.580813763929999756e-17 7.850621880840000337e-11 2.889750149440000193e-01 4.524443042040000218e-41 4.216106471880000095e-01 2.894143377899999758e-01 9.184523157439999826e-49 3.318327718810000115e-51
4.349605320570000266e-01 8.942527571140000502e-05 1.857851615099999984e-27 4.214457751680000253e-01 9.950246000409999790e-39 1.435042674989999989e-01 8.007849093529999981e-14 2.373293795850000026e-113 4.770747556979999774e-26 1.266349021140000029e-14
6.721181020860000235e-47 3.047806531889999976e-30 1.563758153629999856e-02 4.832172512930000274e-01 2.725929469989999947e-35 1.350116665919999962e-32 5.011451671709999944e-01 1.540664740830000006e-24 2.809891207140000101e-14 1.665464212999999855e-36
7.971664476279999686e-51 4.899014792499999937e-01 1.969361860529999890e-03 3.001879022240000025e-05 2.486828513919999800e-06 3.546373375410000082e-26 5.010535457939999660e-01 1.962855902560000157e-03 5.080251575089999964e-03 7.374987237960000334e-19
4.719863662359999996e-04 3.372682500629999858e-01 6.645167657970000443e-24 1.703591020930000097e-03 3.102479055700000147e-27 6.605561725370000525e-01 1.246723720629999949e-11 9.580262043619999775e-93 1.475478283350000128e-45 4.542760968220000111e-31
2.888656684700000032e-01 3.260404498589999922e-01 1.102807532940000002e-01 2.373786336149999882e-16 1.761615889110000055e-01 9.865153752600000492e-02 1.925027386589999896e-20 3.232437943399999949e-24 1.939693946519999843e-09 1.352045319340000087e-28
1.931388891380000083e-01 1.630090363420000040e-04 1.475845610139999986e-01 2.317039776869999901e-01 2.977163373339999919e-01 3.118033102399999854e-02 2.204695413380000062e-19 1.029084674170000045e-22 9.851289476680000212e-02 5.671672298120000317e-18
4.406825590949999720e-05 5.522023905900000422e-32 2.313268374229999974e-20 2.167354188450000143e-36 1.879990008140000057e-01 6.404404861119999959e-01 3.599612329470000102e-52 1.715164448179999912e-01 4.406977756859999773e-45 3.502251538870000008e-22
1.379460801060000033e-42 3.017556409730000055e-01 7.193178056139999580e-11 5.824973393999999943e-02 1.604111186709999900e-07 7.045619329479999742e-05 6.398873375770000038e-01 3.667083379730000229e-05 5.332526843080000000e-54 5.074550912719999724e-15
1.352335448049999931e-12 1.131669874430000014e-02 1.874330150129999983e-01 4.568300678590000090e-10 6.292067235190000607e-02 4.597349944649999909e-01 2.785534706900000268e-01 4.114827773519999781e-05 1.724145224790000085e-63 1.288362857049999961e-18
2.375088582459999875e-02 1.155569196860000014e-12 3.807097720620000181e-01 6.507600539379999461e-11 2.448580382070000055e-85 3.819775397319999932e-01 3.832953298539999803e-22 3.195546372119999907e-47 2.978214922050000195e-06 2.135588240999999887e-01
7.497879882550000374e-01 1.710209239300000139e-23 2.477267939729999868e-01 2.479573114579999909e-88 5.002820988880000165e-83 2.365428861840000054e-45 1.726036492450000069e-04 1.219321984449999963e-15 2.312614120770000066e-03 1.277173552339999975e-12
1.469077267670000009e-21 3.088415383540000304e-05 6.179696915770000307e-13 1.057227920590000057e-02 6.145156828690000110e-10 1.731166818700000110e-02 3.531460648170000050e-01 2.617615237970000175e-01 3.057353594809999949e-24 3.571775792240000080e-01
3.330000628990000012e-32 3.824105382019999944e-01 1.250111461750000041e-01 1.709492655319999888e-01 3.226978231730000044e-25 9.179359817250000095e-03 1.931110178990000034e-07 1.004674776939999963e-04 2.729143015609999906e-07 3.123487567709999913e-01
8.195172859710000451e-19 4.133192666100000109e-29 1.948668567069999889e-26 6.908180536550000417e-01 3.063533070020000193e-20 2.388730125920000014e-05 7.343898040770000405e-35 1.527018850700000112e-13 2.462744173969999865e-04 3.089117846259999967e-01
2.139583147999999935e-01 2.154499821989999821e-50 1.493426789579999914e-01 6.360902472920000328e-01 5.868586704209999550e-32 1.623148288030000050e-11 3.589166522009999840e-05 2.760956494139999860e-19 5.728672690920000006e-04 3.793978428520000325e-30
7.689832583360000661e-36 1.953906956379999939e-05 2.967101019990000013e-13 3.838024563979999804e-01 8.091722634079999387e-11 1.735402466109999868e-07 1.607763989430000139e-05 6.160542414549999846e-01 3.784325625860000051e-33 1.075118166259999978e-04
3.186819391880000079e-62 1.162566105690000014e-03 6.886988614220000127e-23 3.336491757380000145e-01 4.136720471420000100e-01 2.515162110140000129e-01 1.561746031600000015e-64 5.759563713789999882e-54 2.357923431470000176e-72 2.191929507389999892e-48
1.046134549129999915e-37 4.717747665900000054e-01 7.849039118479999713e-59 5.282249738440000231e-01 2.314239392099999936e-07 3.870913635580000067e-26 6.477645296290000253e-09 7.928027949720000089e-36 1.150335300750000003e-22 2.166418474640000058e-08
1.263973132919999871e-32 2.118620018379999970e-01 2.149497211070000025e-01 8.545924937729999758e-10 4.657476059829999707e-15 9.584271933100000071e-20 2.123594136699999968e-01 1.122432005299999966e-02 3.496045424759999798e-01 1.438298254240000027e-12
8.436323505110000480e-55 1.157182202359999938e-08 5.020861017890000221e-92 3.674812279829999917e-16 3.936585860700000203e-28 6.827523809349999616e-68 6.191314757250000467e-01 4.559582537970000149e-38 7.719586641340000522e-30 3.808685127029999840e-01
1.196553164189999947e-20 6.494049411479999590e-01 1.535838278430000092e-01 2.818769280810000188e-16 9.466412736909999472e-25 1.970112305499999994e-01 4.568829913729999748e-23 3.833445824220000083e-22 6.600441109879999880e-16 4.590007874160000258e-10
1.127655547750000059e-39 1.335798063520000013e-70 7.500008978850000174e-01 1.421262620590000030e-04 6.927808781040000500e-79 9.958625133279999588e-16 1.398297669809999930e-16 2.471288122230000106e-01 2.728163630109999797e-03 4.902177098400000057e-20
2.224179993670000017e-09 3.458966900250000111e-63 2.812718927519999884e-21 7.499918244280000534e-01 2.053616950639999868e-71 2.500081733480000179e-01 3.002963408109999949e-29 1.740882933360000098e-39 2.378288821909999937e-15 2.131211647320000102e-13
1.526105671699999957e-21 3.967178226270000156e-28 4.082513625649999978e-01 2.543126969239999924e-01 5.252114602689999755e-48 7.233442752139999555e-20 3.110708903189999819e-01 4.985784759959999760e-17 2.636505019190000035e-02 8.668752160320000348e-16
2.603093086839999848e-01 7.233843422940000348e-50 2.047219146689999991e-01 5.399405713750000224e-12 4.135554926230000095e-01 1.214132840190000062e-01 9.078826086730000330e-14 1.915338160419999894e-23 5.543696333940000555e-82 5.717020982160000299e-90
3.292072662690000261e-17 7.653585191769999424e-15 2.466974122589999929e-01 5.165077755319999964e-127 4.893413209580000159e-03 6.058191338379999631e-21 3.935888461970000237e-78 7.484091745309999766e-01 6.171010344319999665e-27 4.587554430679999716e-39
1.190698912020000045e-43 2.248259722700000077e-36 4.555353856259999859e-19 2.608181178819999890e-01 1.690967233579999947e-13 7.391818821179999555e-01 9.810960051230000417e-52 3.813903932069999919e-69 2.304445763599999891e-111 1.037597015969999962e-88
5.405949398379999594e-10 1.284639184260000057e-08 6.844669430360000408e-48 5.331199568400000199e-01 8.276589249280000374e-38 5.560122870939999780e-14 4.922046786259999888e-17 5.091424729659999806e-56 1.293627543990000043e-07 4.668799004110000261e-01
2.791913895639999947e-39 3.020243985359999939e-01 2.140740037440000077e-49 7.204448382860000674e-24 4.412309844000000258e-01 8.532757206170000180e-57 1.973804039979999952e-04 7.575856484230000608e-15 5.110791896650000190e-25 2.565472366609999888e-01
2.475155155370000097e-05 1.684465846569999925e-01 2.207313358519999921e-07 9.390847078269999622e-29 4.841327623219999765e-01 6.556254345819999827e-05 6.751896917820000498e-38 1.777113078940000069e-19 3.473301181949999816e-01 2.098219189930000032e-19
2.271217010549999902e-21 1.002860418870000006e-02 3.126319621750000000e-01 2.739544061229999827e-01 5.679873850249999764e-49 1.840085426140000008e-02 1.955761564329999980e-01 1.768491136909999955e-21 1.057986110850000061e-07 1.894079110200000138e-01
9.685253557660000225e-52 1.072102713490000038e-10 6.188566058569999701e-21 4.813127341949999805e-01 5.610504219889999970e-03 2.650283097839999935e-01 3.781078945760000254e-60 2.480253503450000063e-01 2.605724722499999762e-10 2.310108824779999893e-05
2.499886785940000078e-01 6.720781544550000664e-36 8.406902504510000395e-22 8.062178257189999738e-07 3.709334425389999878e-72 7.500105151879999932e-01 1.869225593899999934e-37 4.457162070569999743e-81 7.402818010040000006e-23 2.539009646889999873e-16
4.349324796799999837e-01 2.743899816309999795e-01 6.528057874900000005e-17 8.406445976130000346e-16 1.565188711720000105e-45 4.952578558449999923e-08 2.886802905790000207e-01 7.947913117029999379e-46 8.538873990849999722e-35 1.997198584899999903e-03
1.788802268880000020e-16 1.512819754510000060e-43 1.386451171699999985e-01 4.021962801799999765e-01 1.380970458809999968e-01 8.739021448079999782e-05 7.279690287149999458e-23 3.209741633489999746e-01 3.205298189010000141e-09 4.772906105559999856e-38
1.463722777890000055e-25 2.092615708239999872e-01 1.726694951370000009e-01 6.180475703009999933e-01 3.660877299110000212e-25 6.911685771069999688e-08 2.129462130250000078e-05 4.970642091769999731e-58 1.559900499159999911e-43 2.987408820940000108e-29
2.134376013329999933e-01 2.916668515679999851e-01 6.037887228009999893e-32 6.289605250870000545e-98 3.354886410400000074e-02 2.797125185070000060e-77 1.201300384400000032e-01 5.338398866380000135e-02 2.878288822949999770e-01 3.773596623700000198e-06
1.650791370380000067e-01 2.895282262969999833e-03 1.643056497479999933e-01 2.078859285790000122e-01 2.110668348460000010e-01 6.353912327230000490e-02 1.852280442529999904e-01 6.129208152370000340e-62 1.249028165929999997e-34 3.637822358320000102e-60
1.817298788350000021e-62 1.287389241189999982e-05 3.777122999150000029e-63 1.690995730549999932e-51 2.889049173720000252e-01 3.403420777089999900e-122 4.216053696520000171e-01 2.894768388710000084e-01 1.860621013300000020e-10 2.682412318029999864e-11
7.731779876479999512e-05 6.120096942869999989e-32 7.975015459299999907e-19 2.446354252410000002e-06 3.333043355399999963e-01 6.666159002889999741e-01 1.802626252729999974e-11 2.765415855380000040e-27 2.400320693359999842e-114 6.117143840210000172e-52
4.197590379420000015e-20 9.443161036219999565e-32 4.733031107860000315e-25 2.932945842279999771e-01 1.611859292169999919e-37 3.275818134290000017e-01 1.497560928070000018e-51 2.315111765559999933e-18 9.377203696320000545e-03 3.697463986460000074e-01
3.692926259170000227e-13 6.587525261939999801e-49 9.322489195189999722e-33 1.412006849809999977e-04 2.268274448309999964e-13 4.998742878469999984e-01 2.088283913329999862e-30 4.999845114149999992e-01 7.090125753319999838e-34 5.286611944120000169e-11
3.556472781740000128e-55 4.529652982460000143e-02 2.972427609419999728e-01 2.302148669400000125e-01 1.219300378640000057e-07 4.546309861440000043e-23 1.746273587680000162e-08 4.270016863230000070e-01 2.440165781880000034e-04 2.486471387390000112e-17
2.889906531370000087e-01 1.246356654230000064e-126 3.127154460399999853e-03 1.509180684950000033e-04 8.481954170780000086e-28 2.869036443929999791e-01 8.964886214330000226e-15 4.208276299400000031e-01 3.026545092879999967e-32 3.636401116950000029e-48
4.181293254630000310e-56 9.999999999969999553e-01 5.688427438199999983e-23 9.550206680039999693e-65 4.935218514989999831e-33 7.272880701590000176e-23 3.025489221569999797e-79 1.005910768670000003e-21 6.818064715889999768e-22 2.666513781679999902e-12
4.121471324800000285e-42 5.625316298700000006e-14 3.963053047280000124e-38 2.010426996590000151e-61 2.279467898289999945e-33 5.294508388040000059e-30 6.942918027110000145e-48 3.689605305950000025e-01 1.355184476459999946e-15 6.310394694049999975e-01
7.627992894149999513e-17 2.113335045579999906e-43 1.725350536340000057e-32 3.649225648180000017e-06 2.147071919260000004e-15 4.999718885339999863e-01 9.082219280249999955e-40 5.000244613409999817e-01 5.008922637309999847e-29 8.990000201059999733e-10
3.118873636009999837e-17 7.956008528649999777e-19 1.554503630770000099e-57 1.327963973029999948e-08 4.438785753110000010e-01 3.109224797430000022e-15 8.467014012569999898e-18 1.306973625380000129e-04 1.822043151460000044e-16 5.559907140469999565e-01
6.644491138739999621e-15 2.227629045430000123e-33 1.616765998630000138e-23 2.941115385270000049e-01 1.416032007559999979e-35 3.269437932259999791e-01 9.524558679170000162e-43 1.107941634749999998e-17 4.903847956479999610e-03 3.740408202900000201e-01
4.743642507789999652e-50 1.317188898630000038e-09 6.083635971290000111e-01 1.772914614620000051e-01 1.378417687719999951e-01 3.555000825959999942e-23 7.650317131969999740e-02 3.384613951609999785e-39 3.986599815350000285e-62 2.085903937479999878e-85
1.815717334379999978e-13 5.311141891350000080e-46 5.247947327130000138e-27 4.068542601039999984e-01 1.182569614659999963e-01 9.660200214040000344e-02 1.441243948279999925e-21 3.782867762889999819e-01 2.557905857659999804e-41 1.722271714690000011e-18
4.999855573459999758e-01 1.194947557099999980e-14 2.897529937319999891e-29 6.279619699099999759e-15 1.454932877030000001e-96 5.000144398350000463e-01 2.986831188840000165e-40 3.237000236350000231e-117 1.069526739230000041e-18 2.818876833260000098e-09
1.306241131240000114e-13 6.502384086660000229e-01 1.998435107689999886e-29 8.826642667420000032e-20 1.902644924599999898e-02 3.307061506489999969e-01 4.536883325900000315e-56 2.189204775830000011e-23 3.603333464210000001e-11 2.899140314019999878e-05
4.349604195089999958e-01 8.998412091589999811e-05 6.281428266649999899e-27 4.214455252229999949e-01 1.240296665409999945e-39 1.435040711470000063e-01 1.428690638129999852e-14 7.529178777410000011e-112 3.166923721750000266e-26 4.526448676179999700e-15
6.733564680059999586e-53 4.611523243769999891e-01 2.703979829400000034e-01 9.604292500049999676e-05 1.879524478780000060e-04 2.681656973050000059e-01 2.492108107560000140e-34 3.704606603979999672e-12 9.502360141810000107e-33 1.099029948380000038e-21
6.892279713670000479e-30 2.102403476449999919e-01 2.119951542940000100e-01 5.798063795449999885e-10 4.451976668859999774e-15 4.233876797610000155e-18 2.142962743919999968e-01 1.855172847740000144e-02 3.449164946030000012e-01 9.200545226759999701e-12
2.722428806840000082e-98 1.108990225160000008e-17 2.803950984060000161e-49 7.051032095779999898e-01 2.948967904220000102e-01 6.457975954689999855e-23 1.283788210150000010e-46 7.211211276139999803e-25 1.408762815760000086e-49 8.538045911109999976e-31
2.951737676789999835e-12 2.296964279760000073e-37 1.497221167019999902e-106 4.915033569250000234e-01 9.678784992219999683e-35 1.321428274750000018e-30 5.084966430720000430e-01 5.096973293549999854e-87 1.515419564190000122e-63 5.385620693460000165e-20
2.226748346660000110e-63 2.409623011559999871e-04 1.557915421809999891e-23 3.338438943250000013e-01 4.142124295819999968e-01 2.517027137919999880e-01 4.136911780420000032e-64 3.748506349870000224e-55 8.188790101369999533e-72 6.050892281680000287e-49
1.154823494469999960e-36 3.602071329270000280e-15 1.672230166160000082e-46 2.039765209819999902e-30 6.037994494060000242e-08 5.506933571039999961e-85 3.079438609149999784e-01 6.270586646600000424e-01 6.492548582979999761e-02 7.192821456099999578e-05
5.581664699230000030e-24 5.438568153700000388e-04 2.866323206810000098e-27 1.156673889280000057e-32 6.663894984910000430e-01 3.330599380150000011e-01 1.837610847859999817e-77 6.690606575479999778e-06 8.999994899010000510e-34 1.607258299240000067e-08
5.665790042390000132e-26 2.203349673850000149e-12 9.624972144050000308e-26 6.907235151630000125e-01 2.292440074439999887e-20 7.277930512059999871e-05 4.168433588750000069e-43 5.333738859539999763e-19 8.541603205670000064e-08 3.092036201139999885e-01
3.141981397410000073e-26 2.223176373780000031e-12 8.082407978509999462e-26 6.907524418870000238e-01 5.259472677369999879e-20 2.320547572500000077e-05 4.690090681849999863e-43 1.061792737429999983e-18 1.331502768409999906e-06 3.092230211329999867e-01
1.558725073050000031e-44 9.819868412260000011e-33 4.113671996920000309e-37 2.601850399660000182e-32 2.103301860630000017e-32 1.063092161620000002e-29 1.616617639700000020e-48 3.689605853799999835e-01 2.037994030879999853e-15 6.310394146200000165e-01
6.291730057139999876e-09 8.041572691299999254e-21 6.668369622800000007e-01 2.681862636639999859e-04 4.504338699199999801e-24 3.676241065050000234e-16 3.328948451650000084e-01 5.385387173190000237e-41 1.983215290149999977e-14 1.950224487100000030e-31
1.278329609710000013e-12 5.538665908470000599e-20 1.487919471960000017e-01 4.656696191510000249e-01 1.153990722430000074e-03 1.134587570670000056e-05 3.843730970529999902e-01 1.456663462969999911e-19 8.805300168240000402e-24 2.978215114569999727e-54
1.660703273440000127e-01 2.867221526579999957e-01 9.635801701820000120e-02 1.472567531940000083e-31 5.881476226230000267e-30 1.132456397410000040e-26 1.425484580870000073e-01 4.114175887620000226e-36 3.083010448940000092e-01 4.054557034630000132e-18
1.631509684749999911e-01 3.731488827269999753e-01 6.453615645930000333e-35 9.647319182880000066e-02 3.461604557610000188e-01 9.203047074209999914e-03 1.186345413460000026e-02 5.749253212260000372e-49 4.480717052140000308e-56 6.133711807379999663e-18
2.148935724839999895e-27 2.644281456979999892e-22 1.275989656320000028e-21 1.176976313630000097e-13 5.309472248109999641e-44 1.543345470980000103e-41 3.998886059430000195e-01 2.751239355630000130e-30 6.001113940560000026e-01 1.652965760729999997e-13
1.278929551619999923e-14 2.721463349039999862e-11 1.918932131639999872e-01 1.544260299380000110e-04 7.037495316660000166e-02 4.597965819290000256e-01 2.775095375989999891e-01 2.712880830050000175e-04 5.752512386839999460e-60 2.650199347029999911e-19
1.345365154140000026e-25 8.247338817320000182e-01 6.144415031559999726e-06 1.700370160799999919e-01 4.260609228480000068e-19 3.141600442089999734e-04 4.908797728659999859e-03 1.601200988600000062e-53 1.000536884209999996e-52 4.417025818329999779e-36
3.096359220029999970e-01 2.843346301320000084e-40 2.763501510210000234e-01 4.131894997850000251e-01 6.009016625060000328e-12 8.244271855759999603e-04 8.758061965530000151e-16 5.502913257610000289e-45 4.977761735000000384e-31 8.314074323870000419e-61
8.156323956579999563e-28 2.183877108610000077e-07 1.334094628160000084e-21 1.831406668279999948e-16 5.933882449330000522e-45 1.029262483149999957e-42 3.998885126689999958e-01 2.241103516600000005e-34 6.001112686580000188e-01 2.853608945370000150e-10
1.319256683150000064e-49 9.179623179119999703e-16 7.350601993049999988e-87 1.229052487409999980e-58 3.928460198909999932e-13 1.585150383349999863e-166 8.002974051490000518e-01 2.142340312320000073e-06 1.992056206710000055e-01 4.948318396400000442e-04
2.166450008340000080e-54 4.530645578410000263e-02 2.972468764749999770e-01 2.302087413299999941e-01 7.368924625789999724e-09 1.179785198690000033e-22 1.007339879299999962e-07 4.270103733230000143e-01 2.274449848960000012e-04 1.502412010050000063e-17
3.076759377459999945e-01 7.480214784089999859e-34 8.503196940459999446e-49 3.172869451849999882e-40 1.914233003719999919e-07 2.289521652299999828e-27 3.024972376400000051e-28 6.266340805919999868e-01 6.568979000039999738e-02 2.378639644919999784e-10
9.963269298679999428e-05 6.791518435190000085e-32 5.338965572740000241e-19 1.774063514189999953e-06 3.332951535129999865e-01 6.666034397300000247e-01 8.211108944509999585e-13 1.195985286089999948e-28 5.534478432539999801e-116 6.597884951880000355e-53
2.998900403829999894e-01 5.697436756899999864e-45 7.285569657749999541e-26 8.437131546409999336e-03 1.768094667179999976e-40 4.137561198949999963e-01 1.764731697540000100e-05 9.104836102740000530e-06 8.663019268619999798e-19 2.778899560229999843e-01
1.359901863090000109e-13 2.728621512369999784e-26 4.162117735629999871e-01 1.115587904439999944e-01 1.806530430240000096e-01 2.915763929699999868e-01 1.838860671609999980e-25 7.561668814310000436e-45 4.247653720970000092e-63 1.261195187070000045e-96
5.000362823380000155e-01 1.512782010070000070e-51 5.451607928739999638e-16 8.804902509429999378e-15 4.999637176569999841e-01 4.275235931390000218e-18 4.580205217620000395e-12 2.739297211350000195e-13 4.022343193820000290e-30 1.587031400189999904e-40
3.998886161360000191e-01 3.358116140220000029e-45 4.527683770869999885e-27 3.992920159470000039e-10 5.813665726199999938e-49 1.248053009339999939e-11 2.655344597130000028e-27 5.936954897779999348e-39 6.001113834519999912e-01 3.705057039179999737e-17
2.724099692299999931e-02 3.046853214479999953e-57 1.028658539909999985e-04 2.061014408509999896e-01 1.055163015879999993e-17 2.421510498620000063e-01 8.604289159700000329e-23 1.097999095389999937e-04 5.242938466009999798e-01 1.231105878130000004e-20
4.449665573499999959e-05 7.042832886640000629e-30 2.632124551620000250e-07 5.667621651969999563e-01 8.537197289610000590e-05 9.058318770560000038e-12 1.887820161069999937e-10 9.855699857269999104e-07 4.331067171940000127e-01 1.490793800389999974e-20
1.573527804029999921e-01 2.785444342259999782e-16 2.189017674170000080e-69 3.010119202579999986e-01 4.391160229480000272e-12 2.199826741819999866e-20 8.598391580639999643e-02 3.049873424670000163e-31 1.169571491229999991e-20 4.556513835279999980e-01
1.465227796580000075e-01 2.792654597020000073e-01 1.470245243729999957e-02 6.929876933889999415e-23 1.031241078170000050e-15 2.739264278060000168e-01 2.855828803970000274e-01 1.178223002769999990e-13 6.882903014499999635e-45 1.814793143960000056e-14
4.958206096100000103e-14 9.477637457909999373e-83 4.803293331849999848e-01 5.196654960879999452e-01 1.642247139070000080e-17 5.170644799550000173e-06 2.514025276340000093e-17 8.187042584240000284e-11 6.742488482839999757e-25 4.785186203380000043e-64
6.147344030389999486e-51 5.697830049910000441e-35 4.936684855669999927e-01 9.089750283999999695e-25 1.676465003649999926e-46 1.098579481400000042e-16 2.843235350709999903e-47 4.801632016330000252e-01 2.616831280039999888e-02 5.385363091260000003e-20
9.562207424920000073e-18 6.920178921230000224e-01 2.615225647520000254e-38 2.297709844910000012e-20 1.276936956759999915e-02 2.952127383090000223e-01 8.570683954459999909e-76 3.439285857929999780e-38 8.633889593969999781e-27 8.540874222210000246e-16
3.694582686389999981e-01 4.050642353950000226e-42 1.084413087980000013e-61 7.679083021690000267e-17 2.030308984970000102e-07 3.260520601320000157e-44 3.695295729470000068e-01 3.116566182249999824e-08 2.610119240170000188e-01 2.002424596050000058e-10
1.966943435059999859e-18 2.010413466199999984e-46 9.124004120470000090e-03 9.347940956519999264e-06 5.162274338250000408e-16 4.903670461299999839e-01 7.971108137489999725e-43 4.774171442039999991e-01 2.308245760380000025e-02 9.820691416569999495e-27
2.431494799999999808e-18 1.387699239009999885e-04 2.814074176040000097e-01 3.125648587200000228e-23 2.694771194360000096e-43 2.935376655249999911e-01 1.065384163240000031e-51 2.952610514509999950e-21 1.532185301889999905e-03 4.233839616449999732e-01
7.815725072400000458e-10 3.220291333789999997e-04 4.845511146770000166e-01 4.921441543699999754e-01 4.454053988210000290e-40 2.297797652880000097e-02 4.426853020160000224e-08 3.566111026409999943e-42 4.836545027499999782e-15 4.680240548070000300e-06
2.210048085980000077e-01 3.071601138050000235e-01 4.628287072840000043e-32 4.454093319699999965e-97 5.082847478919999724e-03 4.300164193970000071e-76 1.257911014220000068e-01 5.906880876340000336e-02 2.818887321899999909e-01 3.587741647169999893e-06
5.000023500239999530e-01 2.710844256510000100e-42 4.200999569119999772e-14 7.024666729439999933e-17 4.999976499320000212e-01 7.381806117900000497e-17 1.018815866280000076e-14 4.391301041519999905e-11 1.452852003280000059e-21 9.168643735770000394e-33
6.707156103410000236e-01 6.819670687729999584e-03 2.289578005999999920e-48 3.224552964019999912e-01 2.325318870489999866e-19 3.258903139999999789e-06 6.163665140590000086e-06 4.825170125729999893e-82 8.041542307550000020e-62 2.726106021720000175e-13
2.320418735299999979e-01 1.860093596119999943e-12 3.427938929260000262e-30 2.189456646440000043e-01 3.197662997969999976e-01 1.546601882739999934e-01 1.533769505260000042e-18 1.524919947189999952e-18 1.376302093670000066e-25 7.458597375190000045e-02
1.610137791119999884e-01 2.309769496510000217e-25 9.159570669670000220e-02 6.055419242370000399e-01 1.418290436809999944e-01 1.325298360450000003e-09 1.954494837610000070e-05 5.435855729109999902e-61 1.197187810830000018e-40 2.710770216129999767e-81
4.791467869549999962e-23 3.648232833149999950e-10 3.957529004379999886e-19 7.784817663199999845e-15 3.444779172700000074e-48 2.530655401440000069e-37 4.000496306660000223e-01 1.173976712699999950e-34 5.999503689609999579e-01 8.705747392909999751e-12
4.215793038869999898e-01 2.815674603699999846e-05 1.625249270499999900e-56 5.119943637409999994e-49 2.525723329440000204e-06 4.020668068979999799e-14 1.712240411290000088e-62 1.274507237779999937e-25 3.280085271540000183e-18 5.783900136440000006e-01
4.214749560889999858e-01 7.942748816520000556e-05 3.159429394620000038e-15 6.236426115709999923e-57 3.933589486379999959e-43 7.356641621059999724e-14 2.661034285780000132e-27 5.250048229210000117e-24 1.269332561920000029e-14 5.784456164219999863e-01
3.586831794409999774e-01 5.846897063929999605e-45 2.613812346800000113e-18 3.799982861830000225e-01 1.477565009549999856e-54 5.944311439340000003e-17 1.485992939989999873e-01 4.401641563940000158e-48 1.127192403769999990e-01 1.406855759420000091e-22
4.859372606619999859e-60 2.725126762289999852e-08 4.802136505979999748e-01 5.193434294740000290e-01 1.690207440039999936e-48 4.428883569790000225e-04 7.629824975229999755e-24 2.272951894979999805e-12 2.557609993670000115e-22 4.318101588249999800e-09
1.591261653840000123e-01 3.720678702410000205e-01 5.454270777390000241e-03 1.002750999820000016e-01 3.462541003010000118e-01 1.433519854120000056e-03 1.538897346100000056e-02 1.812520464399999972e-49 3.120416540060000171e-19 1.646503835790000077e-44
2.975571394649999851e-43 7.366120457539999666e-01 1.585178298889999900e-67 3.695973876380000307e-11 2.633879542090000192e-01 1.581989233139999995e-18 1.921190917100000144e-52 5.774481470849999914e-72 2.252107496529999865e-48 5.658825431920000100e-30
4.827329245079999665e-05 2.202742588199999905e-48 3.976901785849999898e-08 5.667760450690000340e-01 2.809908925639999948e-06 1.814589072849999883e-13 1.542718301779999982e-10 2.975582522539999821e-04 4.328752735540000174e-01 4.055492530419999884e-25
4.678239974979999969e-46 4.649896175079999954e-30 1.202431491249999955e-32 4.915033024909999937e-01 1.670216261859999957e-28 9.333821939099999381e-31 5.084966975089999508e-01 3.760160833720000064e-21 1.398690380769999981e-54 3.652368925799999740e-17
2.138764389599999982e-01 1.404641198079999915e-49 1.492755823040000096e-01 6.360779471930000373e-01 8.701289926839999681e-32 4.600894937569999816e-11 3.697435443029999840e-05 5.946177551239999799e-19 7.330571425490000140e-04 8.284987958000000316e-31
2.083392164030000001e-20 6.509075138559999862e-01 1.136198779770000028e-01 5.361416269230000033e-17 3.829218385339999896e-25 2.354726077129999928e-01 3.030154609890000205e-23 2.498902676579999825e-21 1.700225880680000045e-15 4.546624146319999745e-10
2.085251069670000074e-15 5.396651692369999771e-08 1.501975989769999999e-02 9.793346885190000322e-40 2.944719913349999920e-12 4.899520004430000242e-01 4.800247682350000167e-37 4.950281856639999756e-01 2.998299700799999945e-35 2.541838719529999924e-11
3.005301128469999943e-20 1.383652835340000026e-33 3.256121220400000071e-01 3.337292667840000004e-01 4.261206397549999771e-110 6.422697237839999906e-02 1.624621302269999928e-21 1.341854885830000145e-23 1.457770370440000123e-04 2.762858617610000067e-01
3.296848121760000098e-07 1.984076639279999943e-01 6.205985059459999675e-01 1.881125366059999918e-26 1.217192214140000080e-30 3.769243652300000218e-20 1.809935004409999881e-01 7.938423830580000024e-44 2.515253763320000040e-20 2.036607949630000046e-34
6.191062205759999548e-01 7.456059891869999397e-08 9.104334494620000372e-07 1.050201494430000054e-32 2.465373910049999934e-77 3.702076638970000120e-05 2.221852973289999883e-15 2.907973009009999997e-36 4.899306856310000124e-23 3.808557736639999747e-01
3.531178775020000216e-01 4.020791285929999903e-01 2.558240457109999917e-30 1.590270125090000042e-01 1.270225946390000049e-12 7.755895301769999417e-02 9.745843075450000371e-18 8.501526122070000008e-52 3.269169432190000059e-12 8.217028373319999399e-03
7.802100168429999602e-08 6.823791048650000454e-64 2.399163902090000044e-18 7.499918458009999789e-01 4.821924784210000463e-72 2.500080761769999937e-01 3.796493954970000105e-30 4.634748399620000068e-38 6.100937766390000072e-14 1.008785980820000063e-12
3.331003110779999776e-01 1.030787488649999944e-18 1.953924324960000045e-28 5.460687258689999674e-39 6.665896129510000545e-01 1.016823532740000048e-31 3.899814400300000025e-23 1.558586721489999962e-05 2.944899886169999965e-04 1.152577577499999977e-10
1.061243589809999960e-18 3.012979115400000256e-29 1.364004222319999864e-26 6.908213370069999915e-01 2.645488667760000009e-20 1.786616680339999871e-05 1.528069176570000063e-34 4.729812249110000012e-13 3.766731147800000154e-04 3.087841237110000026e-01
1.794166192219999899e-13 5.128592213439999714e-01 4.869612390070000019e-01 6.423735011839999943e-46 1.198135718939999928e-17 6.682177155190000399e-28 9.627065722550000128e-13 1.369322336709999986e-16 1.795396472790000014e-04 4.520435904899999883e-25
6.315219010229999572e-16 5.162074288360000129e-30 1.753541332020000078e-14 9.887190118360000434e-36 2.737467175920000137e-21 4.391311135980000158e-34 5.000588067829999650e-01 4.999411917309999898e-01 1.485958492060000051e-09 9.483515455570000832e-19
5.226680476000000475e-19 4.348436419919999851e-01 4.208163157390000303e-24 1.507312593730000047e-71 2.145844455289999987e-20 2.006941590279999945e-63 4.031952227570000111e-18 1.115150737849999949e-27 5.651563580080000149e-01 5.594567713289999764e-19
2.468936906960000133e-56 3.195370081329999941e-16 8.592975630829999813e-51 1.792405164859999997e-02 2.347065391860000128e-01 8.632521190559999560e-45 2.189232740620000001e-04 1.241560699160000059e-01 1.105004280730000093e-19 6.229944159739999598e-01
2.041718652709999904e-38 8.373989771109999969e-14 1.609910188219999977e-46 1.432398287659999991e-01 3.851263119700000237e-01 4.719966280429999697e-05 4.758578367170000039e-44 2.973057439230000210e-01 4.385363678370000250e-29 1.742809156779999979e-01
2.057703462540000083e-01 2.017999078949999914e-01 3.338621885629999828e-35 5.924279008830000137e-01 1.538795978999999909e-24 4.293261528769999915e-08 1.802035291320000021e-06 3.176870096209999860e-305 5.627902434519999773e-49 1.131265217770000047e-31
4.426457308309999952e-09 1.901501802160000115e-48 2.957816811520000107e-65 3.518210318429999714e-117 2.622779559159999870e-46 8.557344208329999610e-120 9.387608949409999605e-07 3.301378147960000176e-01 6.619698681950000330e-01 7.891373821270000061e-03
1.971180254519999953e-01 5.253439979540000066e-82 1.919288902819999976e-01 5.377413434989999704e-18 1.573795609349999853e-64 3.511442055279999872e-20 3.037957910410000184e-01 3.071563359269999793e-01 9.572978610949999321e-07 2.005200701239999877e-17
1.275682221790000110e-07 1.090643217870000014e-51 6.935878911110000019e-21 3.099782133749999849e-02 3.191632451440000184e-01 4.888025973560000351e-12 6.498388059449999865e-01 3.583927614979999972e-21 3.132848713919999892e-60 2.149984854830000112e-70
6.549143861400000016e-25 7.687307503580000401e-29 2.351075013370000155e-30 2.555114825479999907e-01 6.389639625690000102e-01 1.055245548829999991e-01 8.714340994619999757e-26 1.443331507010000070e-46 1.075532543749999948e-144 2.535572820979999773e-60
2.743381314580000033e-22 1.475126224689999894e-03 1.464243879050000069e-84 3.703378422620000054e-01 2.620553920860000039e-10 4.570113502720000169e-23 9.679731538889999672e-28 1.194204383239999946e-48 5.505904354519999544e-10 6.281870307010000154e-01
