1.609300463530000105e-35 8.481177005460000465e-158 1.471731731850000052e-49 2.142974970029999925e-33 4.364379244640000042e-16 1.730454288709999993e-54 1.381446479399999914e-43 6.539303303250000414e-03 9.934606966969999897e-01 1.001269831639999971e-35
3.011141901980000091e-01 2.239627399090000082e-01 2.557731854090000007e-02 3.789098799240000020e-28 1.037648497520000013e-49 4.493457506240000066e-01 2.593852646100000195e-37 7.286164742620000307e-10 6.570614338010000507e-38 6.430835555139999776e-22
1.392191909769999904e-09 3.443728055590000145e-17 1.285491380299999915e-15 4.401333348929999945e-01 1.363401648110000101e-37 5.598538460840000175e-01 7.354766593400000003e-06 5.462159909049999644e-06 7.040214826739999769e-10 5.402741396379999746e-20
5.203220714009999891e-23 2.783908503130000032e-42 7.678051138939999361e-64 4.476113669940000039e-01 4.642215352410000023e-02 1.092332796530000032e-21 1.688864386520000063e-07 3.911182675520000171e-27 2.280527892110000165e-05 5.059435053170000529e-01
2.664745412130000157e-01 1.084626939129999984e-26 7.186708527780000244e-02 1.861682986790000049e-01 8.493967418399999852e-53 4.754900748279999867e-01 4.699299867229999901e-37 3.550045945910000073e-15 1.327710693939999914e-12 4.824784620160000148e-70
1.270243090050000031e-42 2.531448215820000206e-32 2.346644558670000026e-50 5.841958419849999778e-02 3.027725421390000116e-01 5.791478488329999674e-01 9.762699388590000637e-16 7.099350426399999574e-45 5.965416346759999655e-02 5.861361469130000286e-06
2.234526079740000100e-12 8.647514432660000316e-54 1.052171463620000043e-35 2.970937264340000072e-08 1.813187357870000060e-22 1.316442826109999969e-59 6.199675514940000659e-67 1.441253743860000103e-01 5.747134672959999802e-02 7.984032491720000069e-01
1.656013897120000092e-02 2.501530489430000004e-01 1.297686338540000005e-03 3.347973593390000113e-01 1.157184165629999970e-37 7.621549350279999831e-13 9.100714908790000250e-27 3.356581203139999969e-01 1.282846568080000077e-15 6.153364609309999733e-02
4.524661933029999840e-15 1.688480529740000007e-21 2.391503858850000108e-01 1.494576463879999928e-01 2.496696789819999873e-01 2.983465087019999935e-11 6.173356115409999768e-03 3.077601973349999803e-31 3.555489325999999783e-01 1.651856418950000048e-40
9.944144860860000200e-15 1.743050278909999918e-25 1.558081837369999994e-15 3.369189182019999840e-01 1.847119384600000144e-40 3.559498430450000058e-12 3.137359511779999930e-38 3.190960573900000208e-01 2.293423877559999935e-01 1.146426366479999931e-01
6.083133713559999919e-14 6.358462120610000046e-01 1.007613964809999953e-10 3.641537878380000093e-01 2.354591903899999846e-28 3.374219175629999687e-39 7.838880145309999593e-18 2.482032902890000047e-54 1.288511049149999969e-31 1.056207948389999967e-14
9.842094157660000559e-55 6.528828817490000575e-54 1.838183570530000040e-50 1.000000000000000000e+00 9.606601264960000021e-58 3.462738208879999781e-58 2.532448937729999940e-19 8.877656028759999839e-85 7.425039256030000327e-28 1.974572727970000128e-58
3.767467665490000228e-01 1.358360793400000065e-11 3.446766283750000159e-01 5.804643395179999999e-20 1.071229513009999942e-65 2.746775387120000134e-01 9.796548149169999747e-67 3.899066350530000068e-03 1.909865816180000013e-28 7.947800472330000259e-27
2.342089181769999862e-01 2.547044097100000237e-01 4.883161000670000092e-03 2.993697927139999803e-63 2.607515178579999926e-02 7.443665374630000399e-07 6.783902161669999508e-10 4.801276142820000148e-01 3.185661018209999769e-33 3.171638510069999889e-13
2.948002404710000019e-04 9.450069744460000181e-10 3.412062793170000247e-02 4.369991561289999771e-01 1.907050029039999986e-34 5.285854147540000048e-01 2.363162892840000031e-38 1.688434895399999898e-22 9.994064471310000088e-17 1.558218979079999999e-42
1.177427410320000072e-37 1.465913340330000055e-35 4.398993712839999648e-12 2.196827056940000134e-25 1.503499701240000042e-01 3.885847283009999931e-01 1.381467088080000005e-07 2.005685024529999905e-17 4.610651634240000019e-01 6.466326442840000149e-36
1.455702063849999956e-04 5.494248267830000190e-34 6.072951496150000304e-44 5.459181382459999884e-03 5.050657047389999883e-11 1.603678185069999929e-01 1.232876678290000118e-47 3.342620370509999939e-01 2.602806608689999801e-01 2.394847319339999947e-01
5.082898216160000271e-22 3.034528390960000108e-28 5.016988327239999546e-01 1.542369063480000084e-55 1.532366711270000001e-38 6.240872551470000472e-07 5.075633084860000069e-70 4.983005431890000225e-01 1.290400209159999969e-21 6.990505589929999710e-44
2.600217687170000014e-01 8.111814943109999972e-14 3.081128695020000086e-01 4.148826011649999757e-01 3.930064733749999777e-87 1.698276061630000014e-02 7.360558285999999556e-35 5.757913725099999538e-47 4.550507308440000042e-39 1.217757647960000067e-116
6.976202760359999644e-01 3.709851230060000338e-02 1.507475119500000008e-22 6.521475179880000280e-61 2.635941771750000092e-20 1.446598007110000029e-13 8.075475298650000385e-67 7.607364833699999479e-07 9.990762419070000366e-52 2.652804509259999999e-01
4.378531328920000064e-29 5.028037030890000124e-35 5.339318269300000061e-36 5.240145976439999909e-03 2.132149678830000143e-36 7.165450407879999650e-01 4.812040904420000104e-15 4.235401048700000379e-03 2.739794111950000222e-01 9.921317063059999119e-10
4.833193165060000233e-04 4.620363745080000029e-02 2.484674624900000128e-01 1.629852678020000033e-43 4.986426698040000161e-01 2.061994428810000057e-01 1.500271080650000034e-07 3.318030124379999990e-06 4.887420051590000047e-26 2.906763625410000135e-31
1.299370727190000018e-25 1.692329169319999882e-01 2.654362129410000049e-01 3.989974519410000228e-44 3.560724370039999864e-01 7.524176611859999557e-04 2.817429437700000043e-32 2.085056850810000084e-01 9.348121720979999705e-13 3.303800876330000256e-07
2.834243006469999781e-19 3.073315434429999801e-12 4.556298528009999904e-01 3.102020801690000149e-05 7.086654394109999436e-36 1.881172719409999998e-62 5.443391269870000437e-01 6.274191760650000063e-14 3.400393123829999775e-14 7.583311389630000081e-15
2.015633125550000000e-24 6.665558540309999625e-05 6.242784211699999863e-01 1.673822309570000005e-12 3.739975147560000157e-01 6.278279774750000012e-14 2.463882491389999914e-05 2.441959452440000057e-13 1.581817690380000032e-03 5.095197069470000159e-05
6.372374229880000354e-41 1.080277249549999952e-03 4.092870234329999929e-05 1.396029857969999914e-22 1.539253993890000071e-06 1.927434425239999971e-01 1.444114598340000000e-01 4.794531909429999850e-01 3.697081342399999803e-04 1.818994533590000129e-01
4.550867810900000032e-01 2.260732165590000065e-01 2.788518927119999818e-22 9.538349651160000706e-03 2.015082947650000122e-01 9.134759576539999704e-02 1.644576216840000146e-02 2.956180821449999759e-39 1.382102460859999966e-24 1.319572011780000001e-14
1.953692019789999889e-11 4.282389393289999791e-01 4.246290896390000157e-47 2.359272330960000136e-02 4.705907048240000057e-01 3.058349427159999720e-14 7.743021323689999735e-02 2.002551937500000093e-84 1.609833927389999933e-39 1.474192802179999872e-04
4.957514878739999881e-02 2.200414469049999933e-01 2.785178287119999818e-01 7.942463690629999806e-26 9.405857990699999600e-66 4.518655755959999909e-01 1.874212865370000064e-50 5.129103023080000031e-14 2.191236415779999865e-43 2.813959760450000001e-28
1.170118900070000051e-01 3.003139187420000161e-02 1.480439113209999920e-04 3.472089477289999732e-45 6.737286502419999485e-51 7.233718543610000440e-01 3.858984470350000035e-68 1.294368197630000050e-01 1.228313506570000047e-40 8.343093324959999725e-11
1.083505603979999999e-30 2.336318689350000099e-56 9.467774616580000606e-27 1.000000000000000000e+00 7.199853451419999792e-106 1.337964688229999973e-49 1.372821438999999913e-26 1.123327820409999997e-54 4.408742619920000000e-28 3.413169680350000096e-89
3.686460912210000158e-11 7.839375894480000034e-14 5.262359729399999908e-02 3.782933479649999990e-04 5.903657908049999648e-04 1.444797217509999963e-67 2.383826875010000013e-01 2.118656207859999918e-01 6.675913045030000548e-02 4.294003047930000094e-01
6.433846493810000400e-01 3.538079289239999970e-03 1.674833311250000121e-24 2.506891344609999907e-57 8.998195130850000052e-20 3.245720407320000223e-01 1.808945662270000011e-41 7.767650318940000648e-08 1.332767863250000048e-48 2.850515292080000110e-02
1.615331582789999919e-12 1.523665087939999968e-21 8.423581610689999861e-10 3.423157385109999821e-15 1.214760419399999932e-08 5.332230112840000301e-37 3.515235139769999906e-01 5.390210921060000215e-01 5.604011132020000336e-06 1.094497769139999993e-01
1.791727859429999868e-35 4.538578572830000238e-75 2.234437824290000174e-40 1.429352789329999903e-31 1.333052118449999960e-05 1.288059741659999991e-82 2.063298119719999912e-36 3.935715534759999801e-01 3.252538321649999786e-01 2.811612838379999868e-01
1.337812800779999978e-01 5.428466720869999968e-11 1.154516249210000012e-01 3.512687093440000075e-01 3.536687071229999899e-84 1.637648921960000056e-13 2.823885578179999932e-36 3.994983856029999947e-01 4.173366578510000107e-20 4.792151110050000210e-20
2.452770100980000126e-14 1.887751913200000097e-40 6.612767217680000072e-21 1.663911113019999888e-01 2.286090526530000084e-49 3.933878048980000153e-01 2.133606401860000035e-42 2.029461636650000123e-01 2.372749201350000114e-01 9.658029229319999793e-29
1.954629227839999979e-24 2.068772366980000105e-15 1.492730222610000015e-18 4.367679636219999884e-01 1.927839742300000120e-45 5.632318250019999750e-01 2.113763598749999948e-07 5.080569300519999741e-20 1.800369173290000084e-13 4.079150028309999715e-26
1.499977673400000079e-02 7.477764106149999979e-01 2.372212671489999924e-01 2.545502559910000200e-06 9.544370860019999242e-66 1.094986812579999983e-33 2.973706279459999760e-44 4.997405527510000475e-38 1.876620927030000062e-44 3.078780089449999720e-39
3.299410871090000068e-06 7.763964193530000156e-23 3.651153704950000048e-10 3.410587180750000197e-11 8.984822530339999582e-07 3.173700950090000326e-67 3.192230814179999876e-01 5.381098431590000120e-01 5.173913510839999834e-06 1.426577032169999981e-01
1.934367082950000141e-20 1.135049396830000064e-02 6.371665458109999625e-01 2.678751276189999989e-15 4.297552022789999803e-41 3.580080389460000176e-39 3.514824639749999924e-01 4.962449886840000066e-07 1.437158743389999925e-22 2.937277192820000009e-17
1.737958744279999982e-21 2.758772121340000161e-01 7.241227356860000519e-01 7.449861720699999618e-47 1.228951348070000104e-41 1.077850464450000050e-14 5.217943723479999856e-08 3.558694002210000104e-33 2.218331443249999900e-58 4.511482612189999712e-49
2.906116435170000149e-33 1.635059893309999957e-01 1.532280196810000114e-04 1.555750874019999941e-96 6.909354291090000211e-02 4.914014919560000250e-01 2.133937814859999865e-24 2.758457477819999948e-01 5.569449466559999984e-28 6.477324985999999807e-13
2.878862055029999811e-01 1.288379598179999957e-11 9.581662700109999653e-02 2.558241772329999886e-20 6.083006513130000403e-01 3.513624605299999938e-59 8.081190374009999946e-13 2.587542093299999854e-04 2.129954310639999869e-12 7.737761957339999927e-03
3.824607498789999727e-01 3.738879177950000076e-29 7.888863407820000118e-02 8.653782699510000148e-13 4.103582453260000151e-01 1.213319321730000076e-59 3.797951046799999862e-15 3.978981780710000304e-02 8.850255072269999634e-02 2.186332852439999913e-09
4.684440487090000271e-01 1.747194873550000083e-01 7.461760417370000144e-18 8.566532392360000359e-03 3.326669536870000120e-06 6.185957377769999480e-29 1.694219441740000003e-04 6.424991463359999755e-41 4.353937293189999709e-27 3.480971829300000264e-01
5.100027495410000025e-12 2.304399006130000011e-02 1.637598147490000123e-04 5.566889058409999480e-01 1.039376594000000051e-32 4.773152975899999824e-03 2.320896407350000155e-08 3.209295004000000007e-06 5.943887090940000292e-10 4.153269582040000074e-01
1.175361111329999943e-19 4.847494040389999873e-05 3.254910934029999758e-01 8.389003783790000696e-03 7.683087035330000730e-21 3.623631818979999779e-73 6.525897042870000275e-01 5.728900960010000518e-14 6.090840374529999944e-14 1.348172358579999980e-02
5.175073777419999521e-01 3.654195894990000053e-41 6.422096865669999850e-21 4.824926165580000204e-01 5.382917879910000282e-52 4.560445134299999650e-28 8.192271942730000413e-25 5.700166899359999625e-09 7.917099568259999328e-15 1.086879302000000026e-45
1.698082579640000089e-01 1.175301699270000007e-45 1.938043805730000086e-26 3.057696390760000216e-01 1.197094070290000013e-25 3.078786912400000015e-67 1.135037409479999993e-33 3.525851075550000269e-02 3.065567297060000197e-06 4.891605266369999927e-01
1.425157523309999982e-58 8.802000445729999764e-84 6.063598463450000194e-27 3.031239050350000155e-17 1.799604080770000020e-37 2.428566929389999938e-29 1.380509194879999900e-25 6.980741156119999863e-18 1.000000000000000000e+00 5.055990534270000178e-57
5.396949953149999740e-17 8.839441439840000623e-42 8.178261591789999839e-30 3.606967807100000033e-24 3.332533662009999897e-01 5.523614829250000121e-27 5.283136912600000512e-01 1.362627446459999947e-01 2.170197729120000064e-03 1.634453017220000062e-10
4.243189722710000167e-01 2.759501512080000153e-46 1.052797293500000037e-01 5.896501825230000007e-20 2.051010301340000111e-08 2.220805052379999987e-07 1.560118257480000078e-19 1.260321178300000122e-01 3.443689379589999766e-01 1.543627839770000083e-80
1.166899673700000070e-20 1.691436954849999926e-25 6.285353383970000429e-01 9.636553274399999506e-14 4.888435257410000253e-13 3.892642590880000239e-19 5.608626692909999901e-22 1.545792518759999963e-09 3.714646600570000179e-01 3.841588380460000154e-19
6.956910473399999795e-01 1.505338214049999936e-02 2.557849289760000183e-15 4.844037045889999684e-05 4.359940248549999887e-13 1.090794735240000041e-20 8.055363967369999489e-02 1.305758924280000074e-35 1.250502009080000103e-28 2.086534904750000086e-01
3.443796966119999831e-25 2.266997173550000125e-11 6.545789765409999739e-02 1.012004367959999972e-11 1.090106847440000007e-16 2.507152315020000091e-15 5.000381397380000426e-01 3.764703940970000051e-01 5.587257002760000202e-02 2.160998451229999891e-03
1.517513860779999983e-09 4.709689211420000077e-01 1.973538968039999841e-05 1.142999978380000031e-01 4.882524217930000111e-42 3.980435901530000202e-07 1.123688051379999963e-23 4.145436135180000092e-01 9.298046974790000147e-12 1.673325417670000123e-04
6.218447552799999837e-29 8.707411632490000015e-04 4.574968685219999998e-01 2.936979502949999893e-12 4.326057204509999865e-01 1.088905836410000022e-01 1.358669413830000119e-04 6.222384938339999598e-23 2.192790696309999997e-07 3.786149152330000206e-35
9.999999999940000217e-01 4.210102496199999917e-26 5.673927746899999847e-12 3.086077467050000227e-38 7.545157240800000058e-124 2.584136221930000132e-54 8.048124122299999865e-88 1.847271244079999964e-30 5.168435343920000049e-80 8.290686466640000045e-74
1.828758410550000064e-27 1.234488811800000042e-29 1.332592647729999918e-40 5.904868571419999990e-01 4.508621093890000009e-11 3.429687595059999761e-01 4.467034142989999984e-02 3.820601816699999742e-18 2.122016437059999830e-02 6.538775066530000185e-04
6.416398881250000297e-03 1.461454894610000055e-01 8.474342910039999878e-13 3.556748406210000005e-32 1.640735561439999879e-01 2.164585660460000106e-15 5.727748260080000042e-01 1.105897293449999985e-01 4.110377878009999905e-26 1.588554746879999969e-10
3.101707164870000089e-01 1.251202632159999961e-35 6.292571493379999361e-33 1.878437276990000071e-14 2.595775570519999742e-01 3.052329964630000059e-01 7.834132907910000139e-64 5.307536249750000046e-02 7.194317774439999702e-02 1.897560561229999968e-07
4.147745790660000154e-01 4.745693949029999701e-45 1.172319188000000012e-01 1.774990814189999917e-15 5.750222451699999502e-07 1.296137763999999946e-58 3.358950130950000199e-16 1.249384195700000005e-01 3.430545075409999756e-01 4.081668874500000210e-23
5.175073822900000398e-01 2.700174719500000071e-41 3.873295536090000010e-21 4.824926177100000158e-01 1.090546871270000045e-22 2.698624925029999850e-27 2.861100515089999882e-24 3.315697173310000096e-36 4.043171772379999920e-15 5.769152033650000222e-47
1.892042307360000120e-01 5.310717156280000406e-01 2.797240536360000029e-01 2.104884920069999856e-18 3.792982590639999725e-105 1.495003761529999912e-13 5.740980040300000259e-36 9.462082446129999069e-38 1.341042572289999991e-67 5.441311424359999760e-56
1.530507381220000026e-26 3.318918857839999736e-01 1.442911630369999904e-06 2.921949464800000014e-39 8.814732921409999801e-17 1.574673323069999915e-12 2.733725860019999843e-01 3.947320218659999824e-01 8.202664353839999848e-22 2.063435392000000073e-06
5.752899818479999539e-01 2.172662597419999952e-16 2.312653912169999852e-12 1.575897757400000071e-03 4.947891355580000248e-08 2.189005744249999994e-22 1.853409620890000105e-35 8.506967509380000370e-14 9.176591076959999478e-08 4.231339791470000167e-01
2.900900343059999997e-01 6.211687508279999464e-08 7.578187667619999679e-02 2.196590752620000070e-30 5.870656363599999457e-26 4.327916685309999805e-36 2.929895800819999896e-01 3.411384468190000185e-01 2.077010678170000179e-31 8.114517009690000454e-16
2.239187668419999796e-81 4.893639993459999534e-19 1.095030415509999970e-36 3.521589059400000028e-34 2.134690653469999977e-01 4.124233987620000152e-01 3.740971336200000219e-01 1.235489957770000083e-10 4.597773137680000287e-06 5.804374478660000263e-06
2.423119140839999908e-01 1.881718844090000115e-32 2.447057212279999800e-41 2.787763353289999955e-21 3.442894310680000090e-61 5.423077721490000409e-19 2.845230126920000181e-103 7.459695040549999545e-01 2.972526697789999948e-28 1.171858186030000012e-02
3.534428393399999681e-64 1.025766981919999910e-90 3.328411444509999995e-75 4.740599709710000388e-31 5.156718973680000095e-01 2.038962953040000076e-60 1.852648766850000043e-31 1.769408888729999906e-16 4.843281026319999905e-01 2.067410841599999922e-14
1.464759649809999965e-04 4.872356896350000244e-01 1.271843726959999976e-01 3.854334616799999780e-01 1.169254756029999905e-87 2.100554580740000060e-31 3.419012174170000013e-18 2.398192879130000138e-11 4.609190373679999823e-32 2.294541655989999995e-20
1.467113113239999987e-09 1.326073648770000057e-01 1.601401260809999976e-06 6.010809164000000537e-01 1.944974556500000088e-35 2.646501319130000196e-01 1.659983941870000037e-03 5.298140029930000269e-71 3.993875953240000235e-37 3.954054332959999979e-50
1.355952547419999992e-13 6.358462120710000054e-01 8.145495390980000354e-11 3.641537878480000101e-01 1.037000589170000008e-28 2.939956507649999697e-39 2.616564210759999880e-18 7.499015814989999294e-55 7.210886940140000451e-32 1.309796787199999955e-14
9.953501102399999450e-37 3.300435732909999945e-46 1.497273439630000008e-05 3.546655115740000030e-01 1.528976599830000073e-41 1.065348350260000004e-29 3.755922791320000166e-04 1.373023100100000057e-22 6.449439234120000197e-01 4.444232471580000132e-71
1.548071350719999956e-04 2.138399491870000002e-01 2.295276014029999923e-01 2.169243457180000112e-01 6.813615024210000264e-12 1.225636098809999991e-01 6.963247402280000248e-29 4.003280888609999793e-10 2.407629346279999897e-04 2.167489233350000100e-01
2.839977690969999810e-16 3.547819318039999829e-20 3.095716465839999931e-01 5.993888669619999721e-02 6.723688284330000020e-18 7.912037870200000420e-13 4.773402974129999782e-02 1.340330207569999962e-04 5.826214039570000169e-01 4.773449943839999879e-35
4.040936563499999975e-20 1.234763258289999999e-12 1.307962974240000076e-01 1.292311299399999946e-01 4.754678256059999830e-01 2.066922952380000094e-12 1.912675988330000132e-01 1.501023512700000053e-27 7.323714819240000062e-02 1.030750330399999953e-30
3.290248366129999950e-11 3.653818305679999989e-01 3.956590808579999942e-08 6.345296783099999560e-01 2.254855225910000177e-27 8.845139510159999387e-05 1.288571971989999959e-10 1.591126355150000013e-65 5.082655592450000131e-32 1.199189758789999942e-44
1.537095039190000123e-01 1.856300387039999831e-12 1.447513557979999950e-32 2.610236951250000104e-01 5.833787589179999511e-01 2.972887257709999933e-13 1.084686059949999985e-23 9.738945106550000152e-33 1.535960185879999959e-15 1.888042035329999925e-03
5.861781304319999654e-12 6.358466753689999695e-01 3.982344824180000152e-09 3.641530790260000261e-01 2.661928572660000225e-29 6.009378300300000358e-24 2.416163070049999955e-07 2.959239394940000264e-51 1.430362577850000058e-30 2.497577414689999817e-13
1.250530154939999940e-07 4.862362724660000073e-29 2.512877771109999769e-01 2.841897930150000000e-18 1.595103933460000046e-49 5.416327614560000345e-56 9.684276165969999421e-24 7.487120978360000123e-01 3.530129708069999780e-18 1.214907738680000051e-37
4.681632438089999848e-01 1.749861011490000118e-01 7.656426879410000300e-16 8.833432739200000258e-03 1.726275063009999973e-07 3.082114802359999847e-46 2.252191338359999923e-14 1.043458721000000084e-40 3.250890409110000106e-27 3.480170496750000231e-01
3.111946874789999762e-01 2.272478702290000041e-01 1.115491311519999952e-02 1.874134198520000014e-27 1.172776212530000033e-50 4.504025286719999799e-01 8.876486412060000197e-38 5.051391204179999892e-10 7.103645740809999551e-39 4.487356963129999788e-22
6.003571754759999823e-01 7.055520915779999816e-27 5.740370521850000223e-27 5.271942172799999951e-03 3.125379703260000031e-01 8.048672258040000249e-02 7.288187709670000203e-30 5.003285056380000393e-13 1.346189444499999981e-03 4.679237300560000107e-15
6.437573620830000509e-01 3.125144712499999811e-03 2.876433027940000003e-22 2.974562070920000157e-55 1.285791909369999968e-21 3.266316572130000262e-01 6.366334663180000356e-43 2.238226281399999935e-07 1.594826111449999902e-48 2.648561216890000028e-02
4.366353848100000268e-01 9.747300628200000135e-12 3.952157963910000182e-01 1.041689892730000069e-21 1.681488002829999995e-01 9.372888455069999980e-50 7.855965758770000493e-16 1.850485881949999936e-08 3.912038063600000037e-17 4.285807019359999947e-13
6.534458532469999965e-33 4.817543817089999778e-22 1.123733334879999947e-04 3.163687129460000019e-13 1.359576688670000120e-19 8.631160054090000598e-40 2.928915885350000006e-17 1.366187724050000052e-01 6.900808387200000338e-01 1.731880155420000011e-01
3.040970307970000119e-01 5.322954053619999815e-27 8.437375022080000030e-22 4.388972113690000065e-01 2.325390299510000182e-31 4.402091075899999632e-90 7.571298340490000413e-23 2.377263263170000115e-13 3.107929092890000099e-18 2.570057578339999815e-01
2.724164532710000031e-01 1.950801338310000130e-08 1.136492623049999994e-18 4.368688118669999972e-07 2.760975443950000156e-26 5.301163625299999501e-32 1.605732105929999834e-02 1.723029321960000058e-14 1.693260813309999984e-26 7.115257692930000433e-01
5.175073744150000543e-01 1.166641491530000027e-41 3.623994139170000160e-20 4.824926157139999838e-01 5.476787958550000116e-51 2.018858930260000127e-27 1.323225962340000056e-23 9.870516393109999957e-09 1.667690687230000090e-14 1.940846729720000064e-45
2.236444567849999995e-148 7.610465030539999944e-34 1.297558272090000078e-68 3.015647332470000043e-26 2.767298267380000065e-01 2.668719281939999894e-17 7.232701732620000490e-01 8.258216042160000594e-65 9.022785768640000174e-14 3.449790330699999899e-16
8.457236154349999887e-27 4.448514470969999746e-01 2.610450779479999840e-24 5.551460619929999840e-01 4.993045918459999792e-30 3.404924234800000249e-10 2.490569504760000147e-06 2.159128913980000100e-42 1.562400743290000035e-28 6.780701011630000441e-25
1.725536224810000009e-33 2.037972871759999927e-19 2.569966592719999844e-33 6.975843653250000109e-01 5.160448754660000300e-47 1.431302105180000048e-12 3.024156346740000112e-01 6.487556361349999539e-63 2.784379351969999899e-31 4.057974581879999822e-37
1.517990623860000010e-32 3.110459625740000208e-20 2.105169662999999921e-33 6.975843653250000109e-01 3.924803685000000332e-49 1.864030538320000027e-13 3.024156346749999891e-01 7.311329520379999803e-64 7.971289203499999597e-32 5.245019880649999493e-38
2.546656666139999984e-40 1.756978576140000026e-01 1.679730997240000074e-16 9.398943189390000558e-30 1.267346384899999956e-01 6.200010387170000323e-09 6.975674976960000162e-01 1.584383905160000100e-104 5.367591037720000216e-42 9.336114933600000400e-46
7.381707548350000328e-03 2.703568301040000232e-01 2.234464539059999866e-01 3.234065496899999727e-60 5.524943559699999930e-03 7.293511706869999518e-04 1.905848237380000011e-19 4.925607137010000192e-01 1.129486513859999964e-31 1.028140670229999995e-11
6.248159649869999485e-04 3.143155159149999911e-55 9.779696960109999854e-35 1.603157519550000090e-02 1.165055909879999979e-35 1.272474038799999971e-36 2.371498786709999866e-54 5.577307854230000306e-01 4.917127023639999983e-02 3.764415531799999992e-01
2.366116243050000114e-46 2.869917910620000114e-35 1.573770345430000062e-16 9.244632112990000374e-28 8.007412821609999604e-15 4.470204935289999737e-01 1.652478052690000126e-04 1.503982532320000121e-01 4.024160054340000237e-01 1.105628607279999938e-30
2.043060152950000041e-01 4.233819689080000242e-12 4.785103306740000135e-26 2.382805237210000038e-01 2.256086219289999979e-04 2.183389345160000050e-01 9.029908786770000000e-07 1.756652626469999978e-01 2.587276502160000113e-04 1.629240245540000132e-01
6.415018357609999476e-11 1.402982785369999952e-46 2.089461663209999991e-15 2.721210092230000150e-31 5.671380026210000036e-01 1.268555527200000005e-03 3.001221104599999894e-23 3.592133937320000220e-02 3.956721024150000043e-01 2.467944188290000061e-29
3.876284032660000101e-01 2.158449657700000079e-01 3.950248930999999963e-01 7.236944640490000015e-65 9.785560975130000623e-05 3.959259289959999814e-40 1.045002786480000014e-20 1.403882255080000051e-03 5.436479470200000059e-41 1.802098315040000025e-16
5.425784916330000235e-02 4.700354346039999979e-17 2.274567266139999988e-05 2.573641764599999843e-04 1.094863499659999963e-03 5.071948613029999759e-61 2.129458045590000015e-01 7.267456562520000496e-01 3.452342484380000070e-06 4.672264334050000092e-03
6.416263707639999758e-01 1.315808466709999982e-03 2.310878405509999903e-17 4.565164502429999728e-51 1.317149131040000066e-22 3.551363401400000064e-01 1.043619972669999989e-51 4.281971973539999975e-05 3.465279652779999784e-41 1.878660909380000001e-03
5.323435250419999971e-65 2.769658652600000002e-42 5.647563358980000228e-36 5.392566453599999760e-24 1.927425473820000026e-04 7.854183217599999822e-02 1.875801038459999903e-01 2.735286736589999855e-16 7.336853214299999815e-01 2.613230406289999873e-17
3.746260483469999977e-88 5.026618225730000360e-59 1.319350306699999951e-68 5.891751126570000257e-93 3.344883763190000248e-01 4.046631958340000238e-80 5.037558096829999712e-28 8.206632877159999622e-19 3.267332415189999814e-26 6.655116236810000307e-01
7.225332894110000443e-38 6.930039650539999928e-48 4.557202415409999670e-06 3.549241089190000031e-01 8.074266526540000208e-41 4.920384122280000303e-30 1.310455762610000081e-04 3.125826027539999946e-22 6.449402883020000088e-01 6.391608187259999746e-69
9.558326814380000370e-29 2.981510859130000193e-20 1.616123527669999878e-35 2.566109052650000222e-01 4.178609621350000136e-01 2.965569483780000071e-01 1.749111187940000100e-32 9.272667207250000064e-33 2.895186900590000084e-02 1.931521561050000168e-05
3.919495935010000251e-05 4.872503552570000007e-01 1.272659512240000013e-01 3.854444984920000206e-01 1.620111975410000100e-88 2.095165693209999982e-32 4.891932261959999720e-18 6.708669778409999690e-11 1.105174321089999978e-31 2.899933836800000139e-21
9.856471001300000367e-02 2.193247527520000018e-01 2.197067365529999927e-01 1.686370590010000114e-01 5.341780895659999611e-13 6.213924907930000073e-04 8.367897273549999680e-20 1.035438130170000053e-10 7.452323730120000370e-08 2.931452745620000133e-01
6.036663895480000319e-02 5.836544324399999852e-03 1.451563237279999974e-01 3.735350258740000040e-01 4.807816451690000143e-75 9.573174763920000224e-04 8.381363235420000097e-42 4.141481496430000075e-01 3.650446613230000253e-20 4.880001615270000229e-14
4.598900489139999968e-17 5.837587163230000264e-01 6.504324278960000068e-44 1.747432361260000061e-77 1.627177147940000136e-11 5.874767977150000497e-14 1.518818978019999998e-62 1.935085146449999931e-31 3.430486846260000034e-71 4.162412836609999944e-01
1.553327876150000038e-31 6.377805079640000023e-38 6.433398875679999755e-40 1.072037114400000053e-02 6.109617307529999479e-05 7.166438692450000092e-01 1.283624175439999967e-14 1.791984893639999991e-35 2.725746634360000087e-01 2.700439078070000088e-12
1.289796323429999965e-11 3.750851314329999853e-01 1.043341587910000010e-07 2.329120876890000136e-01 9.112358153590000109e-12 1.245469439680000068e-01 2.562824701309999816e-15 6.863617333710000378e-25 6.219116695889999538e-11 2.674557324910000200e-01
5.610380198679999713e-32 1.114648678960000056e-02 7.778511999449999835e-19 4.497283841579999830e-01 5.234006203849999936e-28 5.517049583839999977e-14 4.869466284510000034e-05 5.745740700790000302e-33 5.913440206070000052e-19 5.390764343899999700e-01
1.511910572590000034e-33 4.350950072619999761e-15 2.102464431990000087e-48 1.550773972510000043e-01 4.862233406549999708e-13 3.290806365989999982e-01 4.284963567360000058e-01 1.331076750609999973e-35 4.405419427539999934e-12 8.734560940890000180e-02
6.043007240960000104e-24 1.737600251960000064e-01 2.244434671340000131e-01 3.679048207670000168e-19 3.623669119860000123e-17 2.433337352770000069e-20 1.305688487960000033e-01 4.712273882169999983e-01 2.180988881489999952e-13 2.706562518240000260e-07
6.893522311730000407e-01 4.819170161890000031e-26 5.117086470450000290e-13 4.999193640439999510e-04 1.982768532299999977e-10 2.226166817349999799e-16 8.794646668120000295e-37 2.385020532619999887e-05 1.481079332380000058e-01 1.620160658210000049e-01
5.631140711530000134e-23 4.280830961589999603e-31 4.302827589359999871e-01 1.162354859650000048e-03 6.306247101229999811e-15 8.667883952390000300e-07 5.743383045420000223e-10 3.882572953130000129e-29 5.685540188419999641e-01 1.119513429169999967e-63
1.645121026860000101e-08 1.494366759660000043e-18 1.535533445400000103e-16 6.391874722810000353e-01 2.651696399830000218e-22 3.100402573180000010e-01 1.281803057160000063e-23 4.703019861220000125e-02 3.742055336799999989e-03 3.285270549850000015e-13
6.650567197480000298e-25 9.811293334119999311e-06 1.178845233159999944e-54 4.958202922659999763e-85 3.344791221830000216e-01 7.663416850089999547e-10 2.406587598570000088e-74 1.048103344930000016e-49 4.484194448029999806e-66 6.655110657570000310e-01
1.416268336530000077e-08 8.006750090369999604e-26 3.914912225120000189e-06 6.299409492130000343e-01 6.915940532949999820e-31 3.700551065059999867e-01 2.112523228079999936e-36 1.245534432279999947e-26 1.520615137749999839e-08 2.220902968940000175e-47
2.935189175539999837e-20 2.760436115119999878e-14 5.815106272560000011e-01 2.958351965289999918e-20 1.146551075010000077e-33 1.735465164099999902e-01 2.449428563340000087e-01 2.035992241659999873e-40 1.067556508679999977e-29 1.125632179230000018e-96
3.894068264530000101e-01 2.131892060720000093e-01 3.937607163769999974e-01 6.363701768669999515e-60 2.076449393790000080e-04 1.623575988929999993e-16 2.683428761800000107e-03 7.521773968889999959e-04 6.423804903900000195e-39 1.111346460470000063e-14
1.988067941150000186e-80 5.513201505860000178e-19 3.809998561339999916e-38 2.515764453020000073e-33 2.134670806170000101e-01 4.124221302519999743e-01 3.740922433889999899e-01 1.483342214999999908e-10 1.127828963430000082e-05 7.267304136489999706e-06
2.798292404680000067e-01 6.129860514729999765e-02 9.505020737289999286e-34 7.189891222349999725e-38 1.068309242920000013e-01 5.520308732730000445e-01 7.575544315120000093e-29 8.553118468069999196e-22 1.156095070889999949e-41 1.035681932199999925e-05
1.276896628629999881e-10 6.154262254579999647e-01 5.253232446499999731e-11 1.529868373620000016e-09 4.214372537140000274e-39 2.650057225960000115e-05 3.798832805659999861e-07 1.905030620519999884e-01 7.723400045160000224e-19 1.940438303249999996e-01
3.686054776339999783e-01 3.027780287860000197e-01 4.241815854800000043e-30 6.520309778350000339e-21 8.798409783770000381e-03 3.198177729069999753e-01 3.108889886750000080e-07 2.270897513300000145e-37 6.785664852529999636e-40 1.487888757630000088e-18
4.246110183419999906e-01 1.590862034110000073e-02 4.159575167760000285e-12 4.843460956980000209e-12 3.552968474879999853e-32 3.468166279620000127e-07 2.692723324319999981e-14 2.493913797990000014e-01 3.511407028159999942e-22 3.100886346930000204e-01
4.538033769600000040e-48 1.251024100539999931e-18 1.191618803360000096e-09 1.532521286780000113e-19 4.776373086609999643e-09 1.294408450019999964e-21 3.642541758409999914e-02 4.004464677960000238e-05 5.174339264889999956e-01 4.461006053120000203e-01
9.506973376969999826e-30 4.703989508179999834e-01 2.765014246439999956e-37 6.591402692020000011e-18 1.527178592139999851e-08 5.296010091399999675e-01 2.476977775010000009e-08 1.184656633139999918e-62 4.479936711940000240e-38 8.709625877380000342e-17
2.501659449679999998e-21 1.667227498320000058e-05 1.403072581729999935e-01 4.423141313080000023e-43 3.203525113639999790e-03 5.792248309359999681e-01 2.772477135029999817e-01 3.613419202850000227e-15 1.800690760280000152e-21 3.411344679760000084e-40
3.983079971590000046e-01 4.672188604329999885e-23 5.850700655370000079e-21 8.441118835190000049e-29 1.349526229350000016e-07 5.309972579459999731e-02 3.338163088799999947e-45 2.086555605029999979e-03 4.238041207299999637e-12 5.465055864840000499e-01
4.708656529560000299e-25 6.713117586180000040e-52 5.189144515850000472e-01 4.751525655819999749e-01 5.074937079010000129e-59 4.942082263809999921e-96 5.892696420629999800e-03 2.653559749810000199e-12 4.028640992519999943e-05 4.118547184190000003e-46
1.844253959909999973e-04 6.408776556249999695e-32 7.519532155530000009e-36 1.309586154189999963e-17 2.266509596440000035e-35 5.043222764550000187e-26 1.415473556740000030e-79 6.078249386549999800e-01 1.741848865879999990e-19 3.919906359490000214e-01
1.479846506930000138e-01 8.219566950020000294e-27 1.375397462980000046e-33 4.019855973329999888e-01 4.230524876089999855e-04 2.520414235299999891e-08 1.174733876919999987e-24 2.612761688579999797e-01 3.689675773960000155e-02 1.514337476850000086e-01
4.272131753899999773e-01 6.427148636639999982e-03 1.819635608579999964e-11 2.222507453679999929e-08 6.192324923469999817e-06 3.346288669349999925e-09 2.153479758680000066e-16 2.483551996699999937e-26 3.363740989050000189e-20 5.663534580589999479e-01
1.055409167259999947e-01 5.378153626769999686e-07 7.295938746590000185e-04 8.299196308649999597e-29 7.416885534400000011e-14 1.560530658000000133e-60 5.867577987450000032e-01 1.078032422820000003e-01 3.871979023620000123e-27 1.991679105570000052e-01
2.334888616349999844e-11 2.298351722299999886e-02 4.350047957290000098e-04 5.567159609770000461e-01 2.216672980700000110e-34 4.258399492019999781e-03 8.807562548889999593e-08 8.171935053920000117e-10 8.073699069880000432e-10 4.156070277889999942e-01
4.002646563230000121e-01 1.368977070220000032e-45 1.350523166979999967e-01 5.356605646730000449e-19 5.179556560600000244e-09 7.818569534149999802e-07 1.934870927980000103e-19 1.235305638190000027e-01 3.411516761230000139e-01 2.377602921159999986e-78
7.378014255920000172e-27 4.997589274890000266e-01 5.002410721050000175e-01 4.694404234290000271e-29 1.682349716119999928e-15 6.715805684709999667e-39 4.058777378770000245e-10 9.672186345839999434e-33 1.120331843920000018e-32 1.684711306909999828e-30
9.664855446700000349e-19 1.086126887640000000e-09 6.298545348859999615e-01 1.134810288860000087e-19 3.391530032940000061e-29 3.982295204880000150e-29 3.701454640269999929e-01 1.164357806160000093e-37 2.951276383259999888e-30 5.320379957939999725e-34
1.527965679229999940e-39 5.450513960490000087e-30 2.512079266700000257e-01 1.409169525370000038e-16 5.146558915189999898e-53 7.500189186309999231e-15 7.098144856660000660e-24 7.486317164789999534e-01 1.603568514330000125e-04 9.304314698599999559e-39
4.166046761990000082e-22 4.985669983500000124e-01 2.236746129880000100e-01 3.512564122909999819e-69 1.027616701449999975e-01 2.603624820510000090e-02 1.358510505779999978e-11 1.489604702960000138e-01 1.398839297919999949e-24 2.553433300299999831e-12
4.847700853970000057e-01 1.616666238349999951e-01 5.427678277940000479e-20 6.877983621669999682e-40 1.932556247220000101e-12 4.026346935520000194e-07 1.314514625630000124e-35 7.197784357630000241e-14 6.139037411580000196e-40 3.535628881310000082e-01
6.957100141019999517e-01 1.501517985580000034e-02 6.109716815040000366e-16 4.564532806030000255e-05 1.189460358430000038e-12 6.195691272109999893e-21 8.060255985259999478e-02 8.199227127259999866e-36 9.623599986570000141e-29 2.086266008600000110e-01
1.189919745539999977e-58 1.251843167829999881e-01 5.127043240069999564e-56 3.959362810580000022e-06 3.534226905839999688e-14 4.204275265529999750e-01 3.782528731940000277e-01 1.412669833050000123e-54 8.894974995310000242e-26 7.613132410759999857e-02
4.686568620279999986e-01 1.745170054480000010e-01 5.579193615680000057e-16 8.364099454710000395e-03 1.009537811219999974e-09 7.772560943229999493e-30 3.006603628270000097e-04 1.928768285989999875e-42 2.319395986290000156e-28 3.481613716970000105e-01
7.509295301230000190e-31 1.859479876079999941e-39 4.686843998779999894e-04 1.300054357990000062e-15 4.764783213130000237e-40 2.635360239169999910e-02 1.926241784880000071e-23 3.442531214330000200e-01 6.289245917750000414e-01 3.626883995480000262e-66
8.383186514619999643e-13 2.481639836819999998e-25 9.930162604449999812e-15 2.483275552270000118e-49 6.281627229030000148e-01 2.913136094350000080e-46 3.238493665789999780e-54 3.115926610229999838e-01 3.115612510329999940e-15 6.024461607320000245e-02
3.769350116789999644e-55 1.582688104920000023e-23 7.019609255749999804e-23 5.298699071740000231e-27 3.576416418870000113e-02 4.226531750640000196e-01 2.477965107420000007e-02 3.561852203789999939e-05 5.167673911510000107e-01 4.015997926350000226e-13
1.590673652209999944e-16 1.666778477450000052e-06 6.772444807320000338e-20 1.059983065800000019e-26 5.306628114800000517e-01 3.036883255200000182e-31 4.693355217410000169e-01 1.411972763300000104e-62 9.898773264600000113e-43 7.471765132620000464e-30
5.335399842449999606e-57 7.017462935139999697e-05 6.319353435629999935e-59 5.926123031779999550e-01 2.142978742959999959e-13 5.422073810670000091e-24 4.073175089509999958e-01 2.467120396400000066e-98 1.376602841569999967e-33 1.324141691360000051e-08
4.444791452449999847e-01 1.095428753749999965e-09 4.999486142449999761e-20 9.235035203269999653e-20 2.693862038330000026e-35 3.174665851929999806e-15 5.520423362309999931e-17 2.320288151359999884e-01 1.560315921540000022e-28 3.234920385239999918e-01
3.785547114249999961e-120 5.343524097820000198e-17 1.438434940500000110e-35 1.098408666539999946e-29 7.543600351379999847e-01 2.400751916630000093e-01 5.564773199189999853e-03 7.197926239999999957e-68 1.420549528970000009e-16 5.692442453490000110e-28
1.622391428289999897e-28 2.126422581940000112e-01 3.015072486359999804e-01 4.297097488819999660e-31 3.749292528140000247e-01 3.507286486360000060e-08 1.109211854889999987e-01 1.444499373459999925e-12 3.900643909500000241e-11 1.975324965020000162e-08
1.903538333700000004e-09 1.126992840040000023e-39 1.942797498319999924e-32 2.807729745340000092e-14 7.239275025219999877e-27 2.090276522409999836e-36 3.461138117769999996e-53 3.952346607800000244e-01 1.227287864810000036e-09 6.047653360889999608e-01
4.682196047070000255e-01 1.749456775600000125e-01 2.546890657540000020e-13 8.778510904259999997e-03 6.292496798239999814e-33 1.678510583190000038e-47 6.850186100630000196e-15 5.360988533860000257e-09 7.031539246740000646e-27 3.480562014679999816e-01
1.523285497390000054e-47 2.150121538299999896e-29 3.096060791929999916e-62 5.211319601970000326e-01 6.642506144779999682e-04 2.113976820219999879e-04 1.469946199559999944e-01 1.425265776389999963e-38 2.021644088070000090e-04 3.307956071429999922e-01
