1.515170128909999996e-24 4.140039709110000036e-25 1.870640324879999927e-01 3.093888289649999914e-10 8.090431367860000389e-01 6.235841104810000519e-04 9.952675238279999418e-18 3.269246306270000204e-03 3.941379663949999844e-26 3.683996651340000100e-36
5.354372492369999792e-01 1.551331521239999977e-06 3.491910214380000155e-01 2.065792600650000072e-05 1.014447872920000084e-05 1.153393755560000039e-01 1.035639418340000006e-65 1.844117263139999970e-16 2.486213270459999871e-25 3.338806539379999868e-11
4.628832589579999768e-01 1.656745989479999943e-28 3.329903044959999781e-01 7.480179735309999412e-45 2.021857322529999890e-01 7.435578871269999989e-33 7.152971536459999596e-34 1.148774634179999960e-09 1.940703144819999962e-03 2.061982093100000169e-30
2.684843549209999807e-28 3.634396998759999895e-16 1.653886531210000032e-13 5.432648829759999798e-73 5.288752105780000073e-02 9.533080249780000595e-76 6.978238233899999547e-25 5.442382122609999984e-01 5.245681439520000383e-37 4.028742666819999929e-01
6.968016894199999811e-01 3.896681215899999872e-14 3.021498611060000061e-01 2.163311699000000028e-39 2.077283948960000120e-14 1.047370832089999926e-03 8.533436289990000320e-79 1.078642057470000080e-06 5.165738139939999722e-34 2.653418440640000192e-18
2.267088897399999886e-02 5.667113906690000214e-14 2.544691853149999940e-17 3.337669809090000079e-37 9.700309105459999296e-09 4.198880948159999761e-29 1.727488588080000056e-62 3.598756514550000007e-01 3.796771002770000096e-22 6.174534498710000374e-01
7.900089329869999783e-84 2.716307669480000030e-16 4.090917041600000137e-01 2.159181750829999897e-33 1.012394345130000021e-13 1.026549403729999954e-10 1.075876786580000104e-06 2.923960713090000203e-20 2.382046055609999939e-18 5.909072198600000547e-01
4.358068617059999888e-38 3.671808699410000210e-01 6.284848729759999753e-01 3.819332998930000185e-63 1.056003786240000020e-41 6.949589527709999647e-32 2.748353506520000104e-37 4.334257083050000250e-03 3.714908728420000158e-47 1.275589164400000069e-32
1.010469953959999987e-16 1.147557494330000006e-04 1.178545571449999913e-28 7.883408132769999520e-32 1.990440227870000032e-43 2.842425635460000266e-01 5.059249591249999962e-59 7.156426807039999449e-01 5.617725804150000221e-82 1.809258714089999891e-22
5.957455779089999950e-32 8.703674929790000467e-39 7.859534838770000365e-01 2.416847005830000159e-21 2.140465159939999862e-01 1.179307921849999920e-15 1.097435654660000017e-66 5.728803718810000164e-32 1.289832810519999893e-10 1.256124137639999917e-18
4.806876411439999792e-29 5.660361061719999531e-01 7.762782802469999799e-14 5.743932612179999788e-56 4.833722927429999865e-79 4.339551963819999747e-01 2.592639008920000062e-26 6.055953349510000128e-28 5.132218752819999610e-19 8.697445801290000747e-06
1.613235547019999938e-01 2.407872562860000065e-01 7.081399008560000652e-02 4.392570304900000061e-60 2.779393726739999839e-23 2.391907091070000005e-58 3.413340862920000220e-10 5.270251332880000472e-01 5.006529754520000204e-05 1.964019444940000065e-23
2.121750524329999998e-01 2.009123304060000115e-01 5.692651587699999460e-01 3.860850944220000113e-16 5.127713530520000442e-50 1.764745839140000050e-02 5.147342245710000124e-119 1.368152813089999986e-41 9.189464338259999441e-48 1.506456897489999906e-50
3.261780757100000066e-18 6.924314808510000091e-18 8.953067552119999589e-15 6.009013790199999594e-01 4.555083380720000019e-02 3.532248730320000085e-01 3.039599492420000195e-36 3.229141410519999872e-04 5.828440326200000165e-64 2.822573701189999933e-22
4.569604331459999891e-01 3.062507126849999817e-01 1.326977186240000019e-37 5.548887918259999700e-12 2.425683953699999928e-32 6.772764181970000315e-62 3.202936703839999995e-11 1.803452756230000052e-26 5.149984996799999992e-02 1.852890041639999874e-01
4.341258792250000248e-02 5.405558946550000330e-43 1.688079798499999883e-39 5.172810884919999806e-09 6.383742400980000342e-01 3.149203567659999980e-01 7.491276657060000275e-50 3.291449028629999957e-03 7.425978727800000546e-23 1.361012332309999895e-06
2.198313079530000051e-08 3.238042448289999986e-01 4.518649115730000165e-02 3.277273239920000022e-22 3.264096536009999938e-01 3.940381188870000030e-58 1.175099663679999989e-01 4.608456089529999874e-04 2.262819494049999878e-05 1.866061482580000097e-01
2.187479561399999989e-11 7.501423751759999598e-16 1.791635604920000080e-06 5.825393431869999583e-01 9.583167842519999323e-22 4.174588651550000251e-01 5.731606044119999726e-63 1.211336423190000092e-18 5.430232063120000025e-33 2.002002385629999895e-50
9.999999996099999677e-01 3.899759542969999850e-10 2.577424512079999861e-16 1.578001369500000048e-32 1.971236629689999927e-70 4.524775074080000048e-39 2.280452201200000134e-71 2.358632247380000061e-51 4.512328887140000248e-30 2.038060677580000093e-81
5.753073660010000237e-08 4.652967925250000025e-01 2.973346345929999898e-03 2.168809079170000084e-02 8.081395120280000155e-22 4.670211372379999837e-01 4.597882794910000225e-24 1.970349278660000063e-54 4.825600870340000124e-13 4.302057556760000012e-02
2.691769370410000001e-02 7.260993934640000100e-36 1.732456853310000052e-08 1.847391070009999861e-33 4.122907516370000192e-01 8.706621558970000018e-44 8.611336926730000125e-43 1.838469231479999937e-19 5.607915373340000009e-01 9.677490011179999609e-24
4.274895209560000228e-13 7.337722655020000246e-59 1.784203244809999900e-99 5.157404392219999689e-01 1.112347916140000022e-18 1.348972057270000016e-22 2.164046653380000129e-01 9.021780782700000261e-54 2.220488407519999874e-01 4.580605468719999712e-02
1.278078903560000078e-31 2.157203332000000029e-01 4.728914550099999905e-32 6.504795137600000166e-02 1.177541858639999889e-47 4.725834401849999811e-01 4.054175277469999894e-02 7.425006090670000479e-19 3.171993743959999835e-14 2.061065224639999915e-01
2.727627751599999855e-27 2.726171110969999863e-20 1.264389966570000079e-01 1.611620768900000013e-14 1.979326750740000028e-33 5.867507894460000095e-01 1.537654571579999963e-01 1.551847941179999992e-24 1.330447567389999863e-01 1.520820703209999941e-82
2.546659254269999879e-20 1.426283650649999984e-25 1.917740360510000056e-28 3.798118345909999860e-01 6.953469947000000021e-44 6.145672472109999784e-01 1.612511457290000024e-18 8.337720963040000389e-54 5.620918197919999755e-03 3.746626673779999974e-31
1.426766591140000013e-28 3.076182175039999886e-11 2.967533853060000198e-04 4.186492665429999982e-01 3.712737962189999793e-03 1.085101155000000042e-13 9.039384794430000420e-06 5.773322009169999935e-01 1.776633264040000095e-09 4.782099778339999703e-18
3.084306889769999893e-01 4.460880985239999985e-01 5.315251464189999879e-48 1.304064246990000044e-12 9.658829612309999527e-17 1.312521219170000043e-87 2.697905565859999924e-02 3.418887372190000053e-15 4.028755988040000063e-26 2.185021568390000113e-01
6.184864810949999861e-06 9.467954289619999464e-02 5.477993011970000364e-34 2.008619248520000138e-33 7.292713208060000617e-36 1.316152893009999993e-31 2.914253198599999761e-01 1.468273395150000051e-16 6.660164448260000353e-16 6.138889523789999858e-01
4.850261826119999786e-01 1.011317226450000049e-10 5.086384058340000359e-12 5.149731042509999579e-01 6.455250867789999647e-37 1.077330084219999973e-29 7.770357633590000171e-61 2.200399127229999907e-70 7.130310059520000418e-07 1.578708119160000085e-34
1.770389458499999902e-01 7.307866083310000419e-13 3.156236005520000054e-01 3.727013684500000146e-01 4.104621886080000309e-03 3.475166596870000058e-03 1.833963140989999915e-64 4.278026902049999935e-24 2.435994357559999964e-09 1.270562942289999997e-01
4.642016348849999918e-01 6.666918976649999860e-28 5.355415239540000094e-01 6.753022785509999838e-53 4.366191383340000286e-06 9.862695230240000499e-36 8.630764666179999307e-27 6.170936825499999880e-06 2.463040333649999772e-04 8.247770580329999622e-37
7.637236044480000097e-80 2.632891318249999952e-11 1.523020881109999995e-07 2.678900514329999871e-01 1.736577518159999887e-14 2.330904057850000100e-01 4.990193857219999973e-01 5.668654224709999642e-19 3.059292671630000091e-23 4.731017714840000027e-09
3.888866711729999787e-02 2.450696724089999889e-01 2.645463575650000010e-01 2.890339624209999903e-01 7.405245477919999986e-02 7.867677965149999367e-05 7.800057314100000514e-52 1.899494607670000068e-19 2.606692825509999916e-34 8.833020892840000304e-02
1.227168335230000020e-46 6.512395407850000295e-44 6.139501763180000143e-19 4.551559051310000159e-01 5.448440948689999841e-01 1.198786353840000042e-32 2.751881134739999978e-15 6.124835807389999718e-30 1.315759188249999942e-24 1.667388200350000073e-46
2.845409372129999831e-77 3.791979796150000323e-08 7.976182928750000234e-02 2.782431528270000176e-01 2.603451406810000091e-01 3.591125036670000086e-06 2.171997045559999946e-07 3.816460309440000143e-01 1.614051823429999946e-52 1.605504157119999883e-11
7.543928487660000372e-22 4.854398354060000390e-22 1.000000000000000000e+00 4.405294414700000137e-39 2.033659186400000049e-41 5.798543590560000020e-27 7.298080155669999764e-78 2.658594331989999977e-39 3.350377683560000049e-35 2.882747992150000131e-86
7.238841646539999689e-03 1.079235470080000000e-27 4.752838062429999844e-01 1.070130858830000063e-27 3.515697552230000189e-02 2.207578863620000086e-30 1.018862365330000045e-35 1.238636279269999977e-16 4.823203765879999771e-01 2.761274584129999855e-24
2.951279311930000149e-01 7.600792168849999980e-35 3.929432548489999797e-16 7.753766304639999756e-19 1.245169117179999974e-05 1.322077994220000103e-93 1.856005518129999936e-29 5.126760553059999735e-33 7.048596171159999813e-01 1.327373731670000071e-47
6.937568492640000135e-24 7.595393374450000179e-01 5.380154601999999438e-26 4.224368148180000230e-45 1.660077806049999919e-276 1.953977734529999954e-01 6.077329035499999826e-12 8.160778655280000137e-68 4.506288909600000142e-02 6.464714213560000006e-16
1.876263166679999863e-77 1.887321666079999944e-39 8.086653990340000181e-03 1.377046658459999911e-22 3.250322226890000055e-01 6.596840275580000412e-01 7.197095760479999861e-03 1.747592022189999994e-12 2.423072512729999929e-30 1.690611998969999942e-28
1.505796725110000078e-17 2.765949564380000083e-10 1.310435199780000115e-01 2.266463205229999906e-03 4.091988217019999811e-57 3.659463833159999901e-01 3.108911270010000227e-01 2.759511242870000023e-40 1.898525062230000116e-01 1.547055559649999943e-123
4.388190173620000190e-01 5.985165200829999820e-05 2.569324457549999988e-07 4.781108122439999830e-01 7.509203594900000017e-40 8.301006180940000145e-02 9.392578440970000081e-42 1.554271677090000079e-21 7.107549880040000045e-30 3.606126664100000006e-84
1.701456331430000027e-21 2.101419129140000040e-50 3.432241502769999811e-46 3.278524063459999915e-01 5.139067261399999775e-14 5.267388334460000321e-01 5.472601210819999613e-16 1.785451866009999978e-36 1.452448608180000045e-01 1.638993898230000083e-04
2.672204652979999732e-82 1.678841404469999922e-06 9.244234278239999465e-36 8.363907594070000136e-21 6.981901126649999598e-37 6.629554999390000480e-01 1.472372522230000029e-07 2.595217820589999953e-05 4.013601299680000312e-108 3.370167218039999968e-01
7.484093761800000121e-59 3.826849911379999747e-01 9.551405176309999150e-19 6.932097757480000511e-02 1.337758294250000107e-13 3.087248962909999728e-01 1.171980558919999952e-29 2.392691349430000058e-01 3.805973268209999816e-174 5.340294655859999729e-11
1.648275034479999996e-21 6.626745958919999513e-01 3.166211388109999983e-17 1.767902512830000025e-09 4.421203565639999704e-08 2.695762634010000089e-29 1.091370223240000094e-25 3.827862826900000082e-09 2.036688504659999877e-51 3.373253542999999910e-01
3.187547476509999742e-10 1.258421429459999934e-20 4.326406982300000093e-01 1.628557964919999899e-03 1.492032274879999953e-01 1.919827606340000076e-27 3.298307046190000110e-32 6.969638879829999914e-34 4.165275159979999753e-01 1.412248444939999916e-24
1.353500484709999935e-48 3.259710816939999888e-03 3.200259498670000174e-02 1.324433462210000077e-37 3.367160071969999923e-48 4.833843711310000235e-01 4.633194010519999795e-01 1.803392201340000070e-02 3.608111763320000240e-23 6.756510047229999775e-42
5.470326295899999858e-01 3.202994263149999922e-06 9.003246862289999985e-02 1.524681492029999979e-06 9.919780530799999444e-04 2.627160126809999802e-66 3.619368026879999922e-01 2.149835990079999984e-27 1.393370136280000035e-06 3.230365043489999717e-33
5.498854115640000082e-58 2.569530775030000047e-01 5.602437177739999496e-01 1.508214486849999986e-30 2.549834134839999906e-04 1.171844386940000070e-33 1.635369714029999918e-18 4.588337292579999782e-02 1.225778143639999943e-71 1.366648483840000039e-01
8.318381758780000250e-17 6.751307386880000488e-42 2.269899784169999990e-01 6.069561905950000020e-24 5.058308755689999714e-01 8.795208255000000171e-04 2.565484359069999960e-33 2.662996251440000184e-01 4.441406113919999886e-11 2.127349401029999880e-44
4.881020868100000030e-50 7.895842064960000206e-79 4.871906023420000336e-34 1.368535481389999928e-52 5.729960454570000028e-01 1.965920032400000073e-01 2.303580592820000106e-01 5.384974256470000185e-05 1.429639222269999965e-18 4.227856141250000277e-08
2.885517250290000058e-01 2.532719528280000102e-13 6.080783964240000198e-13 3.561412830299999777e-01 8.962776410889999879e-02 9.256929171909999976e-02 3.544203430780000214e-22 1.731099361120000124e-01 3.964906088680000200e-38 6.190186349280000289e-20
2.775499477010000156e-11 7.179761118539999442e-15 2.967334176019999973e-06 5.825735343910000141e-01 1.620740184239999928e-20 4.174234982469999800e-01 1.467590416939999894e-51 6.293222986820000359e-17 7.630392441009999705e-27 1.121105975480000076e-47
4.887670011979999840e-02 4.182367984629999924e-01 1.022170512899999995e-01 1.811346213070000044e-01 2.426905397369999995e-01 6.568884001569999596e-08 7.440901663539999398e-43 4.580724675450000414e-19 1.262898312520000108e-29 6.844223395169999995e-03
3.189126693509999935e-16 5.478394397410000046e-30 2.045560999809999947e-01 2.946504535180000106e-01 3.648247513339999970e-01 9.273279254019999433e-06 4.772510997159999680e-18 1.328550504499999929e-09 1.359594205599999883e-01 1.879823473679999868e-49
3.303964469770000072e-25 6.072827780639999752e-12 2.761632653200000176e-01 1.025423120720000032e-10 2.875480034349999870e-71 6.064719460599999580e-13 1.559862915740000098e-32 1.920097117730000020e-102 7.238367345709999512e-01 4.082786180999999716e-64
1.818052074569999899e-01 3.786172822569999763e-02 3.377362465569999888e-45 2.925381139829999911e-03 4.536930938129999945e-56 6.079582439200000021e-02 4.131365279670000112e-01 2.682217130309999828e-19 3.034605209880000265e-01 1.480983069089999983e-05
4.901177749869999739e-02 6.391009405490000184e-01 1.361086238569999976e-03 3.105261957139999751e-01 1.718849856230000042e-42 1.726717264290000066e-27 2.244741392029999849e-61 9.015478964019999481e-74 2.209183735979999901e-33 2.258988974460000105e-60
5.549532818290000083e-05 1.912671749560000162e-36 5.803266207099999630e-01 1.358474757619999979e-75 4.175254867529999969e-01 2.889839419720000107e-25 5.346729003350000059e-55 2.092397204209999785e-03 4.286860207280000300e-12 7.098390188140000317e-25
2.153976680000000063e-35 3.675444798280000211e-25 8.134578785639999989e-48 7.205056857660000298e-40 1.236086629120000007e-36 5.537593127539999653e-49 1.000000000000000000e+00 2.023764414289999996e-17 3.630141093059999866e-29 8.823532850110000068e-38
5.427430748889999941e-03 4.678036688769999785e-01 2.066169897739999930e-22 1.553322937470000055e-08 1.701662602639999964e-10 2.058108636319999903e-46 5.193785535090000337e-21 4.270878961660000229e-11 1.073043409220000008e-25 5.267688846279999781e-01
4.721233839730000381e-34 1.534717765989999928e-13 7.837265447860000421e-07 3.658924437150000153e-01 2.433839413980000074e-02 6.096026486710000025e-01 9.788003343390000833e-56 1.657297470410000082e-04 9.645977477380000456e-112 7.200341820410000211e-31
6.113270041839999891e-01 1.221118131599999990e-01 1.804977855610000081e-05 3.378211870880000145e-09 2.629561415619999787e-01 7.451203163840000487e-13 1.083105488909999929e-27 2.070081961789999815e-09 4.798602972809999937e-35 3.586985865909999953e-03
6.768680221620000381e-01 2.447963973210000033e-01 2.677894713980000013e-04 7.806779104580000017e-02 5.668751691770000087e-44 3.248897743089999829e-17 2.215022963969999876e-66 7.975144738170000383e-56 1.651794143029999981e-24 2.420196517549999877e-56
3.944643492689999788e-28 4.933513540240000036e-36 2.534726080990000116e-02 3.081659939960000095e-15 1.529251896639999904e-04 5.888963669110000021e-01 7.892253433470000634e-02 2.475893864359999886e-10 3.066809125070000253e-01 2.488146876859999763e-41
7.999686244099999754e-27 5.733471027419999588e-01 1.427667896599999939e-17 1.007534833370000021e-01 6.776728589580000112e-14 4.398927742069999644e-28 6.669235240409999894e-30 2.871858045860000101e-24 1.026460183669999988e-39 3.258994139210000252e-01
8.684456754450000014e-20 1.396603199830000075e-19 6.747815864259999741e-02 5.668536441849999497e-01 5.524662264970000430e-03 1.337418108249999890e-32 3.601435349079999959e-01 4.799406689860000093e-16 1.244823079500000003e-17 3.274572177900000117e-74
3.193242703270000199e-38 1.219748193019999934e-53 9.644342879099999257e-37 4.224153440419999999e-41 1.697403898679999953e-07 9.548740578599999373e-12 1.673760911920000038e-01 3.634281564290000044e-01 3.752047279449999828e-01 9.399085468460000037e-02
1.658396778269999982e-20 1.239020625249999932e-15 5.524785413949999668e-01 3.976847008739999856e-01 4.983675754720000295e-02 2.287286257839999978e-34 2.917868815289999855e-24 2.081847404509999973e-42 1.841665733430000067e-10 2.614746639790000052e-15
2.567198659779999889e-83 1.655886829709999869e-55 4.958898773170000259e-36 2.364746271350000102e-48 5.021394502979999828e-06 1.236760585560000028e-15 3.331651968189999757e-01 2.380811670419999970e-01 5.952500791910000334e-30 4.287486147440000006e-01
9.096972917650000424e-17 1.326458662680000060e-08 5.037260211620000483e-01 1.227683721280000042e-29 1.843272374530000053e-96 1.665568290370000061e-09 5.630217519849999745e-25 7.005067831399999535e-82 4.962739639079999932e-01 9.937218742919999659e-75
7.852739199049999508e-01 4.357944886930000210e-21 2.031431967470000032e-09 4.460039855239999820e-35 1.430960367690000123e-01 2.271780987960000155e-08 3.681666100179999734e-55 7.162914148809999826e-02 4.009254485359999920e-23 8.770885669080000102e-07
8.422466811049999815e-30 5.660361810480000200e-01 6.118867506840000337e-14 7.618428996040000355e-56 3.590074746409999764e-79 4.339553595349999737e-01 1.609783027320000037e-25 7.246895656389999953e-28 6.296496105370000384e-19 8.459416813090000383e-06
1.171406023459999925e-02 4.471124227849999972e-21 5.711144812160000306e-02 5.596493542509999725e-02 2.770990684469999965e-01 6.638159969099999523e-08 4.564448764720000262e-08 2.564287876149999867e-01 3.416815881299999913e-01 2.630222829330000109e-53
6.754066385590000064e-05 1.465925126420000030e-02 1.349437611879999965e-05 4.624606742489999928e-06 1.325822658280000013e-44 5.261434126920000454e-01 3.409502532909999982e-45 1.086792073929999983e-65 4.591116757970000184e-01 6.001219462630000240e-10
6.340729368019999862e-07 1.582155617700000128e-01 1.810447831680000118e-05 6.939626446329999843e-22 2.573733482839999868e-30 7.925034442419999813e-30 7.447108684519999910e-02 7.672946128340000227e-01 2.150107887109999998e-13 4.257104027730000351e-62
1.036276490350000009e-37 2.972704717589999977e-24 1.663748612540000090e-47 9.733388569550000156e-70 3.741390659039999772e-50 5.355766944490000236e-01 5.540547429019999642e-18 4.635525190659999795e-01 5.213856675270000211e-42 8.707864849609999814e-04
5.746379665940000159e-01 2.867013837249999919e-14 7.387212084059999763e-11 5.811087047220000211e-47 9.693154865760001039e-35 4.029308435169999814e-01 2.531860995380000035e-31 1.132223975880000027e-23 2.243115565180000062e-02 3.416283955910000307e-08
4.177688795549999966e-22 1.795085157059999881e-01 6.399599409800000306e-10 8.494755735780000443e-60 9.929510052509999394e-38 1.610259415320000054e-01 1.751314349229999936e-26 5.417553425820000219e-03 3.351454867080000118e-44 6.540479886960000044e-01
4.831010323999999963e-08 6.446481667250000269e-01 1.073127424030000055e-07 6.894364012439999996e-20 2.370280401159999905e-11 6.197583837550000126e-13 2.945293631030000161e-36 2.514657392399999858e-01 1.108696045330000003e-25 1.038859383880000042e-01
2.946719567940000186e-35 6.932903080310000295e-30 1.223531966989999942e-01 7.839677797730000286e-01 9.223424356630000355e-07 9.983302671019999630e-45 9.367762290219999732e-02 8.797074185709999420e-31 4.782833765560000328e-07 4.423791330819999745e-90
2.576224430549999982e-40 6.093530543999999827e-01 7.217798672980000454e-18 1.747879202010000018e-28 2.202677266539999834e-53 1.105992321609999968e-01 4.193700709709999740e-14 9.914013598930000767e-32 1.740998052270000067e-33 2.800477134389999789e-01
5.354376704219999672e-01 2.999090285339999897e-06 3.491658470349999766e-01 1.606662049540000025e-05 7.731329414270000398e-06 1.153696855019999967e-01 3.753804625210000051e-66 3.590193302649999876e-18 1.266371570000000041e-25 8.723568781480000497e-13
1.518390718719999906e-04 6.271224260850000176e-01 1.624865894669999977e-18 1.220132030379999982e-28 2.422710276869999891e-14 7.951378113550000368e-36 3.706628217970000183e-25 5.897916648019999736e-02 2.084509540940000116e-41 3.137465683619999890e-01
3.416626833209999992e-02 2.504869039700000077e-01 2.637714365320000254e-01 2.875295040870000096e-01 7.615780347020000007e-02 1.075256840339999998e-04 2.608394966999999960e-51 4.505089168670000155e-19 4.907751699940000232e-34 8.778055792380000388e-02
2.479844763729999859e-39 6.612724674769999700e-01 2.684714959419999913e-40 3.387275325169999962e-01 5.285137184570000268e-55 5.542382997179999945e-26 5.427771135240000248e-12 1.021914081969999959e-16 2.505912394750000017e-95 1.970597818059999922e-57
3.246470922179999811e-53 3.601504709429999982e-13 3.240051500700000253e-01 1.673151256719999968e-03 2.265067858760000108e-01 7.234603570119999862e-03 9.079589933160000574e-14 4.405803091889999856e-01 1.445712814659999893e-20 3.751825008839999841e-11
2.342339723889999974e-43 5.886683975159999749e-01 3.871610339470000217e-01 3.726916232600000117e-22 1.095773891970000004e-02 1.049499254199999947e-44 4.427012624840000188e-03 8.785088291709999830e-03 2.479835112119999990e-42 7.287001938689999715e-07
4.899987538370000080e-45 1.109467865130000074e-31 4.399174795319999998e-01 1.018648467090000016e-32 1.052543692990000057e-01 1.173709947510000046e-01 7.146545262089999505e-17 3.507733810730000085e-29 1.015152811610000031e-10 3.374571563170000177e-01
5.471421004690000256e-01 7.546762393509999973e-06 8.986500584930000313e-02 9.008007172420000392e-07 1.126099436929999973e-03 1.022138259940000019e-66 3.618565464130000242e-01 3.823434272069999968e-27 1.800269385629999977e-06 2.673177094510000127e-33
1.103271830769999966e-39 3.025056040129999793e-53 3.060072501130000101e-38 8.716984857680000381e-46 1.196552920770000053e-05 1.418340135100000047e-13 1.558794573900000036e-01 4.056656223589999999e-01 4.170948595710000095e-01 2.134809515049999884e-02
3.185487567300000047e-12 1.731336730709999994e-01 2.775132992129999913e-08 4.932941787210000370e-78 8.508692307330000624e-70 2.770584731609999744e-35 4.095618490549999824e-01 7.344276867330000148e-17 4.173044501200000034e-01 1.848030806810000006e-29
4.739222824589999772e-01 8.666749653089999942e-27 2.082382797840000022e-01 6.224540426509999635e-45 2.396323295180000090e-01 6.182985786990000307e-38 3.420959612359999830e-26 1.623112886100000000e-09 7.820710661539999331e-02 3.472559333320000095e-32
4.706817350079999795e-01 8.138426068390000031e-29 2.087390280149999944e-01 5.567621652120000299e-44 2.379971924500000058e-01 4.052841193110000155e-39 1.737406258650000008e-25 1.935818383509999917e-08 8.258202516990000019e-02 2.891968099720000051e-31
4.530792497269999874e-04 1.796284862769999956e-06 1.250715485730000062e-43 5.980295342619999710e-21 6.985936051929999384e-36 3.000999405970000145e-01 3.805160510360000026e-01 1.910742975660000009e-01 7.550385093790000136e-11 1.278548351909999936e-01
4.902984359470000318e-34 1.609472930249999988e-46 5.030070350059999773e-70 1.000000000000000000e+00 8.624717215560000296e-32 4.185552191560000285e-55 1.251034776339999923e-36 8.428308036570000503e-70 3.542863482220000145e-45 6.842117763110000572e-48
2.374458047190000171e-41 8.461544956210000284e-24 5.810622553609999796e-01 1.934821708649999945e-10 4.189377444449999821e-01 2.164099877450000051e-22 2.282701116059999905e-46 3.667028145989999805e-38 6.081349331719999971e-30 8.712793851709999801e-15
8.379454152270000150e-04 9.528718709510000359e-40 2.860546648340000273e-14 1.157726823659999967e-07 6.169735001610000547e-01 5.379480236790000219e-17 7.077245130739999507e-13 3.716646143589999907e-04 3.818167740360000062e-01 3.454138692379999931e-46
3.083378177789999963e-10 5.511297354189999913e-15 4.106380988080000072e-01 3.330212379090000248e-26 8.008042905039999913e-04 9.248976224559999555e-08 4.243094437389999807e-01 8.344887696710000394e-16 1.336762217659999974e-01 3.057533859919999916e-02
2.896865678920000167e-19 1.370428844370000059e-54 8.847258338929999921e-75 7.276738763899999463e-02 7.343801764120000408e-01 4.412923778809999859e-11 6.061563107720000001e-45 1.944821373740000094e-17 3.293006664800000038e-57 1.928524359050000081e-01
2.130595523039999887e-20 3.090527735690000043e-06 3.797534351759999818e-26 5.825444441670000195e-01 7.708089726380000257e-72 4.173932444219999871e-01 5.922088330130000154e-05 2.523755690549999971e-58 1.705747218269999973e-22 9.677358415690000477e-45
2.488340253400000012e-50 2.742236310769999852e-01 1.720539713220000100e-01 4.389073124089999667e-02 3.872600872299999676e-09 9.891052272300000536e-15 2.538284784509999836e-01 2.560031840359999755e-01 7.072726325479999764e-59 2.875451663119999851e-35
2.394897590850000035e-01 5.758437707710000049e-07 3.093638617369999783e-19 7.605090917010000062e-01 4.871975998569999804e-22 5.797056235879999842e-64 1.007286442770000040e-43 1.674966042479999945e-89 4.433206684479999773e-07 1.300502994870000074e-07
2.599796308809999786e-19 5.951731787310000011e-73 1.378755453000000034e-16 2.812223773600000146e-37 7.006055703919999988e-01 6.154629806299999877e-10 4.122805754840000267e-42 2.993943840180000038e-01 4.497416300369999734e-08 3.547432574239999961e-42
9.622849131509999635e-159 1.034920955909999956e-35 1.044705681060000010e-19 2.669063597149999860e-14 3.565072172709999876e-01 2.238035287569999920e-01 6.873045083499999819e-02 2.903215169620000031e-08 1.862961781940000066e-39 3.509587741049999821e-01
1.527018639570000037e-02 8.576818007629999853e-23 5.578386217979999784e-02 5.394642260299999798e-02 2.784364349380000214e-01 1.457965468699999935e-08 4.477279802729999937e-08 2.561104633399999830e-01 3.404525711909999752e-01 2.722649914859999923e-54
1.204614051359999997e-09 4.598791540430000123e-07 1.196486214389999942e-08 2.419642445729999832e-62 8.884943735490000493e-44 3.188577717919999777e-01 3.132449518919999827e-35 2.258108083029999918e-07 1.843590557640000058e-07 6.811413449900000083e-01
1.888332093099999989e-17 5.495863865380000399e-09 5.037260273389999599e-01 8.546098552789999735e-30 7.296615294260000021e-96 9.037720881819999886e-10 5.208651598319999780e-25 7.029296690099999744e-82 4.962739662610000102e-01 2.397767895510000164e-74
2.978830396980000007e-16 4.032159769139999629e-12 3.262131640020000112e-01 5.756568528460000045e-62 1.132361095659999980e-54 6.737868359930000439e-01 8.470116697100000566e-102 2.310740596530000165e-50 5.457182268879999931e-23 1.243512343710000041e-12
3.772255300959999960e-06 2.934318698500000040e-09 4.258981952040000185e-01 1.718544233829999990e-01 2.808716259920000071e-33 2.741930953430000134e-43 6.568847329910000342e-35 9.293627072579999637e-67 4.022436062240000165e-01 3.511831230129999863e-70
2.096366900330000080e-22 2.943707317479999919e-01 4.461459088470000259e-47 2.368063314109999928e-01 1.083585101770000006e-60 8.344251971890000271e-38 3.470807867770000187e-03 9.679702562650000108e-86 9.189183654390000479e-07 4.653512100550000197e-01
3.716989332610000085e-01 5.630371173019999838e-40 1.202423321499999988e-18 2.733310663129999883e-30 3.196240832810000043e-01 1.714530222680000066e-09 2.139799735969999977e-84 1.277171327499999938e-11 6.853313988400000363e-16 3.086769817300000218e-01
1.866766025609999970e-03 5.799615714520000020e-01 2.934466589210000067e-06 3.822582818510000162e-04 1.399345465149999995e-09 2.243336971869999940e-14 1.222296772769999893e-34 4.097618402539999837e-08 2.349983276619999889e-08 4.177864038979999806e-01
2.279121162089999832e-15 2.570776193420000189e-01 2.322348651220000060e-01 9.635044215419999379e-13 9.860673811039999404e-02 1.215492634030000029e-37 1.177089596549999990e-07 2.683484348709999981e-03 2.467584313879999935e-01 1.626387439800000001e-01
3.894422348460000191e-16 7.884154005539999513e-44 2.457841661719999959e-01 1.081372549430000082e-95 1.129757713870000041e-01 2.016846185089999910e-01 2.300377245139999956e-29 4.040981976980000112e-02 3.868818235120000115e-01 1.226380065130000009e-02
2.190901907780000130e-28 1.159172811770000071e-23 3.526764364309999955e-01 2.919378071810000111e-18 2.331913144309999932e-33 4.969590100840000080e-01 2.928862869410000028e-02 1.052974977039999949e-27 1.210759247899999974e-01 2.102189861179999981e-79
3.955234707179999963e-07 1.400683066940000034e-02 2.621261485010000225e-01 6.071357807560000541e-01 2.359704418990000064e-07 1.695872093470000089e-12 1.681248072930000101e-50 3.815687824150000175e-34 4.640114578879999939e-22 1.167306085779999947e-01
3.761260540170000000e-01 4.662796554729999932e-25 1.781576258890000044e-18 2.305480024980000042e-01 2.426055958780000132e-01 1.353250291110000003e-01 8.604778689229999346e-22 1.539531657949999924e-02 1.916240358890000073e-09 3.829697617630000289e-18
7.815027743239999491e-02 2.134081238830000116e-01 2.568954865060000259e-01 1.452924301079999866e-60 2.764829931299999825e-24 2.784982483360000172e-50 7.549654645800000234e-17 4.515460904749999949e-01 2.170397560209999898e-08 1.253998287140000079e-21
4.162395169839999858e-80 4.963539907310000104e-07 6.746343056529999453e-17 4.771740197410000109e-08 4.090166455120000178e-38 1.745141003540000013e-01 4.311410009259999792e-47 1.202399005849999995e-53 3.119459412589999740e-57 8.254853555750000238e-01
7.083337951970000157e-01 2.206579917599999922e-17 1.811739145860000140e-05 1.896988808050000039e-15 2.522684894080000073e-01 1.550709516030000166e-05 7.817393825930000672e-49 5.351697706069999758e-12 1.381085682200000037e-07 3.936395279390000196e-02
7.369453946270000388e-01 9.553179733690000154e-27 4.161116867019999843e-36 2.630318458690000250e-01 7.076886039730000155e-14 4.419909980810000180e-12 1.236848344269999922e-12 2.275949835590000090e-05 2.196327010009999984e-23 3.456869308529999736e-54
6.259887812930000066e-05 2.383689921290000069e-01 1.233376386570000066e-12 7.615684085530000091e-01 2.904259387200000032e-31 4.383530245629999898e-10 9.401672369020000274e-25 5.500484561279999947e-15 8.066477251380000107e-54 1.206370597280000014e-62
3.430924039170000177e-36 2.178112811240000052e-52 5.949001602450000290e-35 1.164515615899999972e-41 5.829501179590000106e-05 4.509705355109999997e-11 1.674435883289999982e-01 3.633022279399999999e-01 3.750984348649999967e-01 9.409745380890000011e-02
1.261553117609999974e-03 1.265893558799999926e-30 1.513939978340000023e-71 1.862168676060000083e-01 3.065187829219999880e-27 1.764945760249999851e-45 7.456837100410000212e-11 1.486412101720000006e-87 4.975448688979999812e-01 3.149767103030000071e-01
4.318862925899999824e-20 1.707079042309999867e-27 4.706349640859999739e-01 6.059868458149999727e-34 7.806023679849999840e-13 9.683384166510000668e-02 8.849991773570000170e-25 1.493095256100000085e-25 4.325311942480000171e-01 8.300628784590000163e-14
5.116455832859999608e-01 5.779471691269999663e-14 1.826009009210000013e-38 1.798803582089999908e-06 1.658443830220000034e-24 4.310213255049999939e-23 2.282561528929999972e-01 5.386289115150000327e-52 5.765057317600000286e-02 2.024458918410000086e-01
9.428773896409999235e-13 1.094392184100000053e-15 3.695476392529999880e-03 5.774034192179999803e-01 2.890922902930000062e-03 2.543051186269999760e-75 2.567736894130000024e-17 2.549245732229999958e-54 4.160101814859999969e-01 2.243463055890000156e-28
4.924377539779999567e-59 9.521227515650000132e-11 1.121499454140000018e-01 4.478757051530000283e-02 3.025423417540000215e-01 6.298136482520000357e-02 8.148852128689999631e-18 4.775387773959999804e-01 1.439345684860000052e-26 6.968827689399999517e-13
4.598296091999999891e-01 3.430311028329999928e-03 1.829434422799999978e-16 2.830195474250000052e-56 7.927733251770000276e-44 4.632892211010000054e-04 2.364858720120000207e-16 6.644972493920000569e-05 1.720706135519999895e-06 5.362086201189999457e-01
2.811062654859999843e-01 6.435076894979999739e-41 3.104975804200000047e-44 2.325831678290000082e-16 1.376427145979999932e-05 5.597596974790000068e-01 1.687056048919999924e-04 1.997504099960000119e-03 1.544442839390000044e-01 2.509779119149999939e-03
5.087920728720000204e-17 1.678271776069999917e-13 3.150857186840000303e-05 3.760741313309999834e-01 1.923729193969999918e-01 1.581445636790000063e-06 2.032577730960000032e-90 6.720329819280000233e-34 5.165403776430000195e-39 4.315198592550000267e-01
3.302728793900000153e-23 2.261892051329999984e-18 6.132540380850000084e-01 2.560864294349999848e-01 2.644282132049999776e-16 1.276753157269999994e-01 9.005271405770000441e-12 2.984216745079999906e-03 4.058275310730000217e-29 4.641458360890000099e-121
1.327190628869999923e-32 4.661436259469999843e-01 2.156006583650000030e-01 6.150164070759999921e-04 2.371806138410000042e-01 1.230328696340000065e-42 1.999588434159999895e-04 7.782290218110000154e-15 2.479952771519999804e-13 8.026012659660000659e-02
9.498138790410000578e-11 4.331177835739999926e-01 3.955899336919999759e-02 2.505707685770000152e-35 4.138420187889999685e-02 3.911506203650000018e-59 1.383393083960000047e-01 3.470102544959999813e-01 3.848594590209999948e-15 5.894581907080000171e-04
1.010749168320000012e-20 2.955395452180000215e-01 5.447042944319999939e-23 2.375665336480000112e-01 2.697986070839999803e-13 3.038629985509999901e-44 1.042309792589999992e-27 6.590079931179999904e-25 5.501030167309999524e-38 4.668939211340000228e-01
2.206027459939999800e-37 1.265867961049999894e-28 4.763395548619999683e-06 3.152429706450000230e-02 1.617728836239999968e-01 3.802176983839999913e-01 4.264803575269999758e-01 1.807720304910000003e-19 4.980028317069999987e-12 3.970330838559999701e-27
2.920893247700000018e-11 1.186668053230000027e-20 4.331945454580000132e-01 1.860235240910000133e-04 1.493312039670000035e-01 4.320252587949999768e-27 6.132623791229999588e-34 2.270462390039999914e-33 4.172882270220000245e-01 2.645098164280000026e-26
2.858694173149999851e-01 7.786956668610000557e-12 1.752327781709999963e-13 3.611375489390000193e-01 8.088346244119999640e-02 9.340833026080000434e-02 3.091546704609999897e-21 1.787012410359999914e-01 3.470776251440000141e-37 7.104214753219999670e-19
8.076533693760000303e-30 4.770177042679999979e-01 1.783678294109999884e-35 6.700681770969999627e-14 6.000717849960000143e-120 3.582762366810000043e-01 1.647060590509999978e-01 9.135842983539999919e-31 9.229195794400000531e-26 2.362469603550000068e-47
2.425520040130000124e-02 8.471579106780000308e-09 7.334359105690000302e-05 4.089287021299999880e-01 6.992017572940000225e-09 5.309991724429999893e-01 7.943591620039999569e-37 3.574356597109999700e-02 8.408103882330000491e-29 2.054665291440000025e-39
9.000453468069999733e-25 8.505484288619999971e-34 5.536582154320000004e-01 4.002386579159999958e-01 4.599484700849999774e-02 1.082791818949999958e-04 2.894949782409999847e-20 6.414759712700000254e-12 4.551383804689999948e-10 1.928820464920000102e-55
2.017537231290000166e-06 7.360030876479999770e-23 4.623205239270000220e-30 2.290206969549999916e-01 4.928459863379999850e-22 7.709324441349999502e-01 2.596921133489999941e-10 1.353721652139999996e-25 4.484111277399999742e-05 1.562511195890000063e-18
1.738824544479999923e-19 6.626626862150000186e-01 7.291383471659999935e-15 1.247971737270000072e-10 4.324439588860000094e-10 4.922794830739999888e-23 2.882639128429999956e-35 2.167628164049999904e-09 1.553618694360000110e-57 3.373373110610000114e-01
4.973116753460000289e-02 4.196535271510000165e-01 1.018961189130000028e-01 1.801762681619999973e-01 2.461618060619999993e-01 5.060846721800000167e-08 1.572601187820000080e-42 5.251092278899999635e-21 3.679578635630000167e-29 2.381061567429999977e-03
3.265214524070000112e-26 7.142755140109999650e-20 1.042625266759999978e-49 4.294986609780000224e-66 1.834267094220000131e-49 7.042535222859999813e-86 2.401694022360000014e-01 1.549388232250000071e-30 7.598221754680000162e-01 8.422296182660000177e-06
6.596186432090000157e-21 6.626745967730000020e-01 1.686093675209999967e-17 1.061147172499999968e-09 4.524290200640000102e-08 3.716865258779999655e-30 1.152066596069999992e-26 3.023979960199999825e-09 2.860833456710000050e-52 3.373253538989999800e-01
9.506028718140000291e-03 5.034847776230000191e-24 1.937659121770000104e-01 3.326257647329999845e-02 3.148373688819999794e-01 1.544988568880000065e-07 3.980453487590000059e-10 1.534079794769999949e-01 2.952199793759999746e-01 3.454238636859999701e-49
2.375483643290000120e-90 6.416519815220000500e-20 5.376065782150000079e-46 1.710118371919999962e-08 3.000275223109999999e-30 4.927005013599999872e-01 9.389338164499999675e-10 5.785744642519999567e-16 1.218336445889999893e-69 5.072994805999999635e-01
2.672138698829999797e-10 1.432274851479999992e-24 3.504122347400000004e-24 7.293488218549999841e-13 1.814987208930000095e-01 3.280728115740000181e-41 3.423187936949999982e-02 5.324510781410000115e-01 2.518183213280000277e-01 3.721871270659999774e-17
1.759605608259999992e-19 2.495050738250000018e-10 1.038040628740000012e-54 2.086205347869999905e-15 5.079787683710000136e-30 2.380131765679999971e-07 5.667759515250000435e-01 4.429748707679999732e-04 4.629812626750000017e-42 4.327808353420000143e-01
1.418445418060000120e-16 3.543044694610000128e-02 4.732232443559999946e-02 7.331999769199999474e-86 2.539761165010000032e-38 3.432800083879999912e-16 1.644112726610000019e-01 3.877016209690000159e-01 3.648370672249999780e-01 2.972677633259999952e-04
9.951404798309999765e-10 4.394328709599999776e-07 5.842852892930000541e-01 1.787278786029999900e-01 2.369863916759999967e-01 1.461703924340000008e-33 1.355066392179999910e-19 1.251641114520000070e-29 1.169617096200000016e-16 3.793123834369999779e-21
5.774858668380000127e-41 1.332261817860000039e-61 1.056325601010000037e-69 2.441976465250000131e-38 3.850797969769999879e-20 1.297053856969999919e-01 9.904695020380000123e-15 2.747587473459999763e-01 2.262929675239999895e-22 5.955358669570000041e-01
2.883107772650000082e-22 6.088826373890000441e-44 7.195329184420000023e-44 3.257616692010000259e-01 1.275319922860000025e-15 5.264352367310000114e-01 4.600259120990000253e-14 1.730316979169999938e-37 1.478030665550000011e-01 2.751303917649999949e-08
9.693197664290000307e-52 6.825190300959999617e-34 5.189803624359999867e-01 4.923971919869999809e-18 6.152298861210000330e-02 1.392219681849999995e-02 1.195180766829999978e-17 1.434994997939999888e-44 1.145683604240000037e-03 4.044287685299999824e-01
5.195803951499999960e-40 5.080738109160000127e-01 2.099228605909999996e-05 7.483365108320000224e-34 2.911190710549999916e-59 1.695271961569999912e-32 4.919051921720000164e-01 1.088662388059999916e-49 4.625746119979999765e-09 6.180463231260000300e-25
2.878686961200000030e-11 9.250967006910000261e-13 1.441368000669999982e-01 3.683453515449999808e-100 1.683308975090000079e-09 1.312188467679999916e-53 9.330244954659999270e-41 7.356936096639999922e-01 6.530195004870000537e-14 1.201695885560000038e-01
