2.213169976639999977e-22 1.371863819370000015e-14 2.349276474959999913e-45 3.742186711769999730e-01 1.946261967419999831e-09 6.540862488289999581e-48 2.542001453309999937e-02 9.755325535570000142e-79 1.860399510240000054e-01 4.143213613200000256e-01
4.559756532590000244e-01 1.879951830159999893e-01 3.560281126729999968e-01 1.161837987569999953e-89 5.026155565600000138e-07 5.022787993659999901e-17 6.409459171190000055e-66 5.484358678170000133e-07 1.618845225879999971e-63 9.385435461110000087e-49
6.104708169729999856e-01 1.049338512279999985e-15 2.229725725329999917e-13 7.775446040710000149e-24 7.653626658200000226e-32 1.242701228969999885e-41 4.893427185490000196e-15 3.895291830270000144e-01 1.399317575039999904e-46 4.484197509780000172e-14
4.718543589609999839e-42 7.949896302450000714e-27 3.552824628899999894e-30 6.849629731620000334e-57 1.670221232569999987e-04 8.811801342409999280e-09 3.783181102919999723e-54 1.934358432040000075e-01 4.737230119319999876e-42 8.063971258609999859e-01
2.695899688619999959e-11 4.834941486359999874e-01 2.027280977260000061e-01 1.321738258550000020e-16 4.706325692310000355e-43 4.232552531389999578e-25 1.189226668569999968e-05 3.137658613450000078e-01 1.135867684450000047e-42 1.638317208580000106e-19
9.260845292379999560e-28 6.125627290169999989e-02 1.742372303749999983e-43 5.608013129799999946e-20 3.153293988170000062e-01 5.204755995330000126e-49 6.251421601700000404e-07 4.797639617580000126e-01 3.465159353370000280e-76 1.436497413820000124e-01
6.209618454820000254e-48 6.124639105989999640e-09 9.941546204590000638e-38 1.996442722980000025e-11 5.712411329850000108e-01 3.395037254460000125e-07 4.283892755650000050e-01 3.737101074109999753e-60 3.595114978060000017e-04 9.734304197380000154e-06
3.534120434429999791e-01 1.013342000739999998e-01 3.717810350439999800e-02 1.119491447090000065e-40 7.077431016429999910e-58 3.820246196429999963e-01 1.253731519379999992e-01 6.778813966930000330e-04 4.195173060339999832e-19 1.271905086269999970e-12
1.534337212059999921e-15 1.125731989209999978e-01 1.208386386220000053e-01 6.829243152699999812e-03 2.808606113570000087e-33 6.251889946050000643e-08 1.509959262820000092e-01 1.064039345690000055e-01 6.085698360900000134e-09 5.023589898479999816e-01
9.740373466890000435e-06 6.345264805860000301e-01 6.775383632839999641e-15 1.281502364809999905e-01 6.878233032320000607e-05 5.641766444399999555e-41 7.065912083239999977e-14 1.060039356890000034e-51 2.372447602280000067e-01 1.181249679390000037e-12
1.165301505919999889e-44 2.146838749340000051e-09 1.377645805349999863e-01 3.590139936919999886e-01 2.725752966420000138e-03 5.004638287320000156e-01 5.506200991739999760e-21 3.184192704199999795e-05 1.426962137269999940e-15 3.886021197970000107e-29
2.229830722280000092e-32 5.230645672520000115e-33 7.793367868780000585e-09 2.919853751789999730e-01 1.008265608109999956e-70 8.212693173330000501e-07 1.856505334549999886e-17 5.095636143609999502e-01 1.973324872259999974e-01 1.117694171600000074e-03
1.982101534900000088e-07 4.910207776289999826e-01 5.089790241610000487e-01 2.338364163439999818e-71 2.060408879299999811e-40 3.600567246259999886e-19 6.310814756800000110e-49 2.301007363940000122e-35 1.439218611130000019e-39 3.751761895420000308e-68
6.228476899749999518e-01 2.903407989669999949e-19 4.235617710800000177e-14 8.973202899390000033e-83 1.880847893910000124e-01 1.890664264620000035e-01 1.098911345340000001e-62 3.589604430469999795e-29 1.094041844799999948e-06 1.304646313270000048e-10
1.014352705439999934e-70 3.891025504760000087e-01 1.424537634210000067e-05 2.816241011430000000e-09 3.860519148650000185e-59 7.860094338239999740e-09 6.132207876609999954e-05 6.108218713919999487e-01 1.720974595589999974e-48 1.247528842290000066e-62
1.526313730130000046e-01 1.106274083710000050e-01 6.047977852309999604e-16 2.636708809919999785e-01 2.250644786700000122e-01 2.683199283980000073e-46 3.324752518949999862e-09 2.970116651459999910e-02 6.084370234589999836e-28 2.183046891140000001e-01
9.690095432670000163e-35 5.528875958559999887e-02 2.518258981220000104e-27 4.624142035260000127e-33 4.083764785580000362e-15 3.375921972120000114e-01 4.828711728519999857e-01 1.940981946950000054e-10 3.927929735139999786e-29 1.242478701570000066e-01
2.531752859270000044e-01 7.468238352249999545e-01 1.346759415140000030e-11 2.036796109710000169e-18 1.309233329880000009e-35 2.863642021180000053e-34 8.788305288800000501e-07 8.693259307469999782e-56 3.582368076340000191e-12 1.960988833319999925e-42
4.934969592789999852e-45 6.067952449669999768e-28 6.819063805189999883e-01 7.989363781950000139e-13 1.112864235989999979e-92 1.922487315420000006e-22 9.336536834629999607e-34 3.180936194799999783e-01 4.719624427590000184e-41 1.467338809339999871e-60
7.364787309570000758e-18 9.999127334280000223e-02 1.847384785529999907e-01 4.248617522290000155e-38 4.272440799019999735e-01 2.880261682019999991e-01 4.471781098029999846e-24 1.279252156429999943e-46 2.221334365439999939e-15 3.253670858029999997e-45
3.297346422229999741e-01 3.138949321460000053e-01 8.096202265859999985e-20 1.811405618379999879e-11 5.326527407230000277e-10 9.266996808749999650e-51 1.762059327399999875e-01 1.801644923409999877e-01 3.969151007510000274e-55 3.808964342690000086e-16
3.801960312659999754e-09 8.063427332419999755e-23 2.333328137369999995e-15 3.123202906470000095e-01 3.633817909029999904e-01 3.056398610589999859e-06 9.621804660980000368e-02 2.280759526679999871e-01 8.440517251039999773e-07 1.491996558099999837e-08
5.747145253130000070e-21 4.082615357289999802e-01 8.200506909900000201e-25 3.723225656229999669e-33 1.363744403909999981e-18 3.167563730659999988e-25 5.917384642709999643e-01 4.389448962860000223e-45 2.646729126269999949e-43 4.411368540200000254e-52
1.000069244799999933e-14 8.648834978270000156e-39 1.352812727370000012e-12 4.786149584580000060e-01 3.744255404100000374e-43 1.597615981410000046e-41 1.531471704039999932e-27 2.126904752259999890e-58 5.213850415409999606e-01 5.812694239680000066e-52
5.927362772729999872e-24 8.048843580770000117e-02 1.049508181219999947e-01 6.778035179239999541e-01 1.349381598509999947e-01 6.291468006460000038e-21 9.988801179760000276e-29 1.817332201230000024e-53 1.819068294590000037e-03 3.873312470599999909e-76
6.000542656759999538e-01 1.206219788999999947e-08 1.521050138919999967e-48 7.512762136810000104e-54 9.283835343199999111e-28 2.749944891680000128e-35 3.999457159620000146e-01 6.153863660109999607e-17 9.284202058180000246e-51 6.299106876940000352e-09
7.915072294149999825e-54 9.788539043379999436e-62 5.812829216909999841e-36 2.253225850110000142e-83 1.508634298579999927e-31 3.499757128050000055e-01 9.560565288660000502e-73 6.500242871910000275e-01 2.816389473650000139e-39 3.985480617169999658e-12
2.383829533330000134e-85 7.276929954399999337e-71 6.773492443800000207e-36 2.003014607550000037e-11 3.431703980649999930e-01 1.623353699900000058e-04 4.129047544999999788e-44 5.460592033979999593e-01 1.480622720109999932e-18 1.106080631470000020e-01
3.227364863430000009e-06 4.269179112950000077e-01 2.344924593269999968e-01 6.665158499970000531e-35 4.696832324610000081e-02 3.474944583909999908e-20 2.322208808070000228e-50 2.916180787679999997e-01 5.426944065360000115e-43 2.860660875730000088e-64
1.595505894719999873e-01 7.113476168619999873e-01 1.974535006410000006e-12 5.755327300599999938e-70 1.291017936459999960e-01 2.147241166200000043e-33 2.481216419349999849e-55 1.765210653989999994e-11 4.618414566769999869e-72 6.103779203350000453e-51
1.685253248880000060e-21 7.227328946519999914e-39 4.662595123450000156e-01 5.162993417279999608e-01 3.151268065349999770e-63 1.521205408399999867e-17 6.614571181630000420e-41 3.029146872660000173e-04 1.713823123979999960e-02 6.756546068620000286e-15
2.178683500910000169e-62 3.956432707730000080e-32 4.731673708960000192e-58 1.168723563510000035e-01 7.023405958169999866e-04 1.332902970520000032e-15 3.606508221849999973e-01 8.711390135580000845e-56 5.217744774900000548e-01 3.377815504619999802e-09
3.331427985820000215e-01 8.329782677129999610e-08 4.201473901600000119e-04 2.801979485549999962e-106 3.333262974949999791e-01 3.331106732340000098e-01 1.325062505309999927e-79 2.318281974779999921e-16 3.113201231439999855e-27 1.212845043569999914e-27
7.169778508399999647e-09 8.562567237750000233e-41 5.455873884559999789e-49 1.409228811440000069e-14 3.328934904129999817e-01 3.788616746530000247e-43 3.222692356680000041e-35 1.449408552649999967e-36 6.660759113219999472e-01 1.030591095580000050e-03
1.090860566330000014e-20 5.286260430859999679e-03 3.119033251839999824e-45 5.564387115890000246e-23 1.034216896120000034e-02 2.821490231879999976e-16 3.077129912609999907e-01 1.071325496279999995e-72 4.295787203120000064e-01 2.470798590359999936e-01
4.524644339319999764e-01 2.163317633840000087e-01 3.312038026849999928e-01 1.646074182309999956e-30 1.228448488740000101e-44 2.748848704049999955e-20 3.733294745119999765e-14 2.292958201040000145e-34 2.812266272510000140e-17 2.523352869900000142e-38
4.150889730670000150e-07 5.999916021600000260e-01 2.234952321080000078e-06 2.953944121059999984e-05 2.807352356690000056e-40 4.619246807830000089e-36 3.999762083539999957e-01 3.504636027989999851e-12 6.725625718409999985e-28 1.106420555429999918e-25
1.548277649819999879e-01 2.049886399419999971e-06 8.430118679469999601e-07 3.623263898360000179e-01 3.968907147670000271e-20 3.668986382590000188e-34 7.594632815329999252e-09 4.828429446899999977e-01 1.535816245050000071e-27 6.034252632659999761e-31
5.674651571509999813e-43 1.651914300460000096e-06 3.918166445619999938e-01 2.908907390619999960e-04 1.705496366579999935e-13 3.937911116550000257e-01 2.119494928450000037e-01 2.150208284939999787e-03 3.190508811689999926e-41 9.007394356660000319e-68
1.043928659790000016e-12 4.117476545760000197e-28 9.771557555699999878e-51 7.077946725859999765e-10 2.929203468409999900e-01 8.059128067259999615e-49 5.360317385329999712e-02 6.122400762890000292e-134 6.534399083209999626e-01 3.657027601230000143e-05
3.007377642849999866e-01 3.396130451239999785e-22 2.423785964029999962e-01 3.752105414140000095e-01 2.215847324979999902e-55 1.334317628559999982e-20 4.129060272149999954e-03 2.802806347189999869e-37 7.754403762660000421e-02 2.309160142200000173e-58
4.999949928460000192e-01 3.432974142190000050e-33 4.999942685900000128e-01 1.327458680569999961e-37 3.066823184979999925e-43 7.363782278619999571e-16 8.823595776360000024e-65 1.073856340920000027e-05 3.662256373359999845e-14 2.009231975399999813e-43
3.577311792260000067e-01 1.652224791099999868e-01 9.648140061540000203e-26 4.725310733180000100e-17 3.807798193470000037e-01 8.554067667410000447e-55 9.626652231670000670e-02 5.398505209330000456e-38 6.763292134280000023e-51 4.929616994489999564e-50
4.316117709260000019e-30 3.914619289379999806e-13 1.102094364939999940e-27 2.102969708909999910e-16 3.029223473600000105e-01 2.338478076599999900e-01 1.158613203429999933e-01 3.163930812719999731e-45 1.518836532510000059e-01 1.954848713859999865e-01
1.420018083979999939e-16 1.556971171900000046e-06 6.669899102560000371e-18 2.030373615970000009e-44 5.275585448989999918e-06 4.284815705800000263e-01 2.281366086410000009e-26 3.863813294170000239e-40 1.438532201030000013e-01 4.276583767600000141e-01
7.840485426530000180e-33 6.744186542770000544e-51 1.141648072049999966e-22 1.345317714099999960e-50 1.876021127929999865e-01 6.023137387210000249e-01 9.861660784729999582e-134 3.516286266600000127e-02 2.850941672060000129e-09 1.749212829690000026e-01
2.168511235729999875e-01 4.841907139169999695e-10 1.733371435590000120e-01 2.566568676639999769e-01 2.696608569239999920e-01 4.342281506290000100e-20 1.795033567809999912e-38 1.828433114760000082e-03 8.166557468040000489e-02 4.530261344369999861e-17
6.172698337669999527e-16 1.241706389790000033e-26 4.118359505100000170e-15 1.189017748019999959e-01 8.498796797050000378e-36 1.335220896699999988e-08 3.597517289950000197e-01 1.970391191329999921e-14 5.213464822819999789e-01 5.691511916810000298e-10
3.044107485590000093e-21 8.231405083639999150e-31 9.630286871040000252e-02 2.772914409589999959e-03 1.169239811999999976e-52 1.288414943149999992e-01 2.055274654310000039e-13 2.980210040690000062e-01 4.740617183129999801e-01 1.826600690110000031e-10
4.469286980460000279e-19 1.270455827080000050e-06 5.783402265550000085e-17 1.532674652519999905e-37 1.456951003819999909e-06 4.286132209040000030e-01 8.751133843129999998e-24 3.466524079139999992e-38 1.435955553609999935e-01 4.277884963279999786e-01
1.694814311170000087e-01 5.813030273230000062e-08 3.648183575019999902e-22 5.692315144580000208e-01 2.785089599970000255e-32 6.016902747949999979e-51 8.808265635669999816e-02 1.305358511950000069e-37 6.910177998280000154e-05 1.731352381579999988e-01
4.145554813379999601e-12 2.402473638420000054e-65 3.688471623170000122e-56 1.413597643989999986e-01 2.223925424490000025e-01 8.479608833249999577e-78 8.524543382380000408e-19 1.934449182680000042e-66 7.576009693869999696e-06 6.362401171389999721e-01
3.552520529039999986e-02 5.357126725340000117e-03 4.227369244759999756e-01 7.145412627679999798e-14 2.029089652319999904e-16 4.964954835069999850e-02 1.802771780719999994e-02 1.574830642950000059e-12 2.220535134219999915e-02 4.464981260070000069e-01
6.508301544379999800e-19 2.833579513749999723e-01 1.314896136150000006e-01 3.311926769329999742e-01 3.956604079759999781e-12 1.759768083940000149e-21 5.329840402849999847e-30 1.494143741560000029e-33 2.539597580729999748e-01 1.135131599250000054e-45
4.800775880199999857e-20 1.392432739300000057e-42 8.378232050900000141e-04 4.694821800400000243e-45 4.214545398549999766e-01 2.886527165459999988e-01 0.000000000000000000e+00 3.668836993389999926e-09 2.890549167249999996e-01 6.266484432959999875e-18
4.307874088409999747e-01 4.037883991400000203e-22 1.318326810120000086e-22 4.017118241229999942e-01 4.460133729949999791e-07 5.859624595869999958e-45 4.133403881999999890e-31 2.099756131760000059e-24 1.675003210219999927e-01 3.538420214179999814e-14
5.858749152630000086e-15 3.042713351760000240e-01 2.085991036729999970e-01 4.858543281770000277e-01 5.440090669229999601e-19 2.852019412690000028e-20 1.275232973490000041e-03 2.333834579459999830e-33 1.049962411970000020e-17 1.341409849359999980e-83
5.807153286130000261e-57 1.364371669569999916e-07 1.019544831499999986e-07 1.807375959870000104e-01 6.929496586600000150e-35 3.855402978060000263e-09 5.310661103599999544e-01 2.881960514049999866e-01 3.568469296959999895e-42 7.922449624999999602e-59
4.403264313509999976e-41 3.559270576160000241e-29 4.999994118730000103e-01 3.094415074339999924e-62 1.893421464670000092e-44 5.000005880650000289e-01 1.168896796139999940e-123 2.032728195179999992e-46 6.201065030449999652e-11 1.102161466309999967e-94
3.467931082180000235e-01 2.293059133179999806e-12 1.345101631560000092e-06 8.492022990719999206e-03 9.807368145849999774e-02 2.342183221639999842e-37 6.178237419730000058e-29 2.011439368110000125e-01 8.395925982619999963e-17 3.454959054180000155e-01
7.915322000159999826e-23 4.005900416669999796e-78 2.731347717680000019e-32 7.745338424870000342e-03 3.118791496859999775e-29 1.527740763450000084e-04 2.483190389920000019e-01 3.170296788220000050e-01 4.363008918090000000e-04 4.263168687930000145e-01
6.354925139889999996e-54 2.383231111290000093e-01 4.420871846449999785e-31 1.026614035849999989e-33 5.240034017890000260e-09 4.321805130010000218e-01 3.050338437049999740e-01 5.730072843210000204e-03 2.199093563599999839e-47 1.873245408219999936e-02
3.477353387619999686e-05 7.403946001989999970e-02 9.027121914030000500e-12 1.626811818390000143e-45 2.740806536579999952e-01 6.261401888919999751e-09 7.436163879159999521e-35 6.681276679420000088e-53 6.518444521349999743e-01 6.543824506710000263e-07
4.295992657150000144e-60 2.874252753440000168e-34 8.987952390129999927e-03 1.678022485669999897e-01 4.057138897400000165e-17 3.385426401800000207e-01 1.320357416929999952e-61 1.503885356599999890e-01 3.342786230679999915e-01 1.351579419780000099e-10
1.969129787309999852e-02 1.398461500189999898e-23 6.757673379349999898e-01 2.572542555530000019e-70 6.301922354220000076e-23 3.922789550409999876e-17 4.934443060579999990e-109 3.045413641920000081e-01 7.131210777140000260e-42 1.281092538259999950e-58
7.999985732729999466e-01 1.488511353030000053e-28 2.150460408910000025e-35 5.200099812039999852e-11 6.740014150210000358e-07 8.795509626919999528e-66 2.000007526729999929e-01 4.391113364129999916e-53 4.210269890280000013e-33 1.364426594119999972e-36
1.403541491559999994e-83 2.086468446800000158e-09 6.511612790160000176e-21 1.823734225779999855e-11 3.333240842099999823e-01 6.666542131439999741e-01 2.142351485599999996e-39 2.183374929120000017e-28 2.170054097419999865e-05 5.481430440329999712e-24
4.999857803100000164e-01 2.013651271140000041e-56 4.935093833899999920e-17 1.447324779980000073e-51 1.752426551440000031e-35 4.064611323060000009e-07 4.876809837279999942e-57 2.229921852830000057e-15 5.000138132289999593e-01 7.957159448119999518e-15
1.060105810760000066e-05 1.084550524510000040e-46 4.631357236350000049e-111 1.667444987919999914e-41 4.100587776189999875e-17 3.144442818419999863e-114 7.995215980100000008e-01 5.677592894200000344e-09 2.090010266320000105e-124 2.004677952539999919e-01
1.922440524009999866e-05 6.639530974149999709e-01 7.752670378800000747e-18 2.987224839570000060e-31 5.485649450530000236e-04 2.097771423760000150e-06 4.830760562219999722e-09 1.416033072700000014e-52 3.354770106309999944e-01 9.177297029749999023e-13
9.519255872089999631e-88 1.132288181370000050e-50 9.007358320200000262e-119 2.790415578690000082e-03 2.126312922150000067e-13 2.422437990599999985e-54 5.967829372930000265e-01 3.542596242659999753e-104 8.431455592609999996e-17 4.004266471280000239e-01
6.072364542949999542e-07 3.835635367610000282e-17 6.538027595669999581e-01 3.459868081849999943e-01 3.467983022659999968e-34 7.353045554919999883e-20 2.097623220179999949e-04 6.371400952939999773e-31 6.268986130400000522e-08 1.871936350859999993e-53
1.743747105579999924e-18 5.508580206480000326e-34 1.268009703409999911e-01 2.408049660000000092e-01 7.245382205930000347e-03 3.789379745669999858e-26 4.749180386829999854e-99 6.093800257789999675e-01 1.576865565560000085e-02 1.929889259940000109e-11
6.975032345990000378e-45 2.112232675889999892e-09 1.378686829240000078e-01 3.588042487909999800e-01 2.982425440570000107e-03 5.002977392199999818e-01 5.704919901280000363e-21 4.690151233369999772e-05 1.137122345019999989e-15 2.808677534190000107e-29
7.105256137250000311e-14 3.631628794469999940e-26 3.745627240139999726e-15 7.324075991430000210e-01 3.121690758789999787e-73 5.765001194900000098e-36 2.100201643459999978e-19 1.077685902410000034e-18 2.675924008569999790e-01 4.419166775199999788e-13
4.592281550889999953e-57 3.024427595369999847e-02 2.753087389309999966e-01 4.099154672800000010e-01 2.845315178350000251e-01 2.812534024419999822e-21 2.814722259680000019e-39 8.834931214879999910e-40 8.181040332240000021e-23 5.667200949280000286e-115
2.309752480410000031e-01 3.676743267000000134e-25 4.460250040350000229e-10 8.948327263260000164e-28 8.382180067680000032e-143 8.205648146129999982e-13 5.468596656730000394e-01 1.585161766539999956e-03 1.790777642589999978e-12 2.205799240709999942e-01
1.122442855379999919e-24 3.830098177890000027e-04 8.399651160070000593e-06 1.841473149350000005e-01 2.093665580740000210e-06 2.822390926229999886e-10 3.731878386999999964e-01 2.191845370240000090e-01 4.597459931459999625e-19 2.230868059249999924e-01
5.744619919129999760e-64 6.028464807159999957e-27 4.450888051329999762e-01 5.549111817120000456e-01 5.602366956850000176e-21 6.809921188719999876e-17 1.502942905739999879e-47 1.315472453920000075e-08 5.621323889229999867e-27 3.081786168009999987e-50
1.685132491320000057e-72 1.446370476120000022e-11 5.357553422420000174e-20 6.783326140769999936e-03 2.978549729459999962e-01 3.009887705970000216e-01 1.227051085419999937e-01 6.612557973219999541e-11 3.048538544869999880e-24 2.716678216930000223e-01
2.420526036829999869e-17 6.720736487090000033e-23 6.887624667550000523e-02 3.984597078319999953e-23 1.408227612169999921e-01 5.165138651360000333e-02 4.601504283040000162e-84 6.135621490589999727e-01 1.250874559830000010e-01 5.517595587399999956e-10
1.286615427150000056e-06 3.003917990680000094e-01 3.235375229720000142e-07 8.356778226649999224e-15 1.023602150320000004e-23 7.713704799110000278e-05 3.545848842799999984e-02 8.195588557239999660e-35 6.640709653030000270e-01 8.269365490269999493e-41
3.493052547910000017e-90 8.199966418729999436e-36 1.968735827729999983e-19 9.123400616739999833e-07 3.332553154899999814e-01 6.665618960479999799e-01 4.385829927230000116e-39 1.313267064300000031e-30 1.818761215689999888e-04 1.702152271669999926e-25
4.533108115860000065e-01 2.085617806850000033e-01 3.381240238239999751e-01 1.908083289789999848e-89 1.052497843120000003e-08 1.153927380780000001e-16 3.318601199379999932e-67 3.373380219159999967e-06 4.089126727109999739e-62 4.020164936960000136e-50
7.208482342769999493e-30 1.712038827799999829e-02 4.053776149010000136e-19 7.894676382030000203e-47 1.385114665199999898e-23 6.206117192169999797e-01 2.890431274509999964e-03 5.849512351609999911e-02 4.989900600990000283e-47 3.008823377150000034e-01
3.324068465369999781e-01 4.588235488710000169e-08 2.624426322090000086e-03 1.048965546280000012e-105 3.333308494960000035e-01 3.316378317629999906e-01 1.918172918660000022e-80 4.353662543679999898e-16 3.697889851689999748e-26 5.110062767940000138e-26
1.392013838409999975e-14 2.240725043319999832e-34 8.925527258080000445e-19 2.170323711970000048e-42 1.695557251169999914e-69 7.499959519529999508e-01 1.030706816659999972e-21 5.551758447300000130e-24 2.500040480469999937e-01 1.825056131939999895e-15
9.351333786260000117e-04 1.162441331839999953e-01 5.600723480520000232e-26 7.849352059730000044e-09 1.183396338950000033e-15 1.002782616289999922e-27 4.768856045450000081e-01 2.124098786399999913e-42 3.268008350430000042e-01 7.913428600010000147e-02
9.092357331679999649e-48 2.253372793730000122e-41 8.064823401579999677e-24 5.080128418870000279e-29 2.222399284579999955e-32 4.999999122159999865e-01 5.063071477469999909e-45 9.447466601499999634e-23 4.999995216099999973e-01 5.661747273209999584e-07
1.017027583290000016e-02 5.532636905300000006e-44 2.126984489860000023e-26 1.452282239510000092e-28 6.393109022740000036e-01 6.968330139950000050e-26 2.327089100329999966e-39 2.787964348899999948e-41 1.821900602659999868e-01 1.683287616259999953e-01
1.773095979360000104e-21 1.491515848210000048e-30 9.355320928589999641e-02 3.347364819650000024e-03 6.562440901949999868e-54 1.317240351570000134e-01 4.355854913300000047e-13 2.976338309530000004e-01 4.737415596260000084e-01 1.569248599520000018e-10
2.854840527119999975e-31 2.849515602600000002e-65 6.463888537460000020e-81 5.893404013659999663e-01 1.344433875970000100e-25 2.347111228070000033e-70 1.011369767980000028e-01 1.231984316039999930e-03 5.237812404479999722e-49 3.082906375189999881e-01
4.446771191530000257e-38 3.696764968909999787e-25 3.272819455350000137e-05 2.001385522999999875e-02 1.820700631379999952e-69 9.691795313949999148e-10 4.597612177040000248e-01 5.201921979019999975e-01 1.677371416019999885e-26 7.112418862750000402e-39
1.676214947510000020e-03 1.145529201169999932e-46 1.152614666770000053e-08 2.153065726199999974e-01 2.431593345400000130e-23 1.573323188410000093e-35 8.648723653160000075e-53 5.075197559390000057e-01 2.708140875280000137e-01 4.683357439119999882e-03
9.344655414249999209e-03 7.783522274760000203e-47 5.302962774640000278e-08 2.168293754379999883e-01 1.435794643869999972e-23 5.398561588810000186e-35 5.274742092159999633e-53 5.023287007829999595e-01 2.624082578029999779e-01 9.088957531320000088e-03
1.430254138620000050e-26 7.112843385309999966e-57 1.777053066529999945e-35 3.429155947040000152e-01 2.801085983800000132e-16 4.263297188430000260e-31 2.522643309860000167e-15 5.154296665459999760e-01 2.069095879319999850e-24 1.416547387500000088e-01
2.459372193569999976e-01 8.325052667669999949e-07 8.373406634889999839e-06 1.353797186670000025e-19 3.404370545829999983e-01 2.457943630780000110e-01 2.216369149070000115e-25 8.965592563919999949e-12 1.678221570610000102e-01 5.737325785639999581e-25
3.974826375230000242e-20 2.775868042319999951e-01 1.431024913489999908e-20 1.955784340799999864e-17 2.969183743039999768e-01 6.077052661600000401e-19 4.608415816759999722e-17 3.326491012749999883e-63 4.254948214629999947e-01 1.732636811029999889e-13
6.000542756600000249e-01 2.170536229880000128e-22 1.628126597309999909e-42 2.820557053889999960e-12 3.701839451749999920e-34 6.070640511530000340e-85 3.999457242380000110e-01 3.154599092440000018e-16 3.658692864099999880e-46 9.962752164009999719e-11
4.286425447240000310e-08 5.257457569250000188e-10 1.380882878340000119e-01 2.791776129319999957e-04 1.927417365490000090e-01 9.016611054669999847e-02 4.045045392120000249e-01 1.178933313189999954e-14 1.150255951320000025e-01 5.919450972299999947e-02
2.260312455049999930e-14 2.124100145449999855e-20 8.091172561080000616e-33 6.162886052500000272e-13 4.984214631660000006e-01 1.039828028330000064e-39 1.325585692219999937e-27 7.820069114569999777e-26 6.189041431020000037e-13 5.015785368330000216e-01
2.015885846449999981e-17 9.531274027559999453e-11 1.451265949880000128e-01 1.788067699550000000e-01 6.523683094219999423e-02 3.341544099729999995e-01 4.582522176299999840e-07 1.759517384089999987e-40 2.766749357950000210e-01 1.613217089700000010e-52
2.460199039829999990e-01 1.290702649369999988e-14 2.466168416000000051e-24 1.020664145009999979e-53 5.859432476039999691e-46 3.514162995060000072e-01 5.079025654899999714e-02 3.362709224439999972e-41 1.076238548459999972e-01 2.441496851159999926e-01
8.601717590220000526e-12 9.055236051500000738e-06 2.542771852530000265e-01 2.448565489120000031e-47 4.679196095920000187e-01 2.777932015210000105e-01 3.474280319259999924e-63 9.483893990789999848e-07 4.379985420490000228e-23 2.773475035689999876e-49
2.977855931769999853e-01 2.696382648830000048e-20 1.967777288580000144e-49 3.992568523230000110e-01 1.133382741869999950e-12 1.770316518489999875e-110 1.522944547270000076e-05 4.346792908679999880e-30 4.496620748219999750e-29 3.029423250539999835e-01
5.115180691509999735e-26 2.659704164440000081e-44 4.984848233439999788e-122 3.879210720440000008e-31 4.984107495349999750e-01 1.117046238230000019e-60 3.039010448130000070e-05 6.692839753999999703e-91 4.757152473979999922e-25 5.015588603599999695e-01
6.065835312090000223e-15 9.725578673579999840e-27 7.359870805980000397e-15 7.324075991430000210e-01 1.077861134110000013e-73 2.424645145919999886e-36 2.209299536079999794e-19 1.641835781949999952e-18 2.675924008569999790e-01 4.319314475919999787e-13
5.436572256329999549e-84 6.432746339179999662e-02 4.423977893060000193e-30 8.646713051759999380e-02 3.560796452469999762e-01 4.448271317710000423e-28 4.931251901800000059e-01 5.706644895310000123e-07 3.998889553640000273e-67 4.251841603009999864e-18
1.173304455229999957e-06 5.232894588109999661e-18 6.538026314710000397e-01 3.460463232509999876e-01 7.120414980469999743e-34 3.258328144169999820e-19 1.498344201290000054e-04 2.004292416720000178e-31 3.755305907240000331e-08 1.353182038179999970e-53
8.853415779790000334e-19 4.520528154109999808e-02 4.701886452569999930e-01 1.094861606550000065e-04 4.844965870410000153e-01 4.312034388919999679e-25 3.299382158759999877e-22 2.832249102500000146e-42 2.428190122260000052e-14 9.228267183379999621e-37
1.068725388020000042e-02 3.322711507080000071e-01 3.905638513790000155e-01 2.618295300510000145e-01 2.879045606739999887e-37 2.457107208950000147e-20 3.537274615840000063e-03 1.686890747259999910e-25 1.110939365920000053e-03 2.859164940599999996e-42
1.494109406059999979e-43 2.158032721019999899e-15 3.988691259250000044e-23 1.238712735699999945e-40 4.909392228900000266e-01 4.648924217029999917e-01 2.648839006989999814e-23 4.416835540700000257e-02 9.856173542200000489e-57 9.754616969810000770e-47
8.331347119040000415e-09 2.459528909579999922e-01 3.268067734990000089e-16 2.744549049010000172e-02 4.223817952849999724e-01 1.333524009029999928e-53 1.674079951050000083e-16 3.042186137489999997e-01 2.987563065320000003e-40 1.201186305190000093e-06
6.414011829599999904e-24 1.221818219820000086e-02 1.210232662379999994e-04 3.364918894899999958e-17 4.114606299579999793e-01 2.441483173770000056e-06 2.477180122749999960e-44 5.761977230939999695e-01 7.201494727859999728e-18 3.835520791389999716e-26
4.578712046209999775e-02 2.654166961739999934e-04 1.558569545819999925e-11 1.576833840300000122e-01 1.972970030460000079e-01 4.664177870680000097e-10 2.596930134700000128e-09 4.011561342059999924e-01 1.628646808049999950e-01 3.494625767600000044e-02
1.916282704349999977e-01 5.189973653070000004e-20 6.659536730889999908e-15 2.769070823740000242e-01 2.717063542770000173e-01 4.698012130260000269e-46 6.494444200419999929e-11 7.140766028889999895e-02 5.110519174149999951e-31 1.883506325600000086e-01
5.996974077990000485e-01 1.171364300279999998e-08 7.627407868410000216e-05 5.751237485230000378e-06 6.349849523470000371e-32 1.619701812979999985e-28 3.998748285900000088e-01 8.060256433169999473e-67 3.457265817939999967e-04 5.228784551810000247e-51
8.615805664369999605e-60 1.176023316930000011e-04 9.844042826830000370e-02 3.166352472710000101e-12 4.145661005740000071e-01 2.216326147790000090e-01 7.885575967200000600e-64 2.890860217359999851e-39 2.652432540440000097e-01 1.812125250629999972e-57
1.283685825130000080e-21 9.999607234819999868e-08 2.858963032010000127e-01 7.136196810720000228e-01 3.515802279879999810e-31 6.006525303159999747e-16 9.334283761090000730e-28 2.957176172180000111e-08 4.838861599730000110e-04 6.540469239070000386e-20
1.084362039369999946e-05 1.560431712680000011e-03 2.338441494629999937e-02 4.343808332220000245e-30 1.681106679410000163e-67 5.907707433270000048e-08 4.958947134819999825e-01 4.791495367470000044e-01 7.982320545000000174e-26 4.141773998809999971e-10
3.393033776339999904e-75 1.227540259770000048e-19 6.017571084330000242e-83 2.397245003260000081e-80 8.330163122000000531e-01 1.026263333659999919e-06 1.441508611919999842e-14 1.879084961310000061e-13 5.781808260979999651e-84 1.669826615359999988e-01
9.504856149769999809e-54 3.116189134310000039e-02 4.199758222070000269e-01 5.480611600150000484e-01 3.521835960550000045e-14 2.154453251910000034e-17 6.764215434039999699e-40 8.011264357030000328e-04 6.789505671900000333e-26 1.200189601590000024e-39
4.074271332950000213e-01 8.186384912969999373e-37 8.214810955200000167e-03 6.481980152059999943e-07 2.114775550600000134e-54 1.300770523470000012e-27 9.786402497040000438e-31 5.843574064330000484e-01 1.119091018920000013e-09 2.312666714099999880e-24
4.283513945240000065e-01 1.860395107309999989e-36 4.485222733099999908e-06 2.078286659970000130e-51 3.499953555809999770e-13 4.283449158679999980e-01 5.328411584970000262e-83 3.663212218290000304e-11 1.432992043480000033e-01 9.717976699569999905e-22
1.904142370480000095e-06 3.188914947400000212e-47 6.104630489440000351e-112 1.094560786989999995e-42 1.129256570230000048e-16 1.301964903649999931e-114 7.995230124669999716e-01 1.391969952339999992e-08 7.942823545819999566e-125 2.004750694709999947e-01
8.508103400719999654e-43 6.100551125029999529e-19 3.496879035390000076e-13 4.313228041239999810e-03 5.468378381220000417e-01 1.000330602290000007e-10 1.182605401850000053e-15 4.488489337359999887e-01 3.844787160430000144e-34 1.623238586649999838e-39
6.665852482670000523e-01 1.328473602799999903e-04 3.741267331620000256e-05 6.245474142380000213e-21 3.332444915180000078e-01 5.961566177609999875e-26 1.815710835510000095e-10 1.498353798600000039e-13 5.759102505179999619e-44 3.310982235339999928e-43
7.627467672579999366e-27 2.186697577159999986e-32 4.385558784099999758e-05 1.963030996259999869e-08 4.011192485589999968e-01 1.455707367830000060e-03 4.478483665610000193e-32 5.973811688550000332e-01 3.778863600810000028e-14 7.927606318620000479e-23
2.458818273320000081e-01 5.176997281039999787e-06 1.860062036729999955e-04 1.560528607530000019e-12 3.404374816479999732e-01 2.455952000269999991e-01 9.335646803119999531e-19 5.443460407139999837e-05 1.678398731859999937e-01 2.984079839299999853e-19
3.439040676549999787e-01 6.353313785960000017e-05 1.662958260999999999e-45 5.928651343879999940e-14 9.580231173639999764e-02 6.587420727620000544e-48 2.126602337740000070e-01 2.543231496009999921e-30 1.521144650639999964e-20 3.475698536960000196e-01
1.223638373009999953e-15 1.408683288200000097e-07 2.659077255409999911e-31 1.392389554379999956e-39 3.731851164830000261e-02 1.626859961809999869e-33 2.584217590649999785e-01 7.042595884179999599e-01 1.654253987679999970e-115 7.042108539019999652e-17
3.997815640940000081e-01 4.152636401319999863e-10 4.652276104279999977e-09 1.461086196870000015e-03 1.075767174170000062e-01 5.170698989389999989e-34 2.168441162189999882e-01 2.743365110050000055e-01 4.382851170050000116e-40 2.377113471949999905e-17
6.391209970800000584e-02 1.201839399199999998e-02 1.070091122699999911e-03 1.836620336390000009e-68 8.218056352620000116e-01 1.008597332719999989e-01 5.052391169520000135e-96 1.013309850339999982e-16 3.340422432030000000e-04 4.399928278370000396e-09
3.546354767860000062e-02 4.299867270480000169e-27 1.621827171230000031e-01 7.821474332949999997e-02 1.612286154379999975e-84 8.323279748579999370e-43 5.321665440339999582e-29 2.289387038160000121e-30 7.241389918689999927e-01 8.724400293059999993e-45
4.582238378890000141e-12 2.402081535800000001e-01 1.426428276710000063e-28 1.117449832989999976e-40 2.975628899620000260e-11 4.319482261179999893e-01 3.043703594200000140e-01 3.563543741289999799e-37 4.632898760719999858e-08 2.347321451770000011e-02
3.984466788670000249e-23 3.045374905349999809e-12 2.153076541759999882e-18 3.896041407439999958e-38 3.780936076560000146e-43 4.628792583179999753e-01 1.229629837380000063e-01 3.041743054579999814e-07 1.094149973860000004e-25 4.141574537669999723e-01
2.841251231790000213e-45 6.808828147880000284e-27 1.788165406429999912e-26 6.684260226240000048e-40 4.993912537490000081e-01 4.974014165689999989e-01 1.080158947420000034e-69 3.207329678869999794e-03 2.209909292950000174e-18 3.697094605199999614e-12
2.067790146300000120e-13 1.681728281350000034e-94 4.810967417349999982e-54 6.989427752340000360e-11 3.332839280520000225e-01 2.534866991909999922e-46 1.082949447579999965e-38 1.466809483490000021e-43 6.665996536170000208e-01 1.164182604919999957e-04
2.157270609989999921e-01 1.358296016849999992e-08 1.716364932339999871e-01 2.554956464429999907e-01 2.700484789200000013e-01 2.216504501609999896e-21 5.288707518269999848e-35 2.799531127570000204e-03 8.429277569300000494e-02 1.779865251579999977e-15
3.393892113360000296e-02 3.335510825019999881e-04 4.304517693659999922e-01 2.566062917400000186e-13 3.223474622409999870e-18 4.704191443860000071e-02 1.737149961200000134e-02 1.487505227980000145e-14 2.118933303770000054e-02 4.496730113290000053e-01
4.871234950769999799e-12 4.234304951309999707e-14 3.049249547169999852e-01 1.860900802640000087e-06 3.432735396160000222e-38 3.046865634879999951e-01 3.903866073610000043e-01 1.127122460789999930e-08 2.256649710599999809e-09 5.944342028700000045e-37
2.760725074509999821e-01 9.175745143070000530e-29 2.516519483619999997e-01 1.013134743519999944e-11 2.087795939920000093e-02 1.368875361259999945e-19 5.842355353069999908e-80 1.011280033229999958e-01 3.502695814540000008e-01 1.070249682230000036e-12
4.352382999280000053e-01 4.219188975059999791e-01 5.082522939610000130e-14 4.742654660870000271e-14 2.953223925030000050e-44 4.822369029760000076e-39 1.428427928959999926e-01 5.665954330040000143e-70 9.669437058470000202e-09 2.665244933739999923e-44
6.666768822180000331e-01 8.532126791000000320e-06 6.962414630789999896e-08 1.287025710209999972e-20 3.333145160279999963e-01 6.354863607870000215e-28 3.272734739909999841e-12 1.925058776520000006e-22 5.475613345890000053e-40 3.605070852589999858e-45
1.514077519060000043e-01 1.432276831919999942e-08 1.424825487760000006e-25 1.417842578080000110e-178 1.713369561599999980e-01 5.972385283579999538e-01 3.269561484529999969e-43 2.929609741849999865e-02 1.476422046739999988e-50 5.072065183499999824e-02
6.394536280379999861e-19 1.005822541069999939e-41 3.928907264579999982e-03 4.567692117790000440e-47 4.211705943099999794e-01 2.866748205729999777e-01 0.000000000000000000e+00 5.322730710420000068e-08 2.882256246250000098e-01 1.685626011060000075e-18
7.262070338939999920e-39 4.201984800870000153e-29 8.276614888970000158e-45 1.750870615149999902e-08 2.833907079949999812e-20 5.346110578669999988e-48 4.648694309659999746e-01 5.351305515259999757e-01 1.902777549540000065e-76 1.251240331069999974e-33
1.817267702159999917e-33 1.590542331280000118e-51 3.365756521979999869e-23 2.265494336800000199e-50 1.880089354059999995e-01 5.961925871380000519e-01 9.504499050440000376e-133 4.515536080239999916e-02 7.364102674929999696e-09 1.706431092890000056e-01
3.994631737689999795e-01 1.301234311890000063e-04 8.511924600479999185e-09 1.567432070420000023e-03 1.085798554489999940e-54 6.893148633339999869e-42 5.988392622170000124e-01 9.692234820849999356e-30 5.828764009870000234e-13 2.593910945379999822e-25
6.924368962740000027e-47 4.008201473749999843e-10 6.352364083340000065e-41 2.785591965339999849e-14 5.681941965310000064e-01 1.569611459660000035e-08 4.254822288999999813e-01 2.351722672340000043e-66 6.316369999779999737e-03 7.188472514949999868e-06
2.245693792590000015e-01 1.821843714079999986e-25 2.176609301399999838e-58 7.610260642020000430e-44 5.642905467069999897e-47 1.091019705299999961e-59 5.457117788709999751e-01 9.337966394920000192e-04 5.354551183289999651e-68 2.287850452309999894e-01
1.292208167650000016e-54 4.971684375009999833e-67 2.161242123190000063e-31 1.437643955469999901e-01 1.137425122569999947e-01 2.633991043370000214e-04 2.618338168540000067e-27 2.978248208220000137e-01 7.316395175710000343e-09 4.444048649540000007e-01
3.313932622069999805e-51 2.213060231909999948e-38 1.094996117669999912e-18 5.829023312490000386e-01 9.960415492810000381e-48 5.675764197770000275e-12 4.254951952170000261e-07 4.170972428190000136e-01 2.046891090770000065e-22 4.311667184859999922e-10
6.228308362809999998e-01 8.073437412440000097e-17 2.755295990619999950e-12 5.555927388300000015e-73 1.881214957569999902e-01 1.890471361269999984e-01 2.243069727240000179e-53 7.923466929170000696e-21 2.086053822490000076e-09 5.297469096010000512e-07
8.140164617140000215e-27 1.281434159740000050e-20 2.418266275609999836e-59 1.133533422509999952e-07 3.803707538750000228e-01 1.426510250729999969e-66 5.174954076909999978e-01 1.054034004700000065e-05 3.262377135170000037e-71 1.021231847399999976e-01
3.543354652020000244e-04 1.151892242719999967e-18 8.621795423939999772e-11 5.245699615609999977e-01 4.750757028229999901e-01 7.694319090559999585e-37 5.419420095690000131e-31 4.752784726910000198e-24 6.520866709529999511e-11 4.826776356430000202e-40
8.782146296009999859e-32 3.273371568689999774e-08 1.647201830820000087e-30 1.333215290779999895e-01 6.354675753420000461e-01 1.230747420420000019e-29 5.809870347789999889e-03 3.245735925219999894e-112 2.254009924990000024e-01 2.070403740010000065e-24
9.994707161219999743e-27 9.124368158460000607e-30 2.985250196119999986e-18 9.331504511819999671e-08 2.591022433769999892e-16 7.093549028029999537e-01 2.822967604300000155e-01 4.039621496819999824e-28 8.348243452470000686e-03 5.953201387899999605e-20
8.383548961180000450e-13 1.204547390680000082e-22 4.845689588269999847e-32 4.873026273070000149e-25 1.143795541030000069e-26 2.779256096459999867e-47 8.942903004109999674e-18 3.899660008399999933e-01 3.905390926150000188e-51 6.100339991600000067e-01
