3.195697890010000020e-46 4.364507987179999665e-05 7.806937578630000511e-36 3.089956149990000234e-01 2.079195140139999953e-01 3.664339322019999901e-01 1.166072918970000039e-01 1.792085910909999942e-09 1.564135645939999958e-11 5.478028512530000126e-25
5.821665093129999798e-27 6.897773359999999918e-04 6.003129639880000479e-01 3.984244456259999900e-01 6.538801412339999998e-40 4.169202280830000055e-34 1.661622652130000122e-35 3.846145087999999801e-76 2.800642895389999790e-13 5.728130499809999492e-04
1.315949734729999935e-41 3.598918555380000162e-01 1.632961123859999992e-07 2.794470321840000215e-01 7.353413089879999587e-02 1.211405212839999972e-04 1.683973195119999910e-09 1.592071771460000101e-50 2.870056758769999883e-01 1.671582629720000129e-23
4.592018321570000224e-34 9.182545609120000535e-53 2.015604207199999907e-60 2.288453437369999954e-01 7.666770329640000270e-01 7.021850958010000531e-46 4.477623298789999706e-03 1.726358313869999985e-25 1.475157144600000006e-15 1.879167283669999999e-42
9.796610150639999958e-30 5.271487749280000246e-02 6.515342730069999533e-01 6.528235989689999837e-16 2.790933080910000252e-01 1.665262033690000087e-02 6.634059895529999792e-22 2.073593589479999931e-38 4.921071968179999740e-06 4.658750356300000170e-32
9.298356996569999926e-14 3.294204818060000096e-12 1.317498076099999933e-09 2.681376863409999891e-26 3.092201661619999823e-03 2.354163798899999993e-01 4.207770981439999947e-01 1.323929128200000138e-01 2.083214061629999891e-01 1.012529270159999964e-14
9.586937478169999790e-06 3.789278796469999766e-01 6.289571474669999956e-52 6.896109377900000271e-26 5.782805365719999591e-01 3.383379201469999940e-29 2.188087976239999936e-04 4.256318804639999676e-02 1.856801792829999976e-125 6.833809722840000319e-46
1.496990010479999911e-01 4.940514154010000047e-01 1.095590113179999991e-01 3.317603023320000011e-07 2.466902404719999997e-01 2.886839326380000082e-37 1.236923316840000033e-33 3.899483760269999774e-57 4.172519651380000084e-47 1.624301629389999932e-40
7.004102023490000342e-13 9.255803119209999402e-25 2.007874936419999982e-11 1.062509240209999959e-24 4.649503045489999931e-01 3.082299363860000075e-16 1.021245988309999950e-02 3.994568606780000039e-11 5.248372355070000106e-01 2.051431878450000074e-22
2.998252091030000205e-38 6.768278933910000239e-01 6.448024404330000435e-22 3.625252197320000141e-34 1.360955907030000000e-04 3.230359833570000117e-01 2.766174345179999953e-08 1.505829826600000075e-21 1.714462895909999999e-28 2.517920504849999946e-42
3.256364734139999828e-01 3.434710914589999953e-21 3.495040032610000069e-01 9.283473437919999849e-76 1.170285200499999968e-16 1.526851203599999957e-02 3.270586847680000178e-07 3.095863887749999988e-01 4.295456053090000143e-06 4.835493424019999699e-14
1.475546443059999951e-08 5.491875404950000085e-26 4.379117604160000232e-02 2.541091165670000125e-48 4.975114104269999782e-01 4.586971546870000083e-01 5.376332013840000161e-20 1.862829178380000113e-11 2.440704121930000041e-07 8.729185039780000098e-37
1.983496849220000014e-23 2.972164091130000130e-01 7.027835908870000425e-01 2.714953586460000072e-14 9.494297057500000510e-28 3.554012774389999872e-36 2.912871085910000217e-63 9.230984767419999882e-85 2.246714046830000039e-41 1.013826685659999956e-29
6.348076903650000061e-13 4.013255138619999830e-43 2.496587044599999866e-08 7.717419632859999767e-01 9.942506351610000318e-59 6.140056955399999681e-63 7.179307497460000416e-72 3.015341863429999893e-49 1.038633400010000028e-10 2.282580116440000029e-01
5.484799891480000308e-05 7.787020269839999664e-18 4.634727472699999851e-01 1.391870086410000067e-72 1.541450734489999929e-25 1.710270732889999923e-01 2.548643153549999868e-34 3.654453314419999765e-01 2.541006651820000095e-23 1.153686130949999999e-21
4.860530946340000022e-78 1.251913179009999983e-13 6.660124040020000005e-33 6.002599836869999950e-21 4.873137565660000209e-39 1.292112911780000049e-06 4.007133896699999753e-01 6.949633193310000555e-26 5.992848520089999464e-01 4.662074254380000158e-07
2.146597366609999867e-18 4.088435352479999896e-01 1.413561629380000042e-30 8.261656652249999863e-22 5.911564383189999994e-01 7.888070888990000396e-11 1.390896827520000060e-22 2.635440032150000155e-08 1.340167899890000043e-67 2.251102253979999849e-52
3.008588549889999882e-30 5.003927527610000370e-01 6.434576787139999893e-04 1.306921642309999887e-16 1.111250750730000096e-53 5.221005891410000156e-17 2.477544274949999847e-33 7.956429181530000427e-44 5.038065519739999982e-16 4.989637895599999817e-01
2.582280643870000067e-28 1.231159519779999981e-41 7.392580398339999581e-01 1.857480893309999944e-73 1.123489801959999963e-30 1.731429553630000062e-01 8.183106937319999951e-67 2.693649007760000181e-23 8.759900480320000071e-02 2.811058215520000160e-35
5.858108536239999831e-01 3.306402396909999819e-01 8.755124000390000077e-03 7.479378262869999794e-02 5.639596450739999706e-11 3.204424269340000121e-27 5.758766274359999866e-45 5.461398093540000268e-28 1.215873047219999933e-35 8.174074739139999975e-20
6.505074262859999665e-74 6.315071468299999768e-01 1.127872258119999981e-23 4.318017707130000032e-06 7.150623372579999689e-22 2.097346314700000020e-02 2.394897145790000070e-01 4.984890313899999966e-41 1.080253574240000042e-01 2.608544042009999956e-12
1.765266883009999967e-27 1.308541141319999930e-36 7.284273721270000047e-36 2.617789034500000141e-07 1.999483125630000175e-37 3.838700162189999942e-19 2.813803827140000026e-13 4.491789309870000135e-01 1.257237776480000060e-04 5.506950834570000231e-01
2.025591186779999997e-01 2.637296384600000265e-01 4.451474175640000183e-11 8.651794495650000714e-22 3.235407727180000209e-23 2.687383220009999774e-22 2.685997569429999787e-01 3.472463821429999989e-05 7.146840697370000330e-31 2.650767612370000248e-01
7.912174129090000525e-06 4.415083950060000317e-02 4.536688858690000048e-01 9.986600581309999693e-04 1.803015163669999905e-03 4.116785536889999882e-03 3.660424645149999989e-01 1.523914004959999926e-12 1.275916376710000133e-01 1.619799510280000004e-03
1.310018853829999968e-12 3.413534932869999904e-11 1.093899814099999977e-07 4.583769021569999635e-47 4.819341724789999621e-37 3.822092578690000075e-01 3.571542254120000306e-11 5.822837337939999747e-02 3.332653713940000067e-10 5.595622589580000472e-01
1.398384719699999926e-34 1.730262526319999994e-01 5.442898371279999958e-27 3.906534023680000023e-01 1.614210258460000035e-38 1.582864395420000084e-37 4.352570716190000133e-01 1.841297767170000023e-47 1.380744560120000064e-29 1.063273380899999905e-03
6.299656973920000347e-01 2.174551763520000177e-53 6.056846068270000619e-14 3.297804475380000059e-10 7.196610991339999602e-09 9.296106071109999449e-24 8.788769402420000269e-29 1.047047575149999930e-02 3.595638193299999785e-01 5.699939402059999807e-17
1.548119214339999938e-01 8.808699431929999842e-103 1.273999090050000049e-33 1.038219118430000007e-17 2.346880635150000102e-02 3.335370710779999857e-42 2.382321010369999984e-14 6.865782008430000305e-01 1.351410713710000100e-01 1.166465972910000033e-30
3.674165080170000290e-27 2.025206988879999940e-06 3.832107736409999799e-01 3.516019176290000276e-39 1.508480061399999991e-75 2.917571377320000006e-07 3.183065072420000151e-48 6.269361876749999877e-31 7.122407097490000138e-20 6.167869093950000270e-01
6.249651671449999899e-30 5.002891756730000195e-01 8.504848963149999608e-04 6.882346408640000011e-15 7.439174449159999308e-52 6.704787876569999881e-18 1.063044361780000003e-31 8.747640079359999448e-45 3.404328435949999971e-16 4.988603394309999994e-01
6.883753450159999401e-24 5.975996072040000201e-20 1.978644777490000117e-01 8.363452554299999968e-29 1.138676280130000024e-01 6.647412034770000533e-01 5.316762151830000235e-32 3.859552749180000058e-31 2.352669076160000122e-02 8.706606235289999303e-43
2.910084603690000216e-01 1.858097784410000108e-07 3.174404323850000139e-33 6.132158234150000137e-03 2.140487335750000088e-08 1.790291794070000166e-24 3.328544612450000106e-01 3.700047129369999910e-01 1.025116333850000052e-47 2.484479794690000118e-14
5.297741080929999589e-03 7.714758796909999662e-15 3.964861792070000224e-01 5.982160797119999707e-01 6.242279027859999923e-26 2.022405291660000062e-40 8.692379999049999723e-72 1.821681866229999905e-39 2.772817080119999992e-26 3.326003826789999813e-14
3.347338107479999674e-24 1.160058700360000025e-16 9.040228334309999933e-27 4.831993908109999958e-01 3.794778482270000080e-19 2.317153525460000020e-04 3.069005304870000075e-02 2.391666774250000016e-01 6.625899986120000092e-03 2.400862633770000087e-01
3.070662194179999914e-08 1.595328200570000077e-01 8.316169553620000223e-35 2.608504718820000012e-01 3.432279731369999864e-01 3.495256408940000368e-21 2.352793473339999941e-01 1.109356883550000018e-03 1.354599475369999933e-49 6.744648263769999446e-24
8.499585145730000863e-25 6.177372791670000529e-01 3.822626921489999940e-01 2.868373328849999909e-08 6.851737274709999661e-20 8.251571495690000566e-36 7.460051599539999369e-68 1.439810816770000077e-121 6.363699224819999818e-42 8.843134332450000042e-42
9.653068024839999303e-69 6.751433590569999588e-01 3.673352992470000181e-25 8.930330331329999680e-41 2.782166426270000047e-15 3.248566409429999857e-01 4.605472834549999938e-23 4.080467099839999943e-42 8.712353907500000062e-34 6.636037976710000157e-54
3.926429591209999683e-52 9.646066228129999975e-02 1.399335498040000057e-14 4.623803566969999695e-08 6.793028282920000327e-34 5.330957269999999637e-01 4.675244285740000342e-06 5.427313333100000356e-35 1.892648465489999918e-02 3.515124045820000043e-01
6.659093618189999564e-01 1.476469630249999957e-16 3.340906381659999869e-01 5.033492042450000136e-63 5.260885564909999603e-35 1.344511107660000112e-19 3.044835156490000088e-27 2.323603160030000125e-18 7.997101009700000301e-28 1.483351263119999957e-11
1.186208876429999953e-13 3.327334823339999980e-06 3.325623454520000151e-23 5.048745386390000034e-01 4.951200100729999942e-01 1.066767817529999981e-19 2.123953475489999894e-06 2.420161803729999946e-16 8.540195768089999702e-27 1.013069676729999957e-22
1.065557586949999965e-08 2.805561043429999901e-01 2.845487873120000066e-01 1.518185677589999893e-01 3.809685431559999872e-16 8.805369717749999676e-15 2.569205650199999949e-08 1.587844331280000139e-29 1.457314516649999996e-08 2.830764896649999862e-01
1.450183673469999986e-26 1.956715637219999880e-49 2.486654624680000036e-01 3.671122507320000249e-14 3.738749061689999828e-96 3.677128981650000310e-58 4.118376307019999867e-85 1.689510673500000138e-92 2.373648558789999974e-01 5.139696816530000545e-01
1.815005129620000078e-58 1.418844460610000080e-01 9.080269604080000281e-35 1.321059131810000054e-06 1.422915114250000117e-54 3.936609802289999847e-37 1.261854595649999911e-01 1.072396483779999957e-52 7.429028424739999561e-27 7.319287733149999475e-01
4.814376143679999775e-01 8.929934277339999651e-41 1.098213723589999957e-39 4.237836096860000262e-02 2.217309205409999928e-01 1.892699512519999863e-54 2.542594164850000005e-01 1.936876373950000116e-04 6.186300811049999965e-21 2.797377843589999944e-21
3.532904442429999903e-01 3.957369851770000220e-41 1.450178624290000054e-25 3.000929052940000119e-01 3.466165860539999755e-01 9.391165740640000454e-43 6.919435142820000264e-10 6.368529707059999388e-08 3.169997720210000235e-11 2.664332055419999997e-20
6.378680383820000133e-01 1.145601105690000042e-69 8.840517237499999894e-26 1.383719174820000013e-05 1.255623620489999983e-15 1.431460870699999903e-44 1.328364348220000014e-16 3.174746685190000199e-06 3.621149484839999988e-01 1.195856991709999953e-09
4.704260735259999861e-26 8.545948760650000364e-02 6.757772724840000069e-09 2.946192621389999911e-09 4.713660926000000099e-23 5.446801133149999918e-01 4.788436318249999894e-04 4.283853373209999756e-20 3.442206098889999876e-04 3.690373251330000270e-01
4.818041407870000126e-01 1.717973399100000092e-11 5.823990619140000146e-04 6.336004235839999654e-12 1.612355999209999967e-06 1.708399595590000102e-13 5.176074945390000126e-01 2.105932675590000063e-16 4.286047287950000211e-06 6.718437438059999562e-08
1.887181293390000035e-07 5.720067314909999787e-11 5.190257079219999792e-01 1.198187349389999992e-06 4.612860017179999939e-01 1.968690339710000084e-02 3.914522800760000001e-54 3.479576982660000079e-17 6.429767979719999907e-17 3.836910270580000175e-32
1.834421467479999956e-01 9.619273133269999599e-07 1.243073417719999936e-17 8.458164467230000483e-02 7.319752466519999778e-01 2.258643101929999814e-49 1.683453717359999954e-46 8.876706521569999828e-46 3.310594239589999909e-78 3.252860648680000122e-53
4.438686775759999750e-74 9.684871089329999405e-02 1.415982233060000036e-26 1.133850487490000019e-11 5.588479503340000366e-13 5.248733819280000379e-01 3.782774256629999887e-01 6.023588774370000185e-39 4.815030919770000478e-07 3.176864747659999955e-25
1.158500525610000040e-52 2.194229642169999924e-50 1.463407988979999900e-65 4.474116015180000239e-01 1.440605537169999950e-01 6.847784206850000417e-33 4.085265386079999783e-01 3.809632602129999942e-27 1.306156808149999906e-06 3.248917225200000026e-40
8.309119444199999945e-07 1.969506954490000030e-16 2.032876329499999912e-01 4.033280009899999907e-01 1.884734683979999992e-01 1.037289999450000003e-09 8.532312561359999951e-34 3.540460749349999769e-11 2.049100656769999862e-01 4.282125051069999745e-17
2.752275185040000036e-17 5.196061471600000032e-15 4.620710165039999817e-02 9.053405200510000379e-39 1.537248916709999978e-44 3.941686529130000172e-01 2.243599090120000106e-26 1.664917999349999840e-08 2.747862491190000006e-02 5.321456038759999618e-01
4.545648147529999794e-01 1.670232612150000044e-31 1.877666193339999970e-02 9.811674880149999153e-03 6.692917981389999870e-20 6.054131426690000271e-20 1.332678818340000052e-48 1.316406635749999962e-14 5.168392294960000299e-01 7.618937450679999874e-06
7.190959592810000641e-46 2.289720042880000195e-03 4.953178224180000195e-17 5.546852772400000416e-03 1.247784616410000031e-31 8.803326292350000087e-06 2.766346752500000172e-01 3.272687806280000119e-33 1.732759296120000014e-01 5.422440189960000545e-01
1.007826182689999969e-11 6.727391080369999887e-01 5.726275443110000196e-02 7.632460455039999373e-49 5.803222055830000209e-49 2.699772659479999781e-01 1.454115478089999994e-31 2.403733049410000078e-14 3.380545549799999719e-33 2.087157287279999980e-05
5.954132354200000532e-11 3.144387422049999914e-12 9.297053602349999622e-09 5.412890014710000309e-45 1.211235091849999901e-31 1.494165084519999930e-02 2.167836045700000016e-03 5.780607543860000197e-01 1.181946034030000053e-08 4.048297375439999790e-01
4.144691378840000273e-01 7.131126093159999359e-33 5.855308621160000282e-01 1.695861538149999979e-24 2.633008944309999974e-44 1.605126826869999938e-39 3.669007110350000120e-296 1.278575290210000025e-38 1.994963377440000029e-42 1.093797292480000026e-29
1.772829581829999965e-52 1.088509802860000014e-01 5.767675096490000450e-14 4.737568944590000129e-03 3.820441620669999816e-01 5.516702291919999956e-04 1.401374730150000032e-02 8.356077394980000055e-50 4.898018711720000251e-01 4.335996678309999738e-26
2.895778885090000143e-02 4.288440229889999850e-54 2.257646798899999922e-32 4.384698399340000163e-01 1.141539928339999933e-04 3.505741537499999919e-34 1.179379018360000031e-01 4.135909236590000204e-01 9.293917266329999784e-04 3.407693309019999829e-14
2.703666865270000219e-01 2.181810435250000069e-01 1.855268659649999966e-05 9.171851389959999947e-17 2.692943303209999750e-01 1.078935185050000018e-05 2.189273832279999865e-29 2.421285975889999886e-01 1.843015086980000030e-33 1.568010736799999970e-27
6.856372563290000222e-02 1.313352269360000025e-16 1.367348485060000118e-01 4.026122825969999930e-01 1.745612949729999919e-01 4.532400186480000134e-13 4.663974826410000305e-24 1.021623280850000050e-07 2.175277461269999879e-01 2.149175717440000051e-12
2.371424187460000055e-02 1.981389121169999934e-44 2.902490997350000157e-01 1.688000097930000034e-31 2.727834470020000235e-01 5.225412957399999669e-02 3.725998321300000168e-65 1.146992605879999932e-01 2.462998212259999986e-01 7.875908927000000412e-39
2.578849966500000030e-24 9.804371034849999377e-35 7.032552488500000143e-01 1.663526727289999952e-23 3.785791090299999911e-86 2.919684584549999831e-41 7.114172494819999814e-79 3.000528503930000177e-68 4.739099395960000379e-10 2.967447506759999798e-01
1.664862111050000084e-54 6.398273432499999858e-02 6.961634606530000330e-22 6.022984496369999663e-01 4.748621161020000281e-45 1.058281892689999923e-36 2.335547419990000040e-01 4.931462520030000231e-88 2.495801221430000018e-14 1.001640740399999951e-01
5.593661199570000297e-01 1.888453553910000090e-21 6.166762817240000048e-12 7.115795384070000317e-47 2.161618892619999940e-23 4.043058040749999916e-13 9.091878456010000582e-52 4.406338800369999920e-01 8.057855170190000100e-44 7.097496123840000213e-30
4.370976356369999893e-12 3.072235551990000222e-39 1.690524770739999976e-06 7.717418831510000077e-01 3.448662263399999705e-55 1.755474227420000103e-37 2.126587578460000049e-68 2.204628173540000016e-43 4.611485991459999930e-10 2.282564258579999894e-01
3.660156553630000309e-46 1.816479524980000038e-01 2.658297738799999935e-32 2.091091689460000051e-04 8.493759482109999639e-41 2.231784077870000026e-34 8.181226102590000160e-01 1.605497911680000027e-47 1.941231265660000175e-30 2.032807427659999970e-05
1.440962003599999938e-07 7.176823900319999616e-01 2.741658635270000177e-23 2.822826874289999788e-01 3.477844298369999940e-05 7.868450360920000058e-28 6.053394043580000246e-65 1.057372549619999965e-22 2.720541519389999961e-93 7.099246399530000486e-51
8.078595219299999991e-41 1.140952414309999973e-37 2.969209466570000211e-109 9.895083649840000262e-38 4.456215236519999734e-01 2.974590825570000091e-30 5.226739399240000195e-01 3.170453642369999714e-02 5.655641994859999636e-69 1.600559416480000110e-82
4.483668244950000242e-02 4.869792584079999931e-01 4.681840589729999724e-01 1.680868472170000052e-22 1.949825284129999972e-14 1.407654119979999904e-10 7.678105457050000331e-17 8.820688508579999912e-20 6.387792048769999606e-25 2.917836001449999760e-11
1.280131415719999904e-16 9.346848301239999737e-35 1.493916257050000029e-01 1.192772349499999992e-55 2.458223206420000074e-19 1.164614925350000024e-01 3.870094862420000099e-45 1.659830471040000048e-14 7.341468817599999808e-01 2.364779406870000027e-27
3.204271844739999819e-01 1.359764507980000078e-21 3.554824148310000154e-01 5.230515633209999967e-76 3.619679773880000255e-14 8.567135787349999462e-03 5.906746533409999785e-07 3.155207171580000081e-01 1.957074807000000061e-06 9.420427260010000172e-14
1.126486481359999952e-64 2.196107433350000088e-17 4.338377953689999883e-30 1.284088077720000066e-25 1.265923674070000089e-27 7.083718078949999830e-01 2.942907644420000163e-02 4.398280356159999801e-22 2.621991156610000151e-01 3.851711189389999804e-16
6.545628258710000245e-06 2.019382726700000210e-03 2.867519016769999873e-01 4.361616958190000257e-57 3.070776514449999717e-42 5.781159056939999541e-01 7.014919337709999829e-22 5.851767789540000125e-02 1.387497686260000063e-24 7.458858637930000646e-02
1.650491933319999962e-18 1.555165536249999980e-01 8.317569208839999464e-03 2.482015750919999986e-01 3.429156118519999796e-01 3.771855423519999794e-11 2.208302373830000054e-01 3.233725427640000101e-34 2.421845280080000065e-02 2.908136755460000168e-14
3.166470608620000025e-05 3.592296739190000186e-32 1.656755628629999925e-12 4.794097549719999896e-36 3.383105168930000128e-01 4.467313556310000327e-15 3.105048941860000244e-01 1.004143653329999941e-01 2.507385588800000176e-01 1.892273753580000017e-20
3.041147819410000029e-05 7.215780823490000121e-37 1.898141107999999910e-01 9.154122116750000306e-65 2.742175211559999872e-09 5.662471670930000478e-01 1.361781502259999936e-29 4.717715017239999808e-02 1.967311577149999935e-01 8.653072676720000359e-29
4.988264751790000111e-03 2.666411536369999843e-61 3.467925801450000177e-33 1.658795470609999896e-53 6.868381568320000019e-01 4.393995701480000143e-35 1.055345528900000017e-33 3.081735784160000158e-01 2.033392148289999900e-33 7.569556539039999884e-64
4.611593020820000111e-01 3.094723863640000044e-33 1.632679693000000168e-02 1.898957628280000118e-29 1.731659380080000170e-21 1.629180500459999991e-20 1.155389837059999930e-17 1.153847421649999908e-13 5.225063398260000325e-01 7.561162086479999623e-06
1.008005689990000009e-01 2.631070610580000246e-01 1.669213452979999984e-02 3.499748518979999834e-01 2.698062067210000137e-23 6.045644034030000363e-03 9.943450400989999752e-36 1.002643579619999948e-04 1.231622936049999916e-21 2.632794751240000175e-01
6.941302712119999940e-01 9.143945050689999817e-69 5.742154733320000261e-38 1.178163650819999973e-62 4.013892713519999844e-10 7.413693052479999900e-39 6.415744377940000285e-38 3.058697283869999950e-01 3.094941610879999938e-44 2.421346066149999845e-59
3.993356415880000347e-27 7.665411477179999737e-04 6.002333966780000196e-01 3.983620758390000183e-01 1.057624206030000051e-38 3.267819638129999839e-35 2.586159026899999950e-35 1.414966152549999936e-75 2.042888077259999938e-14 6.379863355289999835e-04
5.006721369050000092e-01 3.835700839570000028e-18 2.455051654939999889e-04 2.689151048969999829e-15 4.990823579290000200e-01 6.848412669129999923e-21 1.034468672309999929e-49 5.157340905619999817e-17 4.183138073410000403e-25 6.679552681709999465e-39
4.587632582329999667e-03 3.283942093459999831e-15 3.970963163060000078e-01 5.983160511120000358e-01 4.796360051039999879e-25 3.822009613650000221e-39 2.241260936690000156e-71 1.494473241070000028e-38 2.807051129039999971e-27 2.368368457919999947e-14
7.654099034100000365e-01 1.820369856359999967e-52 4.993528118859999626e-12 2.120870019059999945e-01 4.493656564699999951e-42 2.823366156350000075e-59 7.831565355839999590e-47 3.184262865169999887e-27 4.099126574560000100e-11 2.250309463810000118e-02
1.283100780149999936e-12 4.994146178319999740e-01 2.166679389710000184e-15 2.939105615729999874e-07 1.041485306850000061e-04 4.248131440120000045e-16 5.004809397249999625e-01 3.641861180050000142e-18 1.270955245639999994e-25 9.637622874350000620e-18
5.031991474660000296e-01 2.327250996159999815e-21 1.193990308899999973e-15 1.455830518529999969e-17 4.968008525340000259e-01 5.529902185880000024e-27 1.540885110129999972e-45 6.883202628190000148e-23 9.054019815929999718e-47 1.582465364440000127e-51
6.769358793809999612e-15 3.430091325909999862e-06 2.423405469700000084e-26 5.048747536280000503e-01 4.951211344140000192e-01 1.198491368029999977e-23 6.818671786320000125e-07 7.072476027719999461e-21 2.301410403880000168e-30 1.110080311979999959e-24
5.333806555790000345e-06 4.164380952599999828e-10 5.178783047239999826e-01 2.574005639569999912e-04 4.601705380000000178e-01 2.168842248839999987e-02 2.136820102110000002e-54 8.014554130980000262e-17 2.813170898919999970e-16 3.860172812990000169e-31
1.563051889970000032e-40 9.886582907700000093e-66 1.978891883010000057e-47 2.806648743700000050e-64 2.123434506749999885e-45 1.783849573540000041e-12 7.520208557730000409e-01 2.424460229189999982e-01 5.533121305800000125e-03 5.729556374839999900e-15
2.945060490870000103e-01 2.854666273489999995e-05 1.232187553339999936e-01 2.670078836809999838e-33 3.059135339760000183e-01 2.762521589879999850e-01 8.065449721150000373e-05 3.014547468549999805e-07 6.848978058710000087e-16 2.515127306839999811e-19
9.077661919889999877e-34 2.965540447770000185e-10 3.713218309010000199e-10 2.543795236759999857e-10 2.432299589099999951e-02 4.386207874779999849e-01 1.804273146880000085e-10 1.712999266129999924e-33 5.370562155279999805e-01 4.531433549949999680e-27
8.894059534980000673e-34 1.279792071490000128e-10 2.281022521939999879e-10 1.341461214290000039e-09 2.431937029680000112e-02 4.386245535130000039e-01 5.603283550160000310e-10 3.757391812950000195e-34 5.370560739320000554e-01 3.787191663980000193e-26
8.792381238589999935e-13 1.497176505850000068e-110 2.022076559930000036e-44 4.526389212269999758e-46 1.018962405190000045e-19 2.671954886789999819e-43 2.490392202750000006e-01 1.971098045219999984e-01 5.538509752019999954e-01 3.692564398889999899e-20
8.656689484279999554e-09 1.402449580420000023e-31 4.449562046319999845e-20 2.829946313059999996e-01 1.949666070009999965e-48 4.887080229099999955e-31 2.856187986240000169e-52 5.955369692389999689e-08 3.611669312869999904e-19 7.170053004830000409e-01
6.030521358560000608e-17 6.074864382310000144e-01 1.302000578850000083e-24 6.973641047879999623e-09 3.925135547360000254e-01 5.787571425170000238e-11 8.142370542540000450e-29 2.171290785890000153e-12 1.832431597850000112e-50 2.497210788149999870e-43
3.987417465569999887e-96 1.938881082139999878e-01 8.939325719699999906e-28 3.448149004380000049e-01 1.385192792880000031e-43 9.502459026529999512e-11 3.948412497070000193e-01 2.498721821499999813e-60 6.385293117599999402e-02 2.602810369850000125e-03
5.626453049329999895e-18 3.549724321759999968e-01 2.381969458840000134e-10 4.542817529660000270e-02 5.995993922879999660e-01 1.442618198199999994e-12 2.230027853099999830e-33 1.825753504700000084e-30 1.114055708569999996e-30 5.337422526740000025e-34
5.968759245930000020e-41 6.252128763389999890e-23 1.656060270500000069e-40 2.599803565919999726e-01 3.064617520969999791e-13 6.060077782700000300e-10 1.569784246469999867e-01 2.326795245059999906e-01 3.503616926149999977e-01 1.033703911240000093e-09
5.954301946429999548e-01 1.018494950679999997e-25 3.374754484519999716e-05 4.740188616089999890e-02 1.217145109279999993e-33 1.322258045979999992e-30 1.870401278960000053e-48 1.236650283759999964e-21 1.212280330350000018e-11 3.571341716390000198e-01
2.013037549950000005e-01 5.738218595940000095e-10 3.374872335470000015e-18 5.912235911359999818e-01 2.074726532939999979e-01 3.935960399319999870e-49 1.806000028820000022e-35 1.150128451000000053e-36 7.621656773129999989e-66 1.812352932239999970e-46
3.726454763100000012e-01 1.897216168340000097e-06 3.493851432040000204e-02 1.585300698910000123e-04 3.006579601440000054e-32 9.936042338740000885e-10 4.236614247689999964e-55 1.165704255900000027e-06 3.986870111129999761e-20 5.922544153859999883e-01
2.915447173870000169e-109 9.005401123109999309e-03 3.592259258439999692e-30 4.611690467949999789e-05 9.675922081889999622e-28 2.025189080960000144e-03 5.955951941089999702e-01 4.231598077749999762e-52 3.933280987810000018e-01 3.781452919459999832e-13
1.022849230540000055e-24 5.801453552689999929e-31 4.754738603590000295e-101 3.350640423890000053e-01 1.435737969240000030e-14 1.929703194029999977e-79 6.649359576109999947e-01 3.655280223770000069e-20 7.075324093630000173e-83 1.829627016280000052e-37
2.607074959880000084e-65 3.047401753300000042e-18 2.335937024650000048e-30 3.612648853520000000e-25 2.415246851480000221e-28 7.083717610249999908e-01 2.942935382609999928e-02 1.374226537440000062e-22 2.621988851490000272e-01 1.374979892779999995e-15
6.615789803279999981e-24 2.475203810660000078e-09 8.153890815520000223e-26 4.108496334659999728e-82 1.005257213290000062e-01 2.185006989280000034e-01 2.953918171600000142e-01 3.855817601090000268e-01 1.093185835229999980e-34 5.890834629899999921e-48
4.467022211470000198e-02 4.870226523480000180e-01 4.683071250809999753e-01 5.851336884500000169e-21 5.904926477799999909e-14 4.226216865399999837e-10 1.588624086370000062e-17 1.325361627780000090e-19 3.611314914480000204e-25 3.441843838329999810e-11
2.108191364990000120e-04 1.931028789450000005e-01 4.616804288149999880e-01 3.478943699190000152e-23 3.269037784680000058e-01 2.131530486750000085e-03 1.597005748639999945e-02 3.063641439050000098e-07 2.002969022820000044e-07 1.110746481930000096e-12
3.398410372830000006e-29 6.157596476279999509e-01 3.796773662449999809e-01 3.754919320480000030e-49 2.799851084509999968e-59 4.562986127010000385e-03 8.938795868800000428e-62 1.567475627700000065e-37 5.792567343110000357e-38 7.941599142030000582e-17
4.387669377899999779e-01 6.650771452220000016e-21 6.353502370010000135e-25 3.758746470169999756e-16 4.532667405720000200e-39 4.839506937560000168e-32 5.975229082290000330e-16 3.074462770740000184e-01 1.547120484409999910e-35 2.537867851360000038e-01
2.640691913720000068e-43 9.107814461189999702e-04 8.688983627570000138e-16 5.715880769200000167e-19 3.112268814929999758e-14 4.108600667999999789e-01 2.440258329639999890e-01 4.419087109769999926e-17 3.442033187899999902e-01 2.121724647809999927e-13
1.893969781799999946e-02 1.037913494620000058e-11 1.867252252990000139e-01 1.786210093679999988e-35 5.387461252529999677e-21 1.793609789650000078e-02 1.287366819079999973e-08 4.099106659230000171e-01 1.162542328049999976e-04 3.663720459459999801e-01
7.216234943879999697e-02 7.207236330209999819e-02 7.355499459860000144e-02 8.615573455719999964e-13 1.839064098079999884e-12 2.933449238640000178e-01 3.301495616630000240e-01 3.700497434069999745e-04 4.578005214490000096e-08 1.583457116070000059e-01
4.639462095419999697e-40 6.566715763880000278e-02 1.640000383660000062e-11 8.258732861580000251e-08 3.055268666720000192e-01 8.677518247620000236e-02 3.174279911690000011e-01 1.003080945670000050e-35 2.246027194399999871e-01 6.671917580029999661e-22
1.390378238379999947e-24 5.940102385919999728e-01 8.752661179969999457e-12 4.059882766480000238e-01 3.951256633869999819e-21 1.058710313820000063e-29 1.366430087130000008e-06 4.392001896629999729e-54 1.556406817730000027e-17 1.183207632899999987e-07
4.450256211000000114e-03 1.065864619859999953e-08 4.826707913539999839e-01 2.763944538020000163e-28 5.260650364300000155e-25 1.242997672780000035e-01 1.139943508340000069e-56 3.885791744980000018e-01 1.564574293139999952e-26 7.545259557860000482e-14
8.742909070130000339e-45 1.099112937859999901e-37 5.638665630139999756e-20 3.443793619660000066e-67 6.336871117979999639e-52 5.114098298020000044e-01 3.195966030070000156e-25 2.101961401390000174e-09 4.885901680959999771e-01 4.074052324550000037e-13
2.345459639820000019e-17 3.164255550939999995e-01 1.053375287069999999e-01 1.491861385170000064e-20 5.782369160660000285e-01 1.333741844120000117e-10 4.154060249799999866e-20 8.364987805629999547e-41 8.539037324060000004e-22 1.016530915890000049e-38
2.931581179819999772e-01 5.907120746190000514e-10 5.205855041069999858e-36 3.169983617119999982e-03 6.640164550739999658e-07 5.893256796880000447e-38 3.350250519390000070e-01 3.686461818539999991e-01 1.377843537269999995e-47 1.265075533999999985e-16
1.260987846269999903e-31 6.220635934149999649e-41 5.416825964759999660e-09 1.997496742749999961e-113 2.910679020820000226e-50 9.999999945399999923e-01 1.387353484009999936e-61 3.247101775929999791e-11 1.110486559820000006e-11 1.319932031930000094e-29
1.351255293740000034e-40 3.683575768680000103e-41 1.172227867310000030e-06 4.263339176179999788e-23 1.121703784559999971e-88 5.532083701039999791e-35 7.931900088189999792e-64 8.119746789130000456e-66 7.098643006210000328e-01 2.901345271510000212e-01
3.691607064469999699e-02 1.829080992289999862e-61 4.213731516090000182e-05 5.188524087329999812e-01 6.666932659600000383e-57 5.771452508959999838e-56 5.084926518919999974e-98 4.857660093800000033e-34 1.931612701980000048e-07 4.441891901460000014e-01
8.159876124119999946e-46 1.807876428649999867e-01 1.925768927900000048e-32 1.082992758599999944e-03 8.506418517070000553e-42 5.769428794200000390e-34 8.180558309850000098e-01 1.918601809539999898e-47 1.109681462509999916e-30 7.353339142749999344e-05
7.141319800519999900e-09 9.602889511280000494e-12 2.045600369650000116e-08 4.829203169939999874e-11 3.992784387970000257e-27 1.554095645369999931e-02 3.639412933749999867e-26 5.797048111929999914e-01 4.249403496149999619e-09 4.047542004490000123e-01
3.268728231930000289e-23 5.940112408859999915e-01 2.092097191930000035e-11 4.059886750839999947e-01 1.529620965180000008e-20 6.228407937769999822e-30 4.971255889190000082e-09 3.202625828009999988e-56 2.512713067100000184e-19 7.903766495470000150e-08
4.798671360199999736e-01 1.338686683159999960e-22 5.504232418929999728e-05 6.927001111590000193e-06 1.055020736689999969e-11 1.026217470539999943e-09 2.583609275639999962e-26 1.359067114139999866e-01 3.840710708430000175e-01 9.311136157410000312e-05
1.118821617709999938e-01 2.691433474039999774e-01 6.086816190589999613e-03 3.445920481649999978e-01 8.662983275960000504e-23 3.109534415930000030e-04 3.670946508760000070e-37 1.067674384349999942e-06 2.543628004149999869e-22 2.679836053529999762e-01
2.500123283479999955e-29 8.572435580700000016e-03 6.044764314620000380e-22 3.266575443820000091e-01 2.183082058599999890e-27 1.995948743459999978e-28 6.647232904530000486e-01 1.284664043319999951e-39 1.422844002199999977e-20 4.672958509610000065e-05
3.592291071600000052e-01 1.004212780320000038e-08 1.115769875969999936e-01 2.375433605329999949e-10 2.964087795650000023e-02 5.648957519710000379e-15 4.906028064479999728e-01 3.812801825560000188e-08 8.943467640420000100e-03 6.704790420970000249e-06
1.442834905300000000e-41 2.590416086060000153e-11 1.105217566580000107e-19 1.905515721330000023e-01 6.029427251749999855e-28 2.164624450319999938e-27 2.496131108609999927e-01 3.125062741799999813e-43 3.417622559360000145e-01 2.180730610440000106e-01
8.085423480689999987e-07 1.972121489420000096e-01 2.175369681960000022e-05 3.671819213110000257e-01 1.007031485479999968e-09 9.032918062229999823e-03 1.747448348540000014e-12 3.738392889769999727e-01 7.339108855110000146e-06 5.270382035079999861e-02
2.357170925019999904e-14 1.433100705329999891e-01 2.578746755319999973e-01 1.453494794450000127e-01 3.926039040699999885e-03 4.682742680910000066e-02 3.351276896349999989e-06 2.156890366350000121e-25 4.027089571799999934e-01 1.828756060979999931e-10
2.173616766710000092e-01 5.592369063469999624e-01 9.920080341469999912e-29 5.735931902940000083e-08 2.234013596230000065e-01 6.169791095890000060e-35 6.736739459160000417e-33 1.276835700710000050e-16 6.933694714030000330e-116 4.862610551940000147e-52
1.145586141370000081e-02 2.852385681070000040e-02 3.701654232669999989e-04 1.982310862639999893e-01 7.614190300890000263e-01 5.528721350160000178e-27 4.147638059579999805e-53 1.530515262340000054e-37 8.898206012469999553e-50 1.496430419360000088e-43
3.006728954780000240e-01 3.168297582509999964e-29 2.212430597380000038e-16 3.225573090000000089e-06 1.114559557570000068e-23 1.688926682810000080e-23 2.513379845200000061e-16 4.975665646960000243e-01 2.936711193740000041e-08 2.017572848860000045e-01
6.193154400780000310e-05 1.780352050729999919e-40 5.094804185739999907e-27 5.590131547229999498e-01 2.574342324090000093e-13 1.564506470500000035e-23 2.128190807560000064e-02 2.784138870180000169e-01 1.375640430349999999e-01 3.665075604189999958e-03
1.405872020379999957e-26 8.518900247949999505e-02 7.854457248809999502e-09 1.669149626290000009e-09 4.887666321119999760e-23 5.449461363080000398e-01 4.822245364449999762e-04 4.184392823420000009e-20 9.296704540989999470e-05 3.692896601069999840e-01
1.871788627269999961e-06 4.411756748350000207e-16 2.032866954160000017e-01 4.033279541690000247e-01 1.884732071499999884e-01 5.978947484260000276e-09 7.635331596090000475e-33 2.258771085309999812e-09 2.049102632389999956e-01 4.677973041430000221e-17
6.071016652730000240e-01 4.107525565220000048e-28 6.566572301370000582e-05 1.315813779409999999e-28 1.719460318649999911e-34 3.043509816220000006e-30 3.997510660450000036e-17 8.441505681310000426e-19 1.905331361440000094e-10 3.928326688139999745e-01
8.833946210599999738e-22 1.452451437319999973e-47 9.575603117739999611e-10 8.802261904160000387e-18 1.487250050549999874e-60 7.114092513490000307e-40 1.009598709969999968e-42 6.806982248069999513e-45 7.026337933780000267e-01 2.973662056640000162e-01
9.162707178160000588e-67 7.074279061099999488e-01 2.349053764989999798e-25 2.424633040289999875e-01 3.168408032370000001e-58 8.594984048870000571e-28 6.808776942749999675e-12 4.559941829260000317e-74 8.457088032539999982e-18 5.010878985449999934e-02
6.913405648740000622e-33 3.353778346679999974e-13 1.311834590469999976e-18 4.058908421440000081e-01 3.279795731100000081e-38 2.121620154839999989e-47 7.827520494459999235e-09 3.372139267569999869e-62 1.846034517809999941e-10 5.941091498439999841e-01
5.625242316049999802e-01 7.099623767730000138e-24 3.431424299200000225e-17 4.374757683950000198e-01 1.215059646490000016e-16 1.505837593750000065e-61 4.047500106080000242e-42 5.074579721959999598e-35 7.878827453939999937e-37 2.282442603559999979e-23
4.642267832679999873e-01 9.809354429899999622e-32 1.115529882919999959e-02 4.799629953119999835e-04 3.790758615860000114e-19 5.433048757900000287e-21 4.827547644160000055e-48 9.775559877839999302e-15 5.241285866220000145e-01 9.368286074370000760e-06
4.527435784849999888e-03 1.458046749049999868e-01 6.513443339080000351e-05 8.815344361859999710e-20 1.270769757350000104e-16 1.818348036820000013e-01 3.997260772139999974e-01 1.167055007510000020e-01 6.938523878189999554e-16 1.513363732290000097e-01
6.378654785830000229e-01 9.159676853989999331e-71 1.038793181019999986e-25 1.959012109709999948e-05 5.420176148910000470e-16 1.378818024909999940e-43 4.192298693379999921e-16 3.429631401310000122e-06 3.621115010439999726e-01 6.205877830229999564e-10
4.001694442460000268e-73 6.302936203700000295e-01 4.472412620889999645e-21 2.188149061740000094e-05 7.396059064760000057e-25 2.373180590430000111e-02 2.417815950480000087e-01 2.752128582780000206e-41 1.041710961359999937e-01 1.051390705939999945e-09
2.857192581099999851e-01 3.872341877059999914e-09 6.665177462720000414e-34 1.134240797359999976e-02 3.608942318210000180e-07 3.597079538549999894e-38 3.273575938339999825e-01 3.755803753160000258e-01 1.116764608260000036e-46 5.222486679289999777e-14
1.039177884139999907e-43 1.305528247859999956e-02 8.955563080369999571e-21 3.234652446510000168e-01 3.202223217199999854e-24 1.844349237810000072e-15 6.634793475229999737e-01 5.373478861069999671e-38 5.327353619519999714e-09 1.200205682559999930e-07
5.918827079969999877e-08 3.630218029369999785e-175 5.836277992939999626e-56 8.758415153309999957e-13 6.946540218130000110e-11 4.563831283820000376e-65 2.554756301510000129e-08 6.409845770359999806e-01 3.590153381580000191e-01 1.882126399200000070e-24
4.866822768730000247e-06 1.969991930050000105e-24 9.847472504819999466e-08 2.651226683519999939e-60 5.284704318740000017e-01 4.698782849479999912e-01 2.823128148789999844e-06 1.643455493810000098e-03 3.925833302439999850e-08 8.529155640680000412e-29
1.403420115240000071e-11 2.283525951260000075e-01 2.132822835570000056e-04 7.714341225590000128e-01 1.669031845509999885e-11 6.135024000009999753e-32 5.103763101460000064e-72 8.534869019380000835e-59 4.730591222720000224e-52 3.894659727179999842e-39
3.161518905339999862e-36 2.916202701959999743e-66 4.652204565529999796e-47 7.464922571179999838e-61 3.142977904959999968e-43 2.345180991160000101e-28 7.519508729999999641e-01 2.414033011230000136e-01 6.645825854989999976e-03 2.217547517580000076e-11
1.862204823030000069e-38 1.059597561809999941e-37 1.184500228049999940e-34 6.098283367059999832e-46 7.575295807900000365e-55 1.657618945579999899e-14 1.830959900490000125e-01 1.264511185979999910e-06 7.732121315380000026e-02 7.395815322859999874e-01
3.471257729520000311e-18 5.898953404610000062e-01 1.468962820310000079e-41 6.274069060819999542e-17 4.099507077019999834e-01 2.674183214650000091e-13 1.792052135379999927e-10 1.539516570010000080e-04 4.542064499820000238e-65 2.540207620269999810e-41
7.499574364479999478e-01 6.158953294569999683e-04 8.329265220940000416e-22 1.298655112119999965e-06 2.494253695670000104e-01 1.794885088750000002e-33 1.609483778459999903e-26 3.176113368379999942e-27 2.921466984769999845e-78 2.386856634579999914e-43
1.043070294389999945e-31 1.431885337080000109e-13 7.579849422739999920e-13 1.099216351189999999e-10 5.360884684469999772e-01 4.073762323949999963e-12 2.808471452910000221e-01 6.933784661599999903e-38 1.830643861479999968e-01 7.449223320829999365e-27
