7.862247355260000264e-20 1.128606929029999939e-16 1.244498334879999999e-09 3.509513741709999746e-01 1.095111020150000070e-06 4.038574333850000164e-38 1.329629664760000052e-01 4.241626083160000223e-21 4.701600426970000269e-04 5.156144029550000507e-01
1.665858491949999961e-07 3.652755742880000045e-01 5.367478908690000085e-13 1.848341993269999997e-41 5.852377788839999850e-33 3.848574636670000215e-01 4.904699547309999934e-59 2.498667953139999953e-01 1.441464229200000003e-10 1.275123575669999991e-26
2.797196448290000248e-01 1.444322695599999916e-05 5.283960492079999701e-06 9.436839657040000381e-24 6.015962142280000055e-07 2.568386033639999942e-05 1.153317706300000043e-17 4.448911614359999933e-01 3.252254935869999985e-14 2.753431810909999777e-01
1.000135728070000023e-15 4.240651717779999714e-43 3.684609456290000071e-50 1.107592507160000059e-02 7.571576141239999558e-01 2.317664608040000129e-01 9.414102561839999514e-36 1.087104684299999958e-33 5.331567646979999669e-28 9.396202543390000430e-34
1.509298476260000060e-13 4.348421167720000202e-01 5.651578832170000011e-01 3.536484907490000213e-38 1.015153533720000023e-32 4.570664106699999839e-16 6.745094612740000053e-18 1.124501251960000078e-11 2.456083021500000079e-27 9.434979271850000336e-25
1.641507179240000060e-46 2.362676581969999847e-11 2.268124382130000052e-32 7.767403456379999726e-07 4.456745442150000097e-02 2.709710889020000013e-01 7.508000948810000102e-03 2.122340900980000063e-18 5.068149080699999587e-01 1.701377708940000066e-01
1.556562085140000089e-26 1.419235163750000000e-26 6.688175641300000172e-143 6.605902225869999533e-01 7.659194193830000476e-21 1.455522800060000027e-39 3.394097772540000113e-01 1.043153383320000011e-172 2.018432972719999892e-57 1.594679493989999953e-10
3.850610283620000129e-01 2.649046492689999810e-01 1.696257001489999910e-16 3.154494908450000135e-01 3.439295340929999862e-13 2.703248398609999826e-04 3.431450668350000122e-02 2.175034253889999863e-32 2.726272814439999952e-49 1.099854115590000054e-36
2.965656106009999935e-24 7.052965487949999588e-13 4.983994758099999922e-01 1.535991346999999997e-21 4.724768226139999805e-01 1.412221303510000050e-08 2.907596412469999961e-02 1.477100355749999932e-09 2.618023262140000108e-08 4.769567101549999693e-05
2.448252446139999872e-01 3.880919455010000130e-01 3.224443493139999810e-38 2.785993227999999933e-01 7.227842387130000396e-38 4.367678976310000060e-60 2.198911077799999905e-42 2.445160852449999894e-42 1.851971424650000113e-04 8.829828994230000394e-02
6.621703566869999724e-01 8.966005005809999449e-06 5.419741588500000181e-10 1.474957876709999896e-06 5.276745156719999668e-16 3.378192018080000136e-01 2.508424224589999859e-20 8.114127652999999568e-16 4.481635496129999712e-14 1.136408920470000062e-30
4.283218343329999733e-01 5.351001342130000452e-35 9.347074004050000273e-02 1.899934189290000131e-01 2.882140063099999927e-01 3.238486912589999895e-20 9.194132092319999572e-26 3.880718061990000158e-10 6.396912086370000403e-16 4.399097837750000057e-27
5.230137716549999871e-02 6.552009007019999887e-01 2.924977221289999929e-01 2.996892103250000212e-41 3.576153118539999709e-55 1.424610393219999973e-16 5.543961844489999716e-56 3.837532423850000333e-12 7.290744251890000243e-37 8.123564245559999303e-71
1.284303737990000076e-19 2.841129838580000000e-04 3.833117875259999651e-06 1.927790514960000077e-35 5.976753537969999870e-14 5.830900152989999530e-01 6.838516227410000073e-12 4.166220385900000212e-01 2.037113106490000080e-13 1.712637687069999911e-12
4.889486058129999964e-28 1.046244077890000068e-01 4.833280911780000189e-01 4.015383538310000056e-01 1.097860366590000064e-32 2.685564055449999849e-09 1.050914448730000048e-02 5.247478069919999789e-12 2.390438538800000145e-11 8.914752171460000532e-45
4.407445311569999914e-73 9.565302351520000672e-25 4.995689075909999810e-22 2.160723984520000119e-68 1.875441553440000030e-29 2.174709066859999982e-36 2.672432702879999894e-31 2.239125469569999875e-11 5.509990550379999519e-01 4.490009449390000018e-01
8.029782920369999382e-30 1.152485954850000040e-17 1.527908679190000081e-24 5.292304958379999702e-01 2.486732950840000052e-21 1.376665271690000087e-21 4.707695041619999743e-01 9.106879625369999970e-42 3.702133278169999792e-40 2.272735903090000045e-41
3.248679997529999876e-43 6.746376583049999986e-01 3.246573086790000007e-01 1.059682043430000052e-36 3.953842064579999893e-38 6.639721777129999928e-39 6.984076332420000250e-04 9.006728975209999819e-11 9.398903620719999946e-07 5.685402158260000378e-06
2.252671181769999864e-01 6.160097891960000446e-04 7.741168719569999634e-01 7.374302192889999670e-41 3.114604743420000279e-85 1.184413952690000058e-23 7.972953917480000059e-86 7.617515797609999791e-11 2.672275278489999907e-31 4.038106313520000355e-96
4.547977298940000281e-03 5.758429224079999464e-01 3.777563754860000133e-14 2.408190283260000059e-19 7.237091764089999968e-27 4.195879696159999783e-01 2.113067637819999935e-05 2.833126856709999921e-30 1.898801748360000088e-54 9.236420091799999736e-46
3.150365807920000146e-08 3.377290565350000162e-01 1.449830955320000056e-05 1.458764165389999984e-08 3.904655078669999762e-18 2.326042871310000128e-18 1.676958382100000025e-15 1.068827685159999957e-01 1.307013139450000083e-01 4.246723166029999774e-01
2.657289324410000077e-41 1.514604077660000017e-14 2.173945375679999889e-08 6.581553206919999391e-33 1.507351447340000066e-18 3.158365848129999684e-11 4.880278793639999946e-01 4.687077030239999997e-01 3.527506316350000060e-02 7.989332677939999308e-03
1.690963306900000025e-36 4.888836690610000035e-01 8.251489061179999809e-28 4.204650800329999990e-25 5.315719386099999741e-45 2.245854173169999922e-26 5.111163309389999965e-01 1.372768301850000095e-41 2.780519534340000012e-31 1.002665954219999991e-20
7.753846083130000455e-01 1.534266095859999954e-29 9.157440769230000533e-06 4.618281619620000203e-31 3.876644291429999694e-12 8.283917594640000122e-51 8.683131744809999919e-25 1.449205942360000047e-12 1.632689097599999985e-19 2.246062342410000134e-01
3.658386166260000145e-06 4.009103670420000043e-01 2.571212687620000008e-05 2.604070552930000121e-17 2.447986459239999819e-34 1.041386525980000046e-42 2.345262087850000012e-18 2.860485014620000004e-13 4.871363226129999946e-01 1.119239398330000024e-01
4.152409715049999759e-20 5.623613194279999949e-02 7.026200078940000020e-18 1.936148825519999894e-01 2.246599729370000068e-05 2.843364609340000015e-01 3.792718740710000064e-02 2.730547356419999798e-06 1.740201423739999934e-03 4.261199391959999971e-01
7.165719316750000252e-38 1.016533148650000008e-50 6.516163204550000365e-04 6.435793714899999456e-29 2.017474913029999876e-10 6.677277002029999853e-01 1.347143741979999926e-28 3.316206832749999944e-01 1.066527965740000046e-32 1.932416056659999947e-79
5.164977668769999683e-22 1.402159780830000001e-49 9.019006117300000096e-23 4.651672935869999943e-25 4.384358002970000223e-01 5.615641989509999599e-01 2.027275462479999980e-27 7.516276541140000380e-10 1.328388002160000035e-18 5.436151416859999884e-26
1.484326857990000114e-17 3.524187314800000248e-01 2.769971347060000088e-16 5.394229358570000423e-28 3.006672314230000241e-70 1.822326113110000038e-16 2.517696370410000141e-77 3.574864087270000074e-02 6.118326276469999714e-01 2.678565249960000106e-45
3.936295371540000112e-33 6.471709586089999799e-01 1.163007613040000028e-32 7.876786717920000080e-35 3.290409209669999814e-46 2.179547397030000136e-09 2.803012252750000249e-51 1.787868373040000015e-08 3.528290213329999814e-01 2.659424958299999814e-18
6.666124746460000416e-01 3.216482745230000182e-40 3.321023661010000239e-01 2.717262113709999793e-20 3.617923753570000018e-06 5.756097292699999718e-47 2.022837739230000015e-47 1.184516482819999951e-03 9.664814980879999544e-05 3.766966540399999832e-07
4.469339879669999869e-21 3.357310669350000260e-39 1.621746614839999953e-45 6.554198776099999790e-01 5.189288912449999906e-04 2.499669529270000205e-35 3.436265658079999952e-01 2.561151418840000098e-49 1.064882458169999996e-25 4.346276909849999966e-04
1.621768897879999964e-07 2.398093612299999899e-01 5.069953990660000243e-11 1.177503136339999964e-31 7.920532037499999786e-31 7.582203600650000430e-01 5.815527576370000056e-44 1.970116476110000004e-03 1.041308796499999956e-12 1.268766377310000032e-32
3.734805182219999757e-16 2.366520866350000085e-33 3.843719819640000184e-34 3.139708594449999723e-01 1.702730762280000032e-01 9.233121059889999325e-21 1.064260578900000023e-24 2.005945963340000118e-15 4.950722210929999756e-01 2.068384323400000030e-02
7.603499758479999736e-41 2.009625219729999899e-32 1.006160742630000060e-57 6.601479442540000298e-01 2.720863188709999901e-07 5.179710143920000137e-33 3.398517831999999794e-01 6.066849290759999875e-63 1.065881215400000050e-26 4.598940491620000198e-10
5.980478506290000107e-01 4.019521493709999893e-01 1.981236950500000139e-14 1.020065297479999996e-17 2.669131636850000166e-40 1.617328571480000166e-33 5.330571395990000292e-28 1.666889071690000105e-29 3.613059679010000042e-38 3.137495581960000197e-31
2.080512549450000068e-02 4.947334119730000257e-01 1.725660045319999947e-01 4.923097903979999773e-02 3.079565875370000027e-23 3.937426016409999782e-45 7.515054538279999420e-05 1.423593990350000028e-15 4.120649984910000132e-11 2.625893283740000084e-01
1.889259971839999941e-01 7.374622457380000141e-03 6.402286732000000416e-05 1.837295536280000082e-03 5.875546048579999735e-22 3.738292362420000220e-28 1.223619272039999907e-15 3.256554684130000266e-01 3.442375543369999846e-01 1.319050392049999909e-01
4.262139820540000179e-01 1.684697429670000135e-01 5.896898122889999636e-03 2.819372879870000257e-10 5.405416250469999568e-32 3.994193737999999771e-01 2.774212146160000060e-09 1.680605888180000038e-18 2.514325008159999842e-40 8.172497816080000440e-58
4.982141398250000131e-01 2.111066566550000072e-19 2.588982898619999974e-33 2.872006192540000011e-08 3.191462735730000166e-01 1.072984036690000046e-20 1.126518804929999978e-01 8.023760429610000618e-45 1.173704915949999979e-37 6.998767738859999754e-02
6.714350384580000108e-01 4.179600353399999773e-13 3.285041519960000267e-01 7.747238966570000260e-38 1.136730734679999937e-24 1.827438423830000059e-42 2.613881403410000155e-08 3.235654173199999893e-13 9.588893816579999757e-37 6.078340658040000069e-05
6.302882352209999983e-02 1.160083895359999978e-01 3.727019199819999928e-07 9.216898174910000116e-32 7.709811463420000407e-50 3.337211380259999841e-05 7.833765796540000253e-77 8.209290420960000390e-01 3.111414598049999776e-11 2.886734811509999775e-50
1.752313962499999962e-41 5.831787859789999695e-01 1.254489853479999987e-24 2.588743600650000173e-58 3.007350616879999853e-42 5.407530511770000050e-20 9.113825055329999577e-17 2.143528243350000024e-11 5.843295469889999965e-07 4.168206296699999980e-01
7.707547838960000037e-07 1.334019944879999977e-11 7.918121481860000259e-23 7.616992278209999689e-03 2.675065727379999925e-01 2.996624663299999880e-01 4.252131978850000049e-01 3.884653322409999816e-38 2.705378174670000269e-29 1.246112257189999967e-19
4.058191852910000347e-12 2.543871159520000039e-10 3.786864167260000068e-05 1.596762512749999863e-01 3.324367331900000000e-01 3.155760861179999766e-01 1.922730605159999884e-01 5.589976830389999954e-22 1.623484403889999894e-22 3.361473767690000128e-34
1.049813369049999978e-08 2.254937807340000130e-51 4.091791769819999956e-37 2.377373306630000127e-01 1.115556348350000074e-03 7.611470933039999887e-01 1.999474962240000063e-88 2.240742885950000018e-16 9.186607812419999959e-09 1.301013850609999984e-58
3.078570854870000262e-01 2.011979608770000130e-17 8.915821252939999815e-49 3.706897127630000288e-02 6.727450308820000166e-31 2.359383237909999859e-42 1.022597981850000006e-77 1.258865005769999969e-26 6.550739360909999531e-01 7.145118996509999600e-09
6.708641797450000110e-01 2.502991314040000220e-28 9.732141664779999864e-17 7.463747641280000002e-06 3.291185066219999844e-01 3.636943484249999766e-23 9.817128436299999396e-06 3.692729475509999802e-26 7.559515637159999864e-30 3.275661697859999757e-08
1.151820646319999947e-01 1.710694857750000174e-30 4.866824768379999777e-01 3.957909362400000020e-01 2.344104711829999958e-03 2.233993935249999910e-07 1.941784752289999987e-07 1.969900101510000057e-13 1.791027875659999889e-41 4.093533735340000174e-48
2.400135880899999935e-02 6.520492748860000409e-31 4.885442009389999723e-43 5.809178289799999950e-01 3.942203159580000005e-01 8.604962522860000159e-04 8.837431971000000922e-22 4.291528851050000135e-54 4.308359270940000135e-60 1.109376730610000062e-48
3.049458774539999846e-12 7.976705725689999687e-05 3.324053787719999931e-01 6.726900163619999561e-04 1.262043255689999921e-24 1.683298100959999944e-62 4.818664499559999732e-07 2.772463052160000018e-22 4.797683967790000010e-04 6.663619138880000348e-01
9.306672489220000042e-35 2.822583308810000110e-72 8.147932182239999613e-41 7.814391140160000612e-61 5.392336000399999829e-01 1.523745370410000074e-28 5.906301443800000309e-26 3.602003113770000297e-27 5.297115016650000251e-38 4.607663999600000171e-01
9.633486928130000489e-33 7.593063658210000552e-17 6.068650781769999725e-01 4.031245965100000224e-34 2.671766139450000166e-12 9.251514364370000374e-06 3.931256703000000075e-01 5.906065181219999699e-12 6.080977003970000147e-34 4.352221951979999770e-33
3.053448982499999978e-11 1.458082672350000109e-01 1.767377204920000111e-01 1.326298785119999961e-14 1.347148471120000047e-47 4.195326290789999828e-48 2.960558447000000021e-32 1.203396114140000048e-13 6.774540122419999699e-01 3.580967416600000276e-23
3.549184101729999791e-02 1.468361186150000072e-24 1.030424256110000035e-20 1.116210518409999933e-12 4.311644553690000024e-14 4.995466131999999893e-01 1.719776954559999893e-95 7.115203105089999702e-03 4.578463426769999733e-01 2.607206807640000080e-40
6.847040104240000036e-02 1.266436089499999894e-19 1.134065268440000039e-33 2.185736979170000045e-03 6.839931830889999978e-20 1.688306143810000037e-43 2.464571324820000152e-52 3.165514004220000176e-19 6.785758415739999716e-01 2.507680204039999805e-01
5.643021503130000172e-01 4.356918287200000073e-01 3.976602890040000076e-30 6.020965472300000158e-06 9.609019089439999467e-66 2.933081398870000159e-69 4.827222425039999914e-17 1.659356988189999985e-45 5.122497926089999894e-27 1.481351561529999907e-12
1.299311139020000052e-33 1.592275757739999881e-07 4.072472731940000035e-01 2.799410001520000268e-26 1.179892055569999907e-38 1.221164464489999962e-32 5.927525674910000264e-01 7.617828112170000601e-11 1.128514214059999964e-11 5.946440043649999888e-15
1.689461429109999913e-01 3.126833449509999838e-03 3.527797071509999882e-01 5.844206173239999999e-10 2.803607728189999937e-48 4.751473159040000005e-01 1.349535879319999951e-37 1.835374842219999973e-14 5.744110149510000284e-38 1.481386592049999949e-150
3.153900120470000124e-01 6.463394071859999923e-24 2.026154420750000031e-14 2.066931694690000072e-22 2.727194982700000270e-01 6.389943054729999968e-12 1.020425460899999981e-52 8.821999803720000088e-02 2.862464084490000046e-02 2.950458507950000087e-01
1.978762944340000004e-18 3.135555162750000051e-48 9.793754715529999488e-02 5.717084992460000071e-26 6.451031776950000296e-01 4.295147313450000033e-04 2.354601055559999989e-01 2.106965486229999893e-02 9.237620033139999667e-45 6.609715511379999808e-32
5.321377708980000301e-37 2.515706966329999891e-02 5.452603164790000251e-07 2.228478406770000031e-01 2.921428966350000273e-29 1.722742242070000040e-01 5.797203201920000382e-01 1.224612648559999922e-19 6.696241186039999710e-20 9.863205944559999177e-63
4.520005448699999928e-02 2.288648289319999973e-01 2.386323822679999873e-01 1.358679353729999942e-04 3.542559448359999807e-01 1.258327898999999916e-01 1.726005192109999998e-06 5.164339396179999973e-08 7.076353634950000200e-03 3.579406548910000103e-10
1.443227319439999989e-01 5.400054858540000207e-23 4.726799361119999876e-01 2.291671659620000134e-01 8.626726742540000159e-02 6.464849257570000340e-02 4.087776577490000056e-30 1.628756354859999921e-04 2.751530344969999910e-03 4.837833983170000158e-35
2.777730769469999861e-01 1.162339816510000040e-01 2.378467784789999847e-09 7.695560992669999860e-38 1.228595847569999953e-69 1.603760873690000079e-07 5.523430801750000115e-115 6.059927786480000522e-01 1.024507468429999998e-16 3.286148081919999996e-79
3.065029745449999732e-01 8.502820459130000508e-02 3.209572193840000007e-06 4.163017962369999892e-43 5.791492454010000187e-15 1.758841251169999975e-04 3.290607772190000072e-08 1.860876322870000099e-01 7.445428850679999687e-31 4.222020619729999757e-01
2.609794061620000080e-28 7.733419613919999529e-04 7.006414219079999864e-15 7.872499187150000521e-01 1.985244992820000135e-40 2.119680948240000029e-01 1.924444302110000144e-33 3.091787598959999904e-19 8.644499144999999747e-06 1.449294759500000020e-84
1.795919846190000002e-01 1.843682508539999876e-23 1.934564586600000016e-07 3.224428413220000015e-07 2.204805003480000136e-01 2.174655819549999869e-01 1.327516309440000079e-21 3.824614171779999738e-01 2.084013137649999972e-16 1.072025534790000012e-19
6.051873650679999990e-56 1.451668664589999944e-33 7.595270509550000445e-38 2.285794800850000026e-39 7.418672983609999735e-17 5.238145404579999849e-28 4.185933849499999804e-01 2.414751495400000073e-29 3.267106285010000298e-33 5.814066150500000196e-01
8.662887178579999831e-10 4.898814118390000250e-01 9.170235085689999470e-37 5.101185872929999698e-01 1.505696934140000104e-47 7.646797896150000435e-41 1.838646157889999916e-12 4.187635474480000114e-55 1.538231897239999888e-39 4.384196004980000237e-34
7.230474976680000198e-60 3.758725433839999908e-75 1.060130349410000006e-91 1.649545592609999931e-07 1.972789433509999912e-01 7.725835277289999461e-52 5.922357973820000510e-01 4.114657116349999949e-98 2.271065159159999893e-38 2.104850943119999929e-01
1.000000000000000000e+00 2.543244561899999902e-13 1.935155970979999989e-18 5.332706050599999819e-38 4.398439992090000084e-69 6.541822468030000173e-51 1.063306448880000103e-37 4.513217241739999840e-34 4.728572065199999911e-59 7.017122344299999811e-41
4.203730045059999890e-08 3.846522663489999939e-28 1.354069808940000074e-15 4.063915914440000007e-37 1.333446061060000082e-25 1.918822930510000077e-12 6.698164477769999784e-129 4.170325942940000252e-01 5.829673636669999714e-01 6.160477212219999855e-31
6.621739586039999681e-01 2.139780116339999989e-06 1.295300682630000072e-09 1.307348913840000077e-06 4.127847264210000089e-16 3.378225929720000131e-01 1.503986041409999857e-20 7.657387991350000285e-16 5.990840724910000600e-14 3.364714956510000248e-30
2.091834918710000046e-04 1.277128610699999976e-16 4.213765041520000088e-01 7.543055328110000006e-03 5.791163143430000228e-22 1.343137492540000001e-79 1.164534017839999978e-17 5.156880085620000175e-16 1.493057516690000086e-01 4.215655053599999813e-01
3.384961741349999942e-01 4.142023103160000219e-01 4.254821687359999880e-24 2.362013432560000200e-10 4.813938170349999697e-50 4.402363127659999741e-42 1.890050583590000045e-38 1.621071949260000047e-27 2.473015151150000090e-01 1.980730961690000022e-10
1.402899609890000017e-08 1.934523051039999980e-22 4.558426098369999790e-01 3.693926919710000030e-17 4.090851756660000005e-01 3.116629161079999900e-21 1.350722001140000073e-01 4.534205032590000036e-14 2.219995425149999912e-38 3.528286563189999908e-10
1.094986389860000070e-17 5.871994690459999913e-15 2.454643357749999866e-01 1.180046574119999939e-32 2.109125013729999942e-01 1.877275250319999876e-09 3.632491727880000076e-01 3.362267686040000136e-11 2.304949705840000062e-16 1.803739881529999867e-01
5.950287556019999702e-01 1.853137589600000124e-13 4.014576474850000132e-01 8.595324129679999915e-33 1.208466180979999988e-17 4.606394910460000149e-24 3.612339203730000108e-30 9.937852289430000423e-04 3.034515511889999788e-04 2.216360132499999806e-03
1.838998059729999917e-03 1.561760817619999914e-13 2.922408525840000116e-14 9.794417191089999433e-03 2.665971984830000086e-01 2.970963205709999944e-01 4.246730656950000182e-01 1.649082256030000003e-30 6.546578374050000390e-28 7.060921703360000488e-24
2.834238122689999861e-02 1.678602264650000046e-21 8.689384010890000495e-19 1.862627602379999943e-11 7.968472542279999458e-14 5.019847373729999784e-01 9.329233642890000521e-95 5.415626055080000230e-03 4.642572553259999846e-01 8.117556519960000309e-38
1.246200955519999971e-04 1.077302075289999963e-03 3.762964625149999853e-01 6.196802437459999480e-01 4.658508973279999776e-23 6.133010763299999534e-32 2.821371560379999817e-03 5.557990100509999949e-12 1.981398358989999912e-12 8.120995933549999865e-16
3.553597490340000276e-01 1.801100453059999852e-18 3.432216031170000040e-22 2.032455188550000014e-01 1.289886579340000015e-11 4.413947320989999867e-01 1.169930815520000125e-13 1.629245287580000016e-34 6.620949590620000121e-35 5.656090968659999527e-47
1.660317205219999927e-07 3.652753239950000119e-01 1.535737626499999922e-13 9.855686158400000084e-41 1.261928993349999931e-33 3.848548377609999904e-01 6.591213470029999511e-60 2.498696722050000041e-01 6.545845640369999998e-12 1.480472045549999942e-26
2.692239410979999861e-18 6.385055869550000071e-12 1.193972448240000067e-01 5.697351975989999811e-08 1.731370101739999966e-16 5.414191606570000204e-01 3.391835375389999907e-01 2.988728727389999863e-23 2.467288580019999832e-49 8.477407279640000191e-76
1.626560100880000072e-07 2.403004373950000105e-01 9.284372315159999826e-11 5.767160336560000319e-31 3.028164848880000136e-31 7.583904915579999795e-01 3.494644511809999972e-44 1.308908297140000008e-03 6.278536634939999698e-13 1.036746817860000079e-33
1.461717174609999920e-15 1.292210381399999912e-18 4.416452388179999966e-01 1.009159835650000059e-01 1.048067413700000084e-18 4.573994332119999950e-01 3.934440498870000037e-05 1.356207946309999930e-20 1.404463759669999962e-47 5.475042834389999707e-103
1.098537052249999957e-15 3.395949165339999824e-04 3.938792706690000201e-23 5.593352046730000193e-01 4.960611936679999755e-19 9.775540077219999976e-38 1.093840445099999948e-06 1.094137685089999935e-34 3.670492349549999719e-11 4.403241065340000038e-01
2.628073964470000190e-01 1.488534252549999978e-60 1.128076260339999945e-28 7.233433823429999965e-01 1.384841611070000006e-02 8.050988093749999587e-07 3.081844615599999946e-50 6.783369355070000195e-34 1.926892269830000030e-54 8.637129301050000018e-92
4.966829442769999936e-01 1.016308143010000031e-19 2.240133903480000187e-74 2.277515946480000005e-07 3.853830175690000082e-01 2.444200536679999938e-02 2.004898918120000119e-26 4.412878201009999633e-40 7.227024379249999904e-23 9.349180503609999526e-02
1.154198865030000021e-01 3.573767979259999958e-31 4.865327251550000121e-01 3.956012845110000176e-01 2.445663870159999875e-03 1.441632505829999916e-07 2.957968545340000216e-07 2.271980576549999908e-13 2.218965955759999864e-40 2.445188615709999910e-48
3.727523771859999780e-26 9.495418318519999175e-50 5.205149024999999815e-19 1.779684231480000056e-09 3.015849769839999972e-01 4.346005546280000005e-27 5.239500071650000140e-18 1.845867903020000050e-07 1.808108955169999976e-01 5.176039411320000339e-01
6.207548082520000232e-01 1.179295978189999992e-26 5.532634708930000283e-02 3.125084659899999865e-09 2.050770114300000011e-04 6.033804021270000203e-15 3.237137645220000137e-01 3.900541435159999737e-15 4.850557469699999700e-45 9.605821071879999805e-24
4.343073954480000110e-01 2.372141322489999871e-48 2.482779382419999876e-17 2.365583749379999905e-21 9.225930390610000142e-02 5.524149532569999807e-30 1.155058641950000080e-75 3.430769312879999866e-01 1.242237423830000048e-01 6.132626974780000170e-03
4.755772428700000276e-01 1.540266007090000079e-49 2.210840814889999891e-17 1.601844273570000028e-22 9.695617552080000590e-02 4.531689189640000090e-29 1.679188047409999929e-77 4.074196835419999774e-01 3.304374179240000126e-03 1.674252388850000148e-02
1.334356702269999945e-34 1.813699786580000151e-45 1.374444983229999973e-12 2.475926440799999913e-57 3.624417538560000263e-01 5.650442485499999730e-07 9.274622966390000286e-23 4.530543595859999884e-01 7.472976489069999549e-11 1.845033214369999897e-01
1.005525105350000010e-30 4.691613387630000223e-04 8.028999060789999832e-08 8.389995937619999860e-07 3.974579953350000055e-21 3.211064114050000140e-01 7.294895160729999934e-07 2.127597231710000036e-01 4.656630553059999955e-01 3.236906932039999853e-26
2.180524496060000025e-03 3.496102945649999794e-01 3.250726312050000041e-42 6.481250541630000361e-01 3.297609042819999924e-31 8.288125387829999700e-46 5.282007281640000051e-28 2.969604514649999822e-46 4.803704663379999718e-10 8.412629512080000446e-05
1.492615244929999942e-29 4.321637374339999888e-05 2.562496570370000060e-02 4.865619080769999923e-27 3.926470990449999808e-24 4.448735268950000319e-28 1.018643560219999991e-06 3.696919272690000202e-01 4.380372925649999913e-06 6.046344916370000044e-01
5.127301147659999447e-01 4.725538082199999913e-17 1.741220994310000072e-08 8.379317749059999857e-22 4.371844306630000217e-08 5.599846977970000389e-16 4.872698241039999933e-01 7.123934892779999849e-22 5.309216437780000387e-50 1.320602387940000018e-13
7.011800787739999638e-74 3.823962784190000069e-30 1.784927844310000153e-30 1.034348343319999944e-23 2.981938759219999735e-01 4.650120841410000116e-07 1.215038500380000025e-01 7.752278448420000061e-16 4.460137073550000109e-01 1.342881016730000099e-01
2.386043358499999878e-01 2.269473407809999895e-03 3.632795789739999837e-01 1.054626043780000048e-14 1.436036427389999873e-20 1.668616609330000056e-01 2.289849508319999893e-01 3.270837919079999864e-12 3.728635668349999814e-31 1.033432607750000033e-32
6.540921119160000114e-04 1.410322833990000054e-20 2.547711414610000037e-10 2.570011954379999852e-01 2.935425968859999846e-01 2.321286256769999889e-01 2.166734896320000048e-01 2.624572093940000063e-27 8.149633263480000260e-62 9.430025298810000162e-51
4.479261910060000305e-17 5.922557483970000008e-02 3.803351124399999923e-17 5.294941373879999934e-03 2.909874577620000189e-37 4.745468882689999890e-01 5.385228744739999968e-33 1.150563348430000078e-05 4.609210898839999904e-01 7.396669561980000184e-47
5.977998693349999791e-44 1.140015357060000034e-37 6.590672763829999817e-28 2.215927888200000008e-33 2.257099930449999917e-19 3.414752158569999997e-49 2.882442772070000147e-40 2.506029543299999919e-15 2.572610393349999969e-01 7.427389606650000031e-01
3.533087429249999964e-50 5.932599581219999823e-46 1.074162770179999923e-158 2.870188236380000202e-01 2.860806307629999989e-01 2.819309460520000045e-13 3.451698603799999848e-02 3.919864182309999879e-87 7.334639526539999610e-32 3.923835595610000171e-01
1.675690021659999990e-04 1.151823226950000122e-16 4.221384133030000041e-01 5.956298544669999702e-03 3.797329061379999953e-23 1.318867801089999961e-79 2.581424275070000048e-18 1.072832522769999932e-15 1.495275771419999900e-01 4.222101420089999779e-01
6.249278822779999885e-17 3.336925736520000019e-01 7.349795711649999843e-22 3.818790027349999727e-02 1.208808594099999920e-10 3.882633292770000021e-11 3.644486085549999976e-01 3.864143837510000282e-26 2.873376998310000000e-02 2.349371473769999996e-01
1.000000000000000000e+00 4.329667249160000204e-13 1.719636245110000031e-17 5.409278746999999779e-37 1.730702963219999936e-67 2.595401616959999917e-50 1.466394635070000049e-37 6.001885926810000167e-33 8.922200218980000546e-59 5.095721504319999701e-41
5.175709732609999891e-01 4.824288205080000114e-01 6.061463763590000368e-18 2.790028794749999811e-32 2.048243019990000071e-23 6.234717792499999992e-14 1.240779125060000107e-34 3.806498997250000198e-19 2.211651615009999894e-11 2.062086496870000092e-07
4.075338918399999955e-01 3.332507659210000028e-01 3.021386107049999804e-16 2.592153422390000017e-01 4.365763878959999930e-71 3.132959051709999824e-68 7.508775776879999739e-41 5.057260767940000093e-32 2.015276695640000009e-19 1.164498306360000037e-38
1.535233610100000026e-24 1.031819084469999953e-01 8.147309487530000048e-38 1.794169203779999999e-01 2.019818459129999981e-29 6.475087139980000295e-01 6.989245717599999741e-02 1.044656410149999918e-25 3.834516557889999800e-13 1.368233139739999911e-22
2.807288940169999984e-36 3.624513612979999872e-03 1.238330783190000000e-30 1.831973721740000082e-37 8.947228121129999627e-31 6.439272472320000172e-21 3.764027968070000048e-30 1.475897730810000062e-18 7.147729186210000085e-01 2.816025677660000115e-01
2.482091591419999894e-22 1.837896768680000120e-13 3.697020323750000142e-37 2.459306487369999905e-01 5.481835475970000154e-25 7.317921483549999495e-02 3.340624340830000094e-51 3.464365703729999928e-18 6.808901364270000256e-01 3.168918685800000166e-41
9.796832000800000478e-09 2.823561018690000025e-24 1.781494098090000082e-47 5.485395034590000440e-01 3.742115136539999983e-14 1.841070661189999808e-18 1.118255318319999964e-60 1.778013280679999908e-19 4.514604867420000112e-01 1.813729083860000061e-12
3.779898809980000163e-01 5.300602527640000151e-35 4.082017497720000359e-24 3.640919699019999805e-45 3.657537669190000056e-04 1.586719402869999908e-16 6.229348541600000051e-52 4.298683340270000310e-09 1.557266994000000141e-20 6.216443609370000400e-01
5.635223279080000536e-01 9.439059458420000215e-02 2.754227039110000112e-05 3.495789640389999895e-38 9.912834958729999263e-25 2.004586608320000083e-33 1.905464674219999877e-01 4.681644465110000146e-21 3.405621726630000062e-43 1.515130678159999911e-01
1.280287120309999917e-09 5.822982311230000263e-02 8.758987872070000551e-15 5.353967858289999660e-01 7.442779896399999989e-43 7.302108858949999957e-16 7.113622396479999558e-45 5.848302834870000043e-18 4.063733897780000270e-01 5.835563987949999658e-50
3.402803730970000026e-31 2.494649425950000019e-13 4.566230227709999756e-01 3.175752895360000248e-29 5.141459700410000334e-46 2.911203379099999950e-71 3.585928317599999889e-25 1.082057696419999943e-13 5.433769772280000465e-01 2.355428618719999861e-13
3.281415475669999804e-01 8.669851027669999395e-11 2.018662996660000042e-01 5.629759226279999751e-02 2.159875322929999952e-01 4.037521394040000143e-05 1.976666529109999959e-01 1.343339560050000068e-14 2.711066562500000103e-31 8.409246671320000436e-23
2.011929946650000152e-42 4.230262703549999829e-10 6.624363030379999499e-101 1.035071798899999951e-01 3.543738294610000082e-12 6.163798089580000417e-01 4.660477227899999762e-04 6.849417311080000130e-57 7.556200298929999812e-08 2.796468874410000249e-01
1.826960255119999986e-09 8.868725993050000089e-02 2.399802358210000042e-01 1.206932352039999987e-12 1.671333318099999874e-57 1.219298002930000007e-48 2.523736163519999918e-38 2.357619439139999955e-15 6.713325024199999769e-01 7.064295742909999828e-29
3.262165110950000090e-51 3.950178860809999982e-48 9.891242136369999887e-05 1.019574729509999968e-112 9.187402245899999466e-47 2.474734066139999902e-37 1.809614245079999900e-68 9.999010875789999808e-01 1.441586427979999885e-26 2.111897442700000013e-45
4.066278402060000377e-15 1.434756093589999958e-16 1.026250279609999984e-04 8.180674111149999652e-27 9.587902534089999706e-26 4.245692959069999883e-01 4.822412389960000041e-39 5.753280790650000531e-01 1.002690774130000005e-16 1.545701409160000096e-51
1.996981146480000019e-56 3.921291251499999710e-34 2.458310780430000132e-38 1.892096969379999837e-39 7.383741728810000401e-16 1.242627801240000022e-27 4.185933849499999804e-01 7.651183676649999671e-28 5.415787287700000149e-32 5.814066150500000196e-01
1.502448195320000064e-16 9.939181731870000425e-02 1.369923038299999972e-09 5.237341133899999940e-11 8.240049710190000226e-19 1.562684998970000072e-01 3.117393443159999777e-01 9.814370791000000260e-02 3.344565401399999804e-01 8.899598106290000049e-08
5.655417983189999775e-01 1.316708042130000089e-01 1.755713245579999850e-24 1.277861256610000099e-35 8.519664908669999973e-19 6.430412319989999709e-03 2.137789752380000009e-21 6.269633659879999831e-08 2.470128472889999991e-24 2.963569224509999822e-01
3.850574959010000155e-03 2.194430478309999816e-12 7.684148137260000261e-05 2.947997011949999865e-36 1.753303583489999915e-07 4.679123802240000018e-01 8.653175645999999777e-02 4.416215290619999734e-01 6.396192623000000517e-23 6.742481364359999994e-06
3.047717745700000147e-03 2.297014080069999936e-02 7.183006046399999557e-19 5.595715437379999990e-01 9.745278683150000225e-18 1.030110071140000055e-01 1.472028960250000065e-24 9.797914523959999622e-02 2.134204453619999997e-01 2.992242099199999788e-16
5.027730113839999853e-27 7.671050269119999991e-18 7.295017472329999435e-45 4.026611612050000066e-01 1.311058047060000085e-04 1.165504207829999987e-11 1.149922847519999986e-20 3.855397140060000293e-23 3.059912700409999839e-02 5.666086059749999571e-01
9.706467888930000619e-16 5.160083974110000400e-06 2.279507890949999927e-04 5.888547496219999544e-45 1.617659655649999962e-10 5.669993048589999640e-01 6.272594619910000502e-02 1.566271810340000015e-01 1.302250647320000055e-20 2.134144568740000136e-01
4.131888933770000043e-35 2.940540001659999936e-13 2.202504804920000104e-03 2.941352420680000040e-122 6.095696257849999804e-21 1.190047830019999978e-10 3.716906583619999842e-07 5.966819807640000306e-01 4.922584748619999843e-27 4.011151426210000093e-01
4.488210320929999791e-27 8.144353232319999358e-02 1.230966144069999924e-53 3.475118229519999925e-03 4.735074336100000086e-19 4.069942908659999747e-01 3.783503083659999891e-25 8.704885411189999409e-31 5.080870585819999841e-01 2.750754707519999911e-15
6.669219946779999519e-01 8.288266986390000219e-29 3.322851535729999806e-01 1.022831648800000006e-19 3.247035789570000302e-08 5.814399412409999628e-41 1.801897881759999902e-39 6.949543424170000422e-04 4.189932041340000188e-05 5.596561608200000134e-05
1.058615776739999950e-27 4.229307738229999992e-04 2.960408727620000178e-52 7.490091634700000167e-01 1.760539863469999965e-45 1.836473227940000106e-26 2.505679057560000200e-01 5.610071870240000428e-82 2.124099445619999988e-70 4.129920159669999876e-59
7.104969701599999927e-04 4.770626157039999766e-23 1.125554481040000007e-04 2.581413689959999869e-01 2.950227020699999758e-01 2.298290165859999956e-01 2.161838599299999997e-01 1.467959759909999927e-21 6.442134188599999676e-57 7.639653180439999736e-54
3.022056121940000109e-37 6.739450200799999984e-24 4.853580915140000116e-49 4.201189305859999723e-01 1.283809526389999990e-21 2.845300377669999770e-01 1.472317502139999906e-49 3.581158547160000146e-22 2.953510316469999952e-01 2.763958029179999883e-47
4.879097655090000041e-01 1.377424299200000036e-34 9.051863061470000186e-32 1.851544133850000115e-17 4.799178349550000111e-01 4.275928465270000334e-12 8.929522726609999896e-35 2.124652556949999928e-13 6.398538851820000164e-12 3.217239952530000224e-02
3.146909679009999850e-01 2.433924483009999953e-17 2.192696791490000135e-48 2.811552282920000076e-02 1.727552876259999919e-30 3.069443752020000094e-41 8.064098824700000301e-78 1.130794723250000040e-25 6.571934938919999913e-01 1.537780770830000012e-08
3.670105476530000211e-33 2.302697530079999841e-16 6.068650211930000093e-01 6.726778801019999654e-34 2.175869083369999864e-12 9.467999414090000232e-06 3.931255108050000224e-01 8.867342266499999623e-13 3.890758308710000249e-34 4.780993361740000121e-33
2.222115392769999920e-01 1.927862215800000070e-02 3.662979492840000018e-01 2.389119005190000146e-15 2.629585611479999949e-19 1.681729580989999862e-01 2.240389310939999989e-01 8.647415002400000352e-11 3.284606914819999963e-31 1.313258123089999974e-28
2.667253124229999883e-02 1.162674070090000031e-14 3.096689355499999915e-16 2.120865806200000130e-27 1.468353062300000092e-26 5.637246370030000040e-11 9.543337339770000751e-102 4.080288295949999755e-01 5.652986391059999782e-01 6.888352348399999792e-30
2.372096201449999861e-08 5.477058158990000258e-01 1.838634538810000029e-10 1.466963660489999932e-01 7.275213199810000157e-27 1.865058115609999920e-52 6.032870747580000147e-04 5.563720823159999919e-25 4.009439044490000105e-14 3.049945070719999873e-01
4.733087530379999864e-08 4.110616007860000143e-01 7.765380972110000326e-09 5.289223543310000258e-64 3.422995860400000119e-17 6.153210113020000233e-02 1.912326711059999898e-16 4.212619364290000057e-01 1.827732443220000008e-19 1.061443065580000011e-01
5.798754280649999827e-37 2.628111761649999937e-24 1.665319377550000077e-43 7.307375277510000151e-23 2.871001385910000006e-31 1.000000000000000000e+00 8.969697088560000358e-35 9.053843140660000680e-37 7.025134028120000630e-52 2.425709168879999851e-87
2.998107432950000012e-02 3.326559974060000212e-27 1.620106976709999971e-19 6.751289389079999539e-14 1.021346477140000016e-14 5.014413605830000398e-01 5.425080977370000065e-100 5.700840661740000023e-03 4.628767244259999747e-01 2.505679082230000177e-40
1.850524766010000141e-02 1.761072193230000008e-04 1.936178257849999939e-09 3.629527786749999763e-01 1.422657842519999967e-08 2.809373406620000032e-05 1.112245419960000009e-01 1.417593094830000011e-01 1.282890599099999993e-06 3.653526221789999973e-01
1.035959694300000055e-09 1.054383431060000023e-51 1.693292939080000005e-36 2.643916479730000213e-01 4.187907418289999958e-05 7.355664706369999806e-01 6.167656861889999758e-88 1.694900519450000009e-16 1.279190916959999960e-09 1.579276079629999908e-59
8.589076506880000038e-19 2.561011690450000142e-02 4.534082799249999907e-01 1.605791429190000133e-17 2.604515018029999908e-33 8.871967339970000480e-60 6.846439058089999474e-02 2.280600726999999991e-17 6.865675314140000275e-14 4.525172125890000174e-01
3.278442531480000004e-31 1.057053572559999918e-03 2.830236037760000104e-42 3.333294895200000219e-01 2.235275776369999956e-10 1.305598026069999936e-03 6.642118659929999724e-01 7.077963917120000526e-42 9.575397495299999505e-05 2.386897175669999979e-07
1.599123263379999858e-33 5.220379172890000001e-16 6.791225417719999680e-09 5.779854623529999836e-09 2.035519423859999955e-01 3.414776342900000248e-08 2.424757399490000132e-01 2.160751299249999979e-01 2.952185227530000015e-03 3.349449557949999989e-01
1.121162438700000056e-53 3.420408359950000135e-62 1.088787288950000046e-14 5.546628499839999968e-55 7.003021110770000224e-01 2.952808012459999798e-01 4.874672314490000134e-20 4.417087676870000250e-03 1.080040657489999979e-15 3.315942054280000097e-22
6.708297181369999862e-01 6.402895979990000542e-33 2.642264315679999936e-08 8.341128694819999501e-10 3.291702506220000046e-01 4.752802648459999723e-27 3.025691622880000013e-09 1.130857156670000069e-19 8.611498076889999891e-28 9.578907371650000361e-10
3.330704828150000130e-01 3.464477608100000090e-11 6.004447845350000085e-28 7.194137112130000628e-08 3.300445872749999923e-04 6.665994005149999957e-01 1.807569891689999879e-21 4.792700782020000124e-14 1.781002618869999932e-20 1.061186811549999972e-10
6.421825747290000336e-91 1.488314528409999955e-26 1.060734029199999947e-29 6.935643455720000077e-38 9.108011063979999815e-09 1.375543501169999936e-03 3.875948953339999892e-01 4.387034277320000316e-15 3.236709458260000200e-02 5.786624574740000249e-01
1.497376588060000100e-11 1.612055145120000130e-02 1.193624815619999978e-30 1.100370695369999978e-28 4.192316595630000019e-40 2.638577763979999972e-25 8.191612560179999637e-36 5.783356821590000428e-17 6.974839838399999881e-01 2.863954646929999792e-01
5.014047501849999700e-03 3.188740794450000138e-01 3.440003374059999963e-61 4.355828217859999962e-01 1.695591820289999940e-37 4.885546574010000096e-48 5.748502505240000380e-12 5.242438000469999857e-77 4.943029947720000075e-26 2.405290512609999931e-01
4.570397604920000134e-01 2.928994533210000011e-30 9.597800186430000800e-28 4.337749288589999863e-01 5.324509732059999934e-10 1.271678554150000064e-02 9.646852457580000484e-02 2.191186552859999913e-46 8.957083274169999939e-102 9.756811302450000664e-71
2.852070192830000184e-01 2.604379129639999863e-15 2.186963104939999890e-18 4.563852326619999863e-11 6.883898259049999746e-01 9.353780680690000163e-06 2.001861766679999995e-38 5.701200513479999721e-05 6.950100880599999892e-03 1.938668810049999983e-02
