1.061988031399999949e-35 1.301655694659999948e-33 1.807909519189999920e-38 2.335023391959999987e-56 5.165547113679999833e-79 3.787870916420000190e-84 1.000000000000000000e+00 5.423371595040000385e-40 1.847794007719999874e-20 1.437045367810000008e-42
4.782730815770000283e-12 4.580550638039999878e-15 6.236394588800000527e-01 2.188195966859999870e-04 6.933913247070000452e-02 3.068025890480000073e-01 1.584252281380000152e-45 1.184767601010000062e-32 3.456063151369999811e-29 7.919133050709999936e-41
1.484865286410000096e-01 1.953755439540000027e-01 9.493724360019999966e-04 3.825553919470000008e-01 3.128091094389999910e-19 1.766474409430000003e-01 9.598569411000000551e-02 7.281513286220000537e-27 2.796907842819999894e-08 1.038128047809999934e-17
8.418676194909999541e-73 2.821068109120000020e-38 1.529611697539999896e-42 6.998258208290000226e-01 2.817147700190000132e-56 1.152419246999999980e-01 1.849269081280000004e-01 5.292334899229999720e-06 1.058789323129999923e-37 5.400813264870000266e-08
1.322405157039999932e-16 4.736594275209999871e-01 5.263149517680000278e-01 6.846962586850000202e-22 1.412512271239999932e-18 2.562071092679999912e-05 2.709108952099999869e-29 1.925721700079999939e-17 1.783771411720000022e-22 9.839409132800000295e-45
2.136682580649999963e-85 2.744871939529999844e-15 6.479608162920000437e-50 8.921722678870000429e-19 3.839988426310000097e-39 6.039443380129999595e-01 3.105690268929999851e-15 3.960549633029999961e-01 7.354723613860000714e-74 6.986833748580000291e-07
4.819569524259999905e-29 5.667596736520000354e-34 1.692438348800000123e-24 3.164340832690000216e-01 8.254572011950000073e-41 7.972646438299999853e-53 7.432536847330000247e-10 5.265144475090000054e-01 1.570514258050000056e-01 4.267411167589999991e-08
4.304145745299999826e-01 5.738184282579999872e-16 5.989402774569999727e-03 5.635960226959999542e-01 2.250319008500000111e-28 5.258925680950000273e-20 6.324866535570000529e-57 1.504093345459999918e-28 3.539461363979999980e-20 5.729167017090000425e-44
6.359724513570000348e-02 3.266949428780000116e-03 1.161150628609999985e-01 1.230482148910000047e-11 5.527013105680000232e-02 4.780297450300000084e-01 2.812011621330000044e-01 2.492064422070000042e-03 2.763956207279999984e-05 3.585601470600000253e-10
1.852630819799999939e-01 3.325464371080000259e-01 1.927989299120000041e-02 2.046717328550000103e-01 9.007670578799999504e-27 2.573967416090000073e-30 2.568756487989999893e-01 7.809912674199999781e-17 1.363206266379999925e-03 8.246552205630000218e-18
2.085007224159999963e-14 8.521767082969999851e-02 5.819035156250000097e-03 1.592443177089999888e-10 5.834162908700000205e-01 2.853652160779999725e-01 5.979731414030000165e-77 4.018178690719999974e-02 5.456533842590000262e-24 1.007392824119999919e-21
3.440491487780000246e-01 3.183927012340000140e-03 1.310904797439999968e-26 4.305743480399999754e-06 9.262564799019999937e-35 6.474551171819999951e-01 9.516658536020000377e-11 1.736578811200000075e-26 1.731888929260000115e-26 5.307501189110000288e-03
1.755506966289999971e-01 8.165178337150000298e-02 7.427974888139999843e-01 2.684415843209999993e-31 3.118600862779999676e-08 2.073258521190000027e-14 6.277455762090000118e-74 4.398498995180000273e-50 2.908617201609999838e-38 1.992715591220000065e-65
2.201770442189999839e-12 9.118680213139999720e-48 5.166005985060000416e-01 1.330768603880000123e-01 2.511423705790000183e-01 1.016354053449999991e-21 8.631419116329999328e-05 3.874917878340000031e-29 9.909385633259999715e-02 3.621532159999999843e-34
1.770509367989999995e-35 7.022427256230000525e-01 1.653090095190000078e-28 2.530575014510000062e-33 4.303279881089999981e-44 2.977572738309999800e-01 2.207309846309999927e-59 5.461374284279999756e-10 7.246925752249999517e-88 2.439761148090000085e-28
1.019268784489999901e-31 2.358112966089999929e-01 2.644437145809999891e-33 6.661124521269999738e-46 1.590980896840000006e-02 1.277688940950000018e-01 6.179224172170000307e-01 1.557005520649999899e-14 9.655526979070000535e-38 2.587583109819999953e-03
1.374630148069999933e-17 9.808953770120000081e-05 6.423862451040000289e-03 2.567216041329999920e-01 2.848788569070000030e-87 6.259573556209999631e-22 1.718008055549999913e-01 5.649556383229999978e-01 1.224359585129999905e-16 1.723618963700000127e-29
2.975429068550000111e-01 2.888915188169999815e-01 3.122615411929999807e-01 3.632382833080000115e-33 2.082426940879999956e-04 9.931335764200000617e-38 7.815722766549999811e-02 2.089359816739999894e-11 2.293856275439999995e-02 9.296415879559999498e-21
5.829940271350000230e-02 6.964620787409999680e-01 2.206819643609999881e-01 1.140660528699999921e-37 2.354934595690000018e-16 2.455655418410000040e-02 6.315144591040000255e-62 8.166616445719999359e-58 2.163742730029999946e-45 6.697080323360000105e-74
4.552907449770000010e-49 4.287630739339999827e-43 6.698633902210000546e-01 1.870201805970000131e-32 2.471434449150000004e-15 1.764504712780000057e-67 2.592898099520000064e-74 2.707897176939999927e-05 3.301095308079999846e-01 2.824569338809999916e-75
1.476044221280000012e-12 4.700551781339999957e-01 3.585839439029999851e-17 1.876159240070000012e-01 5.072241925299999746e-33 9.978949902620000423e-05 3.421831339370000058e-01 9.754405392050000257e-13 2.295473879720000237e-19 4.597442037860000324e-05
3.155713388429999893e-15 8.349887848339999918e-02 5.059774965459999931e-14 8.411697736640000042e-40 3.844409835979999968e-01 6.441217107729999588e-11 1.986152296229999892e-01 3.262789657629999729e-01 2.366067583690000034e-09 7.165940101939999828e-03
9.775696552299999956e-04 2.005787592790000151e-09 4.084093907049999986e-11 8.594575635809999549e-30 4.703078831329999820e-01 1.378206787940000046e-37 9.359429145919999507e-30 5.256601257940000105e-01 3.054416441270000043e-03 2.930445440139999804e-09
4.800860635240000174e-01 1.227412511069999998e-32 9.074274364039999280e-49 1.940546808489999910e-48 4.629493052950000020e-01 3.522859199399999802e-49 3.597737011560000158e-23 2.407857877530000163e-56 4.329063292520000245e-02 1.367399825559999921e-02
1.219594513700000008e-08 3.219358291919999782e-01 2.858368179029999867e-34 1.785805677809999930e-89 6.762771801219999990e-01 3.560503933929999796e-45 3.476791183069999848e-13 1.920255253420000134e-21 4.765567324610000123e-14 1.786978489930000046e-03
2.014549706990000078e-01 1.461081080470000083e-20 5.709191198749999963e-24 4.393629315579999917e-01 5.781409768369999912e-18 2.492272075289999883e-21 7.859305371320000128e-07 3.786423048249999917e-20 8.172549134130000216e-16 3.591813118130000038e-01
1.343114685549999949e-46 4.230123196750000315e-28 1.491520236920000075e-01 1.336842771289999954e-01 5.625507147600000208e-36 7.169170890349999548e-01 4.590136940090000249e-32 2.466101442539999928e-04 5.154016643489999886e-36 6.170672265629999542e-50
1.153048981259999904e-59 2.088380463460000102e-39 5.120930297959999586e-25 2.499189498559999918e-09 1.277366833959999983e-05 5.930753736239999796e-01 5.505403949039999531e-35 4.069118502069999921e-01 7.242833563389999901e-21 2.220523149340000056e-12
1.360417380309999905e-03 4.868309685650000218e-01 2.466210787910000091e-01 7.173744022070000241e-12 1.511358528710000015e-04 2.650363994039999782e-01 7.328876060680000331e-39 1.257394805040000095e-32 1.808782806669999986e-42 7.761363300740000632e-33
5.791389790089999652e-19 4.597932612499999738e-01 2.530376376349999790e-01 2.722129720920000162e-01 1.081324765740000078e-05 1.483856777260000002e-02 3.274848806760000004e-17 1.067480031449999958e-04 1.255514465310000078e-24 7.897994407619999446e-18
3.998534643880000128e-01 4.053797489350000061e-01 5.411956881879999462e-23 1.642262806849999947e-14 2.040835697459999868e-29 1.871013906400000038e-01 7.665395963349999793e-03 5.032175235240000049e-45 5.389413663329999848e-25 7.361086380869999427e-11
5.813678586349999899e-06 1.506816736330000051e-21 5.607554668240000567e-20 4.448977611949999769e-17 4.082728573769999951e-18 1.709763399279999941e-42 1.264318213359999983e-05 2.139293528930000116e-07 4.396209104520000244e-01 5.603604187580000229e-01
1.591016082210000068e-44 2.927540294629999793e-41 7.062391314439999679e-01 2.937608685559999766e-01 1.487548208689999966e-18 3.971359995459999849e-14 1.938423925429999957e-33 6.673568093069999985e-21 4.994384886729999748e-26 8.861940737880000507e-64
3.217458762779999981e-01 3.505543683729999963e-28 5.852499296679999887e-21 2.939786106480000070e-08 6.101309818059999902e-15 1.971105782329999932e-24 6.782540913219999856e-01 1.329876332119999985e-46 4.001265983190000036e-14 3.001687660609999918e-09
1.592490378140000129e-08 8.457723663869999865e-33 2.034155378269999900e-14 3.378314844479999857e-01 3.186229724279999945e-28 7.082682866500000552e-45 5.187185979059999452e-01 1.899839562370000029e-06 1.434479933149999942e-01 8.566147105300000276e-09
4.913794669850000130e-01 1.054384139770000069e-20 5.013210600020000518e-01 7.299458914659999638e-03 2.016721078440000000e-35 4.278381666959999755e-38 2.765935982900000071e-32 3.205032727280000265e-42 1.409928636790000037e-08 1.805553737369999978e-53
3.785266239359999941e-04 6.404992500389999899e-01 5.519740534439999827e-04 9.278531213370000072e-03 9.908298845859999367e-50 1.766648825290000125e-27 3.477474239469999784e-01 7.883140091120000452e-11 1.544294044449999979e-03 5.433296988549999620e-22
4.210160846710000321e-02 6.031273240500000243e-01 3.076861199099999970e-29 9.132056732439999868e-04 6.467157275729999601e-41 5.314195165599999715e-02 4.792142579429999744e-02 5.044769036469999657e-37 5.094675472329999928e-31 2.527944843589999824e-01
3.309969310679999977e-10 2.479663465690000240e-04 2.538125125039999985e-01 1.848995877629999926e-09 4.814910595829999806e-01 2.575860696460000043e-01 3.684671203410000088e-134 6.862389741090000120e-03 2.101253527989999783e-28 6.334250411769999999e-29
9.434813764899999574e-25 1.372155630390000100e-62 1.170510099480000047e-34 7.737771238989999843e-31 4.057593960239999780e-23 6.890088488190000562e-86 5.672792964490000196e-05 5.979986699990000110e-45 9.999432720699999999e-01 4.367437698529999676e-25
6.652837749390000388e-01 1.437876684650000060e-43 3.537005105510000048e-41 1.208122953379999948e-55 4.119882446770000393e-03 2.565049228009999939e-70 4.805117903120000099e-66 1.377835985449999910e-57 3.305963426140000050e-01 1.610614728139999915e-18
4.267086618889999738e-01 2.791609168480000018e-14 2.598442272439999737e-07 4.276019788100000182e-23 5.487794770649999654e-01 2.451160120119999855e-02 8.411639165130000291e-38 1.382278467570000037e-63 1.126065515810000076e-40 1.002933538590000030e-43
1.964108816650000103e-14 3.479969244799999790e-05 8.837311186040000105e-15 6.995518632789999634e-30 6.805736009280000109e-01 7.489653023230000081e-36 3.553324770820000098e-05 3.059328725029999974e-01 1.333058493780000034e-02 9.260869019669999594e-05
2.405676006510000176e-34 5.452193193169999832e-55 9.986519391189999592e-11 1.285577667739999980e-13 2.828644381980000011e-01 1.127452338149999952e-33 1.701495485099999902e-29 3.277422472789999763e-01 3.893933144230000143e-01 1.696197753589999862e-23
1.455211018769999958e-12 9.100493076930000031e-30 3.276886467449999785e-01 3.382764714029999897e-01 1.798781760269999863e-01 3.519544963019999946e-12 8.300489534469999986e-02 1.218365123589999896e-03 6.993344535140000318e-02 3.374311445919999894e-15
1.560046836149999899e-31 7.372996924089999964e-28 9.839734652429999069e-04 4.866401201500000218e-01 1.608421045100000001e-11 5.123759063689999893e-01 2.356604129620000088e-33 3.196481220189999913e-15 2.236526033439999916e-35 1.576754866110000065e-37
1.774837553030000070e-01 3.432204290870000118e-01 5.176539325399999657e-21 2.475776720339999959e-01 7.034981190740000385e-19 2.898000358450000119e-03 1.303897533089999963e-02 1.206473867700000080e-35 3.188171298419999806e-30 2.157811678869999972e-01
3.835502853709999993e-01 1.203287203500000079e-47 1.919260836290000126e-42 4.629461913589999877e-18 2.418265394390000100e-01 7.466584871219999890e-34 8.772468695799999082e-47 5.988506543009999824e-37 3.937038927600000220e-05 3.745838047999999754e-01
2.965080063200000171e-01 2.624151864129999900e-01 3.373918222380000165e-01 1.291339980810000033e-07 3.768557156289999879e-53 2.998061950769999774e-08 1.036848259139999950e-01 9.614930322950000115e-26 8.976621646539999440e-14 6.620251029549999481e-33
2.043299922270000192e-12 7.786624980160000284e-23 2.308295430479999910e-01 7.526556633980000521e-01 6.880082766889999685e-38 7.436784232090000071e-31 1.485697363779999910e-06 5.784174103709999685e-13 1.651330785420000030e-02 2.637058343160000237e-32
8.592499901880000512e-02 2.029608238060000014e-01 2.024136785820000032e-48 4.477661794590000067e-53 7.479745051109999770e-25 5.606647661220000053e-26 7.057170815200000114e-01 1.444322958039999970e-48 8.101847303279999582e-26 5.397095655120000106e-03
7.161991360010000212e-50 3.872537674749999880e-79 2.272325408769999977e-56 5.385615865880000068e-16 9.010946248249999613e-18 2.019719571940000023e-32 5.316466817539999834e-01 7.208045328909999623e-25 4.058666236089999990e-01 6.248669463749999958e-02
1.502162341840000053e-12 5.349139577240000010e-17 6.310944128740000325e-01 1.587929625820000142e-36 2.844785485340000085e-15 5.940338842739999470e-26 3.496284740000000224e-01 1.989921925280000061e-20 1.927711312509999830e-02 8.415875011409999622e-41
4.290137268540000215e-01 5.523956447110000001e-01 5.512643812140000023e-27 7.535671433020000309e-65 1.129568741500000008e-02 1.630101579479999982e-24 7.294940985350000136e-03 9.722937238180000551e-44 1.107230182830000067e-27 3.527860365070000163e-11
2.725411295940000112e-18 2.020222944300000116e-13 5.109129055300000166e-01 2.398298301630000126e-05 4.481045237659999904e-05 4.889782802650000093e-01 4.002076890029999706e-05 1.663256288989999952e-24 3.388051976340000141e-20 1.735935286910000081e-27
4.476849671359999783e-01 1.671682291669999938e-12 1.354333018650000098e-43 3.029788361530000148e-25 1.823035671790000068e-15 2.816916971010000094e-16 2.101579328360000110e-01 3.386301261549999780e-64 2.967204278100000241e-35 3.421571000260000273e-01
1.877630799839999920e-01 4.785878416289999771e-01 2.232449312100000232e-16 6.778860797919999630e-24 1.119281620960000037e-10 6.928456376899999603e-38 1.054397416619999915e-37 2.390825175649999990e-08 3.308904128249999799e-01 2.758641542169999912e-03
3.781041985330000041e-10 3.604649115199999865e-01 5.635706619499999887e-27 1.358367072090000014e-54 4.576072243309999704e-02 9.953011383809999601e-12 1.858739252389999902e-38 1.951915049690000070e-01 9.035534199259999908e-23 3.985828606890000070e-01
6.007756649339999686e-03 5.362587073700000352e-03 9.886296562769999463e-01 9.780627304269999933e-54 8.476997991340000364e-30 5.243319756209999998e-21 2.290793558839999840e-65 1.078288406530000023e-69 7.889570278239999457e-57 4.790018883920000080e-113
1.680986810610000113e-04 6.738389534979999926e-05 3.571245879669999808e-12 1.448626993969999999e-01 7.380555879919999650e-13 4.255388071299999742e-01 4.293630107040000143e-01 1.469992402710000077e-34 2.226383448049999843e-11 1.660166378999999872e-10
1.091306515239999963e-07 1.308612563299999979e-43 2.776163634690000151e-23 8.254547116139999974e-02 1.365081926370000128e-07 5.202676141989999931e-10 1.161008828170000060e-17 3.429735897610000188e-17 3.698723552739999754e-01 5.475819274059999797e-01
1.332651407159999986e-42 7.735274059190000440e-02 2.317350906619999873e-01 2.366103226409999866e-15 2.251266938369999869e-75 1.336872468440000021e-09 5.466147940549999761e-14 6.909121674089999665e-01 2.091516606610000100e-51 1.100618051880000043e-55
1.092854214619999963e-10 8.176983722479999935e-28 5.786265873810000349e-01 2.206447932510000009e-30 2.769759978519999899e-06 5.588565064109999783e-37 3.080160156000000260e-01 9.591877415809999378e-33 1.133546271499999980e-01 1.817148427610000120e-42
2.952879669530000077e-23 3.852162345590000037e-01 3.626514314859999866e-01 4.672560533970000263e-27 7.288537018870000134e-25 2.064217997610000022e-01 4.571053419369999760e-02 1.378841198460000107e-16 1.526787721259999967e-25 4.541230084380000131e-37
2.132557081439999946e-01 1.933537231270000065e-06 3.110839933099999732e-01 2.830514299860000175e-18 7.362442655730000538e-04 4.749221207429999980e-01 6.764260240630000216e-64 6.773682187259999863e-60 1.104954868060000092e-46 4.437802051919999582e-56
6.862375783149999697e-04 2.399159127040000068e-58 6.475278268100000117e-37 1.076200688930000080e-05 4.460430056349999894e-01 9.591390181109999673e-33 1.090876068620000051e-31 1.237583969909999990e-49 5.532523214929999655e-01 7.673286382819999700e-06
1.334502794980000089e-16 2.594098335250000220e-01 2.949623039309999806e-01 3.512469630589999973e-04 3.579707637299999971e-19 1.759578797580000076e-01 6.823576153480000166e-15 2.693187358240000107e-01 2.316176550219999917e-36 1.202960287830000041e-19
6.175709007699999864e-01 8.837772244609999525e-50 1.130149774489999950e-07 3.640391398430000147e-01 1.784975667759999884e-17 7.089069196640000139e-29 8.708059123960000016e-04 1.609769642360000023e-52 1.751904045989999964e-02 3.372068502979999859e-30
3.296114663060000028e-18 8.147627818869999444e-34 7.309551237959999894e-28 1.781212125930000051e-03 5.249574444370000262e-17 3.445682762059999916e-25 3.526137596220000011e-24 2.415011622480000078e-02 2.482654649530000035e-01 7.258032066959999584e-01
2.144011420789999920e-10 5.571740678919999867e-12 6.419464568410000460e-01 2.786048194789999893e-06 5.792766987630000277e-76 1.799728906619999872e-63 3.579753150480000090e-01 1.564107476789999931e-14 7.544184288929999449e-05 1.344170387260000011e-41
3.220787180499999959e-52 3.261481454529999835e-52 7.425923486869999468e-54 1.079042214629999967e-29 1.120423977840000019e-47 1.852457441930000093e-67 3.439975772070000271e-01 3.817468374860000235e-01 4.680777482600000095e-02 2.274478104809999901e-01
4.408189079750000072e-01 1.397311946589999965e-01 1.000508237330000050e-01 3.044426316860000130e-08 6.560779160389999809e-02 2.547066214319999848e-17 8.466769822669999275e-74 2.215566618610000187e-09 2.537912493689999938e-01 3.322343709219999962e-16
7.765346460610000346e-13 2.953659411949999813e-01 8.841394612630000228e-12 1.590409630369999940e-35 2.794851007999999983e-09 7.046340560010000420e-01 6.137057043740000009e-21 1.765622681620000048e-58 7.213382671690000359e-40 1.003985228570000073e-40
1.094499941209999959e-13 8.100552057880000545e-02 5.446753893929999826e-03 1.331576304919999948e-10 5.823800445950000348e-01 2.813597003509999972e-01 9.036477046980000065e-77 4.980798044810000325e-02 1.822650297059999903e-24 1.830084874889999840e-21
2.225306920629999963e-01 3.317973623889999835e-01 1.288006162039999900e-69 5.894876111189999896e-74 2.493222511420000137e-33 3.562141331999999774e-23 3.867400693090000119e-01 1.126734367999999917e-71 1.885993211480000095e-44 5.893187623849999862e-02
1.577792483810000094e-21 5.518174965540000310e-01 3.971353345430000067e-19 7.833601178260000388e-50 4.481824598770000057e-01 1.614163390569999932e-31 8.714996098549999828e-44 4.356798987699999675e-08 1.874210067940000027e-17 1.039020889149999980e-13
4.847778832979999786e-01 3.200482255339999721e-14 5.034802470310000284e-15 2.111094976239999976e-01 1.338120957119999945e-19 1.721241576199999994e-05 1.357893262690000047e-01 3.579326880239999985e-10 3.505782073900000090e-03 1.648002979619999919e-01
1.783847617290000118e-21 2.149216665280000019e-16 2.995768701550000023e-24 1.747340545379999869e-29 4.709989730679999820e-01 1.410159428269999949e-13 1.574214795369999943e-15 4.346507714089999919e-01 3.807974181760000057e-04 9.396945810489999718e-02
5.850778599500000381e-22 5.517927563340000452e-01 8.980634978720000352e-17 6.148325545929999935e-42 4.481676196730000061e-01 3.962399288519999796e-05 4.120817843209999908e-38 7.455457440650000411e-14 5.711222956560000324e-19 5.595575389309999826e-17
4.823035252450000205e-34 2.258259908929999940e-34 1.924838261010000107e-01 2.187406523509999919e-03 1.153348393510000033e-04 3.034955535450000166e-08 9.175830193329999679e-34 7.875390126710000160e-01 1.767438951589999849e-02 3.272324283880000023e-32
5.522109275200000327e-10 4.970737008490000176e-24 2.755607695109999927e-07 1.159673601139999954e-01 1.574939833860000138e-01 7.265383803880000047e-01 6.930786255119999808e-72 4.012492470839999771e-44 4.816366864250000057e-44 3.247246033490000134e-40
6.353956674149999762e-01 4.503539782220000220e-14 2.385270928640000065e-04 5.516170122449999561e-32 2.851802355490000238e-51 2.043856631070000076e-67 3.643658040869999781e-01 4.548422502390000211e-33 1.404719103850000085e-09 4.230266751199999624e-46
4.748112383910000242e-15 1.223862318929999957e-12 1.569566607050000007e-01 1.535787147159999908e-06 4.547340925000000200e-01 2.698833235780000108e-04 3.538605653019999884e-42 3.880378276840000251e-01 1.340756633900000076e-13 5.311242700439999700e-19
2.061212150460000034e-11 6.044308919729999728e-15 6.226432522770000144e-01 1.892169777149999921e-03 6.979033404409999697e-02 3.056742438810000073e-01 1.199350894419999979e-45 1.563943141839999903e-32 3.643488993829999722e-29 8.787808679349999961e-43
7.988210690039999963e-40 1.350214550549999958e-18 5.278476858220000345e-01 6.087840999669999736e-04 3.968493183880000317e-42 4.353310507089999670e-02 3.235424562009999916e-29 4.280104250069999838e-01 4.069820460579999838e-32 2.055563029540000074e-49
2.054828500180000095e-44 4.333695995539999755e-41 7.062391314439999679e-01 2.937608685559999766e-01 4.486986087649999666e-19 3.132796681890000043e-14 5.518206630450000189e-34 3.423432813610000175e-21 2.123127714600000183e-25 1.549442052319999862e-64
3.214547107729999742e-01 7.865785440969999653e-28 3.378201567829999807e-01 1.974859575650000088e-01 1.430939226050000068e-01 1.452303743730000115e-04 6.462280163900000172e-31 2.190089204499999912e-08 1.528857878929999861e-14 2.430087580650000082e-19
3.204639457749999809e-01 2.583199342769999939e-16 1.138743169549999984e-19 1.618080603079999902e-01 2.948251400709999947e-18 1.699537346700000036e-26 2.640148995130000009e-01 3.422686029220000210e-10 1.467130232239999965e-05 2.536984227590000085e-01
3.489241582259999808e-01 1.171630625640000008e-05 2.446628039480000061e-04 6.507521655300000374e-01 2.060590349610000036e-23 6.727284669709999412e-05 2.428696369240000122e-08 5.164637750530000425e-19 1.178739848689999957e-15 2.713200029770000015e-14
2.780343075330000019e-42 9.851696802419999541e-40 1.694481900350000079e-14 5.744152790590000279e-01 1.182054840850000056e-15 2.251034470609999972e-28 3.942525550989999908e-12 3.800258551169999899e-11 4.255847208990000130e-01 1.723835527790000086e-17
2.965081618179999934e-01 2.624156522109999945e-01 3.373916920269999786e-01 3.145200030969999873e-07 1.113877065610000036e-52 1.125617509079999920e-08 1.036841681670000043e-01 3.271169658970000061e-26 4.058074063889999993e-13 5.585050095439999719e-32
3.992991314220000064e-61 6.856834437989999660e-59 1.314696506710000013e-236 1.320241672589999899e-68 3.543651543240000055e-44 1.053641909899999919e-36 2.879340950879999870e-40 7.697560153839999974e-55 1.153637991170000065e-73 1.000000000000000000e+00
3.308889226619999846e-01 9.500748569099999596e-03 1.089321802920000009e-10 1.004961275409999964e-05 6.121430631470000161e-06 2.460112152009999997e-01 3.892344547820000226e-50 2.369739829910000040e-01 1.627539589320000030e-03 1.749814198350000127e-01
2.057545049130000137e-01 1.625338948700000061e-06 9.852870126260000466e-28 5.764276051739999911e-09 3.831534721769999979e-24 6.092089471099999543e-01 1.850347203990000133e-01 3.801860814690000169e-58 5.025148192850000438e-25 1.964737932930000055e-07
2.057564150439999962e-01 1.548684669849999962e-06 1.533063578429999915e-27 6.804572388860000465e-10 2.707147464940000074e-24 6.092089353530000251e-01 1.850327374179999984e-01 1.261404071379999949e-57 1.239984164409999911e-24 3.628198810020000110e-07
6.760210661180000029e-44 1.344184162199999923e-37 1.137282289200000117e-72 4.224435103870000098e-44 3.253113485760000256e-01 2.947699854210000248e-01 6.018658632650000149e-49 8.788197484000000772e-28 2.197542613159999937e-51 3.799186660030000051e-01
2.293635208539999970e-02 9.409394270319999809e-02 2.419534541149999940e-01 5.338517430290000068e-18 3.298369890739999977e-01 2.264869010899999926e-05 3.111566133320000094e-01 3.062216679089999815e-14 2.667267409359999789e-19 1.921303587809999973e-13
4.239300008410000222e-20 1.116347197560000020e-11 4.547620263450000144e-01 2.316664094530000130e-06 2.214322771680000021e-59 5.729763395029999529e-48 5.452356569290000010e-01 1.147210693919999967e-13 5.128823663139999702e-11 4.640923042130000388e-41
3.144381651950000078e-01 1.215466478999999898e-06 1.071516803370000083e-22 2.251182156310000001e-09 2.793227460610000273e-17 2.435835045809999957e-08 6.332700655370000486e-01 8.498759853740000030e-22 4.588510197989999976e-14 5.229052719180000280e-02
3.576465788149999941e-27 9.565181299370000530e-11 3.992135893209999842e-02 7.693506052060000486e-09 2.810861829190000259e-45 1.034896441540000052e-22 1.947702999950000168e-09 3.524560733159999848e-01 6.076225580149999805e-01 1.021991218290000098e-31
1.279899111830000025e-65 2.575569944880000177e-09 6.360663264699999850e-15 3.827279065909999913e-43 3.236051478660000139e-12 1.371477949520000131e-04 8.013910564730000186e-01 1.984717931530000090e-01 1.198344854799999967e-39 4.957956467899999795e-27
1.529280857060000059e-03 1.712526306600000114e-23 1.103366426129999966e-01 1.440078309549999931e-51 4.469484541100000041e-01 8.185398011320000374e-49 5.386326094060000019e-42 1.653913419709999944e-31 4.411856224199999787e-01 3.105735509710000089e-50
3.968521828660000195e-02 6.752610777649999585e-58 5.118670665649999960e-06 4.505755757930000049e-01 3.030826290950000073e-35 6.870822266479999901e-50 2.078058585000000178e-18 2.658197005760000119e-34 5.097340872500000231e-01 1.777263577230000099e-43
5.878434325830000307e-28 3.144005428239999844e-01 4.669565356509999821e-01 1.649509756879999966e-06 4.884269093500000097e-21 2.137260785450000034e-01 2.399653730339999948e-05 4.891196933689999880e-03 1.983970444920000038e-35 5.794584386079999570e-22
8.895920866579999332e-18 8.248878287899999570e-17 1.183729833419999961e-64 2.532715858269999860e-36 5.587798336020000155e-27 8.604682095749999639e-17 7.232179152950000134e-01 3.830627007329999879e-56 6.633364431279999448e-39 2.767820847049999866e-01
1.107760986980000024e-58 2.494974949900000092e-97 1.497331823629999933e-47 3.185981870969999963e-01 2.434578517129999843e-30 1.294575276980000081e-61 5.552499047930000486e-07 4.046697161720000380e-03 1.858119427930000067e-01 4.915426176989999840e-01
2.191018120160000138e-01 3.284085928980000069e-01 5.652641092669999854e-67 1.112556873619999928e-73 4.441726569660000125e-34 1.363407874369999964e-23 3.785543914669999843e-01 4.744574383580000020e-69 1.308736332280000053e-42 7.393520361939999452e-02
1.020709416109999973e-47 1.689843064129999961e-01 5.737633765730000226e-50 1.180162351190000091e-47 5.616663362959999611e-15 3.570722894149999798e-07 5.122285779439999913e-40 6.962088068089999915e-01 2.028155413970000161e-49 1.348065297059999890e-01
4.418816432429999996e-01 1.340081404640000029e-01 1.053451173330000046e-01 3.401509456069999817e-08 6.994130410240000095e-02 2.880414665000000171e-17 5.799202857339999837e-75 1.144131515780000055e-08 2.488237494009999939e-01 3.441015029439999806e-17
1.210439247869999937e-23 5.270623320139999684e-05 4.608390912449999988e-01 1.024572327769999997e-20 5.389787336500000414e-01 4.338263866429999904e-22 2.826001994449999848e-32 1.164399232369999940e-04 1.302894805699999920e-05 6.336887252510000226e-28
5.196858665550000422e-01 4.803141334450000133e-01 2.007540148590000047e-13 1.074444928590000042e-22 2.085760211489999927e-57 1.269054383730000011e-36 1.845970725639999988e-26 6.376153695870000047e-49 5.734012066940000491e-35 1.367492809039999980e-40
1.992345046060000037e-14 4.027623372929999992e-10 2.203842674119999966e-03 1.670925243990000050e-03 3.543125045830000097e-01 1.809773704009999887e-02 6.828493305989999834e-53 6.237149900559999516e-01 1.170141634319999990e-27 4.135150642249999857e-16
1.071400224980000088e-55 3.822042468569999962e-01 1.842809951279999951e-20 9.911149570730000599e-21 1.027668585499999938e-23 2.221861973469999862e-01 3.817038393309999944e-01 1.390571646469999922e-02 1.757094413820000105e-39 5.411943142949999831e-14
2.217434928430000137e-09 2.526290187299999879e-01 7.032493009199999413e-08 1.189516033500000042e-01 1.281335858229999958e-01 5.002857192909999640e-01 1.927331275830000033e-34 2.392612544280000216e-10 1.331779030280000021e-42 2.427386762319999974e-11
1.550129392619999837e-05 3.601886532999999820e-04 1.638486278799999924e-30 3.946438066369999942e-01 1.415736928449999987e-23 1.637601220759999920e-01 6.926735889390000286e-20 2.088585363520000021e-30 1.210360944109999965e-49 4.412203813400000230e-01
1.706339524629999974e-18 4.155643542059999740e-04 6.726020591789999568e-13 1.000020786059999944e-01 7.543952377570000278e-06 2.996094846380000232e-01 2.304180237169999913e-04 4.460490147710000246e-08 3.260243501880000228e-01 2.737105156319999955e-01
3.334105570029999854e-01 2.434197730289999879e-45 6.638582490719999773e-30 1.881913052479999867e-37 1.167116825119999980e-08 1.649869900919999952e-71 5.590326614480000164e-52 1.564303833720000084e-58 6.665894313260000148e-01 1.059781663110000015e-29
1.049039196260000065e-25 5.303207292789999805e-01 3.942069035349999861e-01 3.499678271069999771e-29 4.584319802479999856e-34 1.443095832189999912e-26 7.547236718439999381e-02 1.874961309699999958e-12 2.944679585980000096e-26 1.761415276460000080e-44
1.142755251729999968e-05 7.253933856369999544e-01 3.797991659279999840e-52 6.354564401479999776e-110 2.178191767160000093e-10 3.309343389950000086e-19 2.745795077459999844e-01 5.791956769150000367e-52 6.078575607319999840e-39 1.567884641600000037e-05
1.179568877330000043e-01 2.959890943799999841e-01 6.691806832229999556e-07 4.619973920780000021e-01 1.628443912610000163e-30 1.240559565780000040e-01 1.148491110629999966e-17 5.078557652190000312e-11 1.755132145760000146e-14 4.696410182210000228e-15
1.656139237529999962e-58 2.978645866380000173e-54 1.412169362690000004e-16 3.460800906340000260e-01 6.700848022630000022e-08 3.925276271089999899e-33 1.123576192659999960e-44 6.539198423569999585e-01 3.071096894029999981e-15 2.308074838499999893e-24
3.326838784789999996e-48 1.000000000000000000e+00 3.192317596660000194e-48 2.840028264069999998e-87 1.081788715479999936e-51 1.020485845349999959e-16 2.126017852250000033e-27 1.115749088500000055e-41 6.849977943769999657e-99 4.767508856939999968e-37
3.507501181739999807e-01 2.317128736980000089e-04 6.920881402000000142e-16 2.178708792529999869e-42 1.554409407660000131e-01 4.935772281860000277e-01 1.260585128240000116e-13 7.568197040240000129e-51 3.926360719579999891e-29 5.915550950839999734e-23
6.443765355870000044e-02 8.782453137899999790e-29 4.445390958620000221e-01 8.861406623240000572e-05 4.909326377959999932e-01 1.809285146150000103e-06 1.894208677709999941e-07 1.132587513810000054e-38 1.045966694600000039e-11 1.810448574380000076e-30
3.548897040340000117e-14 1.002031594449999963e-31 1.129866560800000030e-24 7.475384480219999898e-04 8.395313204530000374e-16 1.096832171619999926e-24 2.916044907830000022e-24 1.772304335819999965e-01 1.477457645899999950e-01 6.742762633800000183e-01
4.053919600130000110e-32 3.939674217449999905e-01 7.878916186320000538e-11 9.242353521909999294e-25 3.530675650499999776e-10 1.979707276090000162e-02 1.083187087820000053e-10 5.862355049530000306e-01 7.630383909260000052e-22 9.176227954989999757e-13
7.388045275950000032e-03 6.425746931299999877e-15 6.023881396349999626e-07 3.809510682960000061e-01 3.269212423430000181e-01 5.089763427599999887e-18 3.734324644970000394e-43 1.954054687659999926e-23 2.847390416969999838e-01 2.539049379420000073e-18
7.025412883679999609e-24 8.656108698640000321e-07 2.289518089629999920e-01 6.437852861460000448e-17 2.527707907219999828e-01 2.606069351270000056e-01 5.917162341310000288e-20 2.576693918169999931e-01 2.077597384430000096e-07 9.969406094710000531e-20
8.917985281370000017e-02 3.392611926960000246e-01 1.459483727290000060e-02 4.714690003009999741e-01 3.910197035879999791e-31 1.980663588900000172e-12 8.549511691410000003e-02 1.771859151699999877e-24 4.366216667579999659e-18 1.681214404359999920e-18
1.192864651470000012e-04 9.226912444469999667e-28 1.476622150610000077e-31 4.337221984719999979e-01 7.396813696689999937e-18 8.984998209850000253e-20 6.429821746779999792e-02 1.851841472489999907e-35 1.592236678069999991e-20 5.018602975949999490e-01
2.018462113570000021e-47 4.314418725879999992e-33 6.528008211890000358e-20 7.301848000330000402e-06 3.132565260170000043e-03 5.196558802870000493e-01 3.334262734659999818e-76 4.772042526049999900e-01 1.867084346120000033e-22 1.629665319650000058e-18
3.187691042530000171e-24 6.516319370540000026e-09 3.796724653920000357e-15 7.411512304679999922e-24 6.590976554659999653e-01 1.222498844700000082e-03 5.591815800410000065e-02 2.559404516530000007e-01 2.766986636140000150e-02 1.513631545449999874e-04
9.757174287299999192e-44 2.203062609470000034e-09 4.836290134760000137e-01 2.347972698259999987e-04 4.348948968509999614e-19 1.114199797230000050e-05 4.855197994570000231e-01 3.060524559579999929e-02 8.146075960989999754e-30 9.426853726429999331e-28
9.232851146920000307e-01 4.384591396129999968e-21 7.945794781210000415e-44 7.495879638409999769e-39 2.318801406450000136e-14 4.435655746640000259e-27 7.671488101109999458e-02 4.475747683929999875e-82 2.040514698770000114e-23 4.296380162400000332e-09
3.760793519910000028e-12 2.597232572400000175e-07 1.835943574430000114e-01 4.869248177139999800e-01 3.860904843439999752e-70 5.811138858749999913e-43 2.924267527559999951e-03 3.265562971909999890e-01 3.976345481130000218e-10 1.136913659689999939e-28
4.212071326320000150e-16 5.151812324229999627e-09 1.852573758430000050e-01 4.851081993019999983e-01 1.390007878580000064e-59 1.050161696659999997e-11 5.388766018559999586e-03 3.242456472199999884e-01 6.454527732379999692e-09 3.438395629950000010e-28
2.207150244090000213e-25 3.000194839999999902e-07 6.314774231169999587e-04 3.529055021379999824e-01 1.704155174479999997e-16 3.954787204599999884e-01 5.677896025720000217e-11 2.509839999019999879e-01 4.259957479269999886e-39 5.131617132989999644e-16
5.171890360100000198e-05 1.382310896939999990e-45 2.404988223180000105e-31 5.647059401340000284e-09 4.598095540289999783e-01 6.751507941030000511e-23 2.531537803050000241e-04 9.334456467049999189e-44 4.222452131609999992e-01 1.176403544789999950e-01
1.775023974559999940e-01 3.442662669350000093e-01 6.004720033420000256e-22 2.481697358670000020e-01 1.090570150459999942e-18 2.707525002849999873e-03 9.930163790879999175e-03 4.752447654310000149e-37 2.637240778399999973e-29 2.174239109489999877e-01
1.042975384639999998e-11 8.576655970210000544e-18 6.318379645930000121e-01 7.118996072079999801e-37 2.400033378500000172e-15 3.742991165329999995e-26 3.501894725170000000e-01 1.016371946749999955e-19 1.797256287990000104e-02 6.824919748999999730e-42
1.158054384760000000e-01 3.585522722439999766e-23 3.043055192849999941e-13 2.259014012010000048e-26 8.841945615240000000e-01 3.313691823260000020e-21 1.687932877259999986e-92 2.474325634090000140e-21 6.611024577119999752e-18 4.181740369389999780e-27
1.886936605900000063e-01 7.166778049620000141e-11 1.716538877589999994e-17 4.295422427020000180e-29 6.647947883529999880e-01 1.465115509849999886e-01 1.240005747020000109e-13 1.325790013120000012e-71 5.521181394499999602e-41 1.135711959049999950e-25
6.042743080579999759e-01 3.224728780789999809e-10 1.305328210669999926e-09 1.194695182649999926e-20 2.374665361039999863e-30 4.032252280430000024e-59 3.298818357100000154e-01 1.589791280169999985e-21 6.584385460399999612e-02 4.679110090290000226e-22
5.218768406549999778e-18 2.178329974320000118e-46 3.143578701309999913e-08 8.659765181110000361e-20 7.201300196059999825e-01 6.614328510600000479e-44 2.724855049200000097e-41 3.724793025660000127e-29 2.798699489590000256e-01 7.533697810210000360e-43
3.371163347550000071e-62 4.330598559440000094e-44 3.914943135410000052e-01 6.085053688089999691e-01 7.679391314409999966e-22 1.986511454919999937e-08 9.424539036199999624e-67 2.977844593420000202e-07 8.645035416499999598e-42 1.958539025469999936e-70
1.315988318079999903e-19 1.242831752420000001e-13 5.109355804759999620e-01 2.271317513340000111e-05 2.535983953320000058e-05 4.890106408159999862e-01 5.705693041709999871e-06 9.735325296289999289e-25 1.061342829349999995e-19 3.737806637830000272e-26
2.126349303709999927e-16 5.542869402230000445e-07 1.413670185020000061e-27 5.504819587029999929e-05 8.679554058420000058e-27 1.621604568520000067e-01 2.697338864270000110e-47 2.599267813150000217e-01 2.976023609329999888e-28 5.778571593500000381e-01
1.367900804619999938e-31 9.498995004699999507e-27 9.748424482159999752e-04 4.866477099229999936e-01 1.456849675449999916e-11 5.123774476139999479e-01 1.590032263040000060e-33 2.525951253560000017e-15 1.741394420630000050e-35 2.216124978409999988e-38
3.463954142130000191e-01 1.681652697899999882e-01 7.983307347729999732e-21 1.295118203509999905e-32 3.563297162510000097e-32 1.138735776380000078e-31 4.854393159959999871e-01 2.078940186799999894e-26 1.514614712650000035e-12 1.203116410159999973e-14
4.180950741819999821e-27 5.439090624989999835e-36 8.096678317560000482e-23 3.815292226390000183e-31 4.036772366929999856e-02 9.361686996580000703e-49 4.441455912209999726e-08 6.142083393239999856e-01 3.454127435739999807e-01 1.114901837110000001e-05
8.114094779109999600e-02 3.890713893019999874e-09 9.652257073709999776e-20 2.774927941540000220e-01 6.077615689010000215e-26 4.294169823220000113e-04 1.705810262509999953e-01 3.984277348039999954e-15 7.658438507999999544e-19 4.703558109309999846e-01
3.264698232270000065e-40 1.784525865289999914e-44 4.255628038799999712e-24 5.965681011620000113e-10 3.616071452740000081e-01 1.027843185909999985e-01 2.343954463680000073e-07 2.782495146089999927e-01 9.951759460489999508e-11 2.573587864340000086e-01
1.520864907900000007e-01 1.034756058310000032e-01 1.251250381860000024e-12 8.904688635730000116e-07 7.411611057530000468e-07 3.170940705929999881e-01 6.352745026820000327e-34 6.585229092220000523e-05 4.862474811969999793e-04 4.267901013829999979e-01
9.066513175590000529e-14 2.843958539370000101e-43 3.914335212849999746e-01 6.084944557070000037e-01 8.735364434089999628e-41 6.493509023519999688e-48 1.003687766619999976e-14 1.729569578649999935e-48 7.202300872580000139e-05 1.527150641539999964e-68
1.815353264550000022e-87 3.930933477690000125e-31 1.234211603030000029e-65 2.492200922420000029e-52 1.294945476579999973e-06 3.551489922510000042e-11 7.416866281760000043e-33 3.717345595370000200e-01 7.349936294219999570e-48 6.282641454820000471e-01
5.548994593040000234e-20 8.752439592809999535e-04 5.837279490689999643e-41 1.177771760269999997e-67 7.103711433270000208e-01 1.881715932900000020e-25 1.166675909349999995e-12 3.531060505209999815e-24 8.558217801149999393e-31 2.887536127129999852e-01
2.425911461159999862e-25 1.936403961370000016e-09 1.108874536949999961e-04 2.984961105529999728e-11 3.084717813649999898e-40 4.702077632050000190e-53 1.922629192260000008e-01 3.362513828920000170e-01 4.713748084619999723e-01 1.798798539729999987e-22
2.628161730710000255e-01 2.250235133470000079e-15 6.345562799969999652e-04 3.163421743429999933e-01 2.280508784790000136e-05 1.981245895909999912e-15 1.561225100889999998e-58 1.264104028589999873e-01 2.937738883580000016e-01 8.232072904109999686e-13
1.929398384039999915e-36 3.725830446759999950e-31 2.492682835759999998e-50 4.837952992049999734e-01 1.523485987500000002e-34 4.957324542429999981e-01 2.068859525229999993e-14 1.096272315490000026e-24 2.160527141969999873e-38 2.047224655210000063e-02
