1.485039112780000107e-07 9.126183374520000383e-10 3.560773316619999975e-19 8.314608769809999570e-05 9.219136982219999647e-17 5.022038228139999719e-11 5.733065907559999896e-01 4.266101136889999812e-01 1.572982688559999970e-51 3.043956550829999700e-17
2.053456460219999988e-02 1.296056071529999988e-04 4.165273325930000103e-01 1.728032837600000090e-45 2.758083430439999968e-26 5.322305261680000399e-01 4.211486837210000032e-66 1.211792183390000058e-20 3.057797102969999833e-02 8.438701092389999743e-26
1.776194306270000023e-01 2.000571018169999957e-24 2.983705545959999778e-17 4.160932679160000164e-42 8.459973939930000397e-17 5.241786897279999691e-01 2.980853218780000077e-52 1.716390683809999873e-01 4.680946568059999779e-07 1.265623431690000023e-01
1.155516851379999995e-43 4.124569274670000063e-52 5.324988799929999791e-14 9.961505628790000293e-30 3.262805276069999927e-01 7.502922065990000585e-30 9.925518584950000691e-04 2.147173364240000191e-03 8.347775948089999898e-02 5.871019876890000155e-01
5.820343533470000441e-01 4.179650978760000024e-01 5.487771047470000482e-07 2.522382030530000127e-27 3.844766221980000180e-48 9.240335938070000408e-14 2.241908249789999971e-43 5.709161505740000330e-29 7.320946098319999605e-32 1.850786515430000099e-35
3.040011853040000110e-26 4.487064521259999855e-09 3.166572212450000053e-36 5.450546362079999874e-01 3.399901253990000093e-13 7.604388907490000626e-02 1.106688247419999949e-07 4.436013608069999850e-31 3.760927801889999977e-01 2.808579371239999962e-03
1.235943606420000002e-95 2.681453771179999942e-03 6.306683846410000473e-17 1.728594745360000123e-07 4.446002886620000205e-01 4.680279150240000208e-04 5.522500567839999652e-01 3.094085593079999869e-73 8.554385942929999203e-12 5.439460645720000316e-28
1.618261794969999903e-10 3.009371227129999937e-01 2.989286291119999840e-05 1.691367264730000097e-14 7.523000407570000061e-16 1.599722866959999990e-01 2.577892929760000070e-29 1.261767156220000015e-34 5.390606971379999779e-01 4.284713905539999848e-10
2.580612463320000050e-01 2.167060652230000177e-37 1.315348200709999951e-30 5.403694950590000046e-01 2.083354644629999964e-98 3.017070508260000237e-76 1.136816327590000028e-15 4.967361146809999722e-24 2.106438372379999973e-16 2.015692586080000126e-01
3.826691233799999990e-27 3.528348727639999960e-01 1.414655478279999985e-18 3.059556131719999919e-02 1.267639675790000048e-13 3.456065885419999928e-01 5.402182407840000030e-14 5.491498424939999694e-38 2.709629768919999959e-01 4.842057444399999599e-10
5.592084644589999794e-18 1.577473478970000120e-01 1.386495666320000002e-03 1.855751249769999889e-01 8.248860500070000333e-37 2.845787045010000192e-31 2.152060535070000085e-11 7.512153214579999554e-51 6.552910314380000489e-01 5.644976340479999948e-20
2.297373120790000001e-01 1.987933384369999882e-32 7.611774922100000040e-20 2.877580635839999817e-03 1.850046404300000071e-39 1.935345232390000054e-50 5.125747557310000250e-16 4.522145877490000292e-19 6.576030737079999744e-01 1.097820335759999988e-01
2.639932022020000102e-02 5.344928471490000277e-01 4.391078326260000053e-01 4.666800579779999852e-43 5.835613788470000172e-49 5.258593306050000211e-12 3.513112134930000186e-76 2.969378714380000124e-38 9.912956104949999797e-20 9.714777651360000448e-45
3.739032197429999922e-10 1.703570704710000161e-02 3.904792929450000005e-01 1.709427997330000104e-19 6.111307268130000238e-13 2.186528688380000029e-01 7.066799557449999618e-06 3.738250639949999843e-01 3.923389162509999896e-25 3.777051987690000198e-13
3.503209852609999730e-01 2.052064327220000095e-01 4.118743923179999798e-04 2.763206874860000273e-01 2.620553943339999998e-09 3.741309238079999711e-17 1.077088035700000025e-17 3.163453946150000007e-33 1.677400175169999896e-01 4.314444322080000026e-35
1.556458059960000029e-01 8.405160704569999153e-06 1.581433750340000060e-37 4.913266430850000144e-01 9.399041281970000435e-29 2.023660692890000001e-01 1.106698616539999980e-07 5.299513968499999783e-02 2.302258110599999862e-29 9.765782611489999543e-02
5.557897471999999484e-07 2.565813715439999866e-10 1.947261892860000063e-04 1.079160372839999991e-03 5.576733195859999714e-01 5.639159381280000061e-12 4.410522373460000201e-01 4.547091829539999945e-10 1.272701627460000094e-18 1.372945885630000050e-18
3.576320264639999968e-01 6.423679725769999571e-01 1.191530850259999995e-21 9.588648566479999502e-10 7.304990346930000269e-46 4.822685086149999826e-16 4.389785115450000400e-25 1.849958962959999963e-25 4.647279165679999750e-56 3.797194784649999760e-40
6.757535155360000489e-01 1.417445863879999981e-16 3.242464844640000066e-01 2.877494844580000015e-66 9.991282920520000454e-48 2.471640886159999948e-34 6.207442224620000525e-107 1.339090810669999915e-33 1.809162183819999824e-24 8.867120365119999242e-74
2.671316742839999891e-34 4.667175540719999960e-01 5.332824417060000322e-01 6.122190776399999649e-28 1.417266305499999991e-19 4.156149280350000034e-09 6.567120642470000363e-11 8.093605886059999340e-28 5.393175842230000025e-49 4.106137761290000108e-41
2.035302654059999994e-01 2.883732108549999727e-20 5.097240343520000152e-44 1.125113597070000038e-10 1.914526903300000101e-16 7.869567056740000011e-01 1.655059755039999894e-17 2.375135505720000172e-03 8.142135361500000652e-31 7.137893301589999691e-03
1.808355948300000015e-10 9.393942231930000197e-07 1.132033742179999948e-16 1.992796183630000033e-13 4.297893285039999962e-03 2.563531346700000196e-07 3.815846753300000116e-01 6.141162354570000037e-01 7.310761667299999928e-57 1.634431620660000009e-38
3.372086550570000132e-24 5.250941257619999858e-01 4.505265709449999598e-28 4.749058742100000230e-01 2.325211612469999977e-27 3.109750853590000046e-12 2.502022862819999982e-11 6.297198895129999637e-53 1.472888806719999914e-31 9.253201244740000517e-27
2.392534163439999917e-01 1.155160870490000019e-01 1.036972536519999988e-01 2.022041968980000098e-08 4.745494850280000011e-12 1.350046132529999869e-04 9.187892243109999891e-17 2.111330818650000078e-05 1.881168114339999975e-01 3.532602933740000006e-01
1.661610714750000051e-01 3.785603997440000201e-01 1.799221414399999929e-03 4.534793068799999882e-01 4.200905482900000184e-18 1.834916167600000142e-18 2.099101045320000064e-10 6.466082000959999841e-13 2.762228822000000195e-10 1.050956213690000026e-21
3.483679220990000203e-17 1.126324197290000013e-16 3.875565804620000057e-35 2.478219570260000175e-04 4.415260519820000040e-04 6.028984638290000309e-01 1.534316697459999891e-13 5.505408406489999900e-22 1.925024623530000034e-02 3.771619419269999773e-01
1.683372797350000102e-06 2.284051630319999907e-47 2.777580042319999776e-01 5.903690476359999869e-30 3.334826572210000129e-11 6.242230983219999988e-52 7.934453957200000002e-16 3.788060579970000119e-01 3.434342543650000246e-01 7.397196425120000328e-19
8.958629208129999109e-25 8.032589645379999899e-43 2.121286615170000109e-06 4.202888002409999990e-19 4.388974654140000012e-10 2.184798068410000147e-43 4.030424759960000158e-01 1.006428094569999931e-01 4.962781362320000111e-01 3.445658977609999723e-05
5.994767423890000162e-03 2.499572265320000055e-04 4.454400953859999901e-01 3.148915829820000000e-46 1.016183757780000011e-07 5.450116646839999746e-01 2.661508023589999853e-72 1.053391794890000057e-23 3.303413661380000081e-03 7.507479535000000190e-57
2.090960919880000028e-08 4.248583825159999994e-01 5.919380699840000098e-04 4.102868295539999903e-41 1.867894478870000007e-18 5.745496585049999494e-01 1.312450595269999992e-61 5.502953272219999724e-28 5.474836688569999730e-15 4.530894546180000153e-57
4.719187464599999826e-01 3.169239149449999983e-18 1.554725523460000100e-09 4.338393319079999988e-18 6.439590377539999650e-17 6.357102402579999570e-13 7.306148995620000046e-31 3.608815096499999939e-05 5.195423979019999638e-01 8.502765931620000564e-03
1.591976329069999931e-32 1.089167304590000040e-24 1.202379929910000099e-09 4.584867623540000345e-06 4.452563777740000117e-01 3.799940184920000157e-31 5.543183059270000435e-01 1.042365720300000038e-18 4.207302292760000057e-04 3.215543450759999990e-15
2.043380894539999883e-26 4.869945835259999859e-14 6.407075907260000314e-01 4.648862137690000181e-57 3.147074008870000224e-05 3.592609340560000142e-01 1.245412215140000054e-32 4.478011326630000276e-09 5.012240963860000289e-17 3.175922246039999894e-28
1.076141199359999978e-26 5.913971708200000293e-27 2.652970811829999939e-20 2.184769706969999878e-11 5.079081185460000425e-01 3.694150547770000055e-15 1.566051870169999916e-01 3.342360260450000231e-01 6.941333280659999470e-05 1.181255037590000102e-03
3.760480671310000137e-28 4.224281198640000100e-12 1.247075178030000046e-08 7.638466268720000467e-04 4.052490278129999846e-01 9.278272826360000260e-13 5.812808380239999906e-01 2.862778364219999987e-21 1.270627505780000041e-02 2.685555760100000174e-12
2.349196280900000058e-02 2.070397082069999964e-02 4.243483337630000185e-01 5.493915407309999764e-36 8.229866105149999911e-24 5.314509026110000312e-01 7.967244783339999743e-64 5.585593976820000514e-26 4.829995570659999757e-06 3.129755949210000183e-21
3.433610756280000009e-01 1.196471737389999956e-01 2.499521595859999831e-24 1.086740352100000055e-04 6.508716063039999883e-20 5.368830765980000530e-01 4.004735438490000027e-16 7.432711329479999586e-18 6.705663404600000317e-37 4.394086367699999715e-18
2.136603421390000090e-01 9.347741174329999240e-25 1.485881625200000106e-23 6.691964039360000232e-32 2.312804882800000017e-01 4.001568303890000178e-01 1.593506847699999928e-43 1.549023349270000072e-01 4.265131762130000125e-09 2.345689795129999751e-13
6.804395974089999949e-10 3.833780126519999998e-01 2.114797813339999999e-01 8.857520423000000079e-09 4.921142985180000014e-23 2.852537337789999876e-17 3.899928170270000248e-23 2.961097672280000109e-41 4.051421964749999938e-01 3.409209647809999844e-22
2.290595791770000003e-20 5.318320390289999616e-04 2.990842593840000174e-01 1.003804953060000038e-12 1.797078231439999984e-06 8.087958904620000389e-02 2.623826153309999909e-01 5.520584135690000116e-02 1.086059524340000007e-17 3.019140657630000057e-01
5.614144916130000551e-01 9.874847996109999517e-05 1.339172685400000055e-02 2.132555174600000080e-19 3.569457739890000062e-07 4.231553877700000021e-01 6.851470561649999763e-27 1.046075400890000059e-03 7.678095020520000255e-07 8.924451273849999663e-04
5.717929022190000321e-01 1.983727884489999825e-15 1.738213784980000010e-02 3.770666981040000279e-58 3.621083102219999970e-10 1.062840241769999992e-02 4.504731382280000191e-72 7.892728310990000662e-02 3.212692740409999748e-01 3.449361602230000206e-22
2.859432179499999901e-04 2.799608492530000214e-01 9.663910582399999297e-37 2.300768514759999883e-01 7.967571703520000645e-27 4.856258499580000110e-01 4.043801420580000160e-03 1.893271916470000081e-06 1.218192631900000059e-48 4.811402683630000126e-06
7.465999934349999368e-27 5.429423129769999721e-15 2.913266730649999858e-01 1.720893900130000088e-07 4.873442473899999924e-30 1.790346238339999984e-37 7.081920710329999702e-01 1.063450958759999947e-23 4.793628046970000020e-04 1.721007922560000013e-06
4.612249656760000130e-14 1.911538753959999835e-21 3.132478579299999843e-01 2.316042328900000098e-04 7.200890384330000144e-33 1.533515200710000010e-48 5.470504426350000227e-01 5.147535867229999907e-16 1.394700294650000061e-01 6.573698135849999693e-08
2.523742605719999955e-51 7.320557399270000230e-60 2.907458929619999854e-01 1.880589913120000028e-51 2.967953202379999804e-07 4.960663800169999905e-59 9.381479174770000300e-21 3.597063343160000387e-15 7.092538102430000491e-01 6.325376487490000472e-36
3.282558178559999814e-30 7.063409962990000754e-18 1.408382059189999957e-20 1.049903526839999961e-38 4.692647127019999864e-02 4.587735400380000272e-01 1.816838013690000001e-50 2.334860795240000071e-26 4.942999886919999808e-01 2.102253039699999945e-29
1.154028881179999963e-11 1.151694528660000099e-16 5.407597744580000201e-14 2.639208443439999829e-01 1.847148975909999903e-27 2.608133868860000142e-31 3.838340467029999942e-12 9.471257513650000477e-23 4.656746534819999894e-01 2.704045021579999930e-01
6.580006796540000468e-05 1.335991350590000082e-36 5.157411853669999768e-01 2.307438193969999795e-53 2.722439246220000049e-08 1.974457619170000083e-28 2.092516190379999989e-42 4.841929873410000251e-01 2.523176859039999886e-19 1.338108212039999947e-30
1.467403629279999951e-43 2.193942241550000194e-12 9.757105645880000122e-02 1.011663982639999904e-12 3.807734814449999922e-02 7.052785099330000142e-12 2.975551067969999797e-01 1.563738494180000019e-24 5.667897521470000033e-01 6.736442563679999660e-06
2.011330834960000091e-01 2.321158767680000143e-08 1.559520103600000020e-36 4.428367962929999901e-01 6.089527951839999945e-24 2.081520980700000134e-01 4.335908864450000148e-10 1.773883277669999865e-04 3.509184016330000111e-37 1.477006101680000127e-01
2.471971601049999929e-40 3.984150109269999938e-41 2.422190683229999929e-43 6.882184220560000041e-27 2.190249485969999996e-23 5.695019373690000335e-21 5.086865416549999665e-03 4.500507164149999961e-01 1.137691362360000080e-52 5.448624181679999623e-01
6.184561158979999806e-01 4.856669064620000196e-07 1.319476707599999944e-06 9.732642428390000421e-12 8.697662989460000051e-42 2.376422687149999835e-28 3.124250705769999747e-01 6.911700837159999444e-02 9.730000903920000013e-79 1.146988425290000096e-28
3.836570641609999832e-01 2.856910249629999732e-01 1.371839276289999908e-03 3.291067550030000177e-01 1.626976092689999978e-22 2.148101923709999956e-21 7.286129714280000322e-15 1.297967532950000045e-17 1.733165965679999885e-04 3.896528945339999988e-24
2.314163717089999809e-34 2.279078948680000185e-37 5.394794744509999740e-01 1.524326186490000104e-59 6.960744128909999786e-06 2.564778618270000127e-24 3.691738880290000271e-32 5.600409913270000192e-05 4.604575607060000242e-01 4.199045654980000422e-28
3.552016779969999899e-04 2.038025700360000062e-13 2.241802622729999877e-22 1.198798674419999932e-06 1.456756759999999935e-02 3.407324581360000049e-01 2.710487629050000079e-15 2.610721815939999746e-01 3.392329683110000271e-01 4.403842388189999763e-02
1.935354065499999976e-10 2.990420042279999802e-01 2.006732765199999990e-01 9.631308089280000312e-31 7.913365770029999469e-02 4.211510613459999997e-01 1.440788401119999943e-50 5.902340216939999930e-28 1.184190279939999947e-11 1.848535683499999915e-47
3.317639719580000035e-01 1.792223373840000098e-12 3.427394019810000286e-24 6.682360279939999481e-01 6.668512080120000175e-27 2.732751921849999936e-31 4.642431573100000202e-11 1.941298385859999949e-20 1.662021053439999933e-31 5.276016118289999629e-25
3.182828409280000132e-27 6.661735096989999635e-41 1.000000000000000000e+00 3.342841575849999698e-120 3.289118219950000102e-42 1.139461520609999981e-63 4.560702852550000102e-110 1.473074667270000001e-37 7.821600998589999530e-44 1.433164901679999916e-142
1.833237091690000098e-02 4.831792265209999979e-17 1.264731946769999940e-11 5.417978953280000275e-30 4.625207781220000016e-17 3.341308052790000205e-01 1.341937768510000060e-39 1.824133775889999953e-03 1.590663410400000033e-01 4.866463489760000094e-01
6.049615084020000261e-30 1.116116086740000069e-74 4.499595587499999967e-32 1.449841193410000122e-29 5.064560152859999802e-07 1.697901343530000075e-46 6.270767387659999522e-08 6.892103499030000080e-01 4.520916981090000207e-17 3.107890809339999838e-01
1.642410960409999984e-09 6.522832315269999626e-02 3.837628543950000193e-01 4.827294687479999889e-04 9.634638442209999320e-06 1.778938870729999928e-15 5.505164567029999789e-01 1.389163590620000031e-21 1.860495170160000112e-23 2.606316750260000003e-37
1.707107756329999911e-06 6.283045809120000290e-07 5.691774543800000030e-01 1.855872009529999919e-05 6.439478432590000289e-37 1.406169441800000012e-26 4.308004931919999780e-01 1.158294347440000076e-06 2.506111329429999931e-24 3.907353453470000030e-13
2.114781603160000023e-02 1.859383109410000098e-28 6.874294815720000118e-01 1.443682535830000005e-04 9.169964786719999498e-38 4.995342528819999939e-66 2.697210629999999831e-01 2.155718405510000102e-02 8.707211607869999934e-08 1.556388079060000048e-11
3.601563184639999804e-02 1.264216573199999937e-12 4.819975702689999753e-01 7.223695944340000122e-79 1.119466573320000057e-15 7.935828375780000499e-02 5.013571652029999552e-125 3.976241219289999820e-15 4.026285141259999811e-01 3.227738554409999982e-41
9.492033502690000140e-07 4.190720400999999786e-17 1.789462288429999880e-18 7.525851812449999434e-37 1.753312775780000008e-21 5.906160263419999445e-01 9.019055621419999923e-41 1.719312352299999860e-02 1.017307923910000032e-19 3.921899009320000129e-01
3.541798225620000093e-40 2.029402553710000202e-09 3.094805905679999802e-01 2.095205603359999978e-04 1.238324528969999977e-01 1.149931393930000007e-30 2.984059022730000121e-01 4.116642175290000160e-47 2.680715316710000073e-01 6.397232826640000252e-49
4.237419122780000184e-19 4.601636860919999912e-40 1.086256699330000047e-01 1.236731917870000015e-101 1.843089623699999957e-01 1.192044060859999985e-16 5.060009119339999989e-74 7.070653498869999831e-01 1.780999444229999840e-08 9.596923351699999923e-35
1.361372585309999940e-24 1.104336952049999938e-19 1.545497919389999934e-77 6.128150269490000024e-02 5.232557246630000247e-14 3.789596326699999906e-01 2.304068186649999971e-05 2.955687874419999838e-21 2.850815690380000176e-43 5.597358239530000334e-01
2.979928228139999839e-30 2.706691274770000044e-01 2.090279302459999988e-01 4.925719417459999924e-32 3.024168462219999909e-01 2.178860960550000059e-01 2.370958714589999943e-20 9.287728856279999731e-28 1.858334391260000080e-43 1.871383159770000076e-62
1.084603429580000076e-83 1.006416497889999985e-58 3.045734942480000185e-101 8.458773309920000469e-10 4.507736347999999947e-20 2.083587220440000115e-31 7.603881665249999644e-01 7.339951091000000586e-27 1.512075288590000006e-55 2.396118326289999878e-01
1.198545596490000023e-05 9.876840123479999674e-05 5.190580233329999960e-01 2.441613694039999945e-36 3.563581308379999968e-12 4.733576607550000204e-01 2.745136141930000089e-59 3.408694184260000166e-22 7.473562050479999955e-03 1.012795949360000038e-20
4.353207734169999843e-01 2.028504138980000119e-21 5.170324081630000088e-12 1.192841206040000072e-24 2.218920176230000151e-28 4.512086885080000037e-18 1.278405674980000010e-34 5.509721636850000229e-03 5.591693398200000553e-01 1.651209532279999893e-07
4.642501413440000194e-19 1.574075098449999877e-01 1.441702121520000010e-03 1.859130462680000095e-01 2.480802665569999973e-36 2.302896030370000183e-31 2.036438139199999835e-12 1.371624611389999897e-50 6.552377417629999812e-01 8.123586196180000143e-22
2.615413498659999725e-01 1.241040712379999982e-12 1.437419776490000045e-28 4.407719249090000235e-01 1.423409002419999976e-05 5.963780801320000061e-03 1.306571255279999887e-10 2.768157456059999744e-01 2.829907360500000009e-16 1.489296459549999986e-02
2.297605770330000088e-14 6.814118527729999819e-01 4.797590733849999879e-03 1.378350674509999875e-07 5.547725432789999844e-17 1.951986922999999909e-18 2.570992526590000233e-19 3.371083090850000032e-32 3.137904186580000032e-01 7.225751566529999665e-32
4.655563615869999783e-01 7.861773431419999881e-20 3.604395060729999987e-31 1.788803597820000043e-04 6.074197161460000304e-39 4.505881578309999781e-26 8.890803127040000078e-17 4.675212451559999617e-18 5.500302423810000008e-22 5.342647580529999995e-01
4.892770076930000098e-06 9.065183225359999796e-32 5.321645490699999967e-34 6.427848233559999569e-01 3.126394038920000167e-118 4.556063273999999903e-76 1.028782529869999947e-10 5.659299483930000137e-27 2.302103731380000185e-25 3.572102837710000034e-01
3.157997725949999723e-01 1.415238035049999898e-01 1.278150785150000135e-01 2.800255816830000133e-01 4.267273540860000269e-30 1.296896559389999941e-17 1.899169938239999859e-09 5.105336111310000433e-13 1.342621692819999935e-01 5.735925200769999592e-04
1.533955421510000089e-21 3.924996380659999924e-16 2.895102999649999953e-01 1.742830765309999889e-07 4.652071674669999770e-30 1.106930899280000089e-37 7.078896084850000436e-01 7.115500530299999956e-22 2.597758839009999855e-03 2.158427766360000101e-06
1.252145793960000030e-26 9.760863741589999895e-35 4.225002785090000218e-17 1.124496006089999901e-40 9.737261287750000221e-47 4.154064653650000092e-49 3.747745475660000248e-58 1.375445472639999868e-48 1.000000000000000000e+00 1.622611358289999920e-38
2.076260129030000068e-01 3.109003986800000323e-05 1.830459661280000039e-01 4.191444591050000173e-13 4.517579555930000268e-01 4.566607652689999554e-13 1.928436451219999873e-08 1.575389560500000119e-01 1.490246166560000069e-38 4.434362785440000152e-40
6.639374169389999814e-43 3.570832904090000131e-20 3.996471091409999898e-01 3.909671901599999835e-11 7.634887635550000264e-16 2.532356116110000064e-45 3.105961554109999967e-01 7.418703715019999887e-36 2.897567354100000214e-01 4.892178485680000069e-22
2.051920760900000085e-02 7.697326529330000616e-05 4.167380703499999894e-01 7.875735080269999633e-46 1.877525748259999889e-27 5.323784984270000242e-01 1.442079681769999878e-66 2.539112343819999983e-20 3.028725034870000110e-02 7.378988890069999791e-25
4.483469089610000319e-03 2.893965248050000070e-16 5.659555096130000074e-01 3.490806447369999794e-05 3.047656009070000289e-23 3.937619919789999769e-35 4.295261131540000221e-01 3.468774921379999940e-12 6.630278564270000545e-11 9.754641419219999677e-12
3.895660676770000029e-27 8.210804189900000106e-15 6.407086111419999508e-01 2.863993670150000151e-57 2.888996190409999927e-05 3.592624912290000028e-01 2.087928677399999866e-32 7.667098657840000586e-09 1.781648941170000100e-16 2.849834344059999871e-28
1.698801194850000085e-01 3.957561905939999825e-39 5.717572049760000219e-01 1.225999447739999999e-05 1.307920944299999887e-22 1.147951908859999983e-79 1.969369520120000105e-01 2.935069090409999910e-05 6.138411283910000238e-02 3.241433585510000046e-12
5.558646666359999593e-31 1.005682207390000043e-07 7.686428273849999689e-30 5.638177307839999930e-01 6.020374709869999940e-09 1.950205007559999981e-01 1.635620848639999900e-12 4.341318836260000071e-39 2.411019121490000083e-01 5.974972044560000110e-05
4.931568735710000189e-45 2.499282226190000046e-49 3.449317888519999875e-01 1.034422154570000061e-35 1.330356614200000037e-04 5.083844121299999705e-52 1.475446999410000024e-17 2.920854657250000228e-20 6.549351754859999986e-01 2.587359646369999797e-26
1.845187901360000000e-47 1.529294494879999993e-19 2.104855726319999898e-03 2.367253450260000060e-37 2.734474897420000050e-01 3.549526924210000267e-01 2.220554395550000024e-10 2.613757117850000154e-06 1.582711437079999898e-03 3.679096366949999863e-01
4.090739345610000310e-05 1.989318794019999988e-35 5.157536548750000227e-01 1.404573374629999935e-54 2.356039954390000093e-08 5.789182174599999928e-28 9.827419463919999846e-44 4.842054141709999926e-01 1.399011262800000066e-19 3.017863066519999734e-32
4.887866128470000420e-25 3.435435386830000024e-40 1.125232164050000038e-57 3.192925017470000237e-01 1.740900675590000002e-01 3.021026690529999828e-19 1.823441704399999943e-06 1.966006029020000007e-14 1.133144551690000044e-04 5.065022927969999866e-01
3.550738174149999926e-01 1.605612054619999854e-02 4.173758363219999827e-04 2.209367037659999960e-03 3.089887312519999825e-04 3.420994863549999801e-05 1.062532644299999979e-10 8.466523402949999654e-14 3.060931416409999883e-01 3.198069787369999806e-01
1.793674880000000046e-03 7.750536616799999452e-27 1.459290871290000051e-19 4.165936231299999973e-36 8.514482033040000227e-17 5.488933203230000265e-08 8.063103334329999703e-50 4.271305575889999817e-01 5.647982891470000322e-01 6.277423494710000253e-03
2.229252898029999898e-03 1.992379617319999984e-28 3.411977583639999984e-18 7.765626215500000203e-38 7.160541617589999857e-16 3.209802937660000154e-07 3.369034348009999843e-50 4.266527684720000102e-01 5.645820044110000380e-01 6.535653238950000186e-03
2.386102298849999970e-01 8.744791749340000590e-36 9.948155226029999706e-25 1.962107571230000125e-01 9.324288157510000627e-49 6.310938435030000202e-61 1.069399187210000070e-08 1.405942201749999935e-08 3.116030071909999975e-04 5.648673852319999744e-01
3.224272772440000233e-04 2.760819391439999957e-04 3.282692248629999754e-01 3.317345521099999857e-18 3.641047200090000158e-01 1.685438505639999961e-09 5.695623435529999768e-10 3.070275436570000238e-01 2.514418134789999837e-30 3.735896459889999979e-47
4.355485573869999808e-35 3.001006036059999937e-01 2.585292286040000165e-02 1.886242126610000095e-09 4.363379917820000009e-01 2.009515223240000183e-03 2.356989646429999974e-01 2.695616502970000155e-23 2.478523969200000030e-14 4.993060611559999982e-25
9.523879224509999852e-02 2.822514562129999931e-16 3.485471462170000036e-56 3.962114720450000199e-07 4.075846618590000129e-24 5.235302624919999648e-01 2.684673146419999781e-13 3.002963410699999725e-01 1.167093907279999945e-48 8.093420798059999810e-02
1.116131234069999973e-07 1.113257859520000032e-01 2.111423228600000090e-01 2.613460967669999799e-12 7.601375882319999830e-08 1.907171561319999931e-01 1.427727505339999869e-01 3.440411880440000236e-01 2.743102375040000156e-34 6.088474889630000121e-07
2.951657356399999849e-12 1.588966652680000085e-12 9.434535582029999547e-26 1.212361068419999984e-08 7.625277439780000046e-21 2.852372331599999812e-12 5.733835786359999798e-01 4.266164092329999824e-01 1.305497713540000076e-45 7.781517228289999785e-19
1.384608321020000095e-07 1.014279059850000026e-06 6.876981700030000422e-01 8.329546805370000350e-11 7.807551888400000027e-20 8.582004038200000019e-24 1.745969604050000012e-01 1.377037167690000063e-01 8.773024938029999527e-44 8.832990912859999395e-24
2.811369489960000011e-09 4.945659081700000132e-15 4.562129024200000105e-01 1.301155789770000099e-09 8.720154458649999329e-02 1.421044042840000032e-12 6.411931617209999656e-02 4.291086670460000398e-03 6.396133750830000258e-07 3.881745064229999986e-01
4.173563820350000237e-27 9.721728172910000435e-15 4.482920877670000248e-01 4.529843642940000338e-62 5.517079112049999567e-01 1.028012433039999923e-09 9.374283189769999816e-46 1.650448286029999950e-20 1.141459280539999923e-24 2.436504299519999957e-88
8.603620435020000248e-03 2.312364619639999986e-12 1.864778798750000097e-46 6.541255193259999656e-02 4.344691562610000273e-23 3.563732332599999775e-01 7.170379764060000114e-09 7.459282637099999558e-02 3.716272846419999918e-34 4.950177608290000086e-01
1.718729884079999949e-148 1.462337120490000018e-41 7.522917868680000006e-76 1.240702663210000097e-16 4.443918431059999952e-01 6.263056949160000094e-06 5.508015630129999840e-01 1.869713975250000114e-50 8.683865652039999891e-18 4.800330824499999746e-03
2.663224716970000183e-01 3.831458985009999811e-11 6.725189004810000120e-29 4.370652951419999876e-01 1.078609567750000042e-05 4.501397257130000315e-03 1.262005549520000063e-10 2.720889285399999968e-01 4.900358017839999768e-17 2.001112110459999857e-02
2.984606901690000139e-47 2.738132715950000184e-01 2.150895024540000030e-29 7.261867283830000241e-01 3.517809610679999969e-28 1.051150756589999961e-12 2.103063414660000010e-11 9.066241741080000537e-91 7.737240742149999516e-15 3.881819040739999804e-28
1.365487901090000067e-05 6.534282706109999770e-05 5.190679890139999753e-01 3.831417130559999685e-36 3.722411247249999687e-12 4.733790411380000007e-01 4.719491365349999778e-59 2.763161697929999792e-22 7.473972138099999919e-03 1.536631612720000120e-20
2.861311027510000040e-13 6.820624896979999852e-01 2.669514161330000142e-03 4.873978958440000110e-07 4.614891447190000236e-49 1.053726454750000039e-17 2.543303702319999942e-15 1.936496896310000045e-31 3.124424153209999777e-01 2.825093421830000059e-03
5.940373986390000156e-04 3.416192534930000135e-02 4.392038573059999784e-01 4.933487507210000007e-37 5.208838175350000041e-05 5.259879348849999525e-01 9.294324714709999442e-70 1.073090909080000018e-29 1.566799642019999929e-07 8.691820058599999412e-55
4.382737448580000043e-33 1.220285260440000041e-06 9.386398069470000549e-02 1.517889440860000042e-09 7.368392595139999779e-01 2.653380207559999983e-17 1.692924034380000053e-01 1.125140942559999946e-34 3.134550448599999869e-06 2.346589392589999962e-37
5.841390053389999837e-02 1.535691974089999946e-02 1.798936109400000000e-19 4.354154168559999927e-01 9.133578256390000882e-19 4.906432871709999755e-01 1.082000699740000013e-08 2.728308827300000197e-09 1.026927380539999925e-08 1.704518802220000091e-04
2.068543429940000067e-37 1.183186112780000021e-01 1.457849123580000123e-26 9.322813914359999454e-02 5.098680707850000368e-03 4.549263144380000256e-04 3.012158161330000149e-11 1.122064392019999937e-53 7.828996425259999725e-01 1.705707578080000046e-33
8.657200679110000007e-71 5.203095090430000132e-23 9.718374234549999958e-58 1.084205105769999965e-14 3.577973045039999911e-01 3.520982339950000199e-03 3.382096789060000224e-25 1.223524107379999954e-64 6.386817131559999750e-01 5.451986165049999808e-20
4.388180581680000185e-23 1.223303160059999973e-16 2.332375999089999886e-28 7.117823199330000178e-28 1.832053998390000044e-23 3.959115278579999897e-01 3.460947711289999946e-30 5.400277484329999845e-15 2.487890824880000030e-14 6.040884721420000103e-01
2.317410921370000043e-01 2.779502063420000169e-01 3.618334137359999816e-09 9.291413392280000721e-15 2.178496624240000042e-23 2.689480225540000213e-01 8.831867541319999794e-21 4.636890290240000199e-08 3.558668301220000083e-21 2.213606289789999959e-01
1.538078959870000044e-34 3.661140512700000044e-02 6.931797046090000247e-01 1.652024820340000091e-07 2.338556059209999957e-04 3.796209338279999853e-19 2.699748694510000213e-01 6.149363856789999993e-33 5.514085201379999835e-12 2.174380419180000102e-48
5.275005440729999551e-01 1.470852728360000071e-12 2.496409135080000188e-28 4.724994559249999782e-01 5.369754149569999959e-48 5.473708092759999744e-40 2.364890960339999769e-13 7.223689165540000690e-18 1.175347629799999994e-39 1.868242054450000163e-30
3.111145166639999737e-01 5.017495914069999841e-02 1.012092924540000019e-07 1.815243356480000054e-03 8.418481757100000069e-13 1.393660449380000055e-01 1.622781153810000073e-15 2.016149113649999992e-22 1.871777768560000110e-01 3.103513578350000079e-01
9.768550238269999653e-91 1.347909564299999956e-03 6.023918907540000252e-16 1.881688363070000079e-11 4.130461884859999988e-01 3.869256441729999885e-02 5.467745293760000180e-01 6.657000204409999721e-58 1.388081377270000011e-04 4.841821032500000035e-27
3.850548015729999829e-01 2.858412737820000271e-01 2.063254003559999940e-04 3.287970819409999912e-01 7.892264084590000414e-21 4.450162826750000071e-20 4.665936221880000032e-15 1.640915662090000001e-19 1.005173040880000062e-04 1.812260971229999884e-24
6.909883265420000420e-01 7.192553829370000591e-46 2.608527179509999922e-33 3.404680113299999920e-49 6.655752802280000440e-33 4.126073523230000227e-24 4.391492753280000394e-62 3.090116731600000000e-01 7.076762054260000218e-15 2.981035006549999834e-10
2.398176420539999800e-12 2.763320958400000022e-36 5.157713569840000067e-01 4.496626931940000208e-73 5.564428368260000113e-12 7.390800285889999358e-27 5.419499424109999769e-52 4.842286430080000037e-01 6.102992677029999934e-15 1.541734566499999874e-39
7.264495214899999958e-24 2.448100972479999903e-19 1.892476611609999938e-77 6.131367987780000223e-02 4.992031479709999935e-14 3.789529658679999802e-01 1.839421773869999880e-05 9.532458020200000672e-21 6.397974348120000064e-43 5.597149600359999644e-01
2.666975710710000194e-06 2.178420835809999900e-01 7.983228283559999638e-02 2.413940800230000203e-13 2.841192883940000247e-01 4.485992130549999617e-06 1.153502454280000006e-01 3.028489467930000067e-01 1.063795494489999964e-35 2.531548117389999918e-36
4.616785251000000209e-15 3.150074928470000222e-22 1.215283866320000003e-07 5.173093015779999693e-69 3.743072645109999859e-20 8.172523863420000367e-01 1.291143374060000061e-74 1.849546038210000124e-12 1.826919495609999888e-01 5.554256687120000285e-05
2.908088673389999944e-14 6.640322650570000232e-14 4.475703788539999728e-01 5.361534486600000361e-34 2.024475398839999953e-04 1.227654655659999914e-09 4.631701736660000386e-15 5.522271723789999864e-01 1.612823702379999991e-19 2.779334279729999899e-21
3.949717927199999990e-34 1.689876122509999939e-32 9.962081473530000277e-07 3.133531619349999807e-116 9.999990037820000177e-01 9.419160855229999783e-12 1.343844751299999924e-88 1.935975842899999812e-18 1.495467363039999938e-25 1.031641251409999977e-81
8.144120417469999637e-49 3.548761024100000054e-18 3.589017719199999785e-54 8.824065399729999482e-02 6.174506375410000440e-07 3.022894354960000141e-01 8.281499510220000348e-09 2.675345208149999893e-43 1.814601140790000067e-01 4.280091706949999963e-01
7.351252240390000400e-03 4.102347574210000181e-01 9.354620055370000825e-09 1.207501452309999931e-03 7.656197839230000256e-17 1.678299992299999918e-02 1.540229333050000081e-09 1.558532476099999926e-15 1.053937343760000082e-02 5.538841046310000182e-01
4.439454442290000080e-01 4.185036648189999903e-02 4.310212404100000264e-31 1.522869181580000064e-05 8.209415836730000515e-37 8.983126634830000679e-02 8.537755788429999778e-09 2.340801227729999998e-04 6.279034296080000224e-46 4.241236055879999967e-01
1.678403402349999928e-34 2.262806214570000085e-01 6.787704462190000121e-02 7.254114706420000324e-13 3.685349209989999819e-01 9.297674506899999969e-02 2.443306013100000063e-01 2.373961273089999910e-16 6.654325873080000106e-08 6.547093249760000427e-25
4.707564844889999822e-01 8.802769800130000425e-15 6.302256242670000389e-07 1.365114352990000004e-17 1.049770378140000045e-16 4.135513457339999997e-11 1.441854866890000134e-29 1.475702904810000105e-03 5.186984774559999511e-01 9.068704883349999399e-03
7.247747010550000338e-32 2.942303607630000206e-01 2.090607639020000078e-03 8.292303411229999923e-05 6.386130156389999701e-01 1.206752601820000003e-09 6.498309171459999700e-02 6.339585423759999688e-43 3.569517953619999995e-12 4.843175531669999980e-30
3.718377104820000001e-07 4.685237281549999862e-17 4.540978897130000247e-01 1.079379767300000030e-09 8.620442851109999527e-02 3.054285625460000271e-14 6.511072685749999533e-02 9.346932529360000783e-03 1.280655550409999931e-06 3.852383688170000209e-01
5.509048282460000159e-39 6.864781434210000407e-16 4.324384061920000071e-03 2.234116682200000049e-12 4.541881927229999838e-01 8.563237904119999703e-28 9.162569567860000264e-02 1.470432467390000075e-29 4.498617275339999999e-01 4.535331800609999964e-41
3.189863418489999916e-37 3.191543185190000330e-30 1.108682876939999980e-10 9.393164338340000497e-31 2.327993526150000103e-01 1.024131588700000032e-14 1.155657378610000011e-11 4.880960653259999726e-01 2.343123862990000028e-02 2.556733433060000005e-01
1.000992469870000025e-29 8.507299783670000062e-18 5.782080603750000583e-20 2.178417812080000107e-38 5.444499871539999758e-02 4.544417300249999903e-01 1.490939324399999994e-50 1.516157039799999996e-25 4.911132712599999839e-01 2.716282733910000146e-28
6.185573810950000251e-01 1.945953768160000065e-07 4.321525135350000214e-06 1.848492187730000056e-11 1.677303911520000031e-40 2.057882122099999796e-28 3.124668744690000111e-01 6.897122829679999678e-02 7.646844798489999812e-78 5.389131021310000188e-28
3.194923057929999755e-01 1.301861642109999884e-01 1.158286931159999977e-01 2.755443271820000040e-01 1.752958624470000085e-20 1.554800894390000038e-19 1.870730408730000114e-10 3.066658807950000139e-19 1.589484352130000056e-01 7.429732468340000326e-08
4.330892181880000025e-01 3.498120768400000208e-17 3.016207882489999797e-10 2.283426734430000089e-22 5.695544173839999786e-28 1.540563015239999965e-16 9.977983976109999721e-34 8.035930231779999863e-03 5.588747953329999962e-01 5.594546080530000129e-08
3.413253102289999785e-01 1.255355006359999970e-01 6.576564807900000241e-25 2.597262915530000041e-04 5.106596414940000129e-21 5.328794628409999623e-01 2.117679182429999913e-15 1.026253250050000051e-12 9.274800041259999583e-37 2.390098378819999894e-13
2.664422565730000247e-01 2.264210532229999906e-01 9.979641886320000152e-13 1.372022642399999948e-13 8.318106613300000099e-29 3.209577766000000221e-01 5.965042134320000134e-18 4.298819339810000019e-05 5.080827686479999980e-17 1.861359254100000138e-01
1.906021114470000012e-28 2.035448810840000046e-05 3.688315563519999896e-01 5.798422087120000414e-14 1.404375475949999896e-01 1.721545851129999971e-01 7.490157228240000575e-02 1.310072037960000013e-16 2.436540570329999988e-01 3.271364099939999927e-07
6.500903598909999735e-33 4.413209981320000218e-39 5.394892165929999761e-01 1.027124809370000053e-60 7.610795002350000280e-06 3.621045490080000003e-24 2.159420485119999876e-34 3.941348625029999743e-05 4.604637591260000162e-01 3.310598234710000024e-28
1.210912728169999930e-14 6.072223283220000404e-19 5.250958150980000138e-39 1.257212202169999881e-04 5.082188881620000043e-01 1.560864348540000057e-01 8.807187423319999443e-14 7.239867517670000605e-17 5.141843920550000051e-05 3.355175373240000258e-01
3.535288019560000005e-51 1.253116724390000102e-60 2.907458129680000058e-01 1.140634702119999911e-50 4.088760628739999893e-07 1.345488555360000010e-58 6.409240111570000166e-19 5.129418499229999880e-15 7.092537781559999921e-01 3.612398460619999930e-34
4.728822074780000273e-01 2.325696047599999793e-06 3.088360572369999731e-42 1.084559822219999942e-01 2.143029890129999995e-23 4.186593979329999993e-01 6.657200108049999668e-11 1.269481539309999929e-09 1.713190556430000099e-53 8.533454708419999900e-08
8.000428275889999560e-71 1.970693542970000101e-01 7.566310662880000267e-10 2.880338717479999979e-08 6.023789189930000305e-11 3.541246818140000177e-16 8.029306160829999817e-01 7.523123648090000279e-65 5.648657073319999856e-20 5.682678983179999567e-44
4.712521132840000182e-02 2.417976621730000033e-17 3.408961286019999841e-42 5.255264952270000123e-02 9.035381462129999350e-08 3.762294067929999875e-01 6.780723803700000026e-11 2.399630182059999896e-08 1.527312508320000041e-18 5.240926179370000160e-01
4.618899532809999808e-19 4.635204360990000156e-69 5.448267232499999563e-23 2.308053951889999964e-13 3.125110941330000187e-31 5.758374517719999661e-83 4.551869881519999828e-01 3.742912733509999867e-01 9.953473153699999032e-07 1.705207431499999871e-01
2.252895513379999877e-07 4.593632603519999543e-19 1.356850605709999962e-13 2.639204223380000047e-01 5.978609624419999679e-27 1.065338259909999992e-32 3.427571492960000064e-11 1.106132801660000064e-21 4.656738818630000165e-01 2.704054704759999983e-01
4.136580724789999753e-26 1.057864342540000062e-26 4.032816590889999886e-01 1.247409454630000069e-82 1.129216226360000019e-01 4.817369439679999865e-01 7.618598548139999994e-51 2.059773879830000074e-03 4.267725698179999869e-10 1.803956711449999862e-17
3.727611615309999868e-54 3.569827001079999955e-34 8.869400300599999961e-121 6.413403503889999469e-01 4.770125640859999607e-44 1.865784546239999891e-22 1.373630931639999988e-03 1.223495593730000075e-41 2.762735495549999784e-38 3.572860186790000059e-01
4.921899706690000117e-04 1.269195421410000135e-01 5.054508863149999974e-10 3.828157010159999873e-01 3.316928214339999895e-06 2.162530634210000080e-01 7.097013236509999735e-07 8.581219196790000614e-02 1.876558360220000055e-01 4.744832625630000187e-05
2.506270737610000193e-66 2.337110735200000067e-01 4.120134850480000032e-13 5.654722029649999973e-13 1.087106891590000068e-01 3.088947038829999991e-01 3.486835334369999817e-01 4.101998271789999748e-35 2.122728985089999982e-35 1.292236855410000101e-32
8.410159031729999776e-36 8.326217996070000266e-22 4.451114237970000276e-01 1.082764535139999951e-21 5.364217780229999510e-01 5.938195514810000019e-24 5.370780994110000059e-11 2.463183277499999889e-24 1.846679812630000125e-02 3.588948159319999836e-16
1.358893106560000037e-36 2.242848644370000003e-33 1.075317058609999982e-42 5.168217920099999921e-23 6.791279720180000018e-25 2.397324631929999902e-15 8.409321870299999981e-32 5.814349779060000362e-37 3.846432319979999903e-01 6.153567680020000097e-01
