1.222001147940000087e-40 7.469331510720000099e-52 4.582916107360000200e-23 4.343671275489999673e-33 6.373663458410000482e-01 2.784647579529999894e-08 3.607749139299999963e-01 1.858711416170000024e-03 9.670856214920000915e-10 1.073087426910000002e-15
4.751009789799999863e-04 2.254039307770000072e-07 3.889480046509999900e-01 4.604709784720000304e-17 2.498630583770000135e-01 3.607136105889999778e-01 3.202864934759999703e-61 4.500731287049999852e-16 8.821669969799999451e-30 1.545613394440000049e-30
1.053247074339999983e-32 4.251795681629999736e-20 1.117052103880000091e-12 5.284831698040000185e-04 4.996744538969999927e-01 4.997970629319999913e-01 2.669729760520000138e-17 2.531111962140000080e-40 1.499453743680000078e-23 6.408374660600000197e-22
2.711317984219999901e-30 1.456050617919999945e-08 3.743251231100000260e-11 2.323318623819999972e-16 2.826758309869999986e-01 1.841486542129999936e-11 3.071242159400000005e-01 4.101999312749999849e-01 1.468881585509999992e-09 5.713426712449999593e-09
3.190514247700000002e-39 1.689020386210000093e-10 3.349888115670000138e-03 5.196633391299999571e-01 3.544268695460000083e-11 4.769867725499999933e-01 1.823597989910000032e-25 5.539786167299999707e-54 5.151743701689999956e-25 3.889846507990000130e-44
3.155306084730000034e-15 3.591425416680000260e-01 3.008165140380000132e-16 5.350777617939999930e-12 1.576058644420000043e-01 2.420821531330000042e-15 1.183809986050000020e-12 5.683997440870000405e-06 4.122509918300000211e-18 4.832459098860000246e-01
1.565417277940000047e-37 1.409450894560000041e-29 9.433773582800000424e-38 1.925271054619999911e-51 9.247976072189999689e-39 3.071140952489999877e-15 6.465842950339999451e-01 3.534157049539999873e-01 6.909430740200000640e-36 1.107029191630000025e-11
4.001838487240000239e-90 3.725852439460000110e-01 2.282246924449999928e-23 1.748910475480000076e-49 2.938361788580000050e-36 6.274147560539999890e-01 5.045806675950000357e-13 5.644185348969999615e-17 4.374938978330000198e-99 1.441427437820000032e-30
3.244607895219999833e-11 4.321521695020000275e-01 1.129335658359999986e-14 1.692933686140000097e-09 4.666859331339999750e-01 4.632739792609999642e-19 4.226664552119999958e-19 2.062467727799999845e-11 1.499408216619999978e-12 1.011618956160000027e-01
4.817500189469999957e-26 1.567834108850000081e-34 9.111851942149999348e-30 6.878495316789999934e-46 2.501620954309999867e-01 7.498379039900000542e-01 1.402459494650000015e-35 5.794086539710000082e-10 2.355111014769999882e-48 3.119328987319999858e-14
3.934611408950000055e-01 6.057038641909999743e-01 2.593133510120000094e-15 8.349949022129999829e-04 2.057719021249999850e-52 2.186050445500000134e-37 1.115344358849999927e-20 5.432917425750000274e-30 1.152389394210000019e-11 8.341744536090000529e-17
4.583989605900000283e-22 5.839277261020000553e-01 1.552414216929999955e-12 5.016014328919999807e-04 3.696095747090000216e-01 3.072298527600000072e-09 9.766458475719999685e-05 3.017822652839999951e-15 1.440189823919999989e-13 4.586343009700000195e-02
4.477435905910000241e-41 2.912699801359999926e-09 3.888037817789999906e-01 4.154207339149999952e-19 8.840480332979999433e-34 6.111962153090000349e-01 1.940824982229999903e-60 2.604977064090000194e-57 3.721832373539999887e-53 5.499202970179999584e-84
6.829315342539999758e-07 7.993939819610000436e-23 4.952511581510000149e-01 5.654866761399999456e-26 7.382532086000000160e-02 9.903915575170000799e-06 4.843180817100000171e-36 4.309129339589999885e-01 1.826087459970000129e-10 5.664429464949999888e-32
1.697970776649999881e-44 6.209005683349999583e-01 6.636070004279999974e-18 2.365568392600000125e-01 4.395364104750000318e-34 7.283582317049999272e-24 1.425425924050000015e-01 3.730027324720000286e-42 2.107128799020000071e-21 4.804312143680000110e-18
2.295806522399999883e-01 1.122788098879999969e-35 4.877672546899999757e-34 2.199435834820000087e-20 7.704193452880000459e-01 4.509279695850000159e-38 9.165195159130000371e-55 5.221795727830000059e-23 6.570851555329999787e-18 2.472098802439999797e-09
4.286962992549999881e-183 1.048676438040000092e-09 2.007478378260000014e-16 2.123375211150000071e-55 1.379998235360000133e-20 2.253891557499999865e-01 7.746075285169999880e-01 3.314683564930000133e-06 1.083844590169999947e-59 4.054226582969999882e-38
2.907684247610000106e-01 4.361156497320000216e-04 3.170575133339999935e-02 2.680292151059999998e-11 2.061788006239999999e-02 6.564717065280000208e-01 4.181966162259999763e-31 1.216383189930000001e-07 1.060622582500000068e-17 1.023018203890000011e-13
1.256459973290000061e-36 1.114794137959999949e-06 3.591020603210000051e-01 6.408968248849999938e-01 5.873181970510000054e-37 2.943298443529999782e-20 2.345436408259999839e-53 1.887219656879999939e-90 5.336307302740000207e-27 1.251755605059999941e-85
9.529453314359999492e-21 2.990706803690000013e-19 6.633441467380000178e-01 5.047010608640000156e-04 1.200448577089999901e-43 5.389764234199999685e-03 3.307482877060000104e-01 1.403507563339999934e-30 1.310026157359999918e-05 4.075861263670000093e-41
3.874718149230000190e-40 1.104941616040000083e-30 2.776702887720000180e-28 9.407765003849998972e-10 4.986328429960000252e-01 4.949115900259999923e-01 6.455545323970000166e-03 4.263508556650000126e-35 6.951191314919999609e-29 2.071390543190000097e-08
5.433258336539999610e-12 3.300090653549999922e-35 6.403929329190000053e-27 2.944274059599999828e-04 1.138498772589999986e-29 1.037554165300000030e-38 1.307100302810000059e-01 6.925206855820000017e-30 8.689955423080000241e-01 3.144350651830000106e-14
1.503633297689999941e-07 4.837982354429999909e-01 4.447260098500000307e-15 3.757359865259999883e-09 1.233843862990000066e-27 9.789736997490000158e-05 9.721944984840000248e-02 3.583619280019999858e-11 2.456533910669999876e-21 4.188842631820000051e-01
6.783733740890000030e-01 2.840374636429999814e-16 7.420497912840000311e-10 5.106952104989999704e-06 2.429857561329999928e-07 3.216212751940000225e-01 3.003362402710000024e-19 2.143480024689999856e-21 2.871237956929999840e-12 3.449131846100000168e-11
7.502421553810000310e-01 2.354153035219999965e-07 6.798500957970000512e-07 2.496917984789999989e-01 5.152027548610000160e-22 6.513085471750000447e-05 1.291010066519999998e-11 1.160639415349999983e-21 5.514241279789999835e-12 6.280930835199999522e-13
1.269971257189999933e-36 8.917285854319999510e-12 3.011941695959999772e-35 5.927146550899999667e-51 1.115500930709999977e-05 3.660309590610000274e-01 1.135076974890000015e-19 3.689366573410000072e-01 8.249426790739999930e-75 2.650212285790000122e-01
2.246573714980000183e-24 5.508244506489999859e-01 7.524160004030000284e-06 7.281242894569999566e-14 7.568118603220000187e-23 3.178678285500000145e-43 1.141886973969999997e-06 6.785900573780000167e-03 4.423809827299999831e-01 2.338039200360000057e-23
8.028304056700000137e-09 1.185162586730000023e-01 2.016760304239999878e-27 4.709759187670000298e-15 2.428561802720000170e-47 2.133378316340000141e-84 1.492991585850000080e-01 9.879961563889999403e-05 7.295448720870000292e-01 2.540903011120000058e-03
3.572474638790000268e-01 2.990815266929999772e-01 1.050961213099999986e-01 5.803158864110000404e-06 3.569165490179999900e-04 2.382120723120000061e-01 9.011787437660000060e-23 9.607758338250000616e-08 1.173259008349999981e-16 1.982571088609999888e-11
3.102784989160000118e-01 4.068567002750000244e-05 9.712167775610000553e-03 2.474680078700000242e-13 2.850641644339999871e-03 6.771179359519999830e-01 3.879196850629999973e-33 7.004200938499999856e-08 1.965215909179999883e-21 4.427161319549999915e-16
1.594059721040000063e-14 4.733061821109999768e-07 6.915046902789999395e-02 4.140887569589999928e-01 4.354629529330000248e-01 8.129734777340000274e-02 3.468929229010000093e-26 1.881098871920000039e-29 6.609485761460000587e-14 1.184801874070000042e-25
1.401282630759999870e-01 2.280004438540000074e-08 2.237106961319999957e-13 1.105305380729999903e-15 7.254455019180000012e-40 3.129942667229999988e-32 3.431289665849999726e-01 4.559016263349999765e-01 6.084063624259999914e-02 4.849608144019999947e-07
4.589488959209999950e-17 6.306498939180000102e-20 6.136276484520000185e-01 1.700847163859999865e-27 1.714778461830000105e-04 1.118817525309999950e-01 1.435473087120000058e-24 2.743191211709999910e-01 4.367898087570000151e-15 6.459533367029999816e-34
2.385407560270000060e-01 9.086413028229999414e-39 3.661775220869999980e-09 9.492753558849999527e-34 1.004177968359999951e-01 2.781494670009999995e-19 2.365244856050000010e-45 6.610386735230000532e-01 2.769951768240000121e-06 5.881434535740000464e-29
1.917242900339999899e-75 3.106341532740000114e-18 2.374193223960000143e-26 7.630019197699999756e-58 7.681538206930000639e-27 1.356208775709999946e-02 2.321374580910000041e-01 7.543004541519999773e-01 2.177732362499999854e-51 2.073864582349999912e-21
1.262668715910000039e-66 2.121063674279999801e-22 1.424553975829999909e-12 2.785172690550000140e-35 1.612255307729999836e-33 9.999999999990000221e-01 1.997611517919999831e-52 4.890853764309999879e-56 3.278306484069999996e-74 4.859784770960000183e-83
9.105206589469999749e-58 6.082651060680000081e-35 2.731249518520000111e-30 5.533432179320000059e-04 1.641890821890000171e-02 7.036584542799999564e-01 2.793692942789999800e-01 3.969611917660000216e-59 2.024772166509999915e-27 4.194754561910000384e-12
3.152715487359999696e-14 1.524433568600000141e-08 7.548151838519999766e-08 3.897579682619999875e-01 4.326945734420000189e-01 1.775473674180000072e-01 1.374108987540000037e-10 7.917971304949999824e-20 2.100082595289999978e-13 1.458204419980000034e-11
3.829527920279999727e-17 6.761408459390000347e-01 2.209452868179999989e-13 3.238591540610000208e-01 1.126344769759999986e-113 9.144803097760000041e-36 1.123340634139999925e-15 2.839431135660000211e-63 6.587597496659999973e-20 1.339177811630000115e-41
2.385282389670000114e-02 2.822940352900000157e-41 5.602453482359999589e-16 5.465567334420000295e-17 9.039151792510000376e-04 3.415008797369999960e-01 2.236752709690000007e-02 2.359153722650000062e-01 3.748478248050000072e-01 6.116570189200000495e-04
4.306592838319999728e-01 2.051773066009999971e-12 3.342000497430000026e-06 1.671148697050000020e-01 1.028562741919999991e-14 4.022225044509999958e-01 9.524122851159999674e-18 1.307077552879999898e-26 9.106373461610000190e-12 8.146134718379999622e-16
5.838403975929999934e-01 2.905231606450000049e-05 4.161299906579999930e-01 6.240474125379999843e-21 5.594334325380000004e-07 1.590618927340000024e-13 5.152697391030000030e-99 6.394979624390000141e-21 2.282449427259999923e-30 1.904898934090000112e-44
5.804965015520000549e-01 5.992510637440000112e-21 1.103093070260000020e-17 7.728544721230000479e-07 3.221609154580000102e-08 3.111942767059999726e-01 4.443609511990000007e-10 1.679658779770000045e-16 3.414995279649999906e-16 1.083084162260000011e-01
2.793671284900000121e-02 1.088898797299999999e-01 6.349453583629999871e-05 1.044677899450000071e-09 4.849776467890000190e-31 7.294621173339999632e-17 1.615567574039999954e-01 4.457745770370000193e-01 2.557785636489999792e-01 1.375120579020000046e-08
1.673591468520000004e-24 2.080923372840000063e-01 1.035958453509999988e-01 8.729333263099999694e-29 1.038407945210000046e-23 1.326866316029999982e-14 6.003985398929999635e-21 6.883118173650000227e-01 7.148983804610000391e-19 2.525078802239999855e-33
2.857691186369999849e-07 3.214710284939999996e-01 1.577982156989999885e-01 1.601615575519999971e-29 1.621845785490000059e-38 3.826467587459999657e-49 4.967627935499999695e-46 5.207304533850000139e-01 1.665251537499999925e-08 7.471080126460000027e-47
3.883039162310000236e-01 1.081660407249999960e-05 4.213311442260000072e-04 3.114883226619999852e-17 1.802578729500000088e-01 4.305376924250000070e-01 4.653787598299999785e-34 4.683706454830000206e-04 1.713860764810000095e-21 4.510868179720000334e-15
3.147954643209999737e-01 3.438180470880000117e-01 2.724789709599999870e-13 5.836148568529999955e-12 4.164524130930000073e-15 3.534136566679999874e-08 1.329952828509999987e-11 6.813463508899999869e-06 1.579111684509999964e-16 3.413796397669999760e-01
3.340599130659999938e-52 6.773510221659999624e-19 6.645018719999999934e-01 7.662934636260000350e-04 1.679039472470000022e-11 2.980958812489999891e-03 3.317469217110000090e-01 2.635054710590000048e-32 3.953996303100000285e-06 9.603877781649999847e-42
8.986294963900000701e-62 4.204228564089999842e-02 3.164740123779999793e-03 9.344167278160000429e-38 1.495120488560000080e-29 4.113656801169999766e-01 7.886622511110000277e-04 5.426386318670000097e-01 2.991311128230000090e-34 2.677011343840000020e-38
4.315809040389999750e-37 1.124665445570000038e-35 3.668975243009999985e-32 1.197206775610000028e-16 7.501610890979999446e-01 2.498386498019999902e-01 1.012789309979999974e-08 1.649772855689999988e-31 6.531300211010000414e-30 2.509720913510000158e-07
4.068503369910000051e-13 5.974626684109999695e-113 3.684441561930000086e-56 1.002505793629999943e-37 4.551153839629999975e-01 5.788416071349999665e-40 4.559189733119999629e-09 2.037746075309999986e-08 4.784185150079999782e-01 6.646607609160000429e-02
9.366123448420000111e-28 1.646926942440000107e-16 5.495770569250000293e-01 1.161260957990000026e-07 3.572605436110000143e-01 5.666100235090000287e-04 1.896421512019999880e-02 4.411458234419999753e-11 7.363145814959999591e-02 8.810814137919999669e-22
5.854379110930000296e-01 1.476059385690000059e-01 8.857918078050000532e-02 2.879919560140000157e-14 2.683696101460000122e-02 1.515237223239999931e-01 2.601584608559999896e-33 1.628621943380000113e-05 2.171761516940000032e-18 4.203215476769999870e-16
3.161603576859999820e-01 2.158051804490000188e-18 5.959433211029999677e-01 1.101790162750000026e-31 1.757324400139999907e-16 4.503077888610000217e-36 4.853367524919999686e-67 8.649230028469999387e-02 1.404020926359999958e-03 1.266120051920000037e-51
4.319758402189999846e-01 1.336954261169999984e-17 3.885807176669999942e-16 7.048330254640000394e-42 4.769872233890000146e-01 1.487745914229999909e-10 4.298242658529999772e-63 9.103693624320000066e-02 3.266076459690000004e-34 1.021993089639999982e-17
1.457112668970000068e-13 1.809385842419999953e-13 8.121228640560000062e-10 4.675450608969999866e-01 7.426015887169999582e-39 5.323074952059999587e-01 1.474430853370000034e-04 5.534351660179999812e-40 2.124501821640000110e-19 1.632106111719999929e-23
7.608751760729999501e-10 5.464389833339999836e-02 1.267457804559999958e-27 5.755849626850000345e-01 3.135692390359999936e-40 1.527856708280000103e-44 7.436144122460000040e-04 3.352230239760000017e-28 1.614959521610000094e-08 3.690275076589999981e-01
5.596813127760000271e-61 3.701542070109999765e-14 1.000000000000000000e+00 1.207318293719999914e-31 1.304900790800000070e-91 2.208301715730000132e-29 2.366999683109999930e-42 3.419864759599999710e-42 3.332141610729999918e-26 7.051983027549999815e-305
1.531659039200000090e-24 1.121820529980000112e-19 5.184961298349999744e-13 2.150322280829999869e-06 7.498382407460000287e-01 2.501596089309999771e-01 1.993271976419999880e-23 2.164707588730000048e-37 4.666759468029999845e-24 1.112726707420000059e-23
5.331951268140000071e-09 5.352979718780000295e-15 2.166321965779999811e-25 4.719204578520000041e-14 8.510392130850000742e-21 1.373726191899999970e-43 3.437611522830000266e-01 4.910297084500000405e-06 5.426711355209999921e-01 1.135627965669999961e-01
9.169372736860000516e-71 3.487283016750000186e-01 3.030598194870000144e-04 1.283191018770000027e-21 4.753874746709999733e-33 5.120679960140000121e-13 6.509686384989999963e-01 6.217135497079999658e-12 3.587906874350000129e-23 3.789306356609999886e-40
4.650982853800000252e-07 1.545787067760000100e-19 4.952467921040000221e-01 2.639001382800000031e-25 7.391232166439999640e-02 1.235957066219999961e-05 9.121166834549999483e-35 4.308280079360000125e-01 5.362702974329999893e-08 5.293587433849999629e-32
2.181275539410000017e-20 2.607813346029999750e-13 5.760188187389999603e-01 1.301292892799999975e-09 6.290786656339999781e-15 1.294956140730000071e-28 1.677803643840000077e-31 3.475342730130000201e-24 4.239811799589999763e-01 1.931704791279999931e-48
3.851301342669999905e-01 2.967380622380000224e-04 6.145731276710000301e-01 8.680820816870000504e-14 9.107784023709999509e-14 7.878685516170000093e-15 5.104540098929999839e-93 1.497935281930000094e-34 2.542227321499999908e-32 4.486358266040000394e-50
4.291515106630000020e-01 2.183084798039999985e-33 2.230515347470000100e-24 1.692635524030000058e-12 5.390210565140000215e-02 4.303813015660000185e-01 3.698462912580000227e-17 4.273680046539999916e-19 1.560960266830000135e-17 8.656508211770000405e-02
2.250231510639999874e-27 5.548713449600000125e-01 6.539687672810000178e-03 3.735444592259999986e-27 1.133449655550000019e-49 3.453594432359999981e-29 1.030995888839999973e-07 4.385888642329999754e-01 3.430224674040000042e-11 8.444336334230000547e-37
1.152697099799999911e-06 1.264927219370000026e-21 4.975969489639999743e-01 9.586081807079999693e-26 8.615787394069999994e-02 3.170901703020000071e-06 1.433079886130000061e-33 4.162408442289999844e-01 9.267760712009999583e-09 1.296849285949999933e-30
9.180350317610000490e-42 1.595627500320000080e-34 7.872459564420000553e-57 1.043275471019999938e-20 1.807046159569999952e-22 1.522965738279999908e-18 2.508400293809999737e-01 1.143517723889999982e-37 1.103665266269999983e-42 7.491599706189999708e-01
3.258032684570000124e-92 3.876048358450000067e-35 1.293729349330000065e-06 6.838514106459999980e-51 8.402905149009999764e-39 7.101168867089999726e-01 2.898813712389999853e-01 4.483225317409999896e-07 1.077986036500000069e-30 3.613669737139999814e-69
3.563870224749999941e-53 2.378312041720000049e-85 3.050974459169999761e-98 4.053706100059999997e-67 4.055553223070000333e-30 1.586786551970000062e-59 5.011129731429999623e-01 1.145774542459999992e-12 5.297546120330000079e-28 4.988870268560000043e-01
1.194126524089999893e-13 9.666257271199999407e-11 3.682437598909999929e-03 5.194930119889999975e-01 1.390368007610000056e-40 4.768245503160000176e-01 1.717243872890000029e-17 6.957127477130000205e-48 1.823170222799999900e-20 2.368171760480000130e-39
1.829006187140000128e-01 2.041387168990000195e-09 1.107994475630000031e-01 3.374902455150000091e-01 3.688092458300000209e-01 5.081864758980000223e-26 1.013763720590000061e-63 3.350546225059999897e-37 4.403365038500000024e-07 9.363849110640000392e-35
3.933936758730000038e-01 6.056172055020000444e-01 1.386271023110000062e-15 9.891186192800000953e-04 4.950339409840000070e-54 4.196108296049999661e-37 4.361677365649999873e-21 1.126352344009999936e-30 5.670741406489999843e-12 1.798809682009999992e-17
3.943401072220000170e-08 1.221733808829999980e-08 1.692224621799999936e-07 3.159180109670000069e-01 6.840778256909999522e-01 3.903829607840000179e-06 2.693060226119999895e-18 2.779893954080000121e-19 3.794814759240000098e-08 6.904577741969999717e-10
4.996572756730000009e-01 3.716282824549999681e-05 1.605929650719999991e-04 4.974287226999999922e-01 2.581015544619999860e-26 2.716245832269999824e-03 1.524762678909999943e-12 9.239173576320000699e-21 2.556882902500000036e-14 2.644922331789999909e-15
3.610996133909999947e-39 2.423468014930000025e-01 1.062402878999999947e-16 1.851464339859999954e-12 2.975199657690000277e-01 2.220221112290000076e-01 6.414804257469999826e-02 1.151942757219999942e-12 2.964336468620000080e-28 1.739630789319999982e-01
1.430767577660000019e-02 1.584767810600000090e-02 6.009848349669999985e-17 4.007542926320000198e-01 1.659376415270000041e-14 1.075476863019999910e-25 1.022376200349999948e-12 7.394987984060000295e-20 1.617534214440000066e-05 5.690741781429999868e-01
2.497458684240000115e-01 4.598405505970000192e-29 3.659500986489999700e-20 7.500495940960000274e-01 3.792681937999999707e-27 1.711892081379999970e-46 7.346702039079999724e-51 2.742634591339999896e-66 2.045374797170000072e-04 1.847628574909999998e-34
6.874717974779999498e-13 7.660685095019999736e-07 4.265111096869999704e-15 6.718565130780000206e-08 7.277054045430000416e-24 3.100811475979999955e-31 5.388934456209999446e-01 6.999079746899999942e-10 4.611056797120000050e-01 4.071208749540000292e-08
3.382136865640000267e-01 5.887181981289999477e-01 3.466015931070000092e-15 6.458656276179999513e-38 2.675069152160000057e-13 7.735216860609999285e-37 2.313236937769999907e-77 7.306811530649999498e-02 1.408575742220000056e-30 2.780514204019999945e-20
4.165507468309999798e-21 9.303798505119999730e-18 4.013684030590000118e-01 1.477945707280000039e-20 2.112625890620000168e-12 2.532870557710000248e-01 3.752596766570000016e-06 3.453407185180000227e-01 7.005277518739999431e-08 1.130377514829999966e-27
6.179139900639999833e-07 5.442678002999999931e-01 1.146026203299999985e-04 4.874745534469999852e-16 5.969793108040000231e-66 2.593793948459999872e-42 3.403031033679999802e-09 1.020860076229999913e-03 4.545961156869999797e-01 2.138479652580000085e-27
1.176552066000000063e-02 9.867750281320000155e-08 3.829781947550000010e-01 2.536729039470000231e-16 2.421699379910000061e-01 3.630862479170000046e-01 1.678116608420000100e-62 3.600319866880000216e-16 1.157869333360000069e-28 3.952391413570000173e-30
1.653018155809999868e-64 2.088704331629999966e-01 3.218412580269999768e-01 1.382939218690000076e-14 1.153193055229999901e-28 1.113401684329999986e-13 4.692883088099999989e-01 4.205092835250000294e-17 1.366578001750000036e-16 1.419484431839999910e-41
2.004820590769999953e-17 5.726851191009999453e-20 6.136280503019999610e-01 1.880511886370000077e-27 1.726646415920000130e-04 1.118811837060000036e-01 1.033855584309999924e-24 2.743181013500000098e-01 2.252819210320000180e-15 8.557338564399999503e-34
1.555663864600000025e-27 3.259331029459999751e-01 4.024827237849999961e-01 1.123949566310000082e-31 1.544608805490000122e-48 5.192186552920000063e-37 2.013595139789999905e-24 2.715841730899999917e-01 1.781751327109999999e-10 1.106865231700000094e-49
1.553833235610000035e-37 1.099304369100000058e-12 3.286535751509999706e-36 1.529714493010000040e-53 4.840380401119999808e-06 3.660321507900000104e-01 2.655830086880000078e-21 3.689291209569999785e-01 2.527404079530000100e-70 2.650338878710000179e-01
5.176810363080000234e-41 2.474779821489999920e-01 2.887732999309999826e-01 3.154166734799999997e-31 6.235327164189999739e-30 1.271632468320000026e-08 3.419978584660000239e-07 4.637483632050000137e-01 1.583732870769999887e-22 2.639980980950000208e-37
1.068813549350000058e-01 1.095760391680000012e-37 3.814515980270000283e-12 2.277424747580000130e-15 1.029585020789999892e-03 3.133963248669999757e-01 6.232582599400000173e-02 2.396613576680000079e-01 2.767001093199999984e-01 5.442191300230000316e-06
1.250063310669999951e-51 7.751075490380000665e-18 6.640942094359999492e-01 2.929073157310000124e-04 2.311491495650000074e-12 4.224518146109999990e-03 3.313806374780000064e-01 2.911988155559999979e-33 7.727621582189999729e-06 1.984604732519999927e-44
2.149169799719999885e-01 2.795160864709999961e-31 5.917437961779999961e-59 3.636608304200000231e-18 2.723377164720000108e-30 2.597527931180000122e-90 1.192552800900000031e-31 5.346467372989999923e-30 7.111030902950000510e-11 7.850830199570000278e-01
2.549779616080000145e-34 1.201649243229999942e-01 9.726394314340000578e-22 5.082295829759999606e-01 1.374839999410000086e-37 6.889703947450000017e-15 3.716054927010000175e-01 1.942070161119999943e-47 3.203449669279999971e-27 1.018535008589999969e-15
6.598755392540000490e-05 9.044715517590000256e-09 3.883780985779999861e-02 3.107122840459999868e-01 6.503839092090000218e-01 5.737859140360000248e-12 3.087683213519999874e-39 3.890939265459999790e-28 2.826369467249999743e-10 1.896375027429999990e-25
6.565164585170000036e-05 1.632577301459999905e-07 3.873479522409999792e-02 3.108113082910000102e-01 6.503880808890000198e-01 4.540446063520000143e-11 6.385407061139999905e-40 6.208324907859999627e-28 6.465430083980000218e-10 6.676107311320000445e-26
5.964654454569999764e-01 9.431086732040000991e-13 6.805955395849999584e-47 3.451168748140000191e-12 3.341886193600000125e-33 2.556193732430000234e-109 7.280200436899999470e-32 2.336650893319999941e-27 7.059786841150000387e-07 4.035338485600000191e-01
1.580464599189999875e-01 5.931324158130000441e-16 4.571334109599999862e-01 2.936726436550000039e-18 2.225818104470000035e-13 2.900137933399999701e-17 2.340282081970000013e-27 3.770788259239999940e-01 7.741303196500000025e-03 9.320107669519999293e-28
3.825999001399999877e-44 7.485385283799999571e-41 6.464256698980000150e-12 1.938848392920000045e-44 7.045176484569999434e-11 6.169139669840000284e-01 7.716006991810000164e-10 3.830860321669999902e-01 1.100641057450000041e-24 3.499440292769999816e-33
1.790318717299999937e-36 4.484865345189999800e-37 7.131449352919999910e-33 1.617402548789999929e-15 7.501611013550000262e-01 2.498384629929999989e-01 1.875657982520000131e-07 4.283965061979999709e-30 7.621776965369999623e-34 2.480855227949999800e-07
1.269910787679999909e-35 5.591214031870000264e-38 1.086601778860000041e-05 3.320740713809999800e-01 3.110967268730000116e-19 1.023520909289999947e-01 5.652718492120000215e-01 4.179639436489999972e-46 2.911224603469999899e-04 2.609153617759999948e-42
6.566768092719999596e-12 2.403606564800000062e-51 3.500037614589999745e-29 6.636064102849999766e-33 4.602681200079999924e-01 4.522259042780000052e-39 1.428328715270000055e-22 1.603356463370000096e-01 3.793962336300000238e-01 1.802093297139999944e-11
7.133921622620000014e-02 3.268386697289999989e-14 5.712931011159999573e-01 2.331143759619999922e-09 3.515523378749999979e-46 9.897262134419999573e-25 1.092682810019999997e-26 7.969769506469999837e-21 3.573676803270000035e-01 4.916224048810000405e-44
3.789808329579999826e-69 3.326856619239999813e-02 1.427189127980000051e-05 3.128214792640000058e-40 5.089219209309999912e-33 3.941530079169999756e-01 4.167443547770000034e-02 5.308897185209999758e-01 8.742341944610000493e-37 5.509436026839999762e-38
2.248612791289999811e-06 6.631484102459999877e-12 6.914648652929999972e-01 3.510375647979999826e-15 3.865547786370000016e-15 1.164667571709999961e-11 1.075238839759999990e-13 3.080798798080000012e-01 4.530062679540000181e-04 1.098262531699999932e-24
5.266992075979999879e-34 1.112179503620000090e-102 3.013659659540000127e-97 2.163041336179999850e-65 9.999998858469999474e-01 2.274827185809999941e-36 5.009917380189999805e-53 4.227108221879999956e-32 3.003225193340000055e-55 1.141527106770000002e-07
1.206495748179999893e-35 2.468714259769999944e-91 1.376321008510000066e-106 3.414724184819999826e-100 1.595212849930000010e-34 1.001594526899999997e-57 1.968468720139999983e-15 5.777747130789999686e-01 1.155640071559999969e-43 4.222252869209999759e-01
5.096627877539999676e-08 2.236889586700000159e-08 8.399029371229999935e-08 3.159178724160000007e-01 6.840776378849999784e-01 4.198696116520000325e-06 3.611108525099999844e-15 3.912443387189999924e-20 1.332842486939999982e-07 3.935193819919999943e-10
7.937162481179999534e-13 1.076621307930000066e-04 1.038894046620000030e-22 3.562340219940000052e-01 4.550947533659999890e-26 1.621272711249999950e-22 2.089619725519999971e-01 1.365774184489999945e-29 4.038036560339999647e-12 4.346963433170000224e-01
1.467558397829999864e-14 4.851200094109999768e-11 3.718326521269999917e-03 5.194746294919999619e-01 6.381404173259999610e-41 4.768070439379999970e-01 1.910279683490000033e-17 1.308682375179999958e-49 5.470728480350000437e-20 6.688505939860000165e-40
4.306780288729999961e-01 1.770152373250000099e-12 1.278613120799999999e-05 1.670729705329999926e-01 3.394361642850000208e-14 4.022362144609999968e-01 4.297457837080000298e-24 1.855745127660000021e-29 9.911727381429999396e-14 1.043286854320000075e-20
3.668576396880000170e-30 1.711211333870000031e-02 2.397541290259999902e-01 4.269483870639999874e-10 3.245934604679999799e-32 7.431337572080000120e-01 6.295543956019999829e-25 6.946689886369999868e-34 7.212624084390000066e-32 1.858461261130000110e-45
2.348526242240000020e-02 3.447721732189999999e-01 2.009383699939999838e-08 2.735760422899999956e-12 7.254362284769999525e-58 3.638325199730000041e-37 2.645589718599999918e-01 1.345943347199999862e-01 2.325892376810000106e-01 2.537291646550000013e-15
8.492891678340000212e-07 1.563350617470000035e-08 1.341568802639999894e-07 3.158991920320000091e-01 6.840605527009999687e-01 3.925610188259999743e-05 8.520487104909999753e-20 1.468435011529999901e-20 8.152073325139999833e-11 3.991183490470000024e-12
1.592315577020000095e-01 5.099432830979999665e-01 5.075210199709999755e-20 1.859604917859999962e-27 6.404040402760000066e-12 1.638476572070000059e-25 7.916620001810000011e-39 3.308057893670000027e-01 6.424900819130000444e-29 1.936982720139999894e-05
1.270318956679999907e-09 3.990581712399999814e-01 8.350334710369999860e-18 5.969422476160000036e-27 2.543521832360000020e-04 2.014409354320000136e-06 1.293229361369999964e-23 4.168716051949999946e-01 4.882812833339999913e-38 1.838138557029999898e-01
2.267200069789999954e-07 5.080984930019999771e-40 1.059115182880000041e-29 3.102624252510000069e-01 5.333992603430000035e-01 6.973375693339999592e-08 9.190754099349999607e-10 9.308441001109999608e-38 2.137183392549999924e-11 1.563380170110000023e-01
3.373303041399999813e-01 4.115434060759999926e-30 6.006736601920000261e-21 1.980781203500000089e-04 1.189709832850000027e-07 6.509156715870000331e-01 3.686021413989999911e-09 1.210801311800000093e-25 1.125949137939999956e-11 1.155582348409999946e-02
1.386621940070000028e-06 1.224428538970000022e-11 6.867500405619999526e-01 8.897048108250000462e-15 4.328682762750000137e-15 4.186174947300000079e-11 2.502690932640000223e-13 2.997257809760000002e-01 1.352279178529999966e-02 1.773953787239999980e-25
1.045371603320000009e-01 3.603547102280000138e-04 7.291019072679999968e-04 4.234601228359999858e-01 4.708678176800000226e-01 2.003887581979999991e-13 3.252343967219999848e-29 2.948971759219999903e-17 4.544253395250000206e-05 1.047369018259999968e-13
5.298884018029999656e-61 2.180649351950000037e-01 7.423672543459999686e-19 6.853869215220000211e-09 5.690438897029999851e-09 4.154890013320000075e-01 3.664460509269999999e-01 1.814445128369999911e-31 1.397469349019999928e-38 1.258653877209999919e-12
1.783582966879999898e-01 2.217834415880000081e-07 7.027820116910000296e-14 3.321903432949999919e-12 1.569477717429999980e-39 1.011655590919999988e-28 3.517959489479999813e-01 4.586374696459999956e-01 1.120192397870000030e-02 6.138952437199999887e-06
2.258049104180000066e-06 1.627959451229999896e-02 2.362055630890000021e-02 6.157986936579999959e-01 3.442987444830000188e-01 6.373989270150000027e-08 3.897265765819999894e-22 1.576496728149999915e-16 8.924877365879999615e-08 2.114707054260000094e-15
1.825746406830000002e-01 1.253935797239999921e-06 1.101727332189999936e-01 3.381742701020000186e-01 3.690770712590000224e-01 3.847886182289999981e-22 5.381479540939999706e-59 4.628789663180000114e-32 3.080170004130000016e-08 3.787399626329999828e-31
3.160417758340000050e-01 1.012307726460000076e-17 5.959378540549999936e-01 6.716139268999999981e-30 7.971653313230000708e-15 9.488829424430000179e-32 1.279203034320000071e-61 8.667323725160000492e-02 1.347132858580000082e-03 3.185498262779999770e-47
3.240319631590000147e-42 5.043558972150000143e-33 7.172485406110000337e-57 3.297952073519999907e-21 2.452622380779999964e-22 4.000433066299999939e-19 2.508400293809999737e-01 3.051522652079999799e-37 1.048497254820000027e-42 7.491599706189999708e-01
6.060059438589999968e-18 1.311755620379999997e-29 2.804144495300000054e-17 3.402307221829999895e-01 4.958579286799999964e-41 8.245152544989999188e-34 1.144961420889999970e-01 4.299113459939999926e-39 5.452731357279999580e-01 4.216048461960000334e-27
3.448368491989999840e-01 1.668423004500000056e-29 4.678577496599999957e-21 4.214222937280000031e-05 4.922284352339999937e-07 6.525591117700000332e-01 8.522235682659999559e-10 1.894452822589999869e-24 7.173722231429999456e-15 2.561403720469999923e-03
1.496861390940000136e-17 2.416967923589999957e-24 1.239784923890000082e-08 4.369197134919999836e-01 3.074866063220000093e-52 1.668727512140000017e-43 9.570306246150000940e-22 2.126920801339999860e-55 5.630802741099999453e-01 3.475599826559999997e-59
1.835317576340000060e-17 1.647265442140000026e-18 4.013691035170000032e-01 7.907239345940000554e-20 3.458932085670000218e-10 2.532880156519999870e-01 2.095452690290000037e-08 3.453428591450000140e-01 3.854220756589999963e-10 2.302550347240000025e-26
5.215577598409999887e-31 1.647026188890000010e-32 1.235823474040000066e-66 3.521764382290000012e-96 6.620857883000000332e-02 4.081620059570000043e-15 5.577720812100000047e-54 5.613888080490000432e-01 4.698653126430000099e-102 3.724026131209999813e-01
3.537030211179999927e-12 9.039879835710000477e-02 9.567835003480000468e-18 4.869231235570000149e-01 7.049792463010000615e-17 3.349781469600000193e-17 1.167882220399999935e-02 3.819099225230000157e-22 4.701513855430000275e-14 4.109992558780000138e-01
1.636340814420000067e-01 1.297116481779999964e-33 6.247108683130000236e-26 4.309185113249999755e-01 3.863442416980000238e-01 3.947659450519999790e-15 8.592619372990000519e-18 6.630043338729999346e-36 1.342359989540000098e-06 1.910182317419999859e-02
8.487248310020000504e-07 1.058825913560000091e-21 3.381332828909999755e-01 1.618790227280000024e-19 3.030549322379999869e-02 6.101829914379999775e-02 1.630045225039999876e-20 5.705420599589999808e-01 1.605793842010000000e-08 2.706894097289999915e-24
2.940159858549999949e-01 1.109021625720000071e-05 2.104212362819999904e-01 1.720175119440000019e-18 2.972259629089999966e-01 1.983257247330000028e-01 1.483285232860000111e-57 4.767256828249999704e-12 1.736891481280000002e-25 7.326960931860000572e-27
9.476570325189999495e-129 1.508217231490000039e-06 3.881982889449999999e-14 2.429222058360000219e-69 1.424738160649999872e-54 4.370093463310000259e-01 5.240755123570000062e-01 3.891363309499999701e-02 1.238818217710000026e-70 3.984591460080000089e-52
1.391942983589999966e-84 9.947483861599999699e-02 1.535289028579999993e-01 1.808293308579999948e-25 2.219015696530000211e-19 1.310199752450000032e-01 6.159762823929999520e-01 8.874387357889999595e-10 9.457769592950000513e-29 8.604685860890000295e-41
1.267115462190000013e-11 3.522865395700000013e-01 9.479482867650000633e-05 9.323769734909999573e-25 1.390547147050000101e-41 4.900444920530000143e-41 3.468283426369999997e-23 6.476186647470000279e-01 8.412129511420000147e-10 1.682280494239999866e-32
4.689294023610000028e-01 4.890588040319999823e-56 5.686437839160000298e-22 4.646624436829999948e-32 6.957708393409999685e-07 3.288249982460000039e-23 7.374689803649999612e-22 3.525942768529999882e-01 1.784756250150000001e-01 7.604010146440000198e-14
3.887951396079999955e-01 2.857169299530000093e-05 2.388459764880000052e-04 4.810340442999999718e-17 1.796316700230000118e-01 4.310390707089999940e-01 6.517386117680000315e-35 2.667019908399999935e-04 4.845951060450000034e-22 1.292329034690000062e-16
3.588985493929999802e-28 1.779477117119999935e-16 5.516568958099999920e-01 4.539715101000000277e-08 3.598016606269999751e-01 1.255036399369999917e-03 1.211534658859999940e-02 2.918666098060000034e-11 7.517101514879999391e-02 2.813770650589999896e-22
3.926860549990000004e-01 6.047077534139999599e-01 1.615936655029999981e-15 2.606191577000000186e-03 1.634446597720000041e-49 1.004834759959999994e-32 1.705618954569999992e-16 1.814311409259999939e-27 1.046188021289999955e-11 3.384302045719999793e-14
7.457964159250000113e-01 3.084578486099999963e-09 8.473714972109999688e-02 2.692976520539999975e-41 1.694664312539999884e-01 2.082971753490000072e-19 4.940656458412465442e-324 1.508244626370000085e-11 5.095879863879999861e-37 2.794246252730000080e-52
3.919498126519999944e-32 4.675173775470000309e-37 1.620405663480000031e-34 1.817027630979999845e-49 2.501597515099999725e-01 7.498402478529999637e-01 6.845974668820000100e-33 6.349032299540000368e-10 3.648090963790000154e-52 1.330335503839999991e-12
6.783721937069999708e-01 1.259594935760000074e-17 6.850262446019999633e-10 7.563612135149999760e-06 2.802695598439999830e-07 3.216199617259999921e-01 9.699976434730000104e-23 7.709513886590000162e-23 1.378454252149999938e-16 4.762486089819999683e-13
1.891612529239999884e-40 2.297131176870000069e-01 3.035410754789999999e-01 6.904240193369999798e-31 3.194776494040000091e-28 5.287256682130000459e-07 3.005103159020000156e-09 4.667452751039999903e-01 9.935802386169999292e-28 1.871940409569999933e-37
3.162489481490000087e-01 1.036297603209999941e-18 5.959669444880000277e-01 1.200379178110000069e-31 1.144896630890000020e-17 3.482202895089999966e-35 2.704346792070000000e-66 8.651340592600000046e-02 1.270701437260000075e-03 2.737657067449999785e-51
1.959471249440000184e-12 6.218058229569999449e-08 1.688745454860000082e-27 3.563313547010000248e-01 6.924988065990000281e-26 2.815872679010000175e-27 2.089659997599999930e-01 9.226614770690000271e-30 5.404544335559999996e-16 4.347025833559999830e-01
2.870654971310000109e-07 2.737437239750000195e-01 2.112418879319999943e-01 2.833807218230000258e-29 8.419069337910000092e-38 3.006128921830000120e-49 4.393466175689999866e-46 5.150140732350000361e-01 2.779235410830000011e-08 7.148010445090000110e-47
8.117207929120000448e-43 1.289461478820000072e-34 6.695818613909999802e-32 4.320989495999999746e-11 4.988666539170000247e-01 4.956533479319999991e-01 5.479217107799999598e-03 5.612940508260000177e-37 9.842123366879999312e-31 7.809996261600000093e-07
1.310710172579999944e-01 1.508079448559999949e-06 2.529553426620000129e-13 5.198434667970000351e-13 8.509634306259999990e-38 3.309264282360000075e-28 3.405018398179999739e-01 4.710461799790000015e-01 5.737128260319999951e-02 8.172261636930000509e-06
1.190545848909999997e-54 4.188156598169999682e-09 2.183056094089999887e-29 1.495093337639999901e-31 1.779153321199999915e-01 2.473528065970000134e-01 2.464471520890000166e-03 1.396250459319999991e-06 2.523216336070000105e-51 5.722659893239999684e-01
9.673885890110000454e-07 1.084593597700000029e-17 4.213896767329999802e-50 1.290666623359999971e-33 3.304717365400000038e-45 3.079571748969999936e-153 6.421177389750000140e-15 1.093999953430000067e-02 7.807637070570000448e-01 2.082953260200000045e-01
1.402237353979999930e-10 8.698574391629999847e-02 1.008111174850000052e-17 4.885401574930000046e-01 6.650665804130000338e-18 7.480001658300000497e-20 1.498869219190000074e-02 1.395143556239999921e-23 4.864066534380000092e-11 4.094854062100000136e-01
5.060573759660000172e-31 5.097438924419999866e-27 2.069692922980000127e-01 5.033274714090000220e-36 4.287607787459999946e-08 4.937545836150000200e-01 1.484846052220000050e-20 2.992760812110000224e-01 1.362571925789999985e-17 1.378161437819999978e-43
2.149323898999999927e-01 1.702368739349999932e-33 8.503287753080000201e-59 4.450139753699999698e-19 1.733805830440000102e-27 9.420666842219999662e-85 2.226997071950000100e-36 1.447031472899999894e-31 5.500159481309999690e-15 7.850676101000000351e-01
1.000000000000000000e+00 4.317942302829999739e-42 1.567429949090000051e-41 5.488432226670000095e-35 6.158664601369999523e-19 3.046440405949999956e-38 7.741494881489999682e-60 1.228124617819999897e-19 1.284431390710000030e-27 1.728938280379999979e-15
1.306657637590000025e-03 2.013547435039999952e-49 1.102682409369999966e-17 3.712769238620000034e-19 5.127094226489999860e-05 3.387135325050000256e-01 3.880776989609999728e-01 1.556848695349999923e-01 1.160315371010000041e-01 1.344333185600000123e-04
1.638918454929999920e-37 2.063443129089999883e-01 3.241109177540000275e-01 2.009549569170000135e-17 3.132677500369999829e-76 2.832726173829999844e-16 4.695447693370000120e-01 3.906435650969999737e-17 1.726471866919999966e-15 1.317039130989999940e-48
8.205658850319999704e-33 2.555803455260000079e-01 1.277269359000000007e-18 3.386315521439999997e-16 5.456970898730000297e-01 2.587060288880000183e-03 4.407859097459999978e-05 1.201170508169999934e-08 2.642634823249999839e-32 1.960914137089999898e-01
