6.104410873470000164e-21 6.545931446779999988e-28 9.197974645729999553e-41 5.767613597480000516e-32 3.812258044769999965e-01 2.332851212179999911e-01 2.098074773800000055e-45 4.776302240240000209e-25 6.987642642740000007e-51 3.854890743050000124e-01
1.153554032039999997e-08 2.670112000269999879e-07 6.084678277509999456e-01 3.768296318449999928e-38 5.891650817549999786e-38 9.654355200730000274e-27 1.484968629790000082e-52 3.915318937010000000e-01 3.773693464620000021e-13 1.202163150980000049e-31
4.219119665870000105e-03 9.253477867069999363e-02 3.366034654710000074e-01 4.221181413859999904e-06 8.091613999699999449e-02 3.340474396739999940e-12 9.279814653620000849e-19 1.850828924659999892e-07 1.600054042899999862e-01 3.257166856379999920e-01
4.703906735119999655e-02 2.062099518179999903e-04 6.042000757740000009e-12 4.217583096760000053e-06 3.904765644579999967e-27 5.536440209740000296e-45 4.021064164319999856e-03 6.292897250629999960e-15 2.635199708059999812e-01 6.852094701369999541e-01
1.870616221930000044e-06 3.596207878109999748e-21 5.707396277009999519e-01 5.099204918800000324e-09 5.822424023939999811e-03 4.234360725599999875e-01 5.945110820180000075e-47 1.602337659640000065e-24 3.694985902650000181e-31 1.014316335040000054e-23
3.804022672600000061e-27 2.520974126330000065e-02 8.465637997039999539e-19 4.784930982880000218e-03 3.021136322839999870e-34 2.078137116390000108e-02 5.456263885569999639e-01 2.159770281859999920e-17 1.681295016679999874e-57 4.035975680330000093e-01
4.084900349230000116e-01 3.194303278519999763e-29 2.132380308890000101e-26 8.411429282069999958e-13 2.115836176160000026e-01 1.063718551609999984e-27 3.589419977509999971e-01 2.795276845850000081e-08 2.721338101129999894e-04 2.071218794689999934e-02
6.855281383519999938e-01 1.743396899370000069e-28 3.144710530309999807e-01 8.086162611620000141e-07 2.344571633440000097e-44 2.509422614270000119e-32 6.500965957060000401e-45 1.308598533230000002e-45 9.212455579309999608e-24 5.708564654189999974e-42
3.509346918969999951e-01 2.738045875400000149e-14 5.639471814949999949e-20 4.750613528059999997e-21 6.638376280929999988e-49 6.486335632649999905e-01 1.151931097250000035e-22 1.559133122549999969e-04 1.151821221130000030e-67 2.758315252879999825e-04
1.054087430330000047e-01 1.391671092719999892e-01 2.420574341289999931e-01 1.024455185150000065e-06 3.189386502620000091e-02 2.986528910619999921e-01 1.009935044700000057e-21 1.348515927759999944e-09 1.483795220880000079e-11 1.828189316590000113e-01
1.505106121560000008e-12 8.535939695180000147e-08 5.107845509139999907e-01 3.455022489230000195e-15 9.458392046869999461e-52 1.910282237069999954e-22 4.875158739700000132e-01 1.699484756889999915e-03 4.998405847200000068e-09 8.705091847239999916e-43
4.651583868729999849e-02 3.449205846710000078e-01 2.918195493210000142e-06 6.085301755269999502e-01 1.222053760139999996e-43 1.395220798329999936e-12 4.102426845109999688e-06 3.444257750110000069e-21 1.496483640680000021e-15 2.638049054510000155e-05
2.134497138650000014e-01 4.304990215560000229e-35 7.865502861349999986e-01 4.913149613910000271e-45 3.555949285989999875e-25 1.077796892959999947e-17 1.540413294500000062e-122 1.989156778390000099e-13 9.785413109250000619e-34 8.280209658460000204e-62
4.654404629080000078e-01 4.560859708900000141e-14 3.158823124339999941e-03 3.198160208729999971e-42 1.202110739910000031e-16 1.391317055869999950e-18 2.599310208280000007e-65 5.314007026289999658e-01 1.133921893840000056e-08 2.659950815049999951e-27
7.338122900280000047e-44 3.119207360069999849e-30 2.261175350289999916e-11 9.999999999769999537e-01 1.710714023520000177e-52 3.253355573090000001e-17 2.692150413639999756e-32 1.595233111799999993e-90 6.926658291980000167e-59 3.025450331259999964e-60
4.717196634619999796e-60 1.470810948689999995e-02 1.301261109759999948e-44 3.695097325759999954e-48 1.277549257469999985e-28 6.876195458360000456e-01 1.687442569810000084e-19 1.630530894719999999e-02 1.629061813160000109e-66 2.813670357299999925e-01
1.471374055970000039e-01 9.006629028560000227e-72 2.690656489939999911e-45 5.869271084510000458e-01 2.359036005300000072e-01 2.509926787810000104e-28 3.643673642180000212e-32 9.667513292780000358e-78 1.976438808549999863e-40 3.003188542260000135e-02
8.102825850629999382e-02 1.820088949969999853e-23 2.687790488440000014e-01 1.366809787519999945e-27 8.087397421219999271e-09 6.501926845040000291e-01 4.023879170790000031e-75 5.908457287419999536e-11 3.524901918609999939e-29 4.723276030120000254e-35
4.228457290649999781e-42 9.714429506580000489e-16 7.343273421770000198e-01 2.656726573200000052e-01 3.464224999489999878e-24 5.028968801669999577e-10 1.389870370540000044e-32 7.317239169979999853e-60 2.153704874659999976e-27 5.373510894379999991e-55
1.518431614369999960e-02 5.713434475870000408e-41 3.800907101129999965e-01 6.252718852239999691e-41 2.668799987350000125e-01 6.178103750110000256e-29 6.930289489709999745e-57 9.471549547789999413e-02 2.431294795299999978e-01 7.739635945469999634e-67
1.453141268679999984e-15 2.247900046490000081e-01 2.569539866839999978e-05 2.594207275450000072e-01 2.828669232459999905e-01 1.870739355340000108e-07 1.110951223510000048e-14 2.947524278999999942e-19 8.124723737619999498e-10 2.328964612749999941e-01
2.104509387339999857e-51 3.526682836830000004e-06 8.760417958960000287e-17 2.851203065760000230e-20 5.153495850989999738e-01 1.551841571460000099e-09 4.277177501760000000e-01 5.322487051650000384e-06 5.692381400399999791e-02 2.172317954260000036e-20
3.416668548510000125e-01 5.027178605749999806e-32 5.534304683659999762e-10 9.958150697049999498e-06 1.662602212250000044e-01 2.346568771089999894e-01 3.218585470009999866e-02 2.252202334110000037e-01 7.713485653750000259e-20 1.846675500530000113e-18
3.208421479360000001e-05 1.159771692410000063e-05 1.795198570659999882e-01 1.296340727559999992e-17 1.018060224679999920e-06 1.138487268060000002e-01 5.599218326819999732e-15 4.004650769340000194e-01 3.061216392030000066e-01 8.022653993419999599e-17
4.123637986870000327e-40 1.844125736860000031e-02 8.183945321060000222e-02 1.326667961519999926e-17 3.251204997889999924e-10 4.471415428159999927e-01 1.253637775149999967e-01 3.271590259080000007e-01 5.494285725000000014e-05 1.950259437859999921e-42
4.936050404690000004e-01 1.381655699010000090e-09 5.568510043189999991e-11 3.384521900609999709e-08 9.332265528189999490e-25 1.663707090500000100e-05 7.961768193310000729e-15 1.557346192559999908e-08 8.031262151139999831e-29 5.063782716039999521e-01
1.063431938519999961e-06 1.554274584060000020e-01 3.407409746529999842e-03 5.303193552649999587e-01 8.660779412219999545e-38 6.752199043519999727e-29 5.914490675569999967e-02 2.543269328029999878e-16 2.516998063149999965e-01 8.020221448930000557e-11
6.868639842259999619e-22 2.026274175229999994e-07 5.133899153919999934e-15 5.900502087739999650e-24 1.253588463269999910e-43 4.364246476349999840e-44 7.120575559220000406e-01 1.547678001679999988e-05 2.879267646709999795e-01 4.510450394139999924e-28
1.630177181249999913e-40 5.053535239959999759e-01 2.612215612820000255e-01 2.334249140119999955e-01 9.153982052559999638e-23 4.613952975219999796e-13 1.564439336250000096e-10 3.759434434410000031e-33 5.533330077709999799e-10 1.224857912799999969e-28
2.958500792809999863e-06 3.568074468999999915e-01 2.661059799600000164e-01 1.058434098020000061e-06 1.119829852430000022e-01 1.969527132730000130e-01 2.847648294890000108e-18 6.759234998839999675e-02 1.020801426960000036e-13 5.545077008749999458e-04
6.690759859709999948e-09 4.826558461730000027e-01 6.942875525819999782e-02 4.425654682530000272e-01 2.114025521079999979e-09 2.248881132360000102e-07 1.708616250309999980e-16 1.279673249790000052e-26 5.349604041710000028e-03 9.258103928609999869e-08
4.092116322570000242e-01 8.862742131079999864e-26 5.478421416910000556e-23 3.300168114419999947e-10 1.697484439030000070e-01 6.955646816000000400e-10 3.991141964189999780e-01 3.046264629039999753e-08 1.026606217239999994e-02 1.165963375910000072e-02
1.550119779259999941e-01 4.691805681370000045e-09 3.170447197580000265e-01 7.012907517360000355e-33 5.482010332620000098e-18 1.846484657649999837e-30 3.649051257300000304e-45 2.195163639899999908e-01 3.084269336339999779e-01 1.152179083890000091e-24
7.307242543889999654e-20 3.530529080440000245e-01 6.101289164999999974e-24 1.342483954609999949e-31 9.383061264289999588e-12 1.372862728420000102e-19 1.859348551460000092e-14 1.098221862170000006e-05 1.260370019600000058e-01 5.208991077689999472e-01
4.935945339869999837e-01 9.866424020509999898e-40 7.017404898310000406e-41 7.033593098319999411e-27 2.253545426109999929e-14 5.966569875990000327e-10 2.001312461660000088e-33 2.019811346159999823e-21 2.443139115789999878e-48 5.064054654159999558e-01
4.349690087829999885e-01 2.219892056430000143e-26 5.650309903229999708e-01 2.142491975230000123e-27 1.346910555140000036e-13 1.281990136670000007e-26 2.908074308409999923e-82 1.679462661450000136e-23 8.937839109139999743e-10 5.444305044969999991e-41
4.805440029539999880e-11 6.495447096370000236e-18 1.146745708439999949e-02 4.306540579279999892e-01 3.459403364229999833e-01 2.119381485160000134e-01 4.124299456040000101e-44 4.840664173739999808e-39 3.866741331300000133e-29 6.304891307570000306e-15
1.755588116879999931e-38 2.272524932570000045e-01 3.955113740910000047e-11 5.766255379639999568e-01 6.045137231479999595e-08 1.304015921770000040e-19 4.360078837640000095e-08 9.993401261049999787e-38 1.961218641789999884e-01 5.076382207700000444e-10
1.416527855040000119e-04 8.431617662549999669e-34 5.185300132550000329e-01 2.459684708140000009e-01 2.771957389800000138e-35 1.984182408379999957e-39 1.370268623159999954e-03 5.411328408790000273e-22 2.339895945219999940e-01 2.653328612199999851e-61
2.278226844210000102e-01 1.147591802400000026e-42 3.451445108899999834e-29 3.457726692269999990e-58 3.101230685829999834e-01 3.639191178019999939e-25 9.215309985329999911e-50 4.620542469949999731e-01 5.304969824370000245e-13 7.878660534310000091e-19
1.766271234940000046e-01 6.074166330029999996e-18 3.129213155219999765e-01 4.575395221150000280e-20 3.631517096689999835e-02 6.006754894019999957e-04 5.274990678009999829e-29 1.508825835210000077e-01 3.226531310060000157e-01 7.595509256939999724e-28
1.854922288970000059e-13 2.422657932850000029e-01 4.700417926550000125e-01 4.257999871679999999e-42 1.531920246439999960e-48 3.119292896859999966e-12 3.812134570460000308e-49 2.876924140570000232e-01 1.814190634979999976e-14 3.533109801409999919e-39
1.886150217829999853e-20 3.393094336899999892e-11 5.017323318460000198e-06 6.300365971829999672e-17 3.246351249989999910e-01 1.092798919190000016e-02 1.216928094069999931e-16 6.644318684509999962e-01 8.310097069049999613e-13 2.373482655550000126e-21
4.672352820919999927e-01 2.897706724719999931e-45 5.728537454270000410e-32 1.407546501900000017e-30 2.896819460740000240e-13 1.115189086280000035e-15 1.403339163929999909e-15 5.327647179069999739e-01 1.216307344260000059e-28 1.126918093090000043e-15
6.471727368240000056e-01 3.689194569240000264e-18 2.231991185570000172e-24 3.486703689059999758e-35 1.097535777130000081e-40 9.291385303659999151e-03 2.120632035749999854e-28 3.435358334390000157e-01 2.497384229560000022e-56 4.443335185649999723e-08
1.874593687630000116e-01 5.787826256439999595e-01 1.711212464950000125e-08 6.447427858219999673e-10 4.425049991289999954e-60 1.854409237869999955e-41 1.502068089659999994e-01 1.749472198339999845e-11 8.355117846859999586e-02 3.835063296039999900e-10
3.732213039079999986e-23 7.137402373340000494e-01 1.376259552410000046e-17 3.686506045379999981e-04 4.399583205860000092e-16 4.407232436000000165e-24 4.881684632899999836e-04 2.288583378599999831e-31 3.082419752690000042e-02 2.545787460710000061e-01
4.719132983489999766e-01 4.385947994679999789e-06 1.248269901989999993e-02 3.423249185059999991e-10 3.104924971990000088e-27 1.556476421410000039e-09 3.105191122029999917e-01 1.944220279749999947e-01 1.065847460660000051e-02 3.629811744709999783e-17
1.034422880340000070e-06 6.757602126629999865e-22 1.298174058819999976e-01 4.564705947980000067e-01 3.224261845329999977e-03 3.018992195699999988e-21 8.433250098419999447e-40 1.325872828740000036e-52 4.104867030520000237e-01 2.013487096999999953e-26
7.151131824130000370e-01 1.564794818180000047e-01 2.256582382660000194e-09 1.109322702489999988e-11 9.277192106839999619e-36 1.619120822090000090e-24 3.115382569209999841e-02 8.530721012189999711e-08 2.268662686969999873e-08 9.725339981550000512e-02
4.182376787350000228e-23 8.474221832469999096e-25 1.629641941280000019e-37 3.925398467779999749e-26 7.872202372380000118e-03 6.962149078970000238e-01 3.311555837270000254e-41 2.393480899910000138e-25 4.075142981069999827e-49 2.959128897309999950e-01
1.367722140590000039e-36 2.886333580989999890e-34 3.444133647059999842e-77 1.661836618399999975e-68 2.853777017420000006e-01 1.214156289000000089e-38 1.525809768359999994e-18 4.571078713100000246e-01 5.349924520709999805e-16 2.575144269479999748e-01
3.790887185499999812e-01 9.920103596329999976e-21 1.947131303889999832e-02 5.366792670180000306e-27 1.838569721120000000e-01 4.175816020290000208e-01 1.546896607589999890e-57 1.394270165720000048e-06 9.526840047530000591e-19 7.635883042459999540e-24
1.717132351240000078e-29 2.663841145110000252e-01 8.387040944769999506e-02 4.918129811350000252e-29 5.328683860870000318e-46 6.497454760409999697e-01 4.623669424730000298e-39 8.074848655159999529e-17 1.144461364379999935e-33 3.076557790240000035e-42
8.442406084630000229e-23 7.407344909259999666e-01 1.156386953959999957e-08 4.904221150749999929e-39 5.603621761769999955e-46 1.789222480779999938e-40 2.925647661390000141e-27 7.425475187949999903e-10 2.592654967679999811e-01 7.734863982529999981e-35
7.867553054120000064e-30 5.872966629889999624e-01 2.940278982190000085e-27 1.198803989799999955e-29 2.779996644470000166e-27 3.277796497359999788e-11 8.034840903359999648e-16 3.746118186630000229e-11 2.668269154629999865e-21 4.127033369409999763e-01
1.024652062180000044e-29 3.152807279060000155e-23 2.857208778499999990e-01 2.163986751470000081e-01 1.468286015290000135e-01 2.695545619239999881e-17 4.496282411029999715e-14 1.737718486749999888e-39 3.510518454739999794e-01 7.272415294370000402e-46
4.285689100409999654e-25 7.947902359410000593e-37 9.594384183189999368e-21 3.251189185519999802e-01 1.494360255809999982e-01 1.975863262180000135e-01 3.278587296489999803e-01 1.178573294119999952e-23 2.302241206120000149e-27 7.611438354510000070e-25
2.265803969619999965e-08 2.309613856490000091e-35 7.449050921259999791e-01 4.134304445869999964e-24 4.753025182880000028e-25 2.776365412560000177e-43 1.769154702039999986e-67 3.373616733489999952e-42 2.550948852159999891e-01 9.278011992140000261e-73
4.003294795089999831e-09 5.689593118419999929e-01 1.175695203710000073e-09 1.777596398639999973e-19 1.092120745010000053e-09 3.665379868090000152e-15 6.439256867119999850e-22 2.982477324589999932e-04 6.109967736469999714e-09 4.307424280439999809e-01
4.021669868370000150e-02 6.683519614120000344e-37 2.654463047990000168e-38 8.140523855550000223e-15 7.993477750320000330e-05 9.656119909139999673e-31 3.532750166999999719e-02 1.647035936960000073e-11 5.451616969889999664e-01 3.792141678639999736e-01
5.786059498530000261e-02 2.749897292280000057e-46 3.917725745789999801e-23 7.447570166779999834e-01 1.973822284239999947e-01 1.578859772900000046e-07 1.650758388160000060e-27 1.533424799910000097e-39 1.012555964399999961e-47 2.027083605610000026e-09
3.944834060579999746e-01 9.705002405139999231e-15 1.057078535100000041e-05 2.676038631749999901e-48 1.149900146540000012e-19 1.859176061160000004e-01 2.527353247609999944e-74 4.195884170399999946e-01 8.071323513199999915e-30 7.853592604250000006e-29
6.061643810060000146e-13 4.696140730650000261e-01 1.207045329789999955e-01 2.825135510510000114e-01 1.153433714100000063e-01 7.638337788240000432e-03 3.946008613920000395e-06 1.009648614070000022e-16 4.182186863760000220e-03 8.352983121370000394e-10
1.639836896779999888e-36 4.676178331709999747e-01 5.323813523470000142e-01 4.006529346900000034e-39 1.156115107109999999e-82 2.848982778779999767e-48 8.188420734290000354e-43 9.756403012309999575e-19 8.144818298069999886e-07 1.082142204139999965e-70
7.764474387299999392e-02 2.332888306489999988e-27 6.150102188440000311e-14 1.871398247290000092e-37 2.602637178739999890e-04 1.711815563699999907e-28 1.399438513710000081e-43 5.832898083699999958e-01 3.388051840399999848e-01 5.054391342490000000e-21
7.631466421249999410e-02 2.905137945719999948e-01 9.204403624600000083e-03 5.340190873050000286e-01 1.790916221919999864e-24 3.342897785969999779e-08 8.994760868550000232e-02 3.966151439120000251e-13 9.667026392879999816e-09 3.985042435719999869e-07
3.861123963120000058e-01 1.804621318869999852e-02 1.496201010309999846e-08 1.817810497180000006e-29 3.452039307710000160e-21 3.920247625340000169e-17 2.773246667750000124e-36 2.294730989759999863e-05 5.958107118209999831e-01 7.716406531579999469e-06
3.278358253769999997e-15 9.963398838349999227e-34 6.380891205060000374e-34 8.602972833800000415e-05 3.942585291710000162e-01 1.001566021870000003e-13 2.619980133009999768e-01 6.020769469270000306e-18 6.938566792120000599e-24 3.436574277989999926e-01
2.654859673180000046e-01 4.939708057579999789e-26 2.732382292089999831e-01 5.614951812779999532e-07 4.610662420480000079e-01 3.080970642809999829e-23 5.569356337620000074e-50 1.228070342000000072e-42 2.089999297849999917e-04 8.386680116180000862e-25
1.650467885329999966e-25 6.231348723309999528e-85 4.936859460809999807e-100 2.876888606619999950e-25 5.042438745449999704e-01 1.471268728899999883e-23 3.955706039230000156e-11 2.854088719609999920e-37 1.163886723030000073e-56 4.957561254160000042e-01
1.318285802940000032e-20 6.673314836399999904e-32 4.864725798110000055e-01 9.901407187979999424e-20 3.232786730410000021e-26 1.470710262450000045e-41 1.547459845349999908e-44 2.304029846270000059e-39 5.135274201889999945e-01 1.426224876770000064e-88
1.794693380419999936e-67 9.999993738460000170e-01 1.521878931100000018e-13 4.233321371660000239e-07 2.310776418189999987e-35 2.777299367129999878e-08 1.750486878309999875e-07 2.166277864540000055e-32 1.868880535420000092e-31 5.930016128269999917e-25
1.316311391159999902e-10 1.765768024370000026e-06 5.104432093970000528e-01 3.997016431460000202e-14 1.943698241389999991e-52 2.344825168260000051e-21 4.871561705870000036e-01 2.398833980159999994e-03 2.013549167009999922e-08 7.370723687119999647e-42
2.438619092390000064e-29 7.260178818300000004e-06 2.772142989470000145e-19 1.345983939239999982e-01 6.489492997049999703e-07 6.946191188579999842e-01 4.274792135269999976e-11 4.200261801420000015e-42 1.099108501420000029e-20 1.707745780469999974e-01
1.039566975319999923e-46 2.489681854040000017e-02 4.876779774519999777e-01 1.277971782509999954e-11 6.830032406920000456e-08 1.444212893820000058e-02 4.729824397929999757e-01 6.135726698399999813e-08 5.056059626839999655e-07 2.319855785800000084e-43
6.810044589299999451e-01 4.178462533329999888e-35 2.048856740070000048e-22 6.798769363319999426e-02 2.564590627570000248e-10 2.247080807010000125e-01 1.403883737219999943e-26 3.427146790929999935e-35 6.061617337660000320e-52 2.629976647960000080e-02
1.336365928179999996e-01 3.367009194219999982e-31 1.453289504850000026e-24 3.496318991930000064e-10 2.240500858599999938e-10 2.919513910370000187e-01 2.302813572330000003e-01 3.440505393289999825e-01 1.070771561269999973e-41 8.011901004740000151e-05
1.790116662349999990e-47 2.210659224389999872e-02 4.957356596790000181e-01 8.683130980669999715e-12 5.005861909360000381e-09 2.929727701640000032e-03 4.792275863029999972e-01 1.833180124709999938e-07 2.457404546550000246e-07 1.171087825780000022e-42
3.438354385419999937e-01 8.339025921610000239e-20 5.722095209139999790e-11 7.779445323160000061e-06 8.505345236620000249e-02 2.870926885299999911e-10 5.117705140649999596e-01 5.933281457399999792e-02 6.413395333219999969e-10 2.172256942279999974e-11
2.188036832010000041e-04 7.580601617979999540e-01 3.194014297810000159e-07 1.336106218830000010e-04 5.246023914929999608e-175 1.859581740039999935e-34 2.415871044959999880e-01 2.295812479239999827e-22 6.752438170780000140e-26 2.552583250469999987e-19
2.362824807660000026e-01 3.137524412380000182e-09 2.070897908690000067e-01 8.064185453870000020e-02 3.872476622770000265e-01 6.908287460179999943e-03 7.252725064739999701e-25 1.205004904369999991e-28 8.182990282900000356e-02 1.812182853990000149e-08
1.425719982539999930e-01 1.847030699510000154e-12 2.254118536040000120e-01 2.088293530280000059e-09 8.537484931620000877e-28 2.284690805929999933e-20 4.137616939679999994e-01 1.309982542530000100e-04 2.181234538290000025e-01 8.374741427370000006e-29
1.600441898400000105e-08 2.582959149959999944e-04 6.083236324330000278e-01 6.271507261480000221e-38 5.061801937720000215e-38 4.099855347039999927e-28 5.112749653609999571e-50 3.914180556469999961e-01 6.322113182549999986e-13 6.524402486060000340e-32
4.503848874070000008e-01 2.656816790840000135e-30 4.585866861909999753e-07 5.496146272159999624e-01 2.675884803589999869e-08 3.120060931759999851e-11 4.143454954659999985e-22 3.311795250439999974e-27 2.879215708250000118e-25 2.149203238970000074e-20
1.550122062160000092e-01 1.557486476590000079e-08 3.170446181970000277e-01 8.821649152459999983e-33 2.114243257470000051e-18 9.711815333359999578e-30 2.907016774479999756e-45 2.195162158010000031e-01 3.084269442109999759e-01 2.166448840180000035e-25
6.019561719170000158e-01 1.112383944920000060e-15 3.980432494700000268e-01 5.785869413989999677e-07 7.069786450389999419e-36 2.831015294059999967e-13 3.790334227510000119e-20 2.999817401089999862e-22 2.508708004120000048e-11 5.284142846930000251e-31
4.158369235139999787e-01 3.456729883819999868e-19 2.278826234919999921e-24 1.137734200999999979e-20 1.154167634290000102e-31 2.846327229250000257e-01 2.188340347650000031e-26 7.061626967779999807e-13 2.965588684770000127e-56 2.995303535600000178e-01
5.518407299480000416e-01 3.550845699799999866e-01 2.603716104389999959e-03 7.725041072780000108e-03 7.340809276689999395e-43 1.042756608170000024e-26 2.757341059639999929e-03 9.714761956399999878e-25 7.998860124999999932e-02 5.852740373389999759e-10
1.139278801429999964e-19 2.687439190069999856e-25 1.981385291739999945e-41 4.209939282900000072e-61 1.497602580320000116e-13 8.249990403899999426e-65 9.020581798539999275e-22 4.248041600540000129e-01 5.751958399450000092e-01 4.753408776599999684e-13
6.638385494550000245e-07 2.388787526280000034e-21 1.293959299009999897e-01 4.572049801160000260e-01 2.273166928260000191e-03 1.241572216179999926e-20 4.429201245310000374e-40 8.849730089679999680e-52 4.111252592169999942e-01 2.715222938189999900e-26
1.138510441920000085e-59 2.038171748840000106e-24 1.635754456960000016e-79 2.086221263869999970e-28 1.929127340139999834e-36 2.100190908520000039e-22 6.068466471760000092e-01 3.933609936499999747e-30 1.602683183269999936e-50 3.931533528239999908e-01
9.869234632789999862e-11 5.330843202400000068e-33 1.617835659710000026e-06 6.334637351899999880e-01 3.409007282409999817e-18 5.018414829530000435e-35 3.220325912299999885e-06 8.675550111879999660e-34 3.665314265490000056e-01 5.317883024009999502e-41
6.267821926080000039e-25 7.133834844230000360e-01 5.106661804839999804e-18 1.545913651340000052e-04 6.086507927589999786e-18 2.638296285530000114e-27 6.441724249299999715e-04 1.621716898629999978e-31 3.082094610839999915e-02 2.549968056790000159e-01
1.491510978460000077e-26 7.155985084160000342e-01 4.826980198990000357e-18 1.125876656540000039e-04 7.226143048749999465e-18 7.336606756449999715e-28 2.574088346250000118e-04 1.500975044460000052e-31 2.735662989619999999e-02 2.566748651870000009e-01
2.863373541020000130e-33 2.377791012820000069e-05 2.518213444769999944e-26 3.971830907499999989e-33 5.185821318699999803e-58 1.107793278259999939e-16 6.259350245839999660e-01 3.740411975060000116e-01 6.628638842120000367e-30 1.241413500340000044e-17
1.169894038079999918e-05 2.900494550459999932e-01 4.788485648809999960e-03 6.316467003759999519e-08 1.521729333290000041e-01 2.585991105620000230e-01 9.700959078700000454e-13 1.085565672749999967e-05 2.939939933019999896e-01 3.734043488469999841e-04
1.852159682639999971e-01 3.135784861040000204e-01 6.567841393410000367e-03 5.425257743629999816e-10 3.597758691080000237e-01 1.211573077980000043e-05 3.012300333850000243e-20 3.519767194650000187e-09 2.337718401870000055e-05 1.348263381520000137e-01
3.764658238710000298e-14 6.289254135360000051e-07 2.113535207629999879e-14 3.105793870370000119e-11 2.861775993890000036e-01 3.215358245230000023e-01 3.334523220800000153e-25 1.602243373719999875e-13 2.805062568200000080e-22 3.922859471310000123e-01
4.902993660619999723e-07 3.137335082969999908e-53 5.692944655590000380e-17 3.358987762980000278e-27 6.195788844370000437e-01 3.452717256639999907e-47 1.584553708130000016e-47 4.245716228860000049e-26 3.804206252640000008e-01 2.213655759559999851e-42
1.207559604780000022e-43 1.284371461680000020e-06 2.196010089210000135e-39 3.603313822039999919e-44 3.490176606790000001e-07 4.472213204039999779e-01 7.303505592039999528e-21 1.818747998439999847e-02 6.391668962319999678e-40 5.345895662230000234e-01
1.674504750960000075e-04 1.153808181380000012e-26 3.451683578170000044e-01 8.955625936749999928e-30 2.005063489080000094e-01 1.626239199290000062e-08 1.443876982080000029e-37 1.827959591430000086e-01 2.713618673950000115e-01 1.377651331159999983e-48
1.000000000000000000e+00 6.067094001360000513e-76 1.059661422269999942e-46 1.219575800459999892e-44 2.744910915290000200e-28 4.796556235630000169e-45 1.438063077910000025e-84 1.261670010769999888e-38 1.075602624959999944e-41 7.899671497300000169e-24
1.305189529999999940e-23 3.172173408649999748e-01 3.442396239159999788e-02 3.007316036700000139e-01 9.122329239200000168e-08 4.417194573550000347e-12 7.804130078640000632e-08 3.833577773120000108e-25 3.476269238049999877e-01 3.445687471790000187e-15
2.810593389930000101e-50 4.085590368500000100e-04 5.384892900099999628e-40 4.176617064579999947e-45 1.824541210830000085e-11 4.159639798549999989e-01 3.772317006850000121e-27 8.235557229059999726e-06 4.219626071079999817e-48 5.836192255319999633e-01
3.037066147159999902e-19 3.590017469079999961e-51 5.342350021370000016e-90 9.357857767159999172e-59 2.638445839400000193e-13 5.550197747099999645e-54 7.186812424629999412e-08 3.493401099719999903e-01 2.444732257950000027e-21 6.506598181599999586e-01
4.866411295689999729e-29 7.292971679770000130e-06 1.292680352029999935e-19 1.345967947810000065e-01 2.591491441990000210e-07 6.946199428860000413e-01 7.472844703720000387e-11 4.959832364980000158e-42 4.363087047840000181e-20 1.707757101369999919e-01
2.883031767389999826e-18 8.557006296459999777e-29 1.471334006989999984e-24 1.841989569019999995e-03 3.468506745189999657e-02 3.594503863619999962e-01 6.040224662169999537e-01 3.039542392549999897e-13 2.222072203500000096e-44 9.039970019210000418e-08
2.494874891829999937e-20 1.858367697900000030e-32 4.864725798110000055e-01 1.985207900770000084e-19 1.793568007159999985e-24 5.900100047150000319e-42 3.933936024719999637e-43 5.812190639449999889e-39 5.135274201889999945e-01 8.835108995069999999e-87
4.149325171220000141e-19 3.567511869749999892e-17 4.088913737739999776e-01 7.692545740209999961e-34 6.429560495650000289e-16 9.385787681689999827e-15 1.974689057970000117e-31 5.911086262260000224e-01 1.027023287150000016e-13 3.793796018150000010e-55
1.192675708190000048e-11 3.045803452379999989e-17 4.953384041789999914e-01 4.284921701259999938e-01 6.307574989339999686e-10 3.453534947950000106e-20 1.675421583119999891e-38 2.731029513490000139e-53 7.616942505330000224e-02 3.494754327579999881e-31
3.292784513300000049e-17 4.590354624020000088e-26 8.269381647900000060e-13 2.634134331590000030e-03 2.369216899769999991e-21 1.281394224529999959e-41 5.200739758250000344e-01 4.331193165330000329e-30 4.772918898419999945e-01 2.027314967989999974e-32
8.749457487149999957e-40 4.164254995259999981e-01 2.379464479050000160e-18 4.620896304500000377e-12 2.281823553739999977e-11 4.978336398129999951e-01 7.937109024709999374e-09 1.031570648159999941e-10 1.162789109280000004e-36 8.574085259390000491e-02
2.213694484680000146e-22 5.294499849549999526e-01 7.670324135479999641e-13 2.176468304469999972e-03 2.753739881979999972e-89 3.689082593579999732e-20 4.683735467399999797e-01 2.303683976539999922e-30 3.273204670549999949e-35 1.004984467219999933e-15
1.160844650939999992e-07 4.644190885110000000e-01 1.484042060839999893e-14 1.165492344860000057e-01 4.788182356039999912e-54 3.931057426419999847e-32 1.177346084310000041e-01 2.609526766549999784e-29 9.111500280770000642e-12 3.012969524779999797e-01
9.254448304649999401e-24 6.254046035689999651e-03 1.607764436060000012e-17 2.722050831040000173e-16 6.498702231590000600e-02 4.568456747749999641e-21 2.182373275089999898e-01 4.001912029629999812e-01 2.301771682110000106e-01 8.015323296540000086e-02
3.471476218539999992e-01 2.754890162069999878e-28 1.898671218379999887e-02 6.917280998590000403e-34 2.501182825309999913e-01 1.914141532430000052e-14 9.742485877010000835e-53 3.836569447800000088e-01 9.043865093080000141e-05 1.668939071879999945e-41
3.670036818009999864e-13 4.585702314349999753e-01 1.307741392289999971e-01 2.576324522169999853e-01 1.236015161209999963e-01 2.659185476320000130e-02 3.917732786450000247e-07 4.827862533110000339e-19 2.829414437050000071e-03 2.344116176319999842e-11
1.216957104040000003e-70 2.116719470750000009e-05 2.226278638739999814e-16 3.476372024179999831e-14 3.675140765259999751e-39 9.999788328049999953e-01 7.642463203240000165e-20 2.006691817839999955e-45 2.532332661120000231e-50 2.653074691169999844e-34
4.915466481510000207e-01 2.666574925480000130e-34 8.275323134530000580e-15 5.084533518489999793e-01 9.057303002229999638e-19 4.390967059299999812e-17 2.675812203349999924e-31 4.320031294329999735e-43 1.573617755869999954e-33 3.340117271889999921e-15
9.044276570960000164e-03 2.088650128500000003e-21 2.237863823479999911e-28 7.201187641069999448e-18 5.418365347010000337e-06 2.985582574299999921e-33 5.161659905680000549e-01 3.330631473199999748e-01 1.204153107859999919e-02 1.296796360970000062e-01
2.967609820849999976e-63 2.091801713210000024e-01 1.853250056790000082e-03 2.393618857539999978e-01 2.400075495889999862e-29 5.496046928669999776e-01 1.802015710200000089e-14 2.442025678549999966e-48 2.489912249659999860e-35 2.243744981639999905e-37
3.565599663179999834e-16 3.694158611469999798e-01 2.560330077769999990e-01 1.079672479119999997e-08 2.350574625839999886e-14 3.745511119900000185e-01 2.492765487640000060e-19 3.188560212829999765e-11 8.257705893189999809e-09 1.592773420660000093e-18
3.746375881410000247e-02 1.014978503010000033e-01 2.843349062730000099e-01 1.747848035309999975e-28 1.815665988230000154e-24 4.693257318639999927e-14 2.261308294639999917e-35 2.518164510859999816e-01 3.248870335269999909e-01 2.740581049809999911e-19
1.020064848930000080e-15 8.616510548589999810e-35 4.480308264350000294e-34 8.594825070150000339e-05 3.942585918789999755e-01 9.860458022109999054e-16 2.619980906320000247e-01 6.896226350149999766e-18 2.197679051639999855e-24 3.436573692389999768e-01
4.704412897469999831e-66 4.146095515759999721e-15 7.896149202399999332e-15 5.631311164529999559e-07 1.271938188339999942e-01 1.534359671890000058e-25 4.827703902689999826e-01 3.409507063110000145e-31 3.900352277649999921e-01 1.354034140649999931e-36
7.204405600449999796e-07 1.493785177340000019e-16 2.882301201079999991e-05 4.794788576620000326e-30 2.593940441559999954e-12 2.128014247550000025e-32 1.051848322989999908e-31 4.026569514100000191e-01 5.973135051350000335e-01 1.356654712930000072e-27
2.544777302449999883e-52 1.425319250790000016e-11 2.452656915220000001e-11 7.979917205010000516e-12 7.988556997320000331e-08 3.426565563390000130e-24 3.421830762020000027e-01 3.497009547589999847e-19 6.578168438660000339e-01 1.412033348049999937e-36
5.935213170429999757e-14 5.761088293600000361e-03 5.064206462749999850e-08 3.367346089109999885e-01 9.312599928980000357e-11 1.398771490869999961e-20 4.356438407970000306e-15 5.035259665180000138e-36 6.561942511499999631e-01 1.310000910080000042e-03
3.963971967399999895e-04 6.126810820220000430e-05 1.986181092140000056e-20 1.681553822190000006e-33 1.390016660910000068e-59 1.618672756609999851e-11 3.504597771949999792e-24 2.784813031630000157e-01 4.899441478950000199e-42 7.210610315159999839e-01
1.109337864180000022e-01 2.623513359210000071e-15 2.094061327640000126e-03 1.527625361980000096e-01 4.074278340630000122e-06 1.749989692449999921e-19 4.136920564470000228e-01 2.945854849719999891e-01 2.592800035869999992e-02 3.064219408559999923e-15
2.897556914049999816e-21 7.855644700339999227e-12 5.877389612929999670e-06 4.282624127410000247e-15 3.278039004450000182e-01 5.277868123580000195e-03 1.110964546369999925e-15 6.669123540319999988e-01 1.778691929110000019e-12 1.112643181690000011e-19
8.938086464759999921e-11 5.525901803510000487e-01 7.493289420119999694e-11 5.051185519979999577e-16 7.156234724540000078e-03 1.035513941570000021e-10 7.112932677110000210e-13 4.760503048280000093e-02 6.603592773810000151e-07 3.926478938140000041e-01
3.692185936030000226e-01 4.669990588519999930e-01 6.282561954160000017e-02 2.473766313560000057e-24 1.625429640599999896e-23 1.009406559249999974e-01 6.856750964110000238e-35 1.607206958169999853e-05 8.656008320929999394e-12 1.284929579320000078e-14
6.050312667570000302e-01 1.354055123810000066e-56 2.986390321180000019e-30 3.940869432649999893e-01 8.817897711490000267e-04 2.366691562170000057e-33 3.967341874909999996e-29 5.737072980500000241e-63 6.269936211469999534e-23 2.066135739339999887e-10
6.050345255460000127e-01 3.208103651339999844e-55 7.478027673639999463e-30 3.940915338379999966e-01 8.739362886690000155e-04 5.205827476709999741e-34 4.282634210859999584e-28 3.605981738489999719e-61 2.291215888929999857e-22 4.327342363039999839e-09
4.500624490039999842e-02 3.537775833330000230e-01 2.240188052859999813e-09 4.588922884890000303e-02 9.311552681789999832e-32 4.504711802520000064e-24 4.135156416799999901e-01 3.311178179710000092e-17 4.592737217839999719e-02 9.588392681959999331e-02
3.855432668799999831e-34 6.618898440729999964e-11 7.897666493220000547e-40 9.376325800860000107e-63 3.176385063530000186e-28 1.787986989780000041e-46 6.021715610380000112e-13 4.248041599929999745e-01 5.751958399400000088e-01 1.248356931350000047e-16
1.848335324319999898e-23 7.189593945940000452e-01 4.795417271069999818e-17 1.267957568910000113e-04 6.729080674120000275e-17 1.113848140490000026e-25 7.054932675400000174e-05 1.105947862270000034e-31 2.225655676190000168e-02 2.585867035609999975e-01
3.871165358599999995e-01 2.209281074449999781e-19 7.818135176730000788e-03 1.233516387709999953e-27 1.786014871759999956e-01 4.264616829169999845e-01 6.603551293219999461e-58 2.158871120080000192e-06 2.894967003990000231e-19 6.514110077140000034e-25
2.711753695840000145e-01 9.916735515209999310e-22 3.906078434429999802e-01 3.609066862550000260e-07 3.769924443590000002e-19 7.942522631649999833e-10 1.405099772560000071e-01 1.976202818339999889e-01 8.616618123579999628e-05 1.063431335669999946e-35
2.973991980020000056e-33 7.410809670429999718e-01 2.537035345179999995e-13 4.137124979600000082e-75 5.334861721639999940e-92 2.178478944730000072e-16 6.336115491409999950e-55 2.589190329569999727e-01 1.743764513310000065e-37 2.915787939469999837e-47
4.477098645020000101e-01 7.212105547180000372e-19 1.407074000460000053e-05 1.334086708480000052e-20 1.217742558099999955e-01 4.305018089479999976e-01 1.787039876499999897e-58 2.984373364180000193e-16 1.905067911550000087e-20 7.108304118830000410e-17
4.343475577280000111e-06 9.452260376249999603e-28 1.799455577119999927e-01 9.309960509549999754e-35 1.291733475730000039e-07 2.058421204859999970e-24 1.057139237839999981e-52 7.896961914740000532e-01 3.035377816449999835e-02 8.757499530429999202e-53
4.774546723190000175e-01 3.065592560020000135e-02 1.738277137249999993e-01 4.877274060610000149e-10 2.342560376139999905e-38 7.793549632160000488e-35 4.469865168320000275e-05 1.271059426699999995e-01 1.909110465440000126e-01 2.128816675630000131e-12
1.067977513369999989e-23 7.407344874350000330e-01 1.461725181060000058e-08 7.747329002419999953e-40 2.061218522640000004e-46 2.239636511530000079e-40 7.448012150989999953e-28 8.739217754580000457e-10 2.592654970739999842e-01 1.553784607170000138e-33
1.562081989529999917e-37 8.122478083229999564e-38 1.255786902239999921e-36 4.763005464269999822e-01 3.999153190629999829e-15 7.117956684649999825e-57 5.236912251519999506e-01 1.572258711280000101e-63 8.228421025989999613e-06 4.321442937519999791e-22
1.874306670339999925e-01 5.787601837720000031e-01 8.881887235840000683e-09 2.577757697150000009e-11 7.147044109530000339e-60 1.490786166920000073e-41 1.502274978510000081e-01 8.847179266510000610e-12 8.358164240620000185e-02 1.999419044520000087e-11
1.541691430660000114e-07 3.301420201320000041e-32 8.240077300039999754e-19 4.365974341610000137e-08 4.721748825600000088e-01 5.278191535859999561e-01 6.344295029010000256e-51 1.261620627100000009e-43 8.947641471139999862e-41 5.766024549950000333e-06
2.124986246810000035e-01 6.180589676859999854e-37 2.404479054020000215e-31 4.397287316110000143e-14 1.961413325199999891e-01 3.766750822980000080e-02 9.964744858320000176e-02 3.184878122479999907e-01 1.259809748940000070e-31 1.355572737369999947e-01
1.357545936539999998e-03 4.316394143370000212e-30 1.710271295639999931e-22 2.955550684870000278e-01 1.377900275049999946e-07 1.928192907870000107e-07 1.714760406790000002e-22 1.627743811350000098e-33 1.988477807219999884e-36 7.030870549669999692e-01
8.714602354649999894e-20 6.052158125320000301e-15 4.454133299419999932e-37 1.044324948950000024e-31 2.500791734889999887e-27 6.226715481200000203e-30 6.257981899900000311e-01 3.742010270030000085e-01 9.455073835150000855e-10 7.820617576709999899e-07
7.002295939300000154e-03 2.009311823959999924e-08 7.179304377339999765e-02 2.709161351650000160e-01 2.989381549630000060e-21 9.806423288810000372e-17 4.403719600570000225e-01 2.987071877689999819e-12 2.099165449700000075e-01 2.230343739660000246e-16
4.034259854930000166e-01 2.553093432610000180e-12 6.983339882470000265e-12 2.862663890740000008e-37 7.710064614400000337e-16 1.699796672160000014e-40 1.676356850729999977e-49 1.854507005540000010e-07 5.965738289199999933e-01 1.266417632899999891e-10
5.612343076360000268e-46 2.333992705559999968e-23 4.089907904329999913e-64 6.463269337639999725e-34 7.752864010939999904e-19 1.491309109069999901e-03 5.184452100619999504e-01 2.050902023399999996e-01 3.369290987410000203e-72 2.749732784889999948e-01
4.063760058900000021e-71 8.206336193289999470e-02 4.995464833969999687e-25 3.775175667189999942e-36 1.188200868320000067e-23 6.763301149379999962e-10 3.769088687819999728e-01 5.410277686090000371e-01 2.991387986020000194e-20 9.157977401690000411e-25
1.046367857129999899e-12 6.750943247030000005e-10 4.765907646109999672e-15 2.318299342929999979e-22 5.164032024250000408e-01 6.464104032670000042e-17 3.112940183960000093e-06 2.283907255419999893e-01 2.551972183840000019e-01 5.740033064979999940e-06
3.860635220070000040e-01 2.500438097890000121e-63 2.074236750099999941e-18 2.482111841950000123e-03 2.974465116170000024e-23 4.770444941849999918e-71 1.225863628679999937e-15 1.735559000670000078e-56 6.114543661510000172e-01 2.245397391030000041e-46
3.331075260379999861e-03 4.077493912860000180e-01 4.830438057920000129e-10 6.099253895409999872e-05 1.088123563419999989e-38 7.380242135820000213e-25 5.509070404689999934e-05 1.313929354000000039e-13 3.316572934569999943e-16 5.888034497270000500e-01
