6.668769472600000100e-83 6.974685555770000489e-01 8.042652891840000266e-81 2.216252145069999987e-18 1.203120601449999937e-32 9.579810197870000382e-37 3.025312645509999898e-01 9.569779141910000479e-29 7.927694983769999906e-38 1.798724582449999965e-07
1.877419081280000103e-26 1.372197015630000133e-57 9.999999999980000442e-01 1.206423584060000050e-57 1.817831296980000018e-12 9.030063333309999695e-38 5.428110009420000050e-62 6.214202762719999646e-13 1.408664968710000055e-30 2.771171019169999823e-57
5.838736910029999422e-20 3.366271817159999898e-08 4.439026411270000083e-01 2.184008288139999849e-24 1.031953474809999965e-01 2.977775840419999986e-01 2.702384871940000044e-20 1.551243936879999896e-01 4.890870754859999580e-28 2.167906048870000200e-22
1.774599130499999882e-18 3.707453842720000233e-22 2.664271894509999794e-16 4.977842478850000320e-37 1.611801230659999917e-01 3.995817931030000089e-03 3.474052560820000135e-01 1.563617214249999887e-01 3.310570814959999941e-01 1.527657013670000092e-36
3.588650398600000124e-01 9.920764859640000127e-03 2.286317612940000077e-01 5.352759358809999637e-23 3.440998009459999700e-24 1.646410602309999974e-26 4.433773033049999718e-45 3.796369586819999808e-01 1.195042783960000083e-30 2.294547530379999895e-02
4.251100308710000118e-09 1.820442265449999928e-27 1.202040377179999981e-13 2.299792781209999906e-53 3.172182480719999975e-01 3.223295953190000174e-01 6.819744216660000020e-06 3.602806068619999746e-01 1.647257514909999953e-04 6.488680881270000221e-56
2.129589081579999871e-32 1.003957067830000016e-27 8.419160287130000530e-60 5.324867420969999765e-01 3.217287103249999754e-11 9.022674765820000346e-35 4.675132578699999764e-01 6.813281906389999581e-69 5.548737381380000284e-14 8.049783696980000132e-41
6.609409286999999855e-01 2.141546877220000162e-15 4.287905504620000326e-09 6.122806502209999944e-10 3.194356285700000186e-01 1.962343783019999954e-02 1.306924513710000027e-17 1.320656169550000115e-26 4.796439936450000247e-24 9.576403107130000030e-39
3.215527219000000048e-01 3.514979836749999864e-02 7.353419348800000093e-46 1.792704168599999924e-75 9.436766828180000304e-60 3.567172858480000191e-22 9.625060103010000113e-18 6.432974797320000215e-01 2.179058396380000152e-18 7.811420559349999567e-14
3.408271267519999790e-19 3.048957598820000170e-01 3.661446197410000071e-26 2.279313368010000211e-06 6.951019608049999743e-01 6.220688975859999713e-40 6.186752364850000128e-53 1.963954444650000119e-48 2.862625754839999962e-77 3.369054222280000186e-45
5.769237216970000137e-01 3.886542034800000088e-28 1.587947457709999882e-20 7.193090161659999481e-15 3.653626547850000352e-21 1.638886028619999923e-52 9.618155662369999223e-25 6.342488853649999920e-21 4.230762783029999863e-01 1.710054143599999998e-18
5.221235399050000447e-01 4.778757138999999987e-01 1.107902176619999976e-25 3.125141131660000077e-31 1.762990486419999935e-10 7.458501400310000327e-07 7.651703059969999928e-16 1.684102916089999999e-10 1.824042738529999815e-21 1.394101423719999925e-33
3.323542999340000081e-01 1.946182831839999963e-13 6.676457000659999919e-01 1.978127963970000074e-16 2.271937570080000000e-15 9.516977732620000012e-46 2.543598859859999986e-62 4.830366205990000251e-15 4.996609510119999925e-35 1.075957593700000097e-15
6.632228454060000330e-24 3.169151787120000021e-31 5.051894001079999530e-01 1.347190553590000029e-19 2.204180343789999970e-21 1.283639938480000040e-24 1.498096590969999948e-12 1.389631017840000093e-01 4.737891117189999696e-02 3.084685869339999775e-01
6.208639885290000437e-01 3.882827056399999841e-04 2.415622813939999869e-23 1.095015787549999939e-15 1.614124530910000063e-22 3.787477287659999914e-01 7.896977379879999966e-29 9.482499560459999580e-28 8.741358823379999702e-43 3.042921698910000206e-25
7.097961572590000206e-63 2.949532964709999927e-01 1.133567029080000006e-33 7.984549055890000696e-58 2.227100324180000069e-05 8.214702131940000082e-10 1.627415841099999904e-09 7.050244300769999972e-01 2.449830436039999867e-42 3.043046985379999782e-42
4.794172614060000188e-09 1.620797733309999955e-03 1.222316915440000048e-31 4.303894347580000113e-01 1.620405505670000094e-14 4.687907375070000104e-01 9.919902520779999566e-02 7.669208004690000351e-34 4.621471205319999595e-22 1.481630714160000050e-15
1.279546481989999977e-02 4.972007761519999791e-01 4.900037515919999920e-01 7.093614487149999881e-09 8.120710405369999857e-12 1.992718044810000132e-14 1.598894318080000005e-34 7.546974834250000575e-12 7.474579566760000401e-35 3.265329306649999956e-10
4.730920132299999969e-01 1.452986341180000085e-02 1.903692196060000064e-01 2.440926873649999887e-28 2.143022046820000042e-37 1.018656583139999977e-28 2.488218313129999815e-69 6.387591012979999816e-02 4.253301273199999820e-45 2.581329936219999843e-01
4.362430198339999948e-11 1.183517708759999894e-59 6.779217550209999665e-02 3.265445826660000050e-01 7.251188408630000029e-36 2.662785073310000073e-83 5.065599349700000071e-42 4.407055484350000273e-32 2.402925617539999892e-01 3.653706800350000061e-01
2.860667690439999881e-36 4.920223326009999775e-05 2.577713451760000006e-11 2.445318514290000102e-21 5.048646230609999952e-01 4.950861746770000016e-01 2.949806761649999969e-21 2.371863331379999892e-12 3.375444153209999857e-48 1.049127671260000043e-27
3.315234754049999965e-37 9.497438396589999484e-21 1.564839150000000087e-09 2.576168703129999918e-02 1.455820944879999944e-16 3.380888094530000009e-03 3.208619324520000093e-01 3.603516732389999841e-14 9.603895725660000563e-09 6.499954812529999959e-01
5.178588334629999901e-01 4.142145463459999847e-06 3.140835687740000021e-13 4.632711119869999811e-02 2.521765378800000076e-18 1.051175441869999991e-02 4.042885671770000133e-01 1.149935959230000081e-12 9.348439509150000427e-06 2.100024315690000171e-02
1.253567944819999891e-01 4.389803584749999987e-01 1.798135967100000093e-03 2.194405532919999902e-01 2.348514445700000132e-06 3.270663373949999965e-31 5.807579543880000348e-22 1.886382517679999909e-07 1.121349409279999948e-08 2.144216094189999866e-01
1.269933073879999930e-01 4.389569500220000253e-01 4.239308530379999802e-04 2.193183677049999891e-01 1.046345722969999991e-06 9.875808140320000385e-33 1.145023224519999931e-22 6.641543994709999734e-08 1.041834208479999963e-08 2.143063208529999986e-01
1.021360051629999998e-24 7.060923603689999460e-29 8.134996926880000605e-18 4.611750493649999797e-27 2.130824171269999900e-01 7.869175828729999544e-01 8.532940979159999698e-20 2.161404238300000091e-32 7.870002505819999711e-32 1.115467123489999959e-70
3.703027988759999833e-01 1.091200387760000064e-35 4.942731260129999693e-03 1.602042939769999962e-30 1.217308598460000071e-33 2.019774216080000018e-01 2.848826205050000055e-15 7.007071931069999704e-02 3.527063229390000054e-01 6.006233946440000208e-09
6.951363092319999937e-16 1.553520770249999993e-39 4.700697398179999903e-24 3.232349779979999949e-29 7.848409471159999772e-42 4.254083668959999751e-21 1.372883855480000075e-07 4.856279070239999732e-09 9.999992634850000117e-01 5.943707480379999707e-07
1.407948721039999939e-13 3.431709923649999828e-30 6.978453389890000302e-01 7.670440298930000429e-13 3.021546610099999919e-01 4.116467109540000040e-14 1.214278861549999990e-64 2.730938177760000179e-41 3.073068305380000217e-57 3.618612829139999770e-55
1.064421892970000060e-23 1.090031540039999957e-32 6.309767112680000345e-01 4.033054405089999795e-24 3.690232887320000210e-01 3.157233514999999988e-16 2.450126530779999888e-43 1.438794362880000106e-22 2.736674201609999987e-39 9.516048815569999449e-53
3.163717435050000248e-01 6.378760995569999759e-01 3.963734798319999697e-02 1.514577096920000009e-16 6.114794181589999766e-03 1.337375730249999939e-27 2.263362664370000123e-49 1.477300675329999967e-08 1.758815434349999869e-32 1.423666895659999956e-18
7.538846896680000339e-20 2.849130532979999869e-08 1.624437304530000039e-67 4.999999870560000170e-01 2.239911902799999980e-31 4.336683569990000271e-21 4.999999844510000235e-01 3.167240165519999917e-53 5.532116039249999812e-17 8.781942490979999790e-13
1.060064454280000032e-27 2.032958411460000114e-59 7.183953733719999901e-01 8.368642832430000116e-11 5.375371572309999824e-16 3.224552402660000303e-45 3.714107904720000016e-23 7.414075611320000441e-19 2.816046265380000024e-01 6.823723687190000370e-12
2.709599659729999953e-35 1.823134672710000070e-01 8.829736822960000488e-20 1.241815442510000034e-01 4.754243099250000104e-01 3.102559799860000038e-08 2.180806094699999920e-01 7.170514686959999644e-15 5.615980371620000032e-18 3.805681188009999902e-08
5.538659139780000103e-08 2.713557501009999928e-01 1.923193749200000093e-33 1.358624127059999964e-01 1.486580670010000105e-01 8.367221328159999849e-07 4.441228780829999945e-01 1.120356728460000000e-32 4.504354818740000238e-16 5.986131665960000446e-28
1.952926104359999915e-01 1.650843278819999829e-02 3.814214406490000209e-01 1.936732076010000136e-01 2.131043085260000136e-01 7.346729296369999762e-22 2.416538869639999777e-50 6.661939520169999735e-29 1.712344077580000001e-50 3.446859461669999884e-20
5.781570724300000377e-07 5.622925778630000204e-01 3.299048778180000210e-03 3.288621090239999822e-01 1.044732619779999983e-01 1.072424199800000102e-03 1.392035781959999919e-36 8.622456409509999599e-28 2.594119341049999988e-57 2.656133004129999944e-22
4.341173822549999875e-16 5.623695501160000170e-04 6.527721963850000031e-02 2.318661334499999797e-06 4.065486496699999841e-01 5.276094424799999683e-01 2.014459890989999879e-41 3.570359339299999834e-20 7.022266605460000196e-57 2.745268583709999738e-23
7.839086346979999842e-01 1.433129018330000054e-84 4.131698033570000307e-15 5.630882664060000292e-02 5.836585257579999577e-59 4.407708159489999771e-53 6.660648156540000173e-41 3.189977104180000157e-59 1.597825386600000008e-01 1.473869889560000010e-12
1.463347080890000050e-27 4.782645694940000267e-05 1.502151175170000083e-18 3.145549112509999912e-01 6.322803823800000433e-05 1.288746476640000028e-48 2.968369236560000068e-01 9.482837975940000347e-12 2.204527543339999951e-02 3.664518351550000164e-01
2.146075304449999999e-01 1.542879554740000103e-01 3.907170130030000396e-03 3.337607738969999849e-01 1.607249888560000048e-21 1.076372206569999932e-17 1.279737003600000028e-38 1.185906352669999972e-19 1.649163313030000080e-33 2.934365700550000122e-01
5.123371019669999701e-08 2.458822225459999998e-23 7.189801876119999990e-01 4.022868291900000127e-48 1.214439269020000079e-33 8.034114569729999509e-17 1.762245696650000062e-55 2.810197611540000140e-01 2.767412645690000058e-33 5.444204401500000266e-17
1.155675913980000067e-23 1.877647071540000198e-09 5.519880817060000000e-01 2.524463437780000152e-02 1.146039736799999917e-02 3.721707837159999839e-04 3.534797254609999828e-01 3.560001550810000179e-03 3.348868421320000087e-08 5.389495338599999824e-02
1.358388258549999953e-09 9.715488233580000000e-21 8.482415194679999650e-40 3.127680884619999993e-16 2.363990050330000157e-49 4.807552102349999875e-56 3.279087848550000190e-10 3.709065427600000008e-22 6.411536977849999763e-01 3.588463005279999840e-01
2.420886581629999867e-01 2.361913449680000041e-03 2.507990735499999956e-25 3.950103514930000041e-24 1.528803677680000072e-27 3.903730180529999993e-28 8.048350773530000646e-05 2.085493563509999981e-01 4.161758225789999877e-01 1.307437659490000015e-01
3.201269350490000276e-01 4.674291474820000094e-43 2.837882384560000068e-02 8.564681388960000644e-36 1.901851369510000063e-06 7.924958035229999911e-22 5.127803414949999626e-31 1.865695016719999932e-08 6.514923205970000186e-01 2.272280637800000092e-44
6.494367479139999379e-27 7.609510341890000254e-22 3.458204126059999955e-17 1.014049121829999971e-22 1.000000000000000000e+00 6.828327512200000552e-24 3.451465975539999767e-63 9.664958665059999844e-44 5.795942060709999974e-70 1.512726401849999956e-73
4.877121565299999961e-01 1.591124476609999949e-01 3.160954644670000065e-24 6.033789826449999921e-03 1.169265413810000054e-14 7.398031338819999561e-14 3.387298791730000147e-01 8.816501440760000550e-15 7.702905447699999811e-03 7.088213630099999846e-04
2.146588729820000097e-01 1.542887744760000068e-01 3.849480289520000164e-03 3.337637148950000077e-01 7.449590297340000295e-18 2.516265663429999870e-13 4.680213222400000085e-35 6.871144553149999971e-17 4.626134482889999938e-31 2.934391573560000133e-01
2.728203601590000194e-01 1.531634477950000071e-06 9.268615884950000320e-18 9.249212540739999711e-02 2.050345215920000019e-01 4.498363146199999921e-20 5.739409117899999663e-02 3.324188092469999751e-17 3.722573700280000231e-01 1.621325883699999936e-16
2.841872711500000096e-74 1.000000000000000000e+00 4.313249725049999873e-70 1.205260814509999979e-61 4.401839838740000060e-26 9.409722382710000351e-29 2.737510338119999862e-26 3.698647514130000029e-23 1.948620150459999844e-86 4.542916027670000310e-46
6.710544566590000089e-82 1.789387665549999838e-15 7.361767579049999918e-31 1.986026474709999907e-31 3.541275565800000114e-23 3.195156244429999977e-41 5.756041407059999671e-01 2.512691425660000255e-01 1.846085454400000097e-09 1.731267148819999879e-01
4.233802797410000159e-07 1.930211903310000074e-07 1.596820820550000129e-07 4.712442684349999783e-34 1.149112013690000022e-41 2.130447811680000089e-26 3.120669922919999857e-41 2.938994187189999940e-01 4.997788057269999844e-28 7.060998051969999967e-01
3.062611652750000246e-01 6.406914472250000436e-01 5.304702488649999659e-02 1.595906942230000070e-17 3.504130609740000181e-07 8.719479204769999506e-32 1.023407022250000068e-52 1.220010240519999939e-08 2.609566007559999875e-32 2.448802513910000089e-18
1.219516037339999933e-17 2.074945552549999810e-25 5.465782319849999960e-01 3.918178961129999986e-14 1.646050226170000033e-02 8.446440066280000230e-48 5.898419227289999682e-24 1.530313661159999955e-03 4.354309520920000010e-01 2.885312128899999842e-14
3.787247425120000305e-30 3.739841373669999802e-01 3.224517214530000127e-19 6.569955112730000386e-29 6.257522567379999456e-01 2.636058799280000193e-04 1.591415369850000028e-23 1.492109029920000120e-11 2.111067109459999927e-47 9.798258152449999714e-38
4.823299995369999954e-02 8.923262516969999897e-08 2.805012596890000057e-03 7.686635508739999567e-01 1.802983473420000093e-01 3.855312481750000229e-16 6.399454970429999542e-82 3.168934374099999861e-52 2.008529056769999977e-88 4.588948691699999925e-45
9.777387036809999377e-02 7.152224637389999770e-05 6.390166336639999816e-34 6.398481909110000028e-08 5.803181567119999934e-46 4.413138121969999994e-01 1.297704232599999918e-05 1.627296219520000114e-25 2.328349002350000210e-16 4.608277541620000028e-01
4.212552613619999775e-01 3.256856615680000196e-47 2.364674415730000090e-01 3.176128643219999770e-01 3.046865022349999937e-47 6.984056438440000135e-78 2.082101554249999944e-83 1.258986824839999987e-42 1.068474508829999964e-21 2.466443274189999979e-02
4.517765434810000034e-32 3.178824087340000082e-11 3.986821742410000292e-12 3.580614401719999940e-46 4.875135951660000133e-01 8.762210671280000156e-17 1.995238325779999902e-22 5.124864047980000059e-01 6.418468785799999612e-28 3.699108671840000275e-39
1.183324938019999967e-16 7.001400188889999681e-34 1.657317926969999921e-25 1.999977154469999993e-07 9.977537959480000226e-47 2.650749613939999971e-01 2.999934662559999854e-01 6.059546290890000487e-29 1.034012410989999971e-02 4.245912482420000078e-01
5.283078854480000031e-01 2.753507075949999882e-06 6.199199905900000240e-12 4.681030754599999760e-02 1.484299275179999976e-16 7.070663663600000072e-03 4.161123701550000220e-01 4.832840151319999836e-14 8.318403719720000338e-06 1.687701270720000021e-03
1.656777274639999881e-02 1.164296297959999983e-03 7.637458752520000227e-02 3.002163432109999768e-07 4.080431642749999756e-07 2.154083745739999817e-49 1.068531849920000060e-20 3.468633782350000194e-01 2.097900062190000137e-01 3.492392507159999826e-01
2.971545873040000174e-01 1.285155470220000068e-02 6.025807807579999613e-03 2.861735530359999907e-08 7.320862792090000142e-09 8.512110610980000246e-48 9.506742417419999548e-27 2.762621740819999894e-01 9.377960904490000331e-04 4.067680440759999794e-01
5.888611040649999950e-15 3.472565689000000370e-77 1.000000000000000000e+00 5.148501509330000144e-51 3.064730079540000101e-27 9.006961022469999576e-48 9.358795358609999714e-150 3.640193157639999849e-34 8.105842685259999647e-51 1.944660407410000084e-67
3.946370135349999745e-23 3.390905411860000241e-10 5.495279416730000088e-01 6.625970473520000244e-03 2.203078357250000049e-02 1.571700241290000010e-03 3.528482017039999974e-01 1.546314597710000033e-05 9.067752396689999743e-08 6.737984817349999822e-02
4.269671849089999860e-01 5.686280103350000383e-06 9.081455748530000103e-22 1.898828868119999957e-01 1.263649920790000103e-01 1.647119928299999899e-20 2.541865635590000172e-02 1.280309676070000043e-18 2.313605935639999889e-01 2.720251245450000131e-18
3.527577642210000239e-17 1.597754683959999954e-09 3.766207022279999816e-01 2.133308941150000027e-01 2.028311609610000048e-05 2.206180408619999866e-01 9.700958215159999969e-07 1.723292819689999951e-07 2.348881446929999917e-10 1.894089354219999910e-01
3.687330323910000099e-47 1.033444596029999997e-25 1.744111495590000085e-43 6.987103177299999881e-26 9.027154418250000674e-31 5.922903814779999498e-01 4.077096185219999946e-01 3.398481631879999783e-31 1.011693582909999981e-25 6.975694927349999761e-26
3.547956371340000048e-21 8.349767917539999397e-08 3.068788379290000151e-14 6.828594167149999450e-01 3.171404997869999853e-01 2.679115375380000100e-19 1.757180150680000075e-35 4.874422597770000066e-42 3.869697439769999965e-55 5.405336345329999592e-31
1.785224875150000106e-50 2.189743218190000063e-01 1.144788074809999951e-178 2.480551959189999912e-12 8.481449089899999531e-75 4.268637669970000084e-43 7.789796021579999952e-01 4.902727559889999843e-64 8.317424038630000421e-37 2.046076020900000018e-03
2.929488272879999800e-01 1.082656836399999944e-29 1.314773701189999866e-01 5.755738025929999502e-01 2.106069099959999864e-23 3.497255970869999959e-45 5.228148668450000362e-84 6.953041353020000144e-51 7.011342794069999875e-45 1.178112126220000032e-19
5.728998662850000129e-09 2.258158005620000115e-23 4.157691713419999768e-01 5.281744742220000078e-49 1.917674260039999880e-11 2.110216152399999857e-30 1.244495907820000004e-55 5.842308229099999473e-01 2.671975301209999879e-24 4.949165071869999655e-35
5.769237216970000137e-01 3.097679485430000162e-29 6.315871358110000324e-20 7.420421055659999485e-15 7.555784628850000043e-21 1.248557313279999953e-51 1.170965155370000018e-24 4.131209059589999709e-20 4.230762783029999863e-01 3.855815810730000286e-18
1.044357994259999925e-40 1.000000000000000000e+00 4.780432821149999841e-55 1.308747827669999997e-41 1.064148794900000060e-31 5.701897168469999816e-27 5.753766232129999669e-49 7.487791679260000126e-34 6.568523776690000278e-104 1.235472992360000017e-38
2.605345367790000144e-01 5.384720995160000370e-03 1.655717790310000078e-03 3.624533545170000037e-01 3.313731614529999980e-01 3.791844772219999838e-45 3.899505847289999966e-22 1.796894040819999979e-05 6.157437998239999755e-04 3.796479572500000010e-02
2.599877811410000183e-01 1.471994958270000098e-01 2.332505399260000154e-21 5.702255106930000485e-38 5.880410121879999724e-37 5.150598999140000300e-01 2.216941391060000004e-12 7.775233593619999828e-02 4.610781254920000242e-20 4.871790109870000142e-07
7.600608206700000535e-02 4.545481178060000425e-03 4.170397491099999873e-44 2.505806483890000079e-47 7.482920253599999727e-59 2.747279331850000107e-23 6.177130455170000076e-03 3.690018424379999940e-01 2.354487494630000122e-01 3.088207143989999959e-01
2.976683893379999946e-01 4.794551719650000160e-04 6.091101697700000012e-03 3.911228386329999727e-08 5.980532264190000222e-09 1.828792911539999866e-48 3.183827590519999779e-26 2.867735000450000182e-01 1.294065539329999990e-03 4.076934431149999982e-01
3.252547112690000090e-09 2.988962452880000039e-21 3.046611437020000117e-42 3.315269601550000156e-16 3.624802317660000011e-47 4.060497356789999803e-53 1.179591507880000076e-08 3.360585279659999767e-22 6.410764772289999636e-01 3.589235077219999903e-01
5.475319021940000530e-01 5.938924619420000505e-48 9.916837727110000555e-02 2.114520535500000040e-64 1.930688060380000015e-01 2.161461895720000079e-17 1.069746054960000035e-30 1.285195617050000072e-01 3.171135279230000159e-02 2.040522778819999908e-73
3.666767139909999751e-14 3.867543995969999759e-01 1.001135142159999987e-18 6.132456004020000462e-01 1.112854092670000107e-19 1.044711274029999947e-13 1.380668072189999965e-37 1.576305408159999937e-38 2.166439869479999973e-60 8.816469537909999896e-13
3.384013977879999913e-01 1.063077260129999992e-40 3.122534001599999860e-28 7.911710115770000107e-03 5.104923068820000485e-44 4.600276554040000459e-78 5.361955787149999876e-32 1.424812862220000017e-45 6.536864949280000170e-01 3.971685118759999925e-07
2.976388018729999914e-27 9.365540482349999989e-59 9.999999999980000442e-01 7.383002861510000091e-57 1.835267221340000164e-12 2.003923933780000138e-37 5.888252810960000430e-62 7.678483318999999801e-14 5.913108589649999983e-30 2.145151484780000149e-58
4.422546494049999777e-01 2.639263160620000041e-16 6.974430970910000369e-13 5.301162818679999595e-22 1.904086212529999934e-33 4.858509771119999614e-13 1.807157696259999884e-07 7.569127378139999928e-04 1.737297902970000030e-01 3.832584668430000230e-01
3.419266405230000046e-29 1.116353173490000037e-59 7.183953733719999901e-01 1.193255256699999964e-10 4.030659408989999899e-16 4.904224795719999687e-44 1.185561010849999980e-22 9.972745329219999745e-19 2.816046265000000104e-01 9.181364731190000398e-12
6.257335987350000073e-01 1.496210526800000008e-34 5.382594990339999576e-22 5.989919860530000183e-17 6.858809002970000004e-68 3.473734784800000114e-28 1.661149098120000028e-25 2.178206554070000060e-27 4.222970027500000015e-06 3.742621782950000253e-01
1.073548289639999988e-04 4.297792073450000250e-01 6.214040671320000522e-36 3.728962995909999945e-18 2.834735717410000189e-01 2.865819795310000084e-01 5.788655380450000144e-05 2.641240389699999868e-27 7.550195348750000159e-24 2.602102257800000145e-49
4.125372654159999986e-01 1.936150099899999928e-04 1.209397612940000084e-21 1.988156283749999975e-01 1.354510084190000130e-01 8.612186595899999804e-18 4.795731540060000318e-03 9.138726386819999620e-19 2.482067512399999953e-01 4.355601327539999654e-19
4.697176884210000211e-54 2.533219592939999813e-34 2.070884049479999878e-13 1.028873903510000021e-01 3.235106177950000106e-01 1.764097698930000064e-50 4.880435876660000125e-05 2.886604552870000144e-19 5.735531874949999498e-01 6.663423137549999886e-13
2.137768130719999993e-01 1.542701701799999991e-01 4.768486490179999621e-03 3.337573303549999926e-01 2.158962317159999965e-18 6.516999718139999977e-13 4.179412612559999874e-35 4.248150752090000245e-17 5.495994128569999477e-32 2.934271999020000021e-01
3.261758659659999958e-29 6.888672609479999870e-05 9.412448154329999769e-46 6.272187008689999760e-27 4.794831204600000125e-18 4.912411115249999960e-01 5.086900017490000314e-01 1.972142993299999905e-16 9.980151686720000602e-21 4.441835099990000093e-23
4.207042341839999922e-01 2.433057169679999886e-11 2.338159851099999965e-25 1.982155518619999890e-01 1.054657566350000013e-32 2.025846825850000088e-01 9.801875953149999723e-04 1.479346930969999911e-25 4.776358477119999975e-09 1.775153389730000086e-01
8.732714903090000435e-07 1.966640800730000069e-02 4.719292274879999943e-02 6.550370563609999991e-24 4.955054704890000106e-01 3.885318179099999728e-06 6.934703418249999813e-32 4.376304401650000231e-01 2.990763013059999805e-28 1.792764136520000072e-22
5.726315044799999685e-08 1.084400750690000040e-02 4.485050081829999868e-02 3.897911619269999911e-24 5.013525669530000117e-01 1.751051107820000063e-05 1.104054327550000017e-29 4.429353569480000141e-01 3.766748485040000056e-28 1.562227348689999910e-21
4.932653365720000214e-05 1.014363866499999920e-24 1.072789888340000048e-23 1.106669273639999948e-48 2.303460326860000075e-48 2.112823692369999993e-10 5.524375225169999756e-12 5.795711365450000319e-01 4.203795361320000201e-01 5.720252820090000270e-10
3.777998184319999793e-17 4.606016880150000044e-09 3.766213718370000074e-01 2.133309554879999903e-01 2.033080127949999963e-05 2.206166706659999921e-01 2.032608941899999993e-06 5.737732241869999707e-07 1.950519654319999908e-10 1.894080600240000134e-01
4.108800175480000227e-39 1.067386205920000004e-02 3.416112183070000114e-37 4.379931635900000120e-01 5.513329743489999712e-01 1.136160816310000000e-39 1.390518054040000095e-12 6.660964035139999596e-38 4.732229089879999857e-37 1.100521946840000069e-24
4.272002972959999797e-56 3.307059571109999818e-01 3.322228368989999932e-16 6.708927070430000137e-31 5.241126110209999578e-03 6.636132563790000383e-01 1.247777601719999947e-15 4.396603993800000205e-04 4.296423614720000241e-53 1.028741437239999946e-24
8.293930641450000475e-31 1.204761321609999973e-19 4.011897180029999942e-19 4.718890838020000089e-01 7.646786570290000057e-23 7.391238398199999857e-33 3.425028204810000092e-07 1.231457026440000062e-22 6.421080017239999602e-10 5.281105730530000208e-01
7.160330364160000354e-64 1.720649263139999901e-04 1.900565373250000083e-31 2.954807190030000136e-32 5.281376297569999690e-15 2.445631780139999970e-24 4.116880777129999780e-01 5.881398570120000002e-01 4.502475954189999524e-19 3.486449748580000047e-10
2.069231721910000030e-03 4.010420777719999829e-57 3.134131238149999899e-04 2.637863180600000246e-01 9.603317906850000529e-60 1.015144103859999937e-79 2.956269828600000028e-72 3.575955565110000304e-46 5.084273023649999874e-12 7.338310370899999713e-01
5.082337271779999721e-01 2.588112814639999827e-06 5.145329397449999985e-13 4.627186988479999735e-02 1.505221016280000032e-16 1.658917188879999866e-02 3.929234736319999755e-01 2.209272589129999891e-14 7.794010109490000487e-06 3.597137529370000170e-02
1.066240435490000090e-18 5.772278610340000248e-39 5.850581967939999517e-01 4.148568833629999730e-01 8.491984294179999752e-05 2.024675722279999894e-20 1.017767452210000092e-28 6.638943739209999765e-31 1.091816227890000036e-16 3.055117090590000092e-25
2.239158497420000006e-92 5.184355410500000039e-01 1.766885026230000006e-42 2.852057873909999948e-67 1.877507298459999974e-01 4.393712549429999899e-03 2.357848365430000037e-02 2.658415329000000105e-01 1.783094697250000025e-47 6.606485049899999695e-53
3.170649229750000085e-47 2.305125804090000069e-50 2.209241824150000029e-36 1.069411971880000062e-02 1.784394079140000089e-01 2.634254608910000190e-25 8.108663457450000500e-01 2.519786453109999887e-60 1.266225046639999890e-07 6.346751702860000566e-51
6.966413174199999967e-43 1.000000000000000000e+00 5.055794125710000013e-55 2.568244141819999958e-41 8.665234822529999609e-32 2.092791806489999978e-27 6.862634965739999655e-50 5.819875376589999847e-34 8.140704958209999696e-104 3.509751385850000013e-40
3.398159787949999733e-01 1.253076762629999896e-01 2.083199175819999991e-17 1.880226802900000064e-08 1.830009212490000103e-06 4.838715805480000394e-15 4.244114278469999779e-01 5.259917473409999937e-06 1.104577677550000053e-01 4.061136725980000007e-08
2.976109121600000185e-01 1.831913531169999987e-30 1.266977433170000111e-01 5.756913445229999704e-01 1.771849903180000143e-23 2.585421075330000142e-45 4.559193223519999891e-85 5.975034713860000456e-50 2.322315789000000048e-45 1.084319454599999941e-20
1.121630961600000032e-01 4.868782698699999868e-04 1.624977118529999931e-01 5.006149885859999607e-03 1.579494646619999942e-01 4.871484086589999917e-59 1.912316980319999992e-21 1.283798060740000066e-02 3.355372933169999961e-01 2.135214252450000072e-01
2.264161399000000074e-01 1.648421175830000094e-04 3.349629770010000224e-04 4.447576553320000126e-01 3.283263996729999801e-01 3.930065236119999914e-14 9.951089202469999712e-102 1.443795455480000018e-57 2.978983755320000156e-120 8.477622145740000551e-49
1.641721970709999964e-10 3.906900822450000218e-79 2.348019276039999813e-09 4.544576694760000257e-01 2.465438245070000100e-19 2.302604958360000087e-10 1.779414347520000052e-16 1.100158901309999985e-53 5.455423277819999583e-01 1.559754604379999849e-33
1.956171730410000126e-32 3.228246258750000084e-12 2.167744378990000107e-12 2.851764471150000189e-45 4.875135951810000146e-01 1.704818026110000088e-17 1.227079993050000001e-22 5.124864048130000072e-01 2.081218135799999803e-28 7.020914050419999753e-39
4.489123459409999906e-01 5.421185599460000461e-35 9.366338119569999498e-07 2.212478233320000017e-44 5.510760455259999802e-01 1.060737866180000045e-05 1.423240251370000025e-22 1.318135776880000025e-09 6.320221348849999843e-08 2.363804717249999882e-69
1.262205079110000066e-10 9.801125875429999841e-32 7.145474270890000328e-28 9.992449510890000116e-32 7.144209289609999569e-01 2.855790709129999994e-01 1.993806604350000051e-23 9.391253148169999998e-41 4.721664396699999963e-30 5.860617358509999787e-104
4.631711572850000252e-33 3.754709212389999708e-14 2.285062718130000156e-08 1.072130755739999965e-11 3.204591796030000217e-01 1.078466119740000041e-23 1.918561614890000044e-01 3.326582504760000059e-01 1.550208279829999869e-01 5.557587933250000196e-06
6.560186560330000487e-07 1.972027747769999895e-01 2.006524105320000029e-01 2.788321713770000043e-01 3.490162837060000036e-07 6.509492553740000226e-13 9.852305503600000041e-15 8.885895912769999603e-08 1.449684007899999997e-15 3.233115494189999772e-01
2.618213299289999796e-01 6.014723103549999769e-03 1.293489917019999963e-03 3.631151042779999782e-01 3.307613140569999888e-01 3.479674757479999693e-45 1.134075926449999936e-23 3.973521748929999675e-06 4.307772983999999906e-06 3.698575742060000032e-02
4.886186243470000065e-04 7.191654501449999959e-01 5.137214578410000194e-14 4.276165243969999820e-43 1.181122862969999947e-38 1.634985782370000064e-32 3.319039495290000124e-55 2.803458817460000030e-01 7.605816192030000231e-38 4.948447982169999713e-08
4.856063265019999742e-01 3.141550534830000324e-02 5.374705310760000453e-10 6.515182306679999824e-19 5.709021441769999672e-08 4.827570627080000065e-01 4.021729227190000054e-08 2.210075967609999976e-04 1.561480883490000046e-15 2.507250964390000082e-16
3.897478973309999963e-38 5.484638166880000066e-55 7.347228778290000279e-28 7.626446581960000501e-07 8.301191667770000185e-03 3.194430513079999778e-28 2.584459532689999950e-01 1.325593642150000089e-43 7.332520924190000233e-01 5.484056221820000105e-49
3.137780706150000154e-01 6.390087062279999897e-01 4.340795448569999965e-02 2.199929589360000016e-16 3.805190003570000160e-03 4.725331538399999871e-28 1.498510939709999984e-48 7.866745876509999886e-08 3.264529656869999886e-31 3.260576336929999942e-20
1.414355676449999917e-05 9.089748003950000249e-20 4.157424967350000222e-01 1.038276726999999941e-47 2.478440976720000033e-45 5.432669536440000204e-13 1.009361253350000058e-58 5.842433591779999658e-01 2.511394925959999958e-37 5.289820374530000065e-10
4.516149143199999853e-16 8.538723932149999592e-33 6.002395102140000160e-01 2.759445867359999876e-19 1.325776052900000053e-31 1.450681246330000074e-23 3.828785669690000183e-27 1.904613227119999964e-06 1.248302453200000022e-06 3.997573368699999796e-01
8.866456839739999522e-44 1.322944074019999995e-24 2.789559190319999987e-41 8.055374176809999533e-26 9.940416243789999789e-29 5.922903814779999498e-01 4.077096185219999946e-01 1.203402487320000040e-28 5.274822381189999747e-26 9.386392772909999488e-26
2.700138685859999929e-28 1.646888667540000000e-25 1.279155184980000082e-01 3.756953391739999981e-01 1.390521805949999923e-09 7.932476874229999554e-07 6.862733436920000207e-02 4.444241412469999901e-10 1.019592017479999946e-01 3.258018111289999741e-01
5.306579629709999682e-30 2.706893809409999794e-41 5.256373309149999784e-01 3.007294922429999962e-01 1.302088273989999989e-01 5.724367856490000278e-21 3.348574929429999836e-08 3.490552714339999865e-20 4.342431595699999813e-02 3.156204274540000030e-16
1.850722644230000001e-20 8.261602596430000185e-61 3.067554301920000226e-01 4.419758081570000127e-06 7.521991021750000122e-35 9.509054875169999996e-42 1.405777804349999971e-30 5.941592773700000312e-25 1.292439936339999929e-01 5.639961564159999829e-01
1.215619677889999890e-25 1.869879954529999998e-35 1.525235999509999888e-04 5.452103404110000273e-01 4.546371359660000278e-01 2.285806766810000106e-11 5.999851629720000439e-38 3.768811544239999914e-48 2.515657856140000098e-40 5.343448482840000244e-42
1.299602382450000033e-43 1.115634024429999921e-11 4.626454904820000123e-44 1.700662892900000039e-59 4.695208574999999995e-01 3.613081990900000040e-01 1.691709433939999896e-01 4.315711488090000350e-12 4.202858119550000142e-30 1.510980665889999967e-74
2.114927571520000115e-03 1.750444180510000115e-42 1.947251313289999897e-01 2.977612619510000257e-35 2.420129774699999939e-26 2.314963104649999937e-01 9.421244031460000534e-13 9.340099938099999388e-02 4.782626312530000035e-01 1.375465914549999950e-17
1.025656742289999956e-24 3.372038877750000040e-31 1.207390891000000022e-02 5.305750512230000378e-32 2.121399318970000083e-34 4.663440569529999731e-19 2.750961636850000037e-19 5.351244529590000187e-01 7.576644518519999640e-09 4.528016305550000009e-01
1.239269025630000028e-29 2.640350829850000098e-27 4.922853169919999983e-04 7.002481333580000600e-11 5.994608174800000189e-01 1.207242679589999991e-38 2.098795944850000151e-11 1.423014913020000105e-06 4.000454740969999756e-01 8.781419000590000113e-15
3.129905927769999763e-01 6.410874921360000256e-01 4.589095260340000232e-02 3.836546694960000014e-16 3.096039712629999961e-05 5.171897770499999985e-30 6.265234586189999689e-52 2.087225232639999955e-09 2.898750041399999918e-33 7.584826894950000761e-18
1.600111314030000024e-05 2.888951919060000135e-16 1.481502386459999954e-22 6.181537439730000472e-01 7.374063850679999678e-03 3.744124685579999778e-01 4.372250484929999826e-05 2.278502301659999938e-42 6.016391387340000132e-18 1.720363219970000145e-39
5.161847703430000323e-01 1.727349989800000046e-07 1.769641388520000042e-13 4.629544242220000327e-02 2.703908635439999905e-17 1.221162624800000047e-02 4.022155141600000094e-01 4.486793067370000143e-14 3.075251567029999980e-06 2.308939883950000133e-02
1.155874507439999949e-01 8.468688292760000442e-28 2.299923739810000112e-07 1.911153713909999874e-07 3.778959856129999739e-01 2.330708914310000167e-05 1.693166410699999928e-09 1.356955622900000081e-20 5.064928337530000269e-01 2.680235845499999737e-35
5.851536552790000028e-31 5.829073136870000297e-12 1.501522786949999857e-08 1.697849267609999879e-01 1.300568013789999977e-01 2.560162177350000118e-21 1.829245803729999953e-01 1.950831096029999959e-06 2.695850723909999913e-01 2.476466532449999869e-01
2.701334282579999976e-28 8.885810378039999416e-23 7.020569245480000558e-17 4.326143227469999616e-22 1.000000000000000000e+00 7.357727618150000264e-24 6.451281443650000193e-63 1.484370622350000025e-43 1.562112619459999965e-70 7.745172540999999398e-73
3.482318153050000024e-07 9.156751070949999494e-08 3.509781344780000061e-07 1.413534924370000026e-34 7.758905670099999491e-42 1.562315307230000097e-26 6.221641170830000167e-41 2.938994003770000196e-01 7.216419083210000274e-29 7.060998088450000099e-01
6.257329866359999659e-01 3.138201582120000046e-38 1.975027814449999843e-21 3.065570293630000038e-15 1.021301094809999937e-70 3.008869844630000225e-32 5.832773960659999966e-28 3.414835366910000041e-31 5.586107772739999748e-06 3.742614272559999788e-01
1.054173454790000014e-08 4.053578355729999808e-20 4.157676607790000145e-01 3.266870052480000273e-48 3.017572107669999954e-12 1.129797513089999996e-30 4.966552626319999626e-56 5.842323286759999457e-01 2.632518757020000034e-24 1.942447209319999954e-31
1.138908690289999979e-07 5.568848152549999986e-01 1.690910609439999837e-02 3.165808339510000069e-01 9.982708567030000590e-02 9.798045138480000055e-03 3.847477825670000200e-39 1.469769160510000067e-29 7.444546648000000353e-61 6.620217096300000459e-25
5.359902925150000238e-24 1.746906395750000042e-28 4.925585101759999973e-01 1.508484940589999886e-19 9.093954339409999470e-24 5.606647094050000052e-24 8.024196000880000206e-13 1.499502855310000105e-01 6.140134400669999826e-02 2.960898602850000061e-01
3.878931946499999700e-05 6.637375094419999768e-75 4.609631403660000015e-01 3.743107224230000064e-29 1.082326463229999951e-19 1.794611039130000015e-15 1.615438185660000110e-26 1.699634579069999982e-20 5.389980703140000440e-01 6.047304919459999976e-41
3.800296686880000145e-16 4.079663526899999879e-26 5.450258368170000089e-01 2.218816029649999886e-14 1.907180651629999946e-02 3.875986479059999786e-48 3.853521037870000165e-25 1.151656500209999974e-03 4.347507001670000149e-01 1.315958342589999938e-13
1.985661079690000135e-21 6.072842574119999642e-38 1.827731338320000131e-23 3.277512961410000147e-01 8.102093127919999513e-16 6.690585695909999631e-01 3.190131307400000116e-03 3.032190029020000144e-45 2.960045887619999982e-09 5.070655771939999935e-26
3.208971213160000113e-01 9.307506997109999219e-44 2.749344867859999930e-02 4.427784852809999972e-35 2.909272289070000069e-06 1.929369647860000130e-23 1.145731683879999994e-29 2.023227107619999960e-08 6.516065005009999966e-01 4.205385434690000026e-43
7.584468141210000118e-16 6.680923635100000091e-01 3.543074749390000022e-12 3.519529151769999861e-07 5.654123667579999762e-21 3.319072845029999996e-01 1.989345627039999833e-37 4.000092435670000173e-30 1.545315258790000009e-71 3.018224908459999932e-11
1.067543174779999979e-08 1.146246766840000029e-10 8.042962304770000278e-38 1.337070439359999974e-01 4.995827112680000162e-28 4.575768660399999965e-36 3.718233903659999839e-01 1.275235838910000067e-26 3.441481855729999761e-01 1.503213693340000046e-01
8.687395517750000044e-57 2.181052914629999910e-20 6.969686406829999938e-53 2.343602418370000235e-69 2.697608495979999749e-26 9.999999999340000167e-01 6.617125019669999576e-11 8.569595574769999942e-20 1.737166634480000079e-49 2.512753162130000129e-56
9.581847596119999877e-33 8.942088856840000595e-27 9.126112398090000803e-53 4.333323372100000412e-59 3.231945827789999906e-81 7.520120574480000274e-23 1.111061919509999940e-01 1.219069797910000003e-01 4.848962804429999829e-01 2.820905478140000033e-01
4.816861287349999965e-01 1.639322697860000067e-01 2.049522859000000142e-24 5.966351009520000186e-03 9.196423769509999764e-14 5.737419877649999846e-13 3.313075741190000256e-01 3.202097680850000121e-14 1.704848125480000129e-02 5.919509510199999697e-05
1.877164777479999838e-27 5.287668072780000083e-37 5.252463592889999866e-01 3.004045694570000036e-01 1.304591913500000033e-01 2.217151558850000108e-20 3.985006751829999744e-08 2.640397678530000099e-17 4.388984005479999728e-02 1.620983418219999994e-14
1.625043021729999993e-37 8.070332401840000367e-23 2.242203053780000144e-42 6.826533059340000421e-75 4.577341142489999803e-28 8.985899083320000019e-09 6.109818462189999799e-01 3.890181366520000239e-01 8.143421446090000000e-09 8.256258683079999799e-33
5.010178472660000292e-15 1.695714461019999920e-04 3.221172381669999761e-04 1.013838276660000010e-03 4.946720429409999786e-01 4.945074636670000170e-11 2.794297180869999807e-03 1.712109245200000018e-01 5.927891693389999994e-02 2.705382914139999873e-01
8.946195331470000210e-68 5.210843268369999882e-08 1.685470661540000110e-52 6.635952733350000132e-01 2.068714088929999861e-01 1.926717170090000173e-58 1.295332656629999968e-01 1.350039683730000016e-44 9.391021851189999708e-25 3.629776800120000138e-23
3.559686524569999899e-01 3.760011890850000125e-72 1.544767760640000091e-25 5.677934952919999612e-01 6.135051821559999678e-53 1.659292684489999903e-31 6.983552246480000339e-26 4.972393658769999762e-73 7.623785225099999341e-02 9.681960969099999747e-18
4.662429616610000086e-11 9.920343650919999722e-27 4.941092222300000276e-16 1.209861188880000069e-55 3.143750342030000033e-01 3.196301284549999955e-01 7.018292186110000387e-06 3.571004384740000259e-01 8.887380530089999953e-03 2.719609877509999976e-56
