1.620218758120000041e-28 1.937812461129999958e-86 1.643788312190000024e-59 6.738765586190000336e-72 5.552346964100000242e-05 4.166088423009999945e-66 7.247478605989999818e-31 9.999444765299999593e-01 1.938707675460000094e-53 2.893664699359999860e-22
3.218889378969999949e-46 6.227716822040000322e-01 1.124821671029999929e-11 3.498861207190000211e-03 2.666721277940000107e-45 6.826863173500000159e-02 3.119385675510000037e-35 3.023103986129999953e-27 4.934129452729999479e-07 3.054603314300000094e-01
1.082729037520000094e-28 1.727279043950000128e-04 6.909176170989999908e-13 1.936159023930000000e-01 5.497637021929999949e-17 3.167653848170000064e-01 9.130703640690000724e-24 2.531943930150000188e-01 2.443910741059999889e-19 2.362515918699999995e-01
6.351257635949999851e-53 9.677773801320000596e-43 6.829934150660000377e-61 8.849886541819999841e-02 3.675006160320000159e-01 2.123277266149999846e-03 1.702342225479999933e-15 3.012640714880000126e-22 5.102167188980000033e-05 5.418262196119999485e-01
1.095491632340000079e-08 6.115942837200000204e-01 8.676640878770000509e-07 1.078783249180000011e-09 1.348693490109999973e-11 4.628408886390000115e-02 5.197949792450000320e-30 3.421207477050000056e-01 7.170823077319999634e-37 5.091761068629999902e-30
2.724538791069999889e-20 5.027935866150000276e-46 2.004113838329999946e-67 5.987802313660000042e-01 2.808375574659999815e-03 1.457564008739999886e-04 3.982643740310000124e-01 1.293339815840000036e-08 2.864287083269999747e-41 1.249694277640000061e-06
3.377371645730000289e-08 2.457995141759999778e-44 2.907953210719999856e-71 8.173971328630000456e-32 4.371115338559999897e-01 6.341129023969999687e-05 4.806634859399999813e-14 1.900248217660000090e-21 4.033222002700000069e-56 5.628250210799999875e-01
2.536336865569999916e-84 5.646960150840000317e-25 3.269888985779999927e-40 2.057755123460000018e-50 3.142038376939999954e-38 1.000000000000000000e+00 8.880195195260000139e-94 2.599775101310000182e-46 1.888798251870000017e-57 5.667269712010000059e-48
1.306152308430000118e-10 9.023600944990000022e-11 2.968336740140000152e-01 1.059067656459999983e-11 1.313662262299999939e-01 1.647306118590000090e-01 4.070690967310000019e-01 2.498065359420000202e-07 1.411281339010000080e-07 9.646798602650000789e-34
1.111117401340000060e-01 4.836702207640000212e-08 6.034549278880000255e-27 6.308258905359999757e-25 4.051923329529999903e-21 3.599273443720000243e-01 5.025585521599999941e-35 3.840732609329999825e-01 1.382348222059999955e-71 1.448876061949999905e-01
4.532880326839999752e-01 2.089523356209999905e-01 1.096128881229999940e-15 2.266135207410000057e-08 8.931794779090000259e-55 3.365641679660000274e-01 1.195440967229999957e-03 3.177962592959999905e-98 9.426334882950000101e-11 6.455704340500000033e-12
3.155803664399999819e-01 5.511732936099999974e-09 6.129486280270000192e-18 1.404857681289999882e-01 9.057687575530000084e-10 5.431215563260000101e-01 8.123026881719999518e-04 1.287186695129999910e-16 1.508770303690000029e-19 3.752764991379999630e-21
1.404912782860000020e-38 6.666697525289999593e-01 4.480615615980000049e-11 4.553808686410000032e-45 3.401324000089999769e-38 3.333302474259999815e-01 3.143774675569999703e-89 1.038046238609999958e-19 7.707774801089999876e-47 1.535270387709999971e-21
7.326649705660000371e-62 7.514532787450000692e-12 1.598941829899999945e-01 9.031019713889999679e-45 1.009214333649999974e-13 5.138731400109999528e-13 2.189583455570000059e-57 3.183045070099999735e-02 5.387678362340000415e-01 2.695075300670000118e-01
4.100282455430000195e-02 2.249562904330000002e-01 6.356858869209999956e-09 7.335660041029999912e-01 3.753403113739999832e-04 9.953424151410000527e-05 6.712290512390000292e-26 3.588925399330000068e-13 9.564748545779999418e-36 3.864844507250000005e-134
4.330195305760000009e-04 2.332678620719999870e-18 2.977233496870000154e-07 1.478221287489999980e-01 5.959663680950000468e-23 4.800841826569999647e-49 4.301057442599999781e-01 4.216388097370000199e-01 2.767815911819999857e-13 1.487092193700000072e-26
1.383968382739999971e-30 7.408894896249999695e-28 1.065659576730000085e-71 1.600586777710000101e-12 7.456492613649999823e-01 2.543507386330000064e-01 1.644424771650000051e-57 2.515910770400000119e-14 1.519369709520000103e-53 1.902768679379999891e-22
7.842541461219999634e-17 1.917509803519999907e-05 5.533628832189999569e-01 1.823065219049999900e-22 6.787152230130000166e-13 1.164165439779999996e-11 1.599559797550000141e-30 4.466179416709999961e-01 1.194637998909999989e-31 1.420474466270000016e-46
9.843701358409999436e-02 7.507420178150000512e-01 2.473720798579999761e-04 1.505735964330000010e-01 1.709397882650000062e-19 1.300103680280000035e-21 3.099008823769999995e-25 8.834324158819999636e-11 1.362646147129999975e-29 9.159571938999999613e-70
6.015549864190000111e-16 4.995715560530000210e-01 1.953041873719999924e-08 2.417157723080000039e-55 4.868871283060000233e-25 1.842871249060000019e-10 1.381629582449999953e-65 1.263404663779999990e-23 2.298173880800000014e-23 5.004284242319999576e-01
5.156610647970000047e-23 1.094608587500000010e-16 3.427736270719999747e-36 4.304099386660000248e-01 1.017426984420000076e-15 1.543654380440000022e-03 7.778184188069999623e-22 5.612241499490000507e-01 8.734163468360000192e-45 6.822257004249999632e-03
4.727235388459999910e-01 3.752477998539999893e-25 6.720251859779999839e-07 1.968896994380000023e-13 1.099792820259999945e-12 5.238194446549999511e-91 9.698697142569999430e-02 4.403451102679999812e-02 3.862543066749999920e-01 3.849790250890000032e-14
2.756091030430000123e-05 2.666051021930000041e-09 2.882777685199999773e-01 8.188576520609999575e-19 5.202647893919999655e-02 2.158431612560000046e-01 4.438250226559999900e-01 5.053012956990000241e-09 3.349442003550000198e-19 2.238290825749999864e-30
3.597774379120000088e-02 8.398261879550000132e-13 5.553218462879999651e-01 2.772699738930000191e-62 1.556133261400000110e-25 1.326265401159999976e-12 2.939876882309999980e-07 1.879590618240000026e-08 3.703534362460000222e-32 4.087000971349999956e-01
5.580932106579999941e-01 9.695334046740000510e-23 4.417650066680000043e-01 8.243054539720000651e-49 1.112567145400000019e-37 1.587743834739999844e-61 1.417826736549999934e-04 1.431027911759999997e-19 3.551537951290000286e-26 7.801763928650000207e-38
6.375880541089999856e-65 1.983714860509999965e-30 1.675749189420000037e-18 3.895694959729999792e-03 2.043200285700000063e-01 4.032464158860000203e-01 3.116151433430000006e-01 4.176568310039999848e-06 7.691854067280000373e-02 2.588794309359999863e-18
6.361282498900000133e-42 5.549527441220000112e-14 8.315413293360000277e-31 4.997384141649999778e-01 1.161028527920000046e-31 4.784252865299999934e-20 3.430928797719999966e-44 2.417336548449999808e-56 5.002615858350000222e-01 7.108704971369999759e-32
3.427551558080000216e-03 6.177105303829999851e-26 5.155268913910000007e-43 3.075137554469999923e-01 1.451470969530000153e-42 1.696388925510000044e-42 1.489121369589999910e-01 2.635252974479999830e-75 2.036694757299999936e-01 3.364770803050000092e-01
2.141682717649999957e-13 5.126597530459999774e-01 3.302474741070000019e-13 4.873402469529999892e-01 3.973741682719999792e-67 6.206083100079999887e-37 2.984279158649999774e-35 7.894750731849999765e-35 3.589145367199999956e-23 3.696703121120000052e-31
1.101487405819999983e-16 3.070519655260000036e-01 1.334467630130000090e-13 3.876142128289999933e-01 6.410285401170000335e-18 7.318751790090000098e-02 1.643447647609999973e-24 8.394612236819999629e-02 2.818412765030000052e-23 1.482001813759999953e-01
3.767161331480000097e-01 2.603951462410000195e-01 5.818210252659999674e-08 5.496826670180000340e-15 1.458460192959999982e-15 2.292531109679999957e-01 1.867376688029999998e-21 1.336327730000000102e-01 7.561138281840000319e-31 2.778460186469999894e-06
1.948182753809999945e-01 3.854385037630000143e-16 6.324089327079999799e-06 4.012732659890000179e-30 2.818754699279999998e-01 5.653078991810000299e-14 2.065234161620000120e-01 9.118426914630000477e-15 1.739825918850000097e-01 1.427939225550000080e-01
2.693986980560000002e-53 3.322233225530000222e-01 7.769834337349999664e-11 5.749779536250000105e-17 1.227495068890000046e-28 3.724501645239999815e-07 2.083203200869999946e-76 2.241788524739999958e-23 2.433691556320000116e-01 4.244071492870000184e-01
5.128608548450000227e-05 2.584604897470000141e-24 3.223322802680000125e-14 1.319323560020000077e-09 2.480058091309999902e-12 8.916162016429999757e-53 7.130896071750000322e-03 3.522168435790000163e-01 3.925709804999999997e-01 2.480299924419999968e-01
1.006094051099999926e-33 9.863140246170000150e-26 1.010017999559999968e-19 1.956287484230000012e-45 7.390782214540000394e-01 6.107803123799999956e-03 6.622755393249999714e-27 7.058630062859999543e-08 4.006432379479999880e-13 2.548139048360000269e-01
5.565411798070000211e-39 3.333364093649999749e-01 6.514372184910000051e-12 3.670862015860000067e-65 3.803126871860000203e-39 6.666635767299999848e-01 4.174220227050000261e-117 1.343629395919999930e-08 2.481508204279999848e-66 4.617368087289999791e-10
1.449595733230000087e-06 9.107087056990000322e-06 1.029965717779999937e-30 1.092437757569999944e-09 7.886581648290000565e-15 3.016480628579999990e-01 6.311149582779999719e-44 6.983413793670000258e-01 4.161253095680000272e-91 5.045409989949999908e-28
1.271626598390000093e-09 9.596779378360000554e-05 3.481319030650000174e-17 6.298286760200000334e-01 9.083494776379999890e-24 4.560692040999999830e-14 1.507159164529999932e-23 3.700753549140000098e-01 3.201729241940000014e-35 7.202434470339999659e-13
2.193335304029999933e-01 4.461824423390000072e-01 1.446162089660000076e-13 7.485515005419999918e-10 9.248306336680000000e-50 3.319156602159999969e-01 2.568366293539999911e-03 6.242829317100000099e-97 2.107885725630000098e-15 3.776864202739999723e-20
9.567362098599999888e-24 1.795130556129999965e-27 1.162649292809999935e-04 2.499436050010000084e-176 1.155887902820000019e-07 2.314439612759999996e-20 3.305145828410000337e-33 3.279020818810000071e-01 2.273168073930000054e-24 6.719815376009999897e-01
1.983773414299999977e-08 4.616782576389999935e-09 7.135430124180000000e-01 3.621939597640000040e-62 4.233605181820000032e-21 1.166863458000000093e-03 2.098836380100000039e-13 1.324111340499999934e-09 1.274453957610000080e-36 2.852900983450000205e-01
1.893589733400000002e-44 6.539533549179999865e-06 6.807809425819999483e-01 6.863935349010000510e-11 3.524819644749999920e-86 3.596606768400000219e-39 3.277277498840000007e-28 2.491914629150000184e-52 3.192125178149999853e-01 9.594442386879999948e-37
3.751929000020000379e-09 9.067951746159999832e-08 4.166163312999999757e-01 5.327350529580000152e-11 6.833052713620000234e-16 1.627543468539999846e-14 4.683678514840000084e-01 1.575062150150000062e-02 1.164423397050000037e-11 9.926510121749999860e-02
2.804849325859999978e-02 7.321295009049999441e-15 8.817673668549999566e-02 2.573871161189999979e-43 1.833774975709999977e-01 9.844499726750000664e-06 3.938257019159999844e-02 3.789208463179999988e-18 3.040769864430000191e-01 3.569278713510000145e-01
4.162616949609999936e-13 1.196478467049999928e-10 6.678963214850000205e-03 1.222730751680000067e-36 2.823814592109999966e-01 5.674537653469999970e-02 1.202304689539999948e-16 5.317603563510000369e-09 5.271161065570000304e-01 1.270780890450000089e-01
9.856772718619999524e-18 1.126664229989999985e-08 1.214868856209999989e-33 7.063743921039999929e-02 2.759412656869999943e-56 1.056762760689999984e-19 9.703274413499999234e-31 6.656789163859999732e-79 6.846629532139999474e-01 2.446995963090000115e-01
1.392069890299999987e-02 1.059531201379999982e-01 1.601670153559999916e-15 4.476498848480000015e-01 1.161415075470000025e-29 1.580659768799999995e-09 2.662522139789999934e-16 1.719040564170000096e-06 2.495544499040000033e-28 4.324745754900000128e-01
2.222313500939999875e-05 4.435988352870000115e-10 2.865060738990000133e-01 6.949927202899999651e-42 1.015879159649999940e-20 2.457859782050000053e-01 4.670539239650000063e-01 1.009865823609999969e-26 2.359390469069999924e-12 6.318003500230000204e-04
2.342045236759999884e-18 5.381596237060000121e-01 4.867949429240000382e-10 1.529177549349999982e-19 2.853352134850000166e-01 3.465066684250000007e-06 7.071453373169999651e-59 1.658344347290000020e-01 3.952881227040000040e-07 1.066686723849999928e-02
1.553803113759999976e-42 4.097296993409999995e-30 1.134759027950000003e-42 3.656646213240000204e-42 8.064839872940000529e-03 5.945037652469999934e-01 5.474917178860000287e-51 4.977463037810000394e-19 4.223861090549999788e-19 3.974313948800000107e-01
2.026296580050000078e-08 1.347340533200000037e-42 2.311119253559999875e-32 4.276679034870000220e-36 6.826829041999999610e-17 1.020690095360000058e-30 5.513754195479999554e-10 9.999999791860000320e-01 2.279062887390000097e-83 8.054201080839999718e-39
6.985871005409999725e-37 1.518043274230000004e-89 2.471677502300000213e-34 6.363091494229999844e-65 2.237892305080000114e-05 1.255052244829999927e-66 2.412072573679999998e-01 1.298609670479999867e-01 2.447133477179999908e-15 6.289093966600000085e-01
6.140442231830000292e-39 6.996805629559999608e-15 3.729682462510000018e-01 1.040723727249999954e-45 1.410864989879999920e-01 8.179072592970000255e-23 1.381722276399999996e-53 4.128714034500000074e-01 7.307385131089999541e-02 1.377199250849999932e-24
3.660972164280000274e-01 4.791023696139999831e-11 6.339027410869999546e-01 4.138630381109999726e-18 7.747394961869999845e-26 4.007662257429999945e-41 1.353074365570000044e-16 4.243647623820000128e-08 1.018019291710000050e-24 4.379895830229999728e-54
1.110579649829999905e-09 2.571811619859999953e-01 1.340843216240000009e-12 3.492242047069999878e-09 1.034743909419999969e-72 1.391550976510000051e-44 9.139834503330000563e-42 1.067446204540000070e-49 3.549440548239999882e-01 3.878747785860000019e-01
3.011948861030000020e-08 1.423754527430000019e-06 3.655911125510000192e-01 8.416674910990000523e-04 4.152533046120000109e-22 2.330641181469999977e-19 4.101348483530000144e-01 1.372754379530000124e-01 2.699390873490000137e-04 8.588554069100000354e-02
4.545248123080000147e-01 2.077202760090000044e-01 3.123839369000000087e-15 6.885433042310000366e-26 1.170417511389999966e-20 3.377047833899999851e-01 1.064809600050000059e-27 1.204186462830000030e-06 8.995879903939999728e-58 4.892410617190000148e-05
1.398237770440000083e-01 2.558005678209999795e-10 3.444341670519999732e-01 4.658179978400000019e-05 5.474736635910000017e-03 4.900569445759999615e-15 5.102207372120000084e-01 1.407564076039999928e-13 1.785661329239999944e-19 1.373208831449999946e-112
1.182683554089999946e-35 7.587738913939999774e-01 3.170775858410000135e-08 9.829486094269999403e-43 7.477589258300000295e-23 5.019085353800000050e-29 4.201369680329999574e-140 5.805638785459999968e-26 2.412259721839999926e-01 1.047143849430000039e-07
1.675190187069999934e-12 1.262981355499999975e-10 4.659506946279999646e-19 1.798104926649999880e-01 5.036022061949999742e-20 8.615824835049999686e-02 4.880227273740000203e-09 2.401818428280000084e-01 3.519600630240000176e-31 4.938494111480000170e-01
2.605110560410000062e-40 1.779361469289999873e-48 7.471962293630000411e-30 7.325300194270000295e-29 1.475420201429999967e-01 8.738720532400000698e-19 3.515578836129999996e-01 2.322112134969999971e-19 4.640693824850000149e-01 3.683071375880000303e-02
2.466133335410000169e-12 1.061877528319999898e-06 3.212217394009999952e-25 3.944859872929999955e-01 6.055116758809999666e-01 1.274945727210000037e-06 4.683500746120000420e-41 3.327887206230000045e-15 6.767382517249999722e-20 4.036411150250000385e-34
3.045576834820000071e-18 1.200087930830000060e-12 5.169385625989999511e-01 6.840646672179999769e-53 1.170897754049999920e-06 3.628659405779999726e-23 4.176257729979999677e-36 7.654804231860000419e-02 1.708403220310000109e-02 3.894281919800000047e-01
5.873651715950000129e-01 3.436496113559999732e-01 2.040922692150000123e-07 7.359650869230000196e-16 3.555376032850000266e-11 2.463838352710000160e-27 8.333589408379999449e-40 1.709746181660000063e-07 6.879846002080000633e-02 1.863819250890000085e-04
5.128937159969999660e-44 7.571722423250000222e-01 7.654417315469999539e-13 2.356240260730000091e-01 2.519660956259999773e-122 4.108536878250000207e-30 5.810633894870000103e-41 1.158415604850000067e-78 7.203731601190000236e-03 3.016928490230000114e-19
7.215392336599999774e-41 1.424483026330000010e-17 4.143835368570000233e-01 3.275228212160000254e-35 2.093321554040000102e-20 2.172483920159999984e-02 1.748635441509999904e-03 4.374211722210000158e-06 1.500486940429999847e-14 5.621386142880000492e-01
4.931621795910000050e-01 2.546610552879999961e-02 4.790910284690000275e-16 5.312901766269999965e-02 6.213409272000000247e-03 2.048252749659999927e-07 3.073185306170000031e-25 5.055577597780000125e-19 4.220290831199999815e-01 1.106081139079999908e-12
4.119704543479999670e-62 6.382774182500000026e-12 1.653098349869999983e-01 9.811086885119999960e-42 7.229947473679999943e-12 3.958776639109999927e-12 2.714401253060000050e-54 2.363744242939999976e-02 5.359151580040000251e-01 2.751375645620000032e-01
1.980667427779999883e-50 4.443855071659999645e-53 4.489079541580000155e-40 8.677955089500000437e-16 3.159918776630000203e-01 9.208157572030000284e-11 6.840081220410000329e-01 2.038377555420000090e-10 2.858123040000000083e-30 1.307573568930000077e-28
3.554982072099999761e-26 1.136701331189999956e-04 2.451727860879999909e-23 2.851415624419999913e-32 2.203748169260000129e-05 3.156865101029999732e-01 1.325839386369999936e-96 5.075426643639999735e-01 3.284205830779999894e-34 1.766351179189999954e-01
3.671449674420000155e-19 4.486045144229999721e-148 9.018586193179999997e-98 2.125843724709999828e-83 5.907376995709999745e-01 1.883943648560000165e-61 4.092622968790000093e-01 1.118312692759999927e-14 4.742050459479999907e-67 3.549687059810000031e-09
3.757824594109999798e-04 6.247586011600000377e-01 5.568161752740000009e-13 7.180928810359999919e-47 5.709017484659999768e-50 6.811329733410000087e-02 1.730359399929999890e-33 3.084207064289999863e-31 8.169689671769999801e-59 3.067523190459999771e-01
2.310315946260000086e-01 3.520868032380000123e-01 6.532699602130000530e-08 4.155461153530000118e-01 4.237063332909999894e-71 2.774404574859999921e-33 3.764487373450000157e-11 1.784567242560000074e-34 1.595163109899999929e-06 1.333826254959999923e-03
4.518113528570000259e-01 2.103989728289999972e-01 1.280024182959999908e-16 1.067604667090000023e-08 1.562366328609999971e-53 3.351854569800000183e-01 2.604206594080000006e-03 1.809247745200000025e-96 1.743895757530000045e-12 6.243921789129999602e-11
3.095036384409999841e-01 1.769504344170000110e-18 8.062666182870000504e-06 5.150296450650000421e-16 1.211465274629999943e-14 4.220920259230000353e-37 2.640646462569999958e-08 6.904882724869999544e-01 1.296000057639999892e-32 1.014544284170000007e-58
7.004197983859999921e-01 2.995802016140000079e-01 1.189348840460000020e-18 6.972414621250000276e-36 1.975037248339999953e-100 5.493640652829999530e-29 2.351339030500000081e-42 8.902159803820000102e-64 2.771832709910000137e-54 5.378114581259999702e-17
1.993941309570000129e-57 1.294311435800000050e-26 5.247723816759999632e-07 1.260785538549999986e-32 4.943843553780000177e-01 5.055981714480000111e-01 8.879874964299999709e-22 1.694840191669999901e-05 2.110871198900000071e-23 8.337440337130000059e-66
9.167991924069999674e-03 3.631578587190000003e-11 1.944257961920000111e-01 7.277777197880000148e-36 6.433914881470000176e-07 1.478940876189999976e-01 6.485114808370000539e-01 7.286747662109999981e-13 1.712867172879999904e-18 2.996014802980000037e-16
7.003150302799999727e-01 2.996849527129999968e-01 1.700656029870000144e-08 6.157874184369999760e-33 4.317812856070000143e-82 6.730007322770000362e-24 2.273214229540000142e-27 1.206794685750000107e-56 1.477587692589999932e-33 5.502015489979999771e-14
4.565527515030000094e-01 1.976376194169999875e-13 1.965913932629999979e-21 5.885864244320000223e-10 1.340614162269999909e-01 1.502776863249999928e-01 7.069363884029999760e-03 1.336536471299999910e-28 1.414948095480000022e-02 2.378893005159999907e-01
8.156452024980000448e-13 1.505304903280000051e-01 1.074981231179999976e-15 3.975566008559999753e-01 3.313050443780000106e-78 7.412874562379999782e-08 1.246563829079999988e-09 2.817469239570000092e-81 3.463976906819999924e-01 1.055151427569999967e-01
1.714979085500000009e-24 6.531942416019999937e-07 4.153056789790000036e-01 1.016952929740000050e-33 7.658990919750000015e-02 2.596733049630000090e-23 3.210599590940000131e-51 4.988272690280000088e-01 9.276489600900000507e-03 3.039408543690000021e-19
4.667009421319999740e-01 7.017377693779999585e-03 1.744524633030000094e-15 9.112099667569999432e-17 1.323742472089999932e-23 5.695984212959999751e-03 7.777843950339999902e-16 1.902630919800000057e-61 4.042838061669999927e-01 1.163018897939999963e-01
7.133976695890000371e-47 6.233630320480000320e-01 3.777127752489999755e-11 2.974206645490000064e-03 8.173359710180000453e-46 6.781872426939999920e-02 2.270671480329999972e-35 4.111610269349999702e-27 4.729243786020000020e-07 3.058435640750000184e-01
6.317743370310000218e-16 1.934409157199999951e-01 4.973415046589999701e-11 6.609075435929999409e-02 4.133738919270000256e-01 2.368029726080000119e-01 1.175171822850000004e-35 1.673942395169999997e-17 9.029146533649999584e-02 3.136280527720000020e-25
7.234760027419999986e-54 3.322234222089999744e-01 6.285202185290000360e-12 9.945037183210000384e-18 1.492098391259999906e-28 2.972053980279999790e-07 5.556614109699999669e-76 3.194784533059999827e-22 2.433690888689999943e-01 4.244071917100000202e-01
4.723046492220000081e-49 2.909661651149999809e-10 3.491253431479999780e-01 2.557927939769999826e-35 1.116900972509999972e-10 1.477869693799999957e-09 8.649268320880000527e-59 1.932099805339999996e-32 6.508746549710000551e-01 4.158925624930000080e-70
9.864917636879999640e-13 1.822815699159999873e-26 2.530257263989999993e-19 5.885723152400000251e-24 1.741587479579999875e-01 4.089607773169999794e-01 2.961042101220000000e-01 1.207762646019999997e-01 5.926843742790000111e-33 4.181737597660000047e-17
5.353329043899999725e-04 3.537304232590000180e-02 3.101301180819999870e-13 1.649906398490000095e-12 1.421411612549999925e-06 4.024076072039999841e-01 1.278024891919999991e-22 8.132804217239999432e-21 3.103892368389999934e-01 2.512933593130000087e-01
8.242032289339999510e-61 4.110669322419999658e-62 7.224759597610000144e-83 2.663711944269999783e-90 9.035493561790000203e-77 1.579570435620000075e-49 2.673968826950000032e-68 4.692998624960000230e-64 1.353655374590000058e-58 1.000000000000000000e+00
7.606499375339999479e-18 5.411478659470000396e-01 1.502571641360000090e-09 4.640917957249999862e-20 2.981044548619999901e-01 1.983293303799999839e-06 2.914054051010000004e-58 1.520080551419999981e-01 1.874671891020000097e-08 8.737620506039999596e-03
9.346449272860000677e-33 2.997870580600000126e-99 3.425501868099999765e-75 1.812112627440000003e-31 9.701449368619999912e-23 9.002305149699999761e-53 1.000000000000000000e+00 5.448067086810000045e-30 1.319448921789999952e-50 3.690556375059999698e-36
3.987764556560000062e-01 1.797366388889999944e-06 2.816786088110000182e-15 2.567473699369999739e-07 3.672562824049999634e-18 5.960831979509999545e-01 5.138292279130000396e-03 5.158870517260000504e-32 1.278759382969999948e-25 3.307657733209999837e-24
2.684438866850000129e-03 1.075314561930000024e-01 7.119190764589999757e-09 4.537115442820000011e-01 1.810191987239999990e-26 9.809634096099999574e-09 8.599673610339999659e-10 1.731045755049999939e-05 1.188251946980000085e-18 4.360552324110000266e-01
2.708597088170000035e-03 1.075318428100000001e-01 6.237975467660000639e-08 4.536954659399999867e-01 3.049798785659999979e-26 1.252821173930000047e-08 1.867712834430000045e-09 1.824233109730000071e-05 2.402387278209999912e-19 4.360457750539999955e-01
2.482749541470000048e-19 3.355986368509999736e-17 1.197218565589999978e-08 1.075195140350000060e-17 2.431028148169999960e-70 4.461004184770000156e-33 7.068060860899999520e-01 6.671664729150000241e-80 2.931939019379999900e-01 7.568895363559999766e-27
2.651077207219999787e-04 5.018804771940000369e-09 1.107400668480000017e-01 4.331185720349999685e-03 1.501343994310000057e-15 1.082394379909999948e-64 3.573616711390000207e-16 2.568142638279999890e-01 6.278493708650000338e-01 8.053851265409999961e-26
8.503264710510000298e-13 4.479705876969999761e-10 1.752239484959999919e-31 1.159542988510000062e-31 1.506799113190000043e-08 4.700340191400000295e-05 5.708402190329999847e-67 5.043674280779999464e-01 1.469481939019999944e-48 4.955855530030000011e-01
7.907999634979999637e-44 1.745593811630000103e-34 2.866417761680000282e-23 1.185428267690000065e-01 5.835730245439999617e-13 9.960005023750000249e-23 1.286435120659999987e-01 7.528136611639999476e-01 2.202513487130000069e-14 1.264875174070000027e-17
3.047816308570000210e-13 4.238110168099999728e-09 6.318527037290000380e-16 1.526942064970000084e-44 4.051231414360000060e-02 8.655081022140000135e-02 2.570320115859999880e-45 3.735590353050000090e-01 1.252288987290000021e-38 4.993778360919999826e-01
6.087022105690000345e-08 2.500025162660000182e-41 6.133834105610000207e-24 5.689441074640000122e-10 4.975183052140000119e-09 5.501251851359999459e-85 2.602659144839999938e-01 5.133855378130000036e-01 2.263466724819999942e-01 1.808807152060000056e-06
9.658720148519999650e-06 5.040804877600000397e-12 7.008299670199999998e-01 4.420776759639999737e-65 2.351772049829999994e-29 2.130278643580000123e-52 2.341951639990000045e-27 3.901229502799999787e-31 2.226991254819999863e-02 2.768904617069999907e-01
2.407728221779999915e-119 5.848259483630000305e-25 2.191724026370000102e-09 2.342788757630000128e-76 4.331098146979999730e-01 4.478111345460000225e-01 1.968542369789999984e-71 9.739293456910000029e-14 1.190790485649999980e-01 2.705681079939999889e-20
1.197295532440000016e-04 3.178409210259999784e-01 1.788783696680000037e-12 3.359001747179999886e-01 1.923238418500000098e-20 4.946081451289999954e-44 1.205902144819999912e-38 2.924139745609999915e-08 2.956373395760000244e-01 5.050180588369999890e-02
3.494140466399999922e-26 2.047521824209999993e-53 2.967855926600000037e-38 5.657200511630000028e-14 2.296791456390000048e-17 7.287767460900000631e-39 3.953357242039999830e-01 6.046642757939999502e-01 2.562384472690000142e-33 2.116753656479999965e-12
3.793422701310000068e-55 6.257562982609999959e-115 1.230259081319999944e-74 2.667491959050000167e-47 7.734639948089999661e-02 9.515416521009999445e-43 4.857226011399999877e-01 1.469197052690000080e-21 3.460038790490000073e-17 4.369309993789999846e-01
3.095077149880000045e-01 3.536169844239999956e-19 1.282537203559999912e-06 1.355974582350000057e-15 1.620599540949999974e-15 3.443985901270000185e-37 7.637472003609999900e-08 6.904909260999999576e-01 4.173760116220000236e-33 3.252150394509999824e-59
4.818150622030000219e-01 1.528712645759999923e-37 2.232271492130000128e-60 3.065046219259999852e-12 5.730027614550000465e-04 7.312241574380000386e-02 4.444895192880000123e-01 5.607105180359999625e-15 2.432018990909999918e-69 8.047278876750000514e-18
7.858675505530000427e-05 6.260607521019999622e-01 1.312052668400000035e-13 9.496901502449999630e-47 5.506533938029999651e-48 6.625570856930000641e-02 6.266959863180000457e-33 1.503691940110000064e-30 1.521838771009999911e-59 3.076049525740000012e-01
1.558738331060000037e-01 4.060622102259999755e-01 1.290743686060000045e-12 2.286772308049999848e-45 1.932879933999999871e-57 2.290295109070000074e-04 1.357461342219999909e-34 1.109489128789999987e-32 2.632843866999999945e-56 4.378349271559999756e-01
8.449674570559999361e-06 6.163812615420000141e-01 2.582229930109999903e-17 5.961128405509999549e-10 1.537936731100000095e-13 3.809156701159999853e-02 5.432529451119999785e-38 3.455187211749999876e-01 3.354298288880000117e-55 2.832230886109999881e-26
1.673145703689999861e-02 1.761550111820000090e-17 1.345948720369999914e-31 4.395638404939999910e-01 1.448099566530000082e-27 2.918958997060000188e-29 1.043655729259999930e-03 4.753565447960000020e-54 3.003292204390000109e-01 2.423318262999999972e-01
1.659793508680000029e-01 1.681940599049999979e-21 1.056577326479999893e-34 4.878869017629999805e-01 1.517396916210000132e-20 4.860748538920000072e-23 2.371113158539999986e-05 2.244468068119999937e-01 4.738625278419999948e-39 1.216632294259999969e-01
8.323504645460000540e-06 1.993746738899999926e-01 9.955599073009999799e-18 7.996898229309999939e-01 5.739138651929999943e-63 1.152666748180000055e-10 1.948977958509999931e-08 3.005203583499999893e-62 7.442567967929999887e-06 9.197175016259999782e-04
1.435476865990000103e-16 2.119407986809999846e-24 6.366988673939999947e-43 6.010030045109999719e-01 5.540694532969999822e-18 1.537946021619999992e-01 6.007980863660000075e-04 1.618195217029999913e-21 1.159381042429999970e-24 2.446015952410000027e-01
1.078955241179999948e-02 9.072157582320000349e-21 1.310794541900000074e-34 2.152214320439999910e-12 4.307219088370000072e-39 5.771690435770000228e-10 3.461952532870000154e-01 9.049912896630000300e-17 4.036679254180000192e-68 6.430151937220000002e-01
2.044690201260000144e-17 9.398135579370000173e-14 4.101749150219999862e-01 6.581386503359999751e-84 3.696717521230000106e-15 2.155023953780000057e-01 5.832264447550000046e-17 6.138411667350000128e-02 3.578849756770000103e-41 3.129385729260000248e-01
5.870853605850000489e-01 3.456171394520000106e-01 3.184990045989999819e-09 2.784282899420000164e-13 2.900808770549999858e-07 6.146372113259999538e-32 5.641096670539999522e-47 2.232767418900000168e-05 6.621993031009999753e-02 1.054948712719999985e-03
4.691971051500000156e-01 9.032889479589999425e-18 2.908361143600000087e-01 3.765221260100000144e-11 9.520537262700000677e-15 1.353460051249999893e-54 3.666302541539999763e-07 2.399664138220000131e-01 1.648284254259999919e-22 2.447277880779999900e-90
6.491690215380000042e-35 1.014563527770000032e-29 2.175791710200000164e-37 6.486364850670000103e-14 2.459207946950000001e-01 7.540792043680000223e-01 5.198757847020000321e-27 9.369160983589999178e-10 2.487349525669999894e-49 1.151535823390000064e-53
1.280458804269999971e-09 1.162011738159999943e-36 6.314040431239999713e-58 2.103459060379999912e-01 5.819833626879999777e-20 2.539681024319999977e-31 2.525866871329999763e-01 4.674279853820000128e-48 2.265403230550000092e-08 5.370673828950000006e-01
6.517359135760000255e-01 1.159388034269999979e-01 2.145005577599999948e-09 2.323252532950000060e-01 6.243250199220000147e-24 5.807318217029999652e-27 9.149682839559999923e-34 2.755663691870000089e-08 1.268140207420000079e-36 1.716668421460000005e-68
8.846710811750000405e-24 9.517978100689999811e-13 6.036495973000000070e-01 3.859030520239999928e-01 1.345523415999999919e-39 3.568057075049999700e-48 8.065282197650000111e-08 4.527434413780000306e-24 1.044727002220000034e-02 5.544856747780000077e-50
2.181664219900000113e-46 5.186581227769999890e-08 3.491250836320000106e-01 4.935551501870000186e-39 1.529850525009999982e-62 1.891284977329999916e-57 1.673171508079999950e-69 4.192727866089999880e-36 6.508748645020000501e-01 9.487884335039999833e-26
5.061654853559999750e-53 7.025725738009999681e-52 8.472187294329999431e-39 1.289439081479999962e-16 3.159918762430000139e-01 1.277687777490000043e-09 6.840081223230000118e-01 1.559653247750000117e-10 1.814124926029999902e-30 1.529010854920000024e-29
5.759453446169999769e-01 5.204062443379999933e-15 1.911970344449999812e-21 3.733972047079999745e-01 1.117926635370000054e-18 6.724671231270000000e-56 2.653897647499999865e-14 4.738368053060000402e-16 2.722998902860000042e-02 2.342746164659999936e-02
3.994403514999999993e-30 7.801177316509999701e-04 1.698340374929999937e-18 6.412762053240000301e-24 3.884258599920000051e-65 3.985003972130000127e-01 8.935431964089999502e-33 2.260837655630000023e-35 2.021576197529999882e-41 6.007194850560000354e-01
4.199717029189999895e-01 7.118202814070000162e-02 6.012325394450000600e-11 5.279460126479999793e-02 5.593757048849999978e-39 8.435303749089999744e-38 2.845377171870000118e-16 4.400369604339999694e-33 2.947570233580000254e-01 1.612946442569999916e-01
4.856440533139999914e-20 1.305466797120000133e-01 5.242794635859999497e-13 3.021925721889999750e-01 9.752691086399999805e-08 3.294784311110000113e-13 2.185603360549999853e-37 1.099597588829999972e-01 9.144311741190000453e-02 3.658577742770000030e-01
1.235497293340000003e-42 1.716920674990000096e-31 6.783409367899999848e-24 1.430199748280000056e-08 1.204877617410000067e-02 3.731087007650000231e-01 6.147989531590000167e-01 3.949476431709999911e-05 7.669603821489999737e-09 4.053166231550000101e-06
4.211256387370000141e-16 3.746663130450000289e-11 2.520734528130000063e-22 3.842221905479999977e-01 9.061024428649999914e-33 2.542232234749999820e-01 2.415430594009999876e-01 1.321393056160000076e-46 1.469502285289999893e-10 1.200115263910000035e-01
5.798880994349999804e-15 1.594560251330000028e-10 4.216018304299999908e-01 2.000962759659999901e-17 3.326962958250000176e-17 2.898257089559999860e-13 4.745962229519999909e-01 2.199402967869999899e-03 1.799567129479999997e-09 1.016025416909999979e-01
9.631181992819999157e-06 2.144948980029999954e-07 1.035123782309999996e-16 3.875567786590000119e-01 1.333052645479999925e-14 1.601926193779999873e-29 1.624191528859999947e-25 9.486799132059999841e-04 1.156175541279999936e-05 6.114731339950000288e-01
3.227634569499999904e-06 1.354613153169999917e-07 6.812352856829999581e-01 1.310297641860000109e-38 1.145876248360000014e-18 4.691423758330000315e-05 4.358380461960000205e-15 6.959127092069999909e-02 1.151743576120000033e-27 2.491231660630000011e-01
1.394778678559999968e-44 1.731788736969999987e-24 4.429047825970000080e-48 1.635287360899999871e-26 4.944615091499999782e-01 5.055384908500000218e-01 7.007434562790000297e-68 4.912711511860000218e-14 1.883085745440000100e-32 1.386692235629999987e-14
4.179568501350000040e-61 6.366081939570000265e-28 8.607872519289999572e-42 1.179221843349999991e-33 4.943991964769999803e-01 5.056008035229999642e-01 3.059343169280000140e-69 1.136883850630000090e-16 7.685968527419999760e-22 1.954959727750000061e-17
4.225823930389999657e-09 2.510386666140000024e-27 4.500651596540000146e-45 4.735441653879999824e-01 1.064989954099999963e-23 7.190390356979999500e-39 2.623792569750000033e-14 6.172526990359999776e-40 4.065399163189999943e-01 1.199159140680000069e-01
3.630523334699999738e-17 2.829684523609999907e-31 3.570022819509999911e-07 5.416071190219999412e-51 2.812781338720000110e-39 1.743643258010000104e-69 1.988294261070000044e-07 2.080960160729999992e-25 3.481832238809999813e-01 6.518162202870000366e-01
1.395399175689999993e-02 1.052603575909999978e-01 4.470866395219999768e-15 4.480569952389999999e-01 2.998579902700000084e-29 1.688727992560000084e-09 2.102835619510000053e-16 2.613909568759999948e-05 2.439677721700000063e-29 4.327025146280000234e-01
8.786603612640000133e-40 7.114393157510000238e-16 4.204876962190000067e-01 2.469402684680000079e-46 2.379509836660000099e-01 2.956810304989999940e-24 6.150884527789999634e-54 3.181188027619999970e-01 2.344251735369999937e-02 4.332343891009999836e-23
5.076844258779999594e-13 1.163720277060000069e-05 7.046164060949999808e-01 1.644140090150000088e-19 1.797519054230000032e-28 1.412406525039999923e-02 2.808390040289999723e-01 3.710687655669999728e-61 4.088874221969999935e-04 9.847971801230000020e-35
2.046310132290000104e-03 1.495761274440000010e-06 5.617423941979999835e-01 3.307676464339999793e-09 3.479647290269999825e-75 8.020187685500000137e-45 1.767404397450000053e-01 2.316537354159999842e-34 2.592294917629999751e-01 2.398650927910000031e-04
7.653566296060000421e-35 1.440726706109999981e-05 1.512702319869999867e-01 2.558156345770000118e-43 3.495656203289999904e-16 1.870361808129999970e-01 3.542131873290000157e-48 6.616791799329999613e-01 1.137318999149999990e-40 1.796320715840000002e-32
1.433613421830000024e-23 1.115712806910000051e-10 5.615229106150000371e-01 1.646411820970000036e-22 1.838745646699999943e-40 6.581761081870000186e-16 2.820757278380000080e-02 1.667130739450000043e-24 7.035335388669999723e-07 4.102688129570000175e-01
2.955899844069999743e-63 9.582825354519999679e-14 3.978061231399999745e-34 1.232538431449999928e-08 4.475488048299999848e-26 3.821677494210000137e-01 1.480147282890000020e-53 5.591944815450000275e-46 5.790099997050000002e-01 3.882223854889999687e-02
5.153112515840000401e-10 2.571811666719999723e-01 3.563116115020000228e-13 3.115638601960000093e-09 7.688672329210000523e-73 2.828310486169999898e-44 9.639673466580000061e-41 2.107670743580000099e-50 3.549440511299999934e-01 3.878747785660000003e-01
2.709742484369999978e-14 1.597519186050000052e-31 1.670928672959999875e-52 5.395981204090000150e-01 8.643755307420000440e-10 1.616499925579999858e-02 4.442368045389999964e-01 6.983246244709999490e-20 1.725713569739999927e-39 7.493123311160000135e-08
1.506217274069999907e-17 7.016953136839999845e-09 1.178579321710000016e-33 7.063813823900000344e-02 5.483973014239999972e-56 1.792124724870000091e-19 6.944397845999999853e-31 1.531445528600000022e-78 6.846626103459999557e-01 2.446992443980000043e-01
6.815381065389999913e-32 2.725068506270000109e-24 2.145168643090000071e-16 1.440575930500000037e-34 4.006759372769999956e-13 3.468510261909999868e-15 1.427643473729999949e-34 1.000000000000000000e+00 1.277389743690000056e-68 2.129811250040000040e-76
1.955395450930000056e-01 1.521284469269999939e-17 1.195390861819999903e-06 1.178111902179999908e-31 2.803099372160000047e-01 1.198145357149999970e-15 2.077510297140000017e-01 7.483130373629999768e-16 1.818963739330000107e-01 1.345019186530000133e-01
4.523805706420000255e-62 2.186933862670000111e-44 8.527754605659999815e-31 1.669060182830000016e-01 5.225396706870000241e-01 1.861866801660000103e-06 3.105494311340000202e-01 3.018029260720000024e-06 1.484835486820000009e-19 9.073521700270000027e-45
1.963511332629999905e-22 1.216402609830000104e-59 1.493435242419999841e-39 6.699423274149999426e-30 1.992333306910000072e-36 1.285525363599999909e-81 4.888490944030000063e-01 2.677527998140000137e-60 5.111509055970000492e-01 1.360119131079999942e-15
4.302733130310000265e-01 2.746324021920000067e-16 3.719716242300000135e-28 1.078409251339999998e-15 3.769932430070000220e-23 4.018307110859999920e-01 1.678958294590000011e-01 6.086356642079999780e-35 2.400954952480000130e-32 1.464243560710000047e-07
4.518944655110000114e-83 7.944515362969999464e-05 6.038671106789999689e-12 5.765288521110000152e-24 1.000553431250000071e-18 3.972819577400000246e-01 4.252404427129999984e-101 1.065477411479999997e-10 2.689567138899999921e-03 5.999490298549999823e-01
4.123725920010000002e-33 1.171719691899999968e-98 7.717844060069999621e-73 1.488710461359999971e-31 7.107699219319999680e-23 2.080284021439999931e-53 1.000000000000000000e+00 1.493977237499999935e-30 1.397265066950000077e-47 1.495688594449999967e-36
1.446151147820000094e-01 3.591358462070000204e-07 3.338769689150000164e-01 8.024840721379999469e-17 9.124489395340000491e-76 6.628593744559999949e-53 5.014243830119999856e-01 4.895922932340000077e-39 7.479633850919999898e-04 1.933521076989999990e-02
2.964769165710000043e-01 1.775385976530000041e-30 1.995396079009999899e-46 6.945531152989999410e-64 3.218387030610000261e-08 5.056579383309999711e-20 1.707900248250000018e-42 9.713353273310000591e-02 3.055228267249999918e-93 6.063895185119999587e-01
4.807893079080000296e-07 1.047629703279999991e-01 9.626503357790000543e-11 2.829374504290000062e-19 9.669673448910000021e-12 3.800090353050000203e-01 1.164537379440000084e-18 8.843428298030000444e-40 2.136359107859999995e-01 3.015916026859999932e-01
3.155524111420000074e-31 3.235892405249999908e-40 1.008502343420000061e-54 1.216928924879999985e-01 2.578499890230000221e-10 4.426737849819999959e-01 3.232730328689999988e-01 3.755716568289999842e-17 6.665245163080000451e-22 1.123602894029999966e-01
