1.344697402280000018e-22 2.418549383899999961e-01 5.279315155619999630e-34 1.255358456540000070e-02 2.415571140910000025e-01 4.631141399999999868e-23 3.355985793560000152e-01 1.684357835970000106e-01 6.987450109240000125e-31 4.797731129850000308e-27
3.424203673299999751e-01 3.345138052550000185e-01 3.230658274109999839e-01 1.966005960150000188e-12 5.146382835670000019e-14 8.794916133500000783e-37 2.219800371110000097e-46 1.269394693260000086e-12 2.502067954760000136e-16 2.743674602489999919e-42
3.415570541169999919e-01 5.198867787929999800e-12 8.835095936490000579e-02 2.490352708470000125e-27 3.507831385110000144e-01 7.100190748110000527e-04 1.644796820519999887e-47 2.185988289269999996e-01 7.758502984499999576e-26 2.430062449789999943e-18
2.482652966469999996e-24 6.366484748690000519e-20 1.057613907840000044e-36 3.425200045280000008e-03 1.759821970379999989e-01 3.617214322560000084e-01 8.174330746329999675e-02 1.889483428039999968e-01 8.670466534790000541e-31 1.881795203930000104e-01
2.201667786160000084e-01 2.163921159720000043e-01 4.345788095850000032e-01 3.475967209659999833e-16 1.287249598930000072e-01 2.998579277769999968e-20 2.029999224519999906e-47 1.373359342339999876e-04 1.717969358349999973e-17 1.044465047530000020e-30
6.489072258860000084e-04 1.240607978280000023e-01 1.503048952010000097e-08 7.054613288720000541e-02 2.988481515779999875e-01 6.795539446149999602e-32 2.188850720059999901e-15 4.501433150449999920e-01 5.575268039499999689e-02 1.011143021910000058e-11
1.283232189030000054e-213 1.122713115089999936e-01 1.370190548010000030e-35 3.031683790730000177e-47 1.315343617239999874e-01 3.815539812019999778e-05 7.561551217780000389e-01 1.231703909610000103e-47 1.049591266290000103e-06 3.576209676269999815e-54
1.836723815599999967e-31 4.578662671959999632e-03 1.514155167419999892e-01 7.336752744379999846e-61 2.610364934979999849e-06 5.525714561890000542e-01 1.189640959830000095e-16 2.914317540320000011e-01 1.555783692059999898e-16 1.027683128200000054e-30
8.446011541940000311e-02 6.687101595650000233e-06 5.855459621809999682e-02 2.055713339589999855e-02 2.895539935039999799e-10 6.782611689519999774e-12 5.305396159029999656e-03 4.049420461730000032e-01 2.735325403539999867e-01 1.526414848830000004e-01
4.431583290260000221e-42 4.504468386720000272e-01 3.040668414320000026e-04 7.671237417180000705e-55 5.492489462859999616e-01 7.601530721210000368e-16 5.768370763509999934e-24 1.164742089200000038e-23 1.482013616340000092e-07 5.910074029590000407e-50
1.909712702279999963e-45 4.318084882119999833e-49 1.050369243529999910e-12 5.446261584499999644e-51 4.573961242829999963e-39 9.045362798389999792e-02 1.330192596660000030e-17 8.001428487020000174e-51 7.701187806350000553e-01 1.394275913799999933e-01
1.776518627169999944e-23 4.067027363480000143e-45 6.677393260870000244e-05 4.002646378050000089e-55 7.664195983229999862e-05 5.072892101349999461e-01 3.444197737350000009e-37 3.529864496110000001e-29 6.800128990390000056e-05 4.924993726829999807e-01
4.431735433699999939e-26 3.333333327770000021e-01 6.666666672230000534e-01 1.592145380259999882e-42 9.925730377790000422e-29 2.633751539409999793e-35 8.954816112839999951e-69 1.881293696769999908e-41 4.587341965150000053e-17 1.963644383369999828e-89
3.684482483879999992e-01 4.255325224500000059e-01 5.241919628279999686e-16 2.060192291619999949e-01 4.840430887200000175e-65 2.539831163969999963e-24 4.734237798940000070e-23 3.008288963570000133e-14 7.675990119739999817e-40 1.924213888420000056e-49
4.307525330009999973e-12 5.402035114820000287e-05 5.642231337669999514e-01 1.358512078970000058e-48 8.123568818369999581e-13 1.019865987210000040e-02 4.066231763700000264e-31 4.255241860039999935e-01 9.053900529039999479e-17 7.039141806220000313e-19
1.779822913069999957e-01 1.230600448400000005e-15 9.619826924229999546e-29 3.737940586360000150e-01 1.175031586919999954e-01 7.935078840469999959e-98 4.691197250290000004e-25 3.307204913660000134e-01 5.228399443499999627e-21 2.021353929370000002e-21
4.161024139219999873e-75 2.749445097279999972e-01 2.632846493959999842e-44 6.938315110619999466e-60 1.080388680000000014e-13 3.116742788769999994e-01 4.290968182180000013e-12 4.133812113900000029e-01 4.512774061010000121e-66 1.893349234650000103e-59
2.714910143979999968e-01 6.453818966340000296e-01 1.462793499279999932e-03 2.681608946499999877e-23 9.752500554540000697e-19 5.913849045650000348e-54 1.040544043909999988e-22 8.166429546929999950e-02 5.745847201430000295e-15 1.958551430339999970e-39
3.333333334140000104e-01 1.560199467359999970e-28 6.666666665860000451e-01 1.633692868089999945e-41 6.620044527999999975e-26 2.366614259680000028e-14 1.013695355259999964e-104 1.660755268779999826e-30 1.358129607059999888e-25 1.023024624119999968e-26
3.056734919959999945e-31 5.980374007290000238e-01 6.034104077849999925e-05 5.802903957299999604e-07 7.400972628729999476e-29 6.260422771599999787e-12 9.062104169719999900e-32 3.392171528249999754e-73 4.019016779340000012e-01 9.368405815679999441e-51
3.711558327060000204e-07 1.333521411599999928e-02 1.199481406619999910e-07 8.758806017620000027e-39 4.664836435549999938e-01 1.028447974240000003e-23 6.050238111549999703e-56 5.201806512250000125e-01 2.658873841719999919e-36 1.575754219869999864e-48
3.167544071649999737e-01 1.432661696400000116e-04 3.186467890270000065e-25 5.924482533129999950e-01 4.680184092249999759e-21 2.127839859139999889e-28 1.836299514689999892e-11 9.065407333399999601e-02 2.916589675770000089e-32 2.047438512859999986e-23
3.111565745570000035e-09 2.123601996929999902e-01 2.262088607180000061e-03 5.864597723309999713e-16 7.516084248679999513e-15 2.361287485610000207e-28 3.372889880609999946e-01 2.651744337820000075e-01 1.829142867449999876e-01 3.248033882760000248e-14
1.089743757559999891e-19 4.489634886990000203e-46 3.123917523960000181e-12 3.655674042149999992e-19 2.551657073460000124e-14 5.682857568199999624e-18 1.979110938100000028e-14 2.631951181759999816e-47 5.820291264620000016e-01 4.179708735350000093e-01
5.747694886619999899e-12 2.749120021669999780e-13 2.591100012989999988e-17 4.155651741969999813e-02 1.442179556130000046e-04 7.029782723029999985e-65 2.041831198869999975e-01 2.616822912709999882e-21 7.541161447319999489e-01 1.486544173230000028e-13
1.423086162370000071e-18 9.373626662549999766e-02 1.063486498069999946e-03 5.468540996460000085e-44 1.961407047849999826e-30 3.283935269450000276e-11 1.011727777560000041e-01 8.040274690869999574e-01 9.934443607039999308e-19 1.406019211939999861e-29
4.922609255279999929e-01 1.878299658200000060e-17 5.808637145730000026e-16 1.735180373619999983e-17 1.493312247870000091e-54 5.077390744530000388e-01 1.151290785629999989e-41 1.912554902489999967e-11 4.385177528480000046e-42 4.771450402529999710e-20
5.681627655230000079e-21 5.283526084549999885e-23 2.348582411710000045e-17 4.002248172569999873e-01 5.804046077859999699e-18 1.627738910400000072e-01 7.357555926580000602e-18 1.553574728739999964e-40 1.296921227080000127e-01 3.073091689949999927e-01
3.424203730620000163e-01 3.345138106480000095e-01 3.230658162089999896e-01 1.483939991679999926e-26 4.966865869919999778e-12 1.807887046589999909e-37 5.178354393180000267e-45 7.484036768559999964e-11 1.277811604930000035e-13 1.048036041409999972e-38
2.959741678710000046e-01 6.500494640580000150e-01 1.625642797130000088e-03 5.156342723370000005e-22 3.460241285110000030e-03 3.234759617839999876e-56 6.403324886430000237e-43 4.889048398890000202e-02 6.663862628660000335e-15 2.402296941749999950e-40
2.600856994209999921e-10 3.083154110919999806e-36 4.705703301179999798e-01 7.258117884260000444e-29 3.333901848620000052e-01 3.540934129050000295e-02 6.089079329630000039e-43 3.638523499990000323e-33 8.819910411779999238e-03 1.518102330580000103e-01
2.988987994889999874e-39 3.190107428520000052e-37 2.942010536940000166e-22 3.063228268830000207e-28 5.011201727410000516e-32 1.821403351420000094e-01 7.747909116590000478e-01 1.442772686010000029e-48 6.906379073819999626e-04 4.237811529200000149e-02
3.347804413389999789e-01 6.616764200560000253e-01 1.641848162290000020e-03 1.901290429670000025e-03 5.161783828509999844e-43 1.326837368400000016e-11 7.410662872269999814e-43 1.819143618459999911e-25 7.480897382049999792e-23 5.786872091479999588e-44
3.942311463450000053e-01 9.426731119479999504e-03 1.139086657199999951e-07 8.939967650640000263e-03 1.647671648249999984e-12 1.533411683759999984e-02 5.720664905700000302e-01 1.433079732390000067e-06 1.617948380779999916e-12 4.848728746400000249e-10
4.989210365099999833e-48 1.870215381070000071e-01 8.910376213480000406e-30 1.526481734830000126e-45 2.612912704320000168e-35 3.672247169899999896e-03 7.737389601690000118e-01 3.556725455370000205e-02 1.897537225089999905e-47 1.773115993880000096e-46
1.192776954630000026e-27 1.574623662769999988e-01 4.884606957479999956e-01 1.166405586739999915e-50 1.723089631239999864e-01 1.817679570580000015e-01 1.245107010250000043e-25 1.779278392980000032e-08 2.119492044080000115e-19 2.167057666159999990e-40
3.080606049509999871e-18 3.559020714130000096e-01 1.695621678599999889e-04 3.124597086540000001e-63 4.022523981150000205e-01 3.856500215999999939e-10 4.954670985559999845e-45 2.416759679180000009e-01 1.482657181790000015e-31 4.591962728519999976e-48
3.396362102470000255e-01 2.905164390709999798e-13 9.032805613069999628e-02 3.201550600829999845e-44 3.497404889810000195e-01 4.328171582610000081e-04 3.339404026699999743e-48 2.198624274830000003e-01 4.958548853749999751e-25 2.813160668329999700e-17
8.642586619430000256e-25 1.787619921210000089e-32 2.065785855870000132e-01 8.995849077169999549e-48 1.430821831219999989e-36 3.324451954709999879e-01 6.456965462319999765e-29 6.610251418759999749e-40 4.609751198029999886e-01 1.099138353920000060e-06
3.507233374390000113e-31 1.868683734380000096e-13 1.988326217250000116e-15 2.920413456729999968e-01 3.083133322299999996e-12 7.172251386030000448e-08 5.635900275530000281e-01 2.837136289929999872e-44 1.443685550480000024e-01 7.395236355390000315e-16
2.957244486390000065e-07 9.014553902370000483e-28 5.418462854069999723e-01 7.143114319329999508e-20 2.018385842889999979e-14 1.068430744539999959e-06 3.303434741589999789e-13 1.486420460390000054e-27 4.179362220439999942e-02 4.163587282330000194e-01
7.027646228720000332e-01 4.906175708120000085e-30 2.972353771280000223e-01 7.983457757179999935e-40 1.641239507060000174e-89 3.553064310869999922e-38 2.969495295929999801e-81 2.122672121699999997e-54 6.013666947929999785e-26 3.787692058800000288e-48
1.930401698520000098e-01 3.151005437370000273e-01 1.198136779849999986e-09 2.474963527730000001e-01 1.372060524210000076e-01 3.324520287189999686e-67 1.682582275030000071e-07 1.070184103869999959e-01 1.383013740430000130e-04 2.543743380259999955e-22
1.604027981960000045e-27 4.129177009469999827e-13 8.328945481299999982e-14 2.920408051219999801e-01 3.144018126379999847e-46 2.564207872640000115e-08 5.635899813110000212e-01 2.426119338010000020e-44 1.443691879250000032e-01 1.115592765420000062e-14
9.317230574200000490e-08 1.770694838970000018e-01 2.812119239920000176e-03 2.329966805819999875e-01 3.921161162249999977e-51 2.617952422190000239e-01 3.253215790160000065e-01 2.160626531770000050e-17 4.801874074619999642e-06 9.340034971609999955e-16
5.456570423300000300e-04 1.595291303799999985e-12 2.703825092049999979e-03 3.363881537599999749e-01 3.896002192519999784e-37 5.778023159409999554e-01 2.871473836429999911e-15 4.071295753589999664e-28 8.246675001169999353e-02 9.329815177450000478e-05
7.741050448909999639e-03 1.235438146310000013e-11 4.231947725319999964e-01 8.469567195690000399e-20 5.689397383509999795e-01 2.803526647049999956e-07 9.568325931300000725e-15 5.729560322150000236e-06 1.233189386350000007e-05 1.060968493179999982e-04
1.962983503930000019e-41 4.945384226569999967e-45 5.669446662320000099e-12 3.975509658159999838e-43 3.773064023200000194e-28 8.045237852670000800e-03 5.846946523209999978e-06 1.667639269729999946e-46 3.779100721720000111e-01 6.140388430230000472e-01
2.871538466019999958e-01 2.862899870930000140e-06 5.866549035819999813e-02 3.214921100249999867e-14 6.534417909170000209e-09 6.541777936049999465e-01 2.338627718900000065e-59 3.432943548579999715e-21 8.808832702090000151e-25 6.594649355830000267e-32
1.001357395760000072e-71 2.621679315670000118e-05 4.202120788909999930e-24 5.531659084210000545e-26 7.411434516910000017e-11 6.186553301899999635e-01 3.813184529420000080e-01 2.221260507189999854e-30 7.545648091940000353e-13 1.350965029789999975e-33
1.456866963540000038e-10 4.440314294250000127e-05 8.962616144720000401e-11 1.401318787540000086e-17 5.999409158259999542e-01 1.959655506089999942e-22 1.955553959250000106e-07 4.000144852399999951e-01 4.167988759730000065e-15 2.211440082180000112e-20
1.361637290759999973e-35 2.201609065070000028e-59 2.044128863159999995e-81 7.245957879609999930e-01 1.090067443910000061e-07 1.024689983039999903e-34 5.190745914190000171e-02 1.824581788660000074e-15 4.495142232759999846e-45 2.234966438909999908e-01
3.931217105129999889e-01 4.489844884149999937e-01 2.011187593589999985e-12 1.578937915280000104e-01 5.443164008229999633e-38 2.036635993879999886e-10 1.906733340879999896e-22 9.338014852250000327e-09 2.628041671480000174e-34 9.817511843800000603e-34
2.944971819319999740e-01 1.793697051160000056e-01 7.398259752819999881e-05 6.949051652499999785e-06 1.864605602790000051e-09 4.928919395870000125e-39 1.749983538739999971e-03 5.076733154079999586e-10 5.243021953919999589e-01 3.616902708529999974e-16
7.091479169239999506e-08 2.930800663469999961e-05 5.537777723529999641e-01 4.421913393110000201e-01 1.499684381279999904e-35 1.326625068030000019e-06 1.183830175850000016e-33 1.101833121359999931e-56 4.000182790080000252e-03 2.032445313569999809e-28
4.521323995359999848e-01 9.308134105959999740e-10 9.644133164130000435e-03 1.608172292099999966e-11 1.179069951310000031e-01 9.578257755949999868e-17 3.569653380750000271e-01 3.025532725870000092e-02 4.132430612369999631e-03 2.896337527530000108e-02
3.693197003010000107e-34 7.945753888110000441e-08 5.000823703340000481e-01 1.354309667489999992e-49 4.367063993309999725e-01 2.493343603269999897e-04 3.493826348200000288e-21 2.692329637850000072e-32 6.296181651729999829e-02 1.071457022989999946e-26
5.595575990729999977e-02 1.260708147300000084e-05 1.599224675479999844e-02 1.199224753829999928e-11 4.150400467069999901e-10 2.883161057339999742e-14 3.110183108319999868e-04 4.301919705560000029e-01 3.826366030119999762e-01 1.148997939499999954e-01
3.285101035560000095e-28 2.157058943379999982e-01 6.043444776140000085e-01 6.132886321149999783e-43 1.692421366450000011e-98 1.799496280479999932e-01 6.205983559429999616e-81 1.411183866500000020e-96 3.058172593100000150e-30 1.194350371020000069e-107
3.482831420470000050e-01 2.966788544690000014e-24 7.550370054410000060e-08 1.219212474000000053e-14 6.516189447539999513e-01 1.520697313160000023e-07 7.055308572279999988e-34 5.234289353479999843e-06 9.043306199450000320e-18 9.245133712769999649e-05
3.435398670649999990e-10 2.628777319070000024e-47 1.900974419629999990e-51 1.844507922609999996e-15 1.481940021580000014e-62 3.370030500410000074e-01 6.200560661500000206e-09 1.391850168499999955e-04 1.496763499280000104e-76 6.628577583979999854e-01
6.784380204359999815e-40 6.666368223490000133e-01 7.151600506059999961e-30 3.403972003490000218e-38 1.524440343739999924e-27 5.311015752240000201e-05 4.442438949819999855e-18 3.333100674930000173e-01 1.745965798019999945e-49 7.766906791409999544e-45
1.425934691980000015e-10 4.433560121560000122e-01 7.215293689679999622e-02 4.839798120509999912e-01 8.660461031889999520e-42 4.963995667160000107e-11 5.617907473669999872e-14 7.297638755470000460e-38 5.112387047260000088e-04 1.730659557020000041e-32
4.638421083350000218e-07 2.735151819129999981e-06 3.895099127519999760e-01 3.851274339699999882e-01 4.375769601910000060e-14 1.251553749990000075e-01 2.478059318810000027e-36 1.247036326609999964e-41 1.002040792849999973e-01 2.366628620549999980e-19
3.417321298630000004e-01 4.458150909039999985e-29 6.582678701370000551e-01 2.887161183769999995e-37 2.693765606470000058e-53 2.055059332730000130e-32 1.662801103479999983e-107 6.601569620929999628e-51 1.072745178170000011e-23 7.052178664140000101e-44
4.644811045019999751e-01 2.211576560929999997e-10 1.877373103760000047e-03 2.025517865059999877e-03 1.177954804420000001e-01 2.951499162029999996e-14 3.645717813330000001e-01 2.539747730890000096e-02 1.089757080109999995e-04 2.374228951589999956e-02
1.996644664350000107e-41 2.984888425680000124e-01 2.325273323490000116e-12 5.606733041800000037e-21 7.742503880270000160e-23 3.330484302739999958e-01 1.180295742400000042e-01 1.278499713630000037e-30 2.504331529159999903e-01 7.962464126189999285e-24
5.077447976990000500e-01 2.115599901720000054e-14 3.872303478629999855e-15 2.469803338759999994e-10 6.951096454529999826e-50 4.922552020509999848e-01 8.233840725060000137e-16 3.086354676230000146e-12 6.834203843749999830e-42 8.536052584079999635e-21
1.315315603740000107e-41 7.220154685149999916e-69 5.905945654259999707e-93 2.465129978719999952e-24 8.187595925689999506e-07 5.664698893989999819e-71 4.295286868900000110e-02 7.442448220209999521e-01 1.180598617550000025e-50 2.128014905299999981e-01
2.140281866949999925e-78 7.522202684450000065e-01 9.361821458620000411e-37 1.511329430800000100e-66 6.480275377080000318e-07 2.477789316579999956e-01 7.039105854920000205e-10 1.511660742230000008e-07 1.613054918979999905e-53 5.292561197180000315e-65
1.294889963249999972e-75 2.669326976819999926e-46 7.010239171379999762e-112 7.944786174790000586e-20 1.402854659380000091e-01 1.199803666840000025e-37 8.597143222949999997e-01 2.117636923719999933e-07 8.526571873119999337e-55 3.707909581109999742e-12
4.429170449929999674e-28 2.641964483550000117e-33 2.103431725640000083e-01 4.845740181640000220e-46 2.045647974590000112e-03 3.301994642080000042e-01 1.531492686899999935e-31 1.330371659220000038e-45 4.574117128699999868e-01 2.383761827370000057e-09
6.162244596339999658e-01 1.873871440700000052e-37 9.601523905179999686e-06 1.049963363529999920e-08 7.354911054979999937e-04 1.782620894059999927e-28 1.330194792039999907e-59 3.907843252379999793e-39 3.830138566219999929e-01 1.658061585240000159e-05
6.383535313159999889e-47 7.321551244719999279e-49 2.256039235169999944e-12 3.153085641960000033e-49 3.136242476250000038e-38 8.192356873669999484e-02 3.903881798369999930e-18 1.147353853799999984e-51 7.709295458020000158e-01 1.471468854590000097e-01
2.177138466549999873e-01 6.895520442729999527e-11 1.406581390069999993e-01 8.164029887149999842e-20 4.212814571149999798e-01 8.117117169710000475e-05 3.675558991069999979e-08 1.100956544789999936e-01 1.284234025939999975e-05 1.101568524079999944e-01
6.095196584870000097e-56 8.032420792990000189e-08 3.947400459629999775e-19 3.656419433619999797e-32 1.247144531850000009e-02 6.806910292239999849e-63 7.387949635459999629e-32 1.427962110840000112e-66 9.875284743569999746e-01 4.659291265430000037e-60
1.488585656150000094e-06 8.926208301989999635e-32 1.568451512289999912e-06 1.078853067590000017e-46 9.259569834960000495e-26 3.370331371220000038e-01 2.149662419980000063e-23 6.628998611030000321e-01 9.938697527000000415e-30 6.394473754739999466e-05
3.004532823630000247e-17 6.391828667190000143e-18 1.335297821389999931e-17 2.787696808969999940e-01 2.090020698550000013e-04 1.760610465369999978e-31 1.557997162900000010e-01 3.234713083539999833e-10 2.136663501809999977e-01 3.515552502389999723e-01
5.909710800489999733e-08 3.941773857739999779e-50 1.520742526379999960e-11 2.762699282379999810e-07 1.378613063909999992e-01 6.066994200310000347e-34 1.052705665140000028e-60 7.800834473089999536e-57 7.689392776629999648e-01 9.319908056440000255e-02
5.967658911080000297e-38 2.077536922519999878e-08 4.573387155050000154e-21 4.858083793960000230e-01 1.723596866230000038e-03 2.438116487160000012e-01 1.244258063820000010e-01 3.799778584659999686e-24 1.442303877270000034e-01 1.601374292820000000e-07
5.202697460289999715e-05 5.216897041980000192e-28 5.255105033029999761e-01 1.288494549289999882e-19 7.291769234400000318e-29 3.625487490010000040e-08 2.971045024889999784e-26 8.147536464849999790e-27 6.430998541269999924e-02 4.101274480550000101e-01
1.312118244130000000e-01 3.770958561739999881e-01 1.099236106180000031e-07 5.180087525329999626e-16 1.063637557090000049e-32 3.687303361550000047e-01 5.814261790160000186e-03 1.171476115450000022e-01 8.830180999219999770e-29 2.154955474850000013e-20
3.320033226799999744e-58 1.132074510199999961e-21 8.467220422120000584e-24 1.368499551089999943e-11 1.441275707809999993e-41 4.155424959519999906e-01 2.091484174999999959e-04 2.684168269610000127e-78 5.842483556169999481e-01 1.288022629859999961e-15
3.424203747640000017e-01 3.345138122799999891e-01 3.230658129110000054e-01 3.663257934959999762e-13 2.331593092190000103e-12 1.330410709920000000e-36 2.016886659310000111e-45 4.239708976869999991e-11 1.461443598609999950e-14 1.752427045839999879e-41
4.518753034729999774e-05 3.896432856029999892e-01 1.905544016239999796e-09 1.439188332109999940e-10 4.447887620829999849e-26 4.146396337120000219e-01 2.172320665400000073e-29 1.956718911049999954e-01 5.502110861260000181e-30 3.606360903739999873e-25
3.361895572799999954e-01 6.624661161479999949e-01 5.885691721070000337e-04 7.557573988180000223e-04 1.056831342580000043e-42 4.408685184489999830e-13 8.746874907910000081e-44 9.952846695329999762e-27 2.804552379599999845e-22 2.821128116680000173e-43
3.288637702480000091e-01 2.175995271640000203e-06 1.681565901609999997e-02 5.433056999449999789e-21 5.417870424560000220e-151 6.543183947399999756e-01 7.795946768879999730e-20 1.201270017850000007e-22 1.191986351989999965e-29 1.782087436980000158e-33
3.729156179630000158e-27 4.828559279670000193e-05 2.271754998660000142e-03 1.367934043330000070e-48 9.230052702269999848e-08 7.503216445500000582e-08 5.992868514710000261e-01 3.983914943160000166e-01 1.446288545540000106e-06 2.214602772029999994e-18
5.607932721529999697e-70 7.050341610709999336e-36 7.741742910450000641e-30 1.954332577760000055e-22 4.346229952329999816e-16 8.026955434879999851e-01 3.346922342019999913e-02 3.324693048569999758e-61 1.638351446340000073e-01 8.845814979050000453e-08
3.817659909300000031e-40 1.006620898289999982e-09 1.173524941679999936e-20 3.323360782820000137e-01 2.696516712509999802e-01 1.013496719719999967e-01 1.874961004000000042e-01 1.777708402960000067e-37 1.091664770889999997e-01 4.552738092739999736e-16
2.911974568590000034e-01 3.375738593820000158e-06 5.085250216960000152e-02 1.603305240240000018e-16 8.627403653510000393e-11 6.579466651469999539e-01 1.117660678799999943e-57 9.419685327460000170e-22 5.844088681470000342e-25 1.198169275440000106e-31
1.001521247569999938e-48 1.211829295529999957e-76 2.160403680000000043e-108 3.479350550320000167e-30 1.099765891520000047e-04 3.199468292770000091e-79 2.172915973170000126e-01 4.146365703420000146e-03 8.034459634269999598e-51 7.784520603900000335e-01
2.259470457070000063e-23 1.079225011460000020e-44 1.573394539319999995e-04 4.630952420620000224e-58 1.279168066529999908e-06 5.072621012710000210e-01 2.321726119219999962e-39 1.260641487749999939e-30 5.533029548390000111e-08 4.925792247770000021e-01
3.350517724989999779e-01 1.004668347960000095e-34 9.463658424389999324e-02 5.402943020149999653e-23 3.471692945200000047e-01 2.574098652390000236e-04 1.890213818120000138e-49 2.522254927470000158e-24 8.921494789050000611e-08 2.228848496570000060e-01
3.319358742140000040e-01 1.407152811660000062e-33 9.759523179210000121e-02 1.528688557080000052e-22 3.454279267540000253e-01 7.560531063140000228e-05 8.261844107920000015e-50 6.927508731749999801e-24 3.418471499320000282e-08 2.249653277449999988e-01
1.564624625340000075e-01 4.565067361599999994e-70 1.594371941289999990e-25 1.112561523789999951e-01 4.914971373200000046e-49 8.855484949090000508e-73 1.833428900990000174e-43 1.771437222199999913e-53 2.382228337400000110e-09 7.322813827040000056e-01
5.073870492769999574e-01 4.925952491469999805e-01 1.247708149089999971e-17 1.770157292240000102e-05 2.609059206979999956e-59 5.118248228049999706e-25 1.103079156229999936e-18 2.846753462469999901e-12 3.025310553289999982e-38 4.319742191990000173e-41
3.295684851440000158e-89 5.892363419260000512e-01 9.938506601729999961e-37 7.897960964750000392e-31 1.841309705230000093e-01 9.836002581530000000e-12 2.266326875409999941e-01 1.560714322619999937e-29 1.549961711260000035e-19 4.147341067799999791e-52
1.769562097909999909e-01 2.479768068630000110e-14 4.935743035650000132e-25 1.147093203849999996e-14 9.424528717129999900e-02 1.313464202220000081e-64 9.728508499000000516e-36 7.287985030379999785e-01 2.555408134369999907e-40 5.020784337530000487e-35
1.226500695939999933e-24 6.251438817490000133e-02 6.655035923819999875e-15 7.724840383429999735e-03 4.992955641080000229e-01 4.304652073269999990e-01 1.009843384340000023e-12 1.121192465049999929e-23 5.680308213129999651e-12 1.268576619969999994e-23
8.240802310239999897e-12 9.492931944389999821e-02 5.526558104650000262e-40 6.879323917749999850e-01 1.624592835759999888e-23 1.785336939110000040e-54 1.714047471100000049e-18 2.171382887730000100e-01 2.664373442739999900e-49 1.261913678440000068e-51
1.698494553790000058e-06 6.487759023879999709e-05 5.395889763629999614e-01 4.359590865569999973e-01 5.250542774609999738e-56 2.334529998839999978e-03 4.513011480540000289e-14 7.004296048569999728e-52 2.205083099710000022e-02 6.449559097639999966e-24
5.706487098650000094e-27 1.055846489070000034e-04 9.202168680949999373e-24 6.318102428179999720e-29 8.657132135110000583e-55 5.998871971160000260e-01 3.001425308219999866e-01 9.986468741300000285e-02 4.715036496839999920e-51 2.449947947639999898e-38
3.368756354149999854e-01 6.627496993799999458e-01 3.746652047529999740e-04 6.457995371619999692e-16 1.549801590040000016e-40 1.524854121500000029e-13 6.223833262789999755e-43 8.977009450489999892e-26 1.526113921139999883e-20 5.654244375999999635e-41
7.950920392390000268e-07 1.836287831970000016e-31 4.095069131320000112e-42 3.593808371959999895e-05 4.742102959810000073e-01 7.750897521290000074e-72 9.563271018690000525e-15 5.257529706589999519e-01 2.928593531830000084e-34 1.839275116090000125e-10
6.018749164199999823e-77 3.882351516319999843e-53 2.694251073989999905e-126 9.777804845850000093e-19 1.581373878930000024e-28 6.023692806490000242e-67 1.000000000000000000e+00 5.400325243439999968e-23 9.937163437059999170e-59 2.970569108979999713e-26
2.405402346159999927e-01 3.573291257660000170e-12 1.283962483570000035e-01 5.891298909910000032e-21 4.356102393490000058e-01 2.070682060210000085e-03 2.094350752769999838e-06 9.644262632180000683e-02 4.372030086829999858e-06 9.693350291129999852e-02
3.648008394370000269e-32 1.999925448250000197e-12 2.579798805429999779e-22 2.434899920159999843e-12 4.611341869219999778e-01 1.539166252279999866e-26 2.405813884509999945e-01 1.006327544219999997e-07 2.982667376650000035e-01 1.758632528819999879e-05
1.220429528550000020e-28 1.874804018869999992e-33 2.100853942879999936e-01 3.080685055679999837e-46 1.910020155489999902e-03 3.303515695009999753e-01 3.818774920719999874e-32 2.873439458489999894e-46 4.576530147949999794e-01 1.261212069079999951e-09
4.025113354379999862e-54 6.646160312919999506e-04 8.939107299480000271e-18 2.755587164199999798e-09 2.052220537710000015e-01 2.729878375179999750e-60 2.176883229000000136e-27 3.316082507970000140e-62 7.941133274420000276e-01 7.600150153350000283e-60
6.504800340489999773e-29 1.574384446279999961e-01 4.884839350269999936e-01 1.437023436600000069e-81 1.723280554219999983e-01 1.817495544359999937e-01 1.158130223889999952e-27 1.048680808610000065e-08 1.809614111550000119e-19 1.201540585560000035e-40
1.121204465220000023e-04 2.421891198420000058e-01 7.885678290349999697e-07 2.132866257230000007e-01 6.218326722400000255e-16 3.390145302759999812e-01 1.639552762819999898e-01 1.655258568090000063e-08 2.467396808139999884e-02 1.676755422850000066e-02
2.356177966019999959e-01 1.579262417220000103e-01 1.985139312559999877e-10 6.956036861760000404e-05 6.063700143950000454e-01 6.181318187349999675e-55 3.029836925699999860e-38 1.638671339220000104e-05 1.381579139629999954e-14 1.762113574610000027e-32
6.836470487819999770e-06 1.995235434080000014e-04 5.662295959500000114e-02 5.077446043759999820e-16 1.277195812050000061e-08 1.504052897039999924e-10 2.069013085639999821e-06 3.966311355309999898e-01 5.442663961210000290e-01 2.271066804069999789e-03
1.364511706250000047e-14 7.734136001070000566e-11 5.871381330449999998e-03 2.375333439050000074e-32 2.505149445270000164e-01 3.759982768790000041e-01 1.157798902039999973e-02 1.769210824219999978e-01 5.700221103479999850e-03 1.734161046400000128e-01
3.132039873290000273e-17 1.846821012969999912e-56 1.059927299200000072e-24 1.433902605449999986e-06 7.270706911859999844e-01 9.767418277679999813e-34 6.294987973100000311e-38 8.764428331359999689e-41 3.900962179850000238e-08 2.729278359019999822e-01
2.177192013359999928e-02 6.220713168700000441e-10 4.673980974479999828e-01 6.500424574679999789e-07 6.863223968850000467e-02 7.336119120590000328e-10 4.322979372929999786e-01 3.019594812989999984e-03 2.357776351379999979e-03 4.521782874589999612e-03
1.311978661870000095e-34 5.630765773050000478e-01 5.696859795879999884e-06 6.920812878240000143e-20 3.694869624139999856e-28 6.879673959059999758e-14 6.931056041129999863e-32 5.995051297209999925e-73 4.369177258349999926e-01 8.578194654959999833e-52
4.849962573739999838e-01 4.148587738639999967e-02 1.080613171169999916e-05 9.672813707319999536e-07 1.740446571419999866e-01 1.211013761279999932e-29 5.655789494650000333e-09 4.531272949369999820e-07 2.994609758999999816e-01 1.867388615710000170e-12
3.114698947080000099e-16 1.382303274480000084e-18 1.225825280109999913e-03 4.414368349929999856e-58 2.861690060540000163e-03 5.057928866959999770e-01 5.293267532909999797e-34 4.901195979629999755e-01 1.419298080089999916e-20 8.975037847940000252e-14
2.820120362649999958e-52 2.860263490919999763e-01 1.532064666329999991e-34 1.604423852840000109e-01 3.919131411119999874e-04 1.089873828150000033e-31 5.439329065719999967e-01 3.444356734790000277e-26 9.206445910570000210e-03 3.055214522159999835e-30
9.292393435030000225e-05 1.556799416279999939e-06 4.542231112840000029e-01 1.336091341500000018e-15 4.089035007340000027e-01 5.570192499169999537e-26 1.382492908310000037e-38 9.153879375779999111e-22 1.367789072489999924e-01 7.911711666839999620e-22
1.000000000000000000e+00 7.018226010770000492e-67 3.513618766230000186e-25 5.281770824279999856e-40 2.853950291259999984e-76 3.284095128209999853e-58 5.910835110439999921e-115 5.189009827570000109e-39 2.669198198499999856e-57 1.138432890600000049e-33
6.753705038099999669e-01 3.051239416639999757e-01 8.679272230429999669e-09 4.861493931199999639e-03 3.302844172309999915e-111 1.464405191540000054e-02 4.176850303860000121e-25 5.507066387309999697e-37 7.500898790090000051e-34 4.894910767659999909e-45
3.806700546380000184e-43 5.812036929519999388e-70 2.277230811309999934e-97 2.903374495500000001e-23 2.628213103249999955e-06 1.622312666759999896e-73 4.049073756649999856e-02 7.444601258270000521e-01 1.356303687380000094e-50 2.150465083929999910e-01
2.519705922620000260e-01 2.976751411679999793e-01 5.731421888349999463e-04 3.242943072369999791e-01 1.167057493939999968e-01 2.570907148480000012e-05 1.816398975439999934e-24 9.211276159609999521e-18 8.755358585539999711e-03 9.189484911399999616e-11
7.850051001840000625e-03 3.381291166119999934e-12 4.231473694230000193e-01 6.540803253240000075e-09 5.689881631319999578e-01 1.527782877999999944e-06 1.791482265600000169e-15 4.627330417529999601e-09 5.778281270110000190e-06 7.099208170509999735e-06
1.534198076659999965e-01 6.552181784479999941e-10 2.876895687780000044e-01 5.159819743439999495e-01 1.289227311420000055e-15 4.290192453799999972e-02 7.865105925269999799e-44 1.345574603489999935e-36 6.724018676180000327e-06 3.264346841550000114e-16
1.319396646819999963e-01 3.781867427899999745e-01 4.449976577720000344e-09 8.087341956800000557e-14 2.097744496680000104e-10 3.697920139479999868e-01 7.307866409499999959e-17 1.200815739189999981e-01 1.661724133319999862e-27 1.018713514119999972e-19
2.374072405089999918e-21 4.362838296679999935e-22 9.667271850709999812e-23 6.722440379279999591e-27 3.037770527440000034e-11 2.884906460810000142e-31 4.430295906550000273e-01 5.569704083909999826e-01 3.870736638780000183e-17 9.236704132259999869e-10
1.753753249309999984e-01 5.818107048169999918e-06 7.974978900620000033e-02 1.456235436799999984e-03 1.798443272509999968e-01 1.879085321610000075e-08 6.181905639540000366e-17 2.789277797909999745e-01 1.237206918039999992e-01 1.609200148809999953e-01
5.149978753430000111e-01 2.977501125340000005e-32 1.024614983190000016e-25 4.850020853109999752e-01 1.920659758609999939e-08 4.416233512220000109e-72 1.212684683560000085e-28 2.010432094120000080e-08 5.653906490709999718e-22 3.442973087179999834e-11
2.139576039070000145e-34 6.532510190550000484e-01 1.089894177739999915e-33 3.467489801229999835e-01 8.221662481559999774e-10 8.036125396760000338e-51 1.430354307439999904e-15 1.049600875100000014e-26 1.100674067120000035e-15 2.094730833960000042e-49
4.884046476330000421e-06 1.128800482950000061e-26 5.263332195090000276e-01 2.792636186949999886e-18 7.416943483629999803e-15 6.911970576720000079e-06 3.504010909999999930e-12 1.266799299580000090e-24 6.321451524540000477e-02 4.104404692249999931e-01
1.187450709370000003e-99 4.965514745210000136e-01 2.090030686939999920e-43 1.043765626710000003e-81 3.522196052730000059e-24 4.902257724669999983e-01 5.643250489529999807e-05 1.316632050739999921e-02 3.158166980440000060e-66 1.873016824739999827e-68
5.343044263669999912e-49 3.856502232649999757e-05 2.325409861300000183e-34 5.605177503749999821e-40 4.538116018589999727e-19 6.813429249139999477e-01 1.482734231419999932e-16 3.186185100639999934e-01 2.754807629760000048e-61 2.867013693589999993e-47
4.822184634140000279e-05 2.288709349870000076e-01 3.489733012830000090e-06 2.220999092519999885e-01 1.316339271430000004e-17 3.457463517289999788e-01 1.687915617680000036e-01 8.933901584009999808e-07 3.396257838600000301e-02 4.760589084810000243e-04
1.237763829259999977e-16 1.309975319529999967e-26 1.391732926590000010e-13 3.680018845119999993e-01 5.778055622600000034e-24 2.266593585199999997e-02 2.030060716160000112e-01 2.375999755770000096e-45 1.176598744520000045e-01 2.886662335669999968e-01
7.785765082860000158e-03 1.124389378220000080e-11 4.231824375109999870e-01 3.561192128210000100e-20 5.689678898629999537e-01 2.060207759450000038e-07 2.421953294429999877e-17 6.805040129590000428e-08 2.519449141779999851e-06 6.111401193299999626e-05
3.749665279730000078e-01 4.431704672410000101e-01 1.969158799240000121e-11 1.818629987189999964e-01 4.027158810869999958e-38 8.961652876549999623e-10 8.766563161130000467e-24 5.150847097269999740e-09 4.044766910550000175e-33 6.103001406310000442e-35
3.769746370250000032e-06 1.762937793060000019e-30 5.636372285449999797e-01 2.887626516899999997e-21 3.837331515170000138e-52 2.415942364719999861e-08 1.316123946469999979e-12 9.287223035959999696e-28 1.112394577320000022e-02 4.252350317740000163e-01
6.305173548650000459e-01 4.029726115499999687e-42 2.803435745900000007e-08 1.447750119929999994e-04 1.343704537629999930e-34 1.150147893350000092e-46 3.131244428539999935e-35 2.608489665409999991e-55 3.693378179510000137e-01 2.413742945020000078e-08
5.342673463830000072e-12 4.831335889619999824e-01 1.997471209960000049e-02 3.673180412659999972e-36 1.041196692919999909e-06 9.373615224899999660e-21 2.217417880689999882e-13 4.968906577359999965e-01 1.893445359120000051e-16 6.971546669569999847e-33
3.637553733650000232e-01 1.026918972389999957e-05 7.073442904599999692e-02 3.906409520529999790e-01 4.641004840079999838e-14 2.483092262200000071e-44 1.193042243479999927e-16 2.727139004809999851e-17 1.748589763470000114e-01 5.459720473599999643e-24
1.319285066310000032e-01 3.781812360640000037e-01 1.650239613259999858e-08 1.820659934810000077e-05 5.988012625880000486e-44 3.697945242819999923e-01 9.066308532259999782e-17 1.200775099209999974e-01 4.354497751690000060e-29 2.297471198560000152e-22
1.855267484969999997e-07 3.339997226429999763e-05 5.508807833219999672e-01 4.408374223140000270e-01 1.054824367439999990e-35 7.954876500129999637e-05 8.277276589959999492e-33 1.443759593169999984e-54 8.168660100150000603e-03 7.995523459979999823e-27
9.280313477690000391e-15 5.688322925430000235e-26 6.384524365809999810e-13 9.968607664699999507e-46 2.852943896310000116e-01 9.770422259029999668e-02 5.823328243629999872e-24 3.084978002839999789e-01 4.332388595340000181e-19 3.085035874950000090e-01
2.069048364710000028e-03 1.032291967089999934e-12 4.643646027709999848e-04 3.342297673610000186e-01 2.358883851079999956e-36 5.776609488580000118e-01 6.527554232630000100e-15 1.719520158530000079e-26 8.552642021749999601e-02 4.945059417810000106e-05
9.848251086910000027e-08 2.816414139219999835e-01 2.675488904279999902e-04 4.682734572000000304e-30 9.788046234559999448e-02 6.366708430240000509e-23 8.169531592329999707e-25 6.202104763600000403e-01 2.901404773169999959e-21 2.453360402789999861e-35
3.022164328630000266e-45 1.669539663050000067e-01 4.797463308169999916e-31 6.308015953970000367e-02 1.556888626450000040e-35 1.760217740759999868e-48 7.689514808390000011e-01 5.542958247240000272e-43 1.014393315810000048e-03 1.666534375640000011e-46
4.456703990790000045e-28 1.879341649140000063e-67 7.839311631459999447e-70 1.096710183720000070e-65 2.086331116389999947e-36 6.617529783110000235e-59 2.592439340509999983e-36 1.000000000000000000e+00 4.181258124480000060e-118 4.356868831239999998e-25
6.325643162209999987e-17 1.235104050960000054e-60 1.711438075650000102e-50 5.243791428499999796e-01 5.998514844980000234e-68 4.050142537350000065e-25 1.815038565530000013e-15 1.471172255400000039e-37 6.150449633199999814e-30 4.756208571500000204e-01
2.120313775780000002e-53 2.266782988570000028e-54 6.475243825640000073e-16 5.899956803380000051e-53 8.688718700250000135e-03 9.637340680519999869e-02 2.001164382370000113e-27 4.282654736709999810e-55 3.059243729460000005e-01 5.890135015480000291e-01
9.553456635250000273e-02 3.601895408820000033e-01 2.310738440120000067e-08 5.884427058930000176e-02 1.395126162039999974e-13 3.802860077760000235e-01 3.409556719120000066e-18 1.051455912920000041e-01 1.397854321669999924e-27 1.117406563660000023e-19
7.870997216109999661e-20 6.929207380370000296e-43 3.650463121959999706e-61 4.175454964709999772e-01 5.303656298889999898e-02 3.475437904570000054e-118 3.440314977649999717e-02 3.485380546330000273e-01 1.038249618449999945e-19 1.464767361310000127e-01
4.328367752619999807e-03 2.275700221269999984e-26 6.687151659950000212e-18 4.079885558019999969e-01 9.603268007350000690e-03 9.027337912740000081e-81 2.320490352160000154e-12 1.583797938039999947e-21 5.774953287059999552e-01 5.844797294790000453e-04
2.695197961349999897e-127 2.577189869729999971e-01 2.120246559340000018e-44 3.750445995699999779e-19 3.292896606519999936e-01 4.393544944239999994e-23 4.129910207670000055e-01 2.947818212619999946e-60 3.316077060429999777e-07 2.012965394370000191e-62
2.645196998139999937e-68 1.954920914489999986e-36 9.269335279680000189e-29 1.309544431810000061e-22 6.957184180010000207e-16 8.022590331090000415e-01 3.637756166679999986e-02 2.927245245219999834e-64 1.613627589230000048e-01 6.463018647590000146e-07
1.453568770430000120e-13 6.199212148749999748e-27 4.315966278530000238e-13 1.627035763089999948e-26 2.852943864490000148e-01 9.770423514369999674e-02 3.292076849970000162e-22 3.084977937139999904e-01 3.316928733770000073e-19 3.085035846929999881e-01
