8.789543305869999823e-02 2.218218959280000013e-01 3.261140781650000123e-25 1.768975277590000141e-23 2.585750627349999942e-23 3.726446120159999752e-27 5.220085792129999791e-02 6.380818130919999609e-01 4.059933934729999892e-54 3.451102166139999737e-27
7.932542718489999890e-25 3.917628792499999984e-19 5.629994227390000550e-01 4.370005772560000001e-01 6.226258913300000431e-28 3.508298997860000082e-14 5.217623938539999873e-12 1.097501824750000053e-33 6.256819828520000529e-33 1.926509532880000068e-53
3.757187800660000132e-01 2.841012966809999986e-21 2.836371394020000079e-03 9.252029391319999075e-22 3.571016305600000080e-66 1.010982646909999932e-34 6.214448485400000388e-01 8.317050888760000141e-29 6.362039518390000053e-19 3.344465578439999777e-33
3.679517304239999786e-01 1.611080861730000108e-10 5.513777865779999926e-28 7.776093018480000665e-30 4.809876740130000347e-21 8.056046075899999587e-32 2.205801305369999914e-07 6.320480488349999870e-01 3.577822936670000168e-28 6.854956035219999688e-16
7.177988056250000303e-07 5.391687214600000139e-03 6.364778071079999489e-01 4.653644265219999860e-13 2.421254431380000013e-65 7.347906898250000379e-28 3.581297878779999833e-01 9.521456082410000336e-35 2.720329090160000154e-67 3.164105438880000305e-30
2.274737499150000170e-21 2.674774484500000193e-16 2.688491668590000029e-20 2.380142157760000137e-28 2.382701372589999914e-17 3.935270413729999861e-01 1.236699269740000017e-14 3.510211317560000266e-01 4.296720990399999733e-20 2.554518268709999873e-01
6.696177276029999897e-13 8.347209593920000207e-35 8.911644156949999644e-30 1.228016591710000066e-34 5.730625530109999533e-01 6.098216867990000454e-19 1.041751858189999946e-35 1.419690005299999953e-07 4.265108936759999803e-01 4.264113434019999992e-04
1.867888834269999990e-14 1.242456949600000085e-33 3.831202320250000071e-01 8.366192185829999716e-07 1.363646919659999908e-15 2.617306870110000169e-02 2.513757098780000088e-01 2.679145738839999930e-07 3.393298848610000196e-01 3.043358810489999951e-41
1.191618334329999941e-28 2.052759079759999827e-02 2.019905469529999887e-17 3.095754952389999943e-07 2.527931843870000124e-18 4.927109961869999832e-01 4.867170020150000109e-01 4.410142471239999774e-05 9.060936817189999462e-62 9.718536219990000201e-26
5.234828644369999644e-06 2.547533663510000021e-20 2.183834895120000119e-01 4.904736793340000486e-07 8.017357215250000671e-09 2.339123598629999912e-01 3.499811247660000180e-01 7.908272966770000037e-03 1.898090195730000040e-01 5.139308623880000147e-30
5.363654981799999693e-28 8.219683513169999526e-18 2.978151061870000227e-01 2.474208480610000094e-01 5.156858139279999701e-05 1.410919866869999872e-01 1.737349849949999924e-30 8.094328205710000172e-44 3.134684763339999902e-01 1.520141491509999936e-04
5.857998279489999849e-01 3.342648819050000015e-12 2.180786206519999968e-06 2.058328715679999926e-29 7.206132258599999985e-35 2.600951817509999930e-01 5.909485416620000042e-02 7.520727464410000528e-04 9.425587042470000287e-02 1.217244329140000047e-08
1.776105015210000154e-36 5.080886560580000113e-26 7.669262494249999840e-01 2.330737505749999883e-01 7.953035428700000062e-44 1.325532206970000004e-20 4.960982286809999523e-16 7.676599120340000061e-59 1.222273476900000005e-60 1.131773818630000055e-81
4.037869260600000159e-11 5.004641371119999960e-01 3.947547695760000213e-04 4.991410959600000030e-01 1.211699299710000039e-08 1.816276098679999949e-16 5.199499088349999657e-13 1.936495601340000129e-14 3.962569922140000174e-46 1.168372809610000041e-37
2.048061456539999914e-10 1.278090992070000052e-15 3.150539119720000003e-01 1.523917466479999837e-64 2.981970324280000232e-63 1.996698598349999909e-01 4.556846536990000195e-41 4.405934310670000297e-28 9.732640235320000385e-12 4.852762279780000187e-01
1.244981243990000052e-36 9.548348777119999853e-02 1.195294880659999934e-23 1.261739754139999947e-01 8.413951221089999820e-09 2.345828777029999868e-01 3.061853374549999840e-01 2.375743132429999904e-01 2.065784426180000040e-59 1.074994753630000042e-26
3.753385132359999821e-01 1.988247781779999916e-22 1.207847320729999934e-16 1.879668549750000058e-55 2.686696577409999868e-24 1.569843315230000001e-13 6.700222911110000062e-24 4.766308461339999747e-01 5.035447282230000245e-10 1.480306401260000071e-01
1.607923005319999970e-31 8.885620807420000102e-16 2.443089140559999983e-01 2.403217043239999906e-01 6.109469612349999780e-19 5.153693816200000111e-01 1.883828142830000120e-13 4.458014434360000097e-26 3.954127013740000233e-33 3.625956913580000113e-45
3.043661480570000188e-01 1.258600955790000007e-03 6.943752509870000367e-01 2.240761158490000035e-46 6.493721097489999484e-157 4.418116744750000036e-44 6.947633601370000191e-22 1.244715711819999884e-69 2.509638268300000072e-59 6.066293256430000282e-23
1.714452982959999983e-01 6.391761027059999622e-05 2.594539032009999802e-01 4.329276554450000036e-01 9.309976286269999865e-04 2.595332656140000126e-37 4.065957655519999757e-27 3.924703689349999937e-38 1.940248440100000002e-20 1.351782278189999909e-01
1.700468137510000033e-01 2.611507115539999782e-19 1.536552165379999994e-05 1.224047611589999916e-22 6.320860068099999883e-28 6.341108714480000352e-09 4.319520712459999912e-01 1.279665618449999931e-01 2.700191812580000073e-01 3.732462810350000108e-11
2.813608558800000097e-14 4.056373042740000212e-01 1.359213811439999918e-30 5.182539273419999834e-05 1.603869637599999933e-04 3.988856366779999973e-30 2.227389430800000126e-05 1.006810376129999958e-07 8.976165659080000020e-24 5.941281087940000205e-01
8.903454449329999751e-59 2.695036761349999930e-44 4.889015903959999913e-13 1.667784370890000034e-01 2.309455107320000089e-01 4.340158082410000007e-01 4.888069948060000114e-27 3.034370923979999830e-33 1.682602439379999870e-01 1.899704178030000106e-14
3.222059934350000115e-06 2.358432956410000226e-16 1.426464752790000123e-01 3.881947651429999979e-01 1.229379118250000059e-27 5.833231826160000442e-23 2.663294409549999964e-01 4.428223928000000208e-38 2.028260965639999969e-01 1.601913754890000131e-36
2.217915357469999949e-26 1.262954442580000003e-12 2.342982675440000162e-02 4.573348262640000161e-01 6.616627803359999814e-05 4.966449686780000095e-01 2.270473148940000124e-25 2.177654327749999990e-37 2.252249857119999893e-02 1.713454013020000068e-06
8.804917879639999793e-44 2.123865204930000086e-50 1.821978577420000076e-25 4.468126540929999835e-09 2.572118426030000253e-07 3.872973692280000102e-01 6.667895395880000294e-05 3.394092358140000099e-01 2.732264543240000010e-01 3.509690117479999872e-52
3.460973405660000002e-01 1.253424476370000040e-01 6.574702265620000107e-09 1.595793466229999945e-41 1.466269059619999980e-30 4.224856409299999882e-13 1.108168306339999942e-30 1.712150452570000148e-11 3.360020707820000088e-22 5.285602052040000443e-01
2.938704051849999999e-07 2.854765766399999793e-01 2.528027246120000213e-22 7.800591151099999564e-11 3.433081421829999862e-11 9.033701386749999685e-32 2.197158239869999927e-13 3.958068481440000028e-16 1.600108412170000032e-24 7.145231293770000214e-01
8.660120060360000419e-18 3.491161575400000034e-15 5.473518880400000119e-01 9.876991303069999404e-14 8.087984247819999893e-13 1.767505061740000105e-01 5.327624445800000376e-31 2.398834340590000024e-21 2.758976057729999876e-01 1.219093147119999939e-11
2.570970725059999879e-22 2.853526912040000115e-19 3.907921232270000211e-01 2.475360159130000071e-01 4.997817555249999736e-07 3.616713610510000065e-01 4.011092277229999820e-14 2.824064487030000106e-14 2.650683450199999895e-11 4.614896646880000161e-22
6.178051083750000227e-01 7.857599681660000176e-10 9.211501078330000536e-02 1.267666402850000081e-22 1.129209398200000081e-64 2.555493797359999926e-19 2.900798800559999946e-01 2.875083881029999918e-27 4.014563056470000133e-19 1.004584898790000050e-29
4.204354748079999928e-16 4.286576543230000301e-24 5.965128662209999745e-38 1.578705243230000082e-38 5.730363246940000099e-01 7.779672964240000277e-16 7.779277518350000464e-38 2.184199573460000112e-05 4.267019031320000155e-01 2.399301786459999994e-04
2.714699149359999951e-04 3.235989486529999848e-01 4.178782442610000092e-01 2.569160200469999822e-01 1.335317121500000093e-03 1.556379436059999880e-17 3.380203483560000036e-15 2.351219234180000061e-12 2.330186520379999887e-29 2.907398015299999718e-20
3.388035977780000096e-01 3.776325710799999930e-02 4.495164051929999722e-06 4.630918461760000187e-09 3.164969262749999790e-01 1.005638310210000016e-06 7.469325599439999539e-11 3.068582548739999805e-01 7.245845776480000033e-05 5.147560689719999678e-25
2.515528395269999812e-21 1.452372576189999899e-23 3.574434279390000206e-21 1.930373750199999975e-23 2.100197717629999905e-01 1.898131734690000072e-01 7.340963338769999993e-25 6.001670547680000301e-01 6.727887600720000249e-18 7.161652071280000373e-32
3.645017090980000220e-10 1.026851651919999973e-38 6.382960813620000007e-01 3.549539260640000020e-10 3.748564778830000131e-47 1.988252870479999935e-29 3.617039179150000061e-01 7.321876624290000476e-35 3.525642559249999876e-12 4.010787698479999709e-70
3.172354077980000242e-01 1.365959131469999980e-19 6.223064889530000032e-02 1.247995195060000031e-23 1.398041408540000040e-26 8.119948627999999755e-04 3.098165657629999847e-01 9.586452874199999363e-02 2.140405680320000004e-01 2.859078715080000197e-07
5.276375501150000202e-01 8.025639958410000158e-16 1.738332272519999997e-06 4.230643087539999826e-30 3.637325865640000027e-43 1.553192081270000071e-10 7.396512829170000074e-03 2.789996029640000165e-06 4.649614085720000234e-01 3.373055360150000192e-13
2.834546937989999885e-39 1.719880532219999876e-39 5.523627274060000092e-01 8.865593792430000445e-19 4.184337404659999733e-30 3.540452895429999840e-14 1.493892673090000125e-63 3.455990077939999846e-95 4.476372723409999810e-01 2.528743853699999749e-10
1.442969853059999918e-01 3.050501023009999982e-09 1.688931240650000001e-22 3.051002571220000070e-01 2.806337630049999810e-01 1.804235472590000144e-42 2.699689908530000237e-01 6.636558640090000378e-10 2.633473430640000091e-23 1.798175357109999894e-29
1.089402647319999963e-07 6.097492887150000067e-25 3.042103832129999796e-01 2.341426607400000082e-01 9.825456837330000172e-42 9.757841360749999888e-37 1.940414215019999888e-01 7.602052441899999758e-54 2.676054256050000024e-01 8.010517677850000133e-42
8.785933998280000450e-22 1.041980356420000054e-07 5.629993759650000484e-01 4.370005069099999750e-01 3.213260184639999947e-25 9.665084069090000430e-09 3.261589163859999953e-09 1.851802207110000042e-27 5.320368722220000166e-25 1.075066402509999948e-45
2.272145898760000199e-50 3.220091601480000131e-37 5.858416170919999709e-15 7.048091200320000249e-01 1.390656021530000119e-01 8.301185499309999584e-05 9.268209945229999764e-22 9.268644762709999741e-25 1.560422659590000038e-01 3.750037840259999864e-16
2.311108631959999782e-19 7.059584772079999422e-05 1.575149810930000071e-11 3.168049827100000160e-01 6.831244214180000052e-01 8.184494346280000039e-12 5.135921803190000264e-20 1.952365780719999983e-22 8.866737748399999298e-34 1.183199793939999925e-15
3.314517506790000009e-21 4.328374199189999882e-01 1.801104439890000068e-10 6.934500685999999987e-04 4.530542311649999876e-01 1.134136219380000032e-01 4.488344356100000153e-15 1.276728674549999912e-06 6.809074068719999611e-53 7.972381909680000027e-35
3.472259447029999932e-03 2.312248656919999867e-01 2.520906646709999976e-01 6.481781070899999840e-19 1.940329115230000068e-01 1.230123778490000014e-01 4.231512780469999919e-40 1.772287727920000074e-10 1.011970811849999950e-07 1.961668194429999901e-01
1.204147350210000023e-01 1.113232501740000001e-06 1.113203063989999936e-01 2.279758202989999960e-05 7.755396927199999512e-09 1.988900158309999944e-01 1.358080035010000020e-01 3.530188330720000073e-02 3.982411373709999758e-01 1.157732197870000008e-27
5.416198984409999788e-25 4.170915094239999824e-25 8.365739944059999650e-17 4.601802147340000038e-01 1.020048371360000013e-06 1.028339696760000012e-07 7.903846756960000719e-03 3.694751300020000087e-14 5.319148156270000483e-01 3.874977565400000170e-29
1.000000000000000000e+00 1.076984480770000023e-20 1.234048280079999980e-18 1.909015596190000062e-77 3.374291730239999940e-131 9.826464241210000606e-81 1.929829550600000111e-38 2.482123437109999884e-62 9.228781384660000235e-52 1.547480744760000061e-36
4.275797287790000234e-01 1.326638458180000087e-13 6.783148846669999343e-02 2.186346891999999889e-09 2.964381742430000077e-01 1.914128577739999905e-03 1.340245457399999890e-10 2.062362845319999916e-01 1.930803848799999948e-07 6.797977509879999592e-22
2.780956354570000101e-16 6.068446131869999644e-15 3.635894177789999876e-17 3.273774913559999833e-18 1.120818685730000084e-21 3.836026464630000032e-03 6.336962894780000521e-01 3.624676840569999725e-01 9.138322546120000531e-25 2.706949681809999749e-29
5.281372530749999898e-17 8.162616896970000239e-19 4.073694702169999834e-99 1.023870620080000010e-13 1.092138295300000006e-01 2.271852130109999896e-101 7.011796026859999920e-01 1.896065677840000074e-01 9.693285907690000246e-50 4.439799265249999997e-16
2.069298536619999799e-09 9.988945007170000334e-01 2.869724590039999835e-09 1.141009120490000036e-10 2.071235514720000177e-40 6.188121342220000257e-34 1.105494229880000069e-03 3.175156672129999988e-25 1.447150625510000063e-80 1.805411483679999836e-36
5.662294171619999568e-23 3.610146679630000122e-03 2.866244895260000036e-01 1.607542124739999925e-02 1.841634164660000025e-17 6.936899425470000047e-01 5.451475362179999986e-16 8.023364922519999858e-27 6.477744445629999564e-32 2.091017770939999871e-38
5.903090191510000191e-07 5.626164353799999462e-01 4.122336830409999986e-01 8.818210147320000767e-06 2.514047175520000080e-02 1.303935945810000047e-09 6.210852795900000165e-29 3.180508834429999996e-17 4.826727576779999880e-17 8.494692975920000201e-17
1.090956815820000060e-06 2.530007982999999838e-08 2.418848000199999983e-05 4.454032933460000019e-05 1.546208303789999840e-11 5.308472700549999868e-01 3.860689169090000261e-01 3.616782261140000058e-03 7.939718569350000255e-02 4.396776257759999754e-35
3.793525130569999663e-09 1.168726517829999963e-35 3.043918989009999909e-01 3.611341291989999727e-21 1.720948127450000135e-55 6.233455340639999821e-40 4.946953579129999910e-31 1.288155538920000052e-82 6.956080973049999505e-01 1.392113349739999897e-26
9.580518191930000344e-31 4.693756319240000205e-15 4.149275297290000085e-14 2.536631133229999996e-07 4.061197361269999791e-13 4.441572045569999738e-01 6.297227653779999684e-08 2.089280288320000054e-16 3.928888545930000163e-03 5.519135902609999533e-01
3.022096982820000055e-01 3.281852830179999864e-03 6.945084488870000294e-01 9.709303052350000386e-48 8.715707634929999666e-56 6.551090900189999586e-45 7.161799122759999351e-77 1.026150289519999967e-69 1.618933550769999996e-53 3.522288215130000193e-22
2.605624776020000199e-01 3.864997729839999982e-15 2.477039191240000017e-08 1.227041039960000068e-19 9.103398496089999793e-44 1.802030113370000019e-26 7.394374976269999511e-01 1.481131977970000081e-15 1.243420350440000047e-21 1.713899815150000132e-27
1.449339838829999949e-01 4.593564473690000012e-14 4.064001077399999968e-39 1.961372120670000100e-20 9.073920235690000490e-13 3.912093547449999817e-43 3.029786785840000163e-01 1.153518726389999999e-01 5.010190014059999995e-03 4.317252748789999761e-01
6.080747011369999866e-05 5.528869869169999920e-04 5.484133473170000325e-08 3.908172607039999975e-37 1.260724036209999986e-17 1.876244382739999939e-02 6.803040426910000396e-27 3.478507987660000023e-01 2.210267951150000036e-32 6.327730081079999680e-01
7.992458268959999421e-23 6.289271756719999606e-01 1.688356977740000021e-09 3.710565138859999723e-01 1.630867988410000124e-05 7.374418739430000416e-11 2.065113011949999972e-17 4.582238630309999926e-18 4.145415939550000076e-72 8.653346404639999456e-54
4.480349668560000276e-01 5.519647585470000006e-01 2.745970407879999852e-07 1.893471087180000143e-42 2.732881629459999807e-56 2.937867433030000153e-33 3.197396537139999744e-38 1.960723057510000053e-42 3.593790505680000143e-60 2.450482703989999925e-14
2.707255135139999919e-14 5.582052080589999919e-11 7.851859046800000463e-01 2.148138454980000056e-01 2.207627691710000090e-17 5.034577911450000182e-12 6.774674452920000063e-12 1.987273860129999898e-21 2.497537290499999815e-07 6.862005240480000182e-24
3.842229008660000318e-30 6.107003534459999696e-60 1.141867493240000109e-25 5.890219036480000003e-01 1.271844879709999998e-24 1.118917661239999888e-47 4.106336103689999795e-01 3.815443020250000168e-35 3.444859827929999826e-04 8.309098801499999380e-58
9.261247998290000620e-11 4.891079882570000110e-08 9.780588813599999116e-10 3.087273535089999991e-56 3.372349597440000039e-08 5.500930688899999810e-01 3.467699284560000193e-89 5.231613364699999561e-16 1.007416377699999927e-18 4.499068474049999766e-01
6.340637757020000098e-01 5.908095015969999989e-03 3.514935869180000174e-04 3.589225367319999749e-01 4.107481685309999922e-05 7.465445760140000235e-14 7.038134285150000327e-04 9.079683843240000449e-06 1.310337701059999993e-07 1.209944555719999964e-36
4.602264361449999849e-48 1.909910605729999953e-54 4.916763653089999577e-63 1.712545887450000084e-14 1.026588923210000002e-05 4.948702144849999810e-23 2.725144820950000102e-01 3.240928565510000081e-01 4.033823954649999877e-01 4.264840652860000043e-14
3.836185367930000090e-01 2.363072136980000024e-18 2.197609425819999907e-01 1.455326829770000015e-12 1.269053976510000070e-01 1.741063618359999904e-06 1.252503831189999926e-13 1.966549411940000103e-01 7.305844071389999694e-02 1.190167786159999919e-16
1.890809688450000019e-19 1.691828377860000037e-25 7.598723792450000326e-54 9.028582675829999793e-23 3.318575332579999926e-01 2.232655636349999843e-27 8.016029512890000074e-11 6.156133565429999788e-01 5.325527728370000183e-12 5.252911011280000236e-02
6.663691021409999919e-07 1.119491372489999967e-39 5.523622572230000305e-01 7.924452624590000210e-14 7.602387447320000090e-68 1.117972060019999934e-62 4.262021571179999953e-17 2.882848356789999808e-103 4.476370764070000119e-01 7.670893254910000793e-37
6.921084434900000217e-06 4.837692291430000235e-01 3.952198286790000181e-01 1.290701939699999915e-07 2.956769805250000033e-33 3.223206974459999896e-09 1.210038888000000007e-01 1.071279478519999932e-17 5.480747218849999855e-21 1.276307696180000087e-13
4.736089530800000368e-28 1.968052304839999896e-17 2.979851914500000198e-01 2.473455953929999951e-01 5.047219914650000194e-04 1.404939409750000090e-01 3.729177094069999962e-31 2.838289322340000105e-41 3.135986586380000163e-01 7.189155338279999902e-05
2.397816496259999874e-01 9.812986726670000590e-05 1.148599566480000008e-07 2.075206020830000065e-24 2.503271267900000080e-27 3.352903703590000006e-01 3.438997235630000260e-01 8.092812218190000018e-02 1.889532380520000101e-06 1.051317717590000060e-11
4.222555782620000255e-23 2.519719756130000071e-14 3.376466955030000272e-01 1.984398537010000074e-01 6.784805632109999762e-02 8.069598033470000431e-02 7.866838991180000123e-31 1.461787459059999957e-37 2.494167504700000038e-01 6.595266366980000183e-02
1.351621112949999927e-10 7.345280021019999560e-22 2.182304280320000032e-09 9.532831273509999897e-25 1.465259548779999893e-28 2.393422851770000137e-01 7.004349737160000533e-01 6.020160654029999697e-02 2.113224875039999850e-05 2.002415147850000116e-18
1.161933843150000044e-31 2.861508675929999957e-10 7.701007651450000046e-24 2.982475834750000221e-01 2.104876566480000100e-01 5.023242584760000129e-02 3.475351981209999774e-01 2.404547267680000143e-05 5.629035597599999848e-21 9.347309014879999489e-02
6.576539445119999839e-04 1.487742619909999953e-01 3.554864408810000098e-01 1.819821755509999917e-01 3.002171371979999990e-30 1.027159532660000014e-23 5.509223682679999928e-02 7.496330151250000534e-40 2.884739978409999980e-15 2.580072308060000208e-01
2.992609908139999980e-08 2.565877932849999765e-01 3.112858825589999942e-17 7.566599038900000129e-02 1.949062681329999935e-01 8.244293217390000421e-21 1.396361324379999901e-03 1.264428521580000023e-06 2.103935768019999892e-30 4.714422925130000164e-01
7.582598123530000416e-19 5.569490298709999901e-11 4.006715556650000121e-01 1.323154384090000011e-07 4.384641414290000071e-16 5.993283095800000515e-01 2.988478131989999920e-22 3.747916565219999902e-23 2.384439488229999847e-09 1.729151031660000065e-21
4.497495574889999737e-01 1.256155355000000110e-04 1.054235815170000007e-01 4.728681901380000085e-11 2.939262506549999987e-02 2.685706275749999983e-01 1.698755649509999931e-12 1.029487702269999971e-01 4.378922254130000052e-02 1.219109420749999922e-18
8.427039914510000396e-08 3.829215178679999903e-05 3.400707509959999819e-01 4.007640613520000103e-07 3.003079785660000001e-01 2.362899480310000036e-10 4.776487614050000428e-38 3.487029352800000190e-33 3.805135412850000320e-09 3.595824892110000004e-01
1.090116311969999964e-24 2.225848774119999877e-19 5.629994227390000550e-01 4.370005772589999893e-01 8.509386900999999820e-29 3.311920938490000215e-14 1.549936772369999956e-12 1.997602052489999833e-36 1.110817987089999980e-33 2.987063785589999859e-52
2.829211118509999956e-01 2.287515971749999877e-01 2.191295744030000159e-02 1.409849221339999923e-15 5.116154762230000340e-12 1.006734084189999984e-04 1.019616971849999973e-10 1.685673849100000066e-01 1.127037090030000048e-30 2.977462751089999804e-01
9.380770987549999496e-02 2.356387791389999986e-01 3.716374312369999933e-01 2.708347285489999812e-01 2.808134542069999975e-02 1.460257518619999892e-17 2.177567599239999926e-14 5.778921620559999946e-09 1.378531096489999947e-31 8.653341024389999957e-18
7.696647578379999717e-09 3.506777108479999794e-01 2.720959176480000075e-01 5.405544965750000138e-20 1.413123364020000011e-05 3.772112699449999829e-01 1.763164044809999968e-38 6.848999508820000197e-14 1.149577646019999976e-14 9.626289436359999445e-07
5.863536913530000365e-41 3.135742470570000104e-53 2.427584596780000112e-31 2.051608093640000102e-14 7.850053581419999473e-08 6.124386824399999929e-01 2.177236587959999972e-06 3.875589696580000187e-01 9.216462182420000292e-08 2.199486671839999977e-61
6.213042545810000261e-01 1.071713040200000057e-10 9.653279141760000320e-07 1.781093026679999981e-25 1.078227140180000078e-02 2.856527622289999901e-01 4.240723268400000331e-31 4.329073567489999776e-04 8.182683894820000359e-02 4.797053518170000113e-11
3.873774041290000136e-01 2.557583892720000077e-18 5.052307660679999839e-21 4.209898994569999942e-01 1.876041588840000052e-01 3.644324563869999693e-45 4.019726456869999673e-03 2.058761596769999980e-11 8.811052102910000010e-06 6.801557857270000286e-18
1.000000000000000000e+00 7.315501924000000031e-21 8.136668749019999647e-19 2.169226010409999836e-77 3.598993039309999911e-131 7.213742411879999956e-81 3.571234871710000222e-38 7.201051602839999981e-62 2.308361405030000125e-51 9.474496690569999203e-37
2.192631139299999846e-42 1.562709453499999938e-38 5.851650442309999774e-68 2.406381275050000004e-26 6.901262242999999889e-09 1.063957508620000035e-20 1.195999237589999909e-09 5.034832796570000157e-01 4.965166711649999787e-01 4.108064862499999832e-08
4.256930440760000045e-01 2.788877184800000041e-22 1.717375880649999981e-06 1.684265592239999939e-28 3.533127319519999784e-70 1.752911488379999926e-37 7.842922864519999926e-07 4.121698895599999913e-43 5.737746552689999557e-01 5.297989862120000299e-04
5.172572984990000400e-01 2.480159100810000147e-12 2.974613358030000038e-06 9.262461628629999570e-19 1.544509895820000023e-47 1.758455984350000189e-18 4.827397268020000021e-01 6.313880060400000053e-18 8.273906889300000238e-11 2.442962664009999986e-24
5.172555461879999594e-01 1.620302656270000152e-11 5.040723892800000310e-06 2.855641137799999844e-19 1.385283556049999898e-47 2.418943098380000194e-19 4.827394130029999952e-01 1.254321075520000023e-17 6.881220773119999655e-11 5.552451472510000334e-24
5.076380361600000071e-25 1.642284468379999986e-05 3.992044730380000104e-20 4.237432747459999871e-01 1.809348115180000016e-05 1.710760885969999853e-02 1.374866256520000107e-01 8.652725823170000300e-07 4.353683042189999736e-08 4.216270656069999734e-01
1.415656454990000045e-08 3.459256855680000187e-01 1.823085703310000083e-01 3.334904528430000178e-12 1.440275917909999981e-01 3.277380751530000191e-01 1.294982804790000034e-30 8.266650715859999796e-10 3.961137838359999754e-08 2.255918822190000126e-08
4.546060959970000259e-01 4.949823655870000311e-11 4.284685949790000004e-02 5.121048246630000085e-10 3.196157186909999726e-01 1.543954457010000099e-03 1.447421399320000089e-12 1.813873698590000028e-01 9.352863157749999991e-10 1.582042807980000019e-22
7.256368531110000305e-14 7.835668637389999560e-25 1.826335341359999812e-15 9.276757322710000498e-20 5.312646791949999920e-24 8.187476390839999624e-10 7.037432061010000517e-01 2.962549236809999820e-01 1.869398840770000037e-06 5.199061468779999724e-20
5.587005025989999485e-01 5.682647627250000311e-20 1.674825309100000039e-25 1.718094708000000064e-05 2.222165750660000180e-18 8.647536486120000060e-79 3.454700783310000189e-01 1.337244309389999929e-28 4.106678976540000214e-13 9.581223812240000082e-02
1.448053633050000085e-32 5.044387418989999539e-01 1.559486955849999929e-44 2.857481998019999822e-12 3.643154811369999969e-07 9.924267962990000484e-21 1.494819518750000011e-12 4.955608937809999892e-01 4.153862954629999901e-93 1.437663034020000049e-27
8.887989311209999613e-04 2.789633329949999796e-01 3.115737864149999981e-01 3.141060506589999912e-01 1.193020436469999913e-07 6.190083788849999632e-32 3.172446078689999958e-27 1.020582627459999960e-44 2.137442006229999814e-12 9.446791169540000310e-02
1.008004165829999993e-01 6.194258836679999638e-09 3.432340590529999735e-01 1.011024876420000065e-03 6.435904190020000359e-02 1.978118278660000032e-04 8.419684426150000033e-04 4.895553673909999737e-01 3.037306507040000085e-07 1.463552505320000077e-27
1.880923919270000022e-03 5.019689976259999846e-03 5.075266885610000278e-01 3.837323218199999825e-24 4.426110020290000002e-02 2.774441044650000163e-03 7.710489209609999687e-47 1.431226130950000086e-10 5.729172332899999925e-05 4.384798644299999770e-01
1.496448969869999912e-41 1.704063957469999922e-33 2.922459731580000023e-53 5.634918121399999798e-21 1.616256240779999952e-21 7.905403631829999794e-20 5.705432552700000493e-01 4.294567447300000063e-01 1.101497786480000026e-38 7.607419016580000231e-54
1.423453694870000069e-73 2.669068442700000257e-97 1.395593486979999882e-168 1.474855255979999893e-45 6.702892761490000240e-01 1.843168431390000030e-51 1.239005829110000070e-32 3.297107238509999760e-01 3.714670434900000111e-19 4.334503910660000168e-49
2.397189839920000065e-01 2.086976889420000042e-04 1.003917032300000024e-07 3.690554229240000226e-24 6.394269650779999578e-28 3.352718782299999867e-01 3.438695398600000175e-01 8.092803212089999532e-02 2.767703077729999919e-06 1.368522205139999965e-11
3.574421978899999927e-36 4.676988729859999741e-25 2.486080468860000001e-24 4.102477162969999898e-04 2.069808800680000005e-01 2.789995581079999787e-01 2.331651632099999982e-02 2.955750984019999967e-04 1.735173542880000082e-09 4.899972209540000012e-01
5.411820034420000487e-07 1.914949896860000141e-39 5.523623455620000344e-01 1.946864134429999847e-14 2.346891680150000220e-69 8.226487491200000389e-63 3.519931735480000026e-18 1.138182956329999929e-103 4.476371132559999744e-01 3.175206486640000062e-38
1.202797134810000048e-25 7.642139469009999490e-27 3.225552548569999844e-01 6.774447451430000156e-01 5.460662668400000254e-21 5.007360975549999900e-22 1.924151937259999968e-24 2.508056074950000033e-62 1.711855520560000071e-16 6.967160307699999980e-22
1.125672223229999950e-06 4.335243328939999902e-33 5.523619353980000479e-01 2.260705724980000078e-47 2.890571162079999870e-56 3.220226978499999940e-16 1.108577676539999942e-33 3.779729820419999915e-36 4.476369389289999723e-01 2.720247099020000001e-32
2.988582391220000161e-38 6.143363372379999818e-35 5.162751597519999926e-17 1.031434724090000072e-31 4.658765450159999683e-02 1.243048950759999991e-10 1.104602608690000033e-101 4.009520728880000149e-40 3.406871110849999940e-01 6.127252342890000536e-01
8.855888877240000387e-03 5.949831663920000097e-02 2.026336728460000070e-02 1.076090741100000006e-06 1.793479699070000016e-13 2.024512951159999907e-01 4.127624613740000226e-01 5.226156337090000215e-02 6.045953146080000376e-20 2.439060312469999992e-01
5.871242008190000065e-30 8.719219777089999750e-35 1.094655575060000051e-11 3.753238047539999771e-44 4.986360802529999812e-19 7.502293616220000461e-01 2.939748922340000185e-69 2.792859955199999944e-29 2.497706327870000131e-01 5.580031962900000368e-09
7.080879468179999644e-25 1.920756838510000045e-35 5.104602707930000020e-26 3.604616979219999842e-42 9.606927980099999619e-14 4.167266733480000096e-01 2.282797099239999947e-32 2.167129138160000038e-02 5.616020352699999663e-01 7.566799807899999706e-28
6.544796892679999312e-02 3.545408411979999647e-24 1.303250872439999976e-13 1.676533731219999907e-08 5.016181156349999986e-26 2.384946132189999818e-44 7.958995069249999998e-01 4.661369056649999831e-27 1.385369626300000101e-01 1.155447534540000003e-04
7.866242016839999951e-16 2.084076282780000017e-44 2.694161965320000080e-04 5.466549352689999974e-01 1.119146656380000001e-35 8.835529366649999884e-37 3.734515813609999846e-01 1.216879705160000029e-51 7.962406717330000605e-02 2.283116080850000083e-50
1.410364614349999946e-05 2.284889151850000022e-01 3.598020495500000027e-01 3.430438779089999991e-31 1.740198390080000077e-03 1.941261184470000067e-01 1.203742216599999996e-63 1.397774329580000041e-18 5.081185543410000212e-16 2.158286147819999945e-01
9.627501221859999244e-15 5.158606851210000288e-01 2.908492854880000207e-07 2.316905820660000138e-14 2.200790534409999926e-29 4.840677951039999982e-01 7.122892414019999625e-05 2.152829731740000179e-12 3.194569450669999872e-28 5.607581003370000096e-16
3.449731912130000189e-01 5.979716546559999714e-21 7.005099389520000330e-03 2.139020991209999922e-28 1.797282836539999978e-31 1.079156073949999982e-02 3.612554483309999842e-01 1.951341635529999993e-02 2.564612458809999995e-01 3.809042353400000171e-08
1.315466783569999955e-37 8.560656623660000176e-41 1.456593328540000047e-30 5.921984629120000306e-36 7.431526891209999652e-01 3.554089561660000016e-16 5.170332595509999659e-77 7.887687464760000640e-27 1.121562856309999942e-09 2.568473097569999863e-01
1.996607303009999973e-03 2.284409051749999864e-01 3.577857699759999788e-01 1.268496965509999951e-30 3.483836441100000148e-37 1.970356482919999874e-01 7.142921976579999883e-19 1.028160431549999986e-17 1.767233621040000112e-16 2.147410692539999943e-01
3.292766847239999879e-11 4.629883639749999835e-01 3.127216130400000127e-01 1.525110213399999988e-06 1.420165508629999922e-46 7.438397661430000075e-16 2.242884978409999952e-01 5.780377684969999711e-28 4.708312240189999691e-31 1.870126775910000111e-26
2.864697927209999965e-11 5.924284550249999670e-01 3.370626291689999832e-01 7.050888127240000081e-02 3.450399238440000233e-08 1.478907888590000034e-13 9.743522499569999300e-21 1.765040887900000098e-21 1.103791911670000005e-22 7.718808150869999720e-27
5.151203967390000161e-49 2.500547207330000002e-54 2.874245426440000130e-63 5.782057422290000238e-13 2.480865929940000116e-06 6.443032185979999441e-23 2.725047928029999955e-01 3.241061969060000103e-01 4.033865294249999733e-01 6.014310652839999823e-15
2.149056264299999963e-01 5.356668919720000005e-03 7.344563500459999520e-14 1.191852617769999964e-23 2.000943517739999980e-31 2.004364988850000015e-50 4.612268572099999990e-26 3.466822839809999792e-38 2.240224504929999974e-25 7.797377046500000297e-01
1.527475745239999941e-10 2.193016057509999885e-39 4.633101654330000160e-04 4.525975497540000170e-01 3.124901267090000046e-36 1.064454250040000019e-47 1.299947350200000018e-01 9.642501743469999141e-47 4.169444049070000213e-01 4.531856963299999994e-41
3.615591937650000087e-01 1.074733617440000039e-01 4.734082553310000485e-10 6.498534930969999844e-11 6.811326713789999671e-31 1.977670900770000140e-58 3.103044339399999952e-17 5.459654221570000110e-47 1.039973816759999947e-24 5.309674439529999956e-01
5.322641648539999659e-01 1.144043760009999899e-13 1.716547602009999950e-06 1.291802307979999975e-30 1.434636202560000073e-09 1.366932187799999994e-11 1.231009383279999982e-35 5.032086691120000234e-08 4.677340668289999837e-01 4.431152506870000231e-13
1.135426609040000018e-70 3.867148116519999976e-69 1.322560040200000081e-47 9.041198318229999780e-12 3.771091633719999940e-04 4.833573374499999797e-01 4.435482403650000121e-10 5.162655529259999598e-01 7.501437374929999933e-12 7.237408115969999741e-81
9.970045440920000695e-18 2.266521079909999900e-19 2.914087262829999893e-06 4.022164243140000095e-01 1.255684458140000003e-15 6.258618296959999845e-12 8.966053207370000555e-02 2.010566112920000094e-18 3.046598109089999808e-03 5.050735314099999984e-01
7.281072502820000132e-22 2.982293032849999930e-10 6.969751334200000092e-17 5.891580356429999554e-01 4.419429734220000264e-34 5.296224905079999556e-38 4.108419640589999755e-01 7.000001431890000065e-35 7.643559964140000426e-38 2.120823542920000006e-17
4.887902535880000055e-04 1.048766388079999945e-01 3.154502636779999980e-01 1.657831720930000106e-10 5.775957478709999871e-01 1.588114563090000037e-03 5.090664943089999958e-25 4.446495770049999846e-07 1.232422252879999941e-23 1.093945651060000079e-11
1.679965311870000112e-08 7.535328829429999386e-11 4.818411578039999976e-01 3.355964340080000202e-04 1.385753770709999976e-22 9.823011938499999857e-07 5.178222464889999932e-01 4.635486542639999750e-18 9.724621520130000446e-11 8.988298225330000691e-55
1.483687808730000113e-01 7.006186014769999626e-20 8.385341339799999918e-04 2.998193042330000136e-31 1.498172090499999944e-03 1.454537728540000047e-02 1.660174383500000075e-30 3.876381795469999725e-01 4.471109060899999821e-01 4.998043614420000222e-08
6.505186095310000471e-01 5.643320997539999962e-16 3.412767161439999865e-15 7.721992384209999818e-34 2.718148682559999859e-22 1.466189726560000092e-17 1.684203388010000098e-10 3.494813800600000131e-01 8.825872579500000441e-17 1.024135208310000055e-08
1.028415287320000002e-15 7.360438067039999892e-10 7.328022043289999878e-19 3.257145175850000116e-49 1.092018482419999936e-01 4.685067953889999748e-01 1.159386618879999922e-73 3.182960322869999946e-06 5.250761937200000178e-14 4.222881726730000063e-01
3.863113787749999917e-01 4.940813814639999580e-07 7.108832110069999571e-23 4.196323608370000069e-01 1.874786725689999989e-01 2.981017541089999991e-38 6.473358023010000392e-03 3.027032673719999797e-10 1.037354129959999971e-04 2.961368491489999918e-18
8.890497914639999832e-02 6.146201108829999870e-07 1.461311343860000056e-01 1.273723000920000027e-05 8.928702898679999535e-10 1.690494689089999947e-01 1.358667388129999876e-01 5.909225237449999835e-02 4.009420736270000174e-01 3.004732030060000134e-27
1.682976525290000054e-08 9.988944034150000206e-01 2.430093439950000087e-09 4.609943011020000005e-10 1.782255306449999840e-39 1.222536558409999978e-33 1.105576864189999984e-03 7.181421944790000141e-25 2.050731905639999988e-79 3.626900508059999900e-37
1.503693171669999956e-36 1.641797733760000122e-23 2.569050712609999843e-01 2.986072885520000275e-01 2.337756924839999852e-11 2.194359938269999921e-01 8.110229087320000219e-26 1.562389997599999931e-44 2.250516463359999997e-01 9.292448279860000296e-14
3.022462850319999868e-20 2.649867617069999737e-01 1.851606002039999921e-01 4.199930254779999927e-01 1.434205232079999925e-18 1.298596123519999979e-01 2.589177387780000163e-10 2.176957330400000067e-21 1.523271380329999901e-28 5.215490039829999717e-43
1.305529688439999903e-12 6.220902735010000177e-24 1.337755651160000003e-01 1.485200184619999928e-05 6.241350979629999908e-13 3.915331543960000049e-01 4.223923677040000157e-01 3.653977433820000168e-06 5.228040680289999798e-02 9.374174332710000455e-42
1.189637362760000050e-51 1.326591040539999909e-41 1.108760261769999973e-16 1.000000000000000000e+00 1.025026984899999980e-30 2.339145984910000086e-36 1.320355300089999930e-19 6.143015613780000340e-68 1.392497650349999910e-28 1.237972045790000010e-52
1.322712242490000061e-04 1.600867872890000040e-03 4.992794796019999759e-01 5.959920370040000206e-10 4.979008756980000117e-01 4.882158421410000152e-05 6.756762477809999692e-21 1.037461083490000009e-03 6.047302047020000324e-16 2.223390562490000070e-07
4.746324255439999929e-07 5.626874333539999551e-01 4.122356862730000016e-01 2.911065267390000000e-05 2.504728136430000099e-02 1.372383201899999991e-08 8.054590245509999976e-29 5.713724398589999711e-17 2.747755793190000040e-16 2.383974293820000143e-15
4.100769682299999781e-18 2.592129667490000195e-43 1.320162624359999999e-51 3.483603827599999779e-63 5.296864840640000129e-45 2.163067537269999941e-41 1.197155532139999971e-20 1.232088499000000078e-13 6.955781031590000385e-01 3.044218968399999836e-01
1.051655022760000086e-02 2.305221139970000110e-01 2.426756002269999934e-01 8.443297302459999549e-19 1.857534170210000113e-01 1.342237623829999893e-01 5.476503819939999538e-38 2.394648807139999908e-12 4.049843199939999806e-08 1.963085156440000090e-01
1.652708832399999968e-03 1.159426438499999919e-13 1.771313511059999929e-02 1.193991711810000062e-21 1.126400762769999977e-25 2.049072916520000009e-01 6.783697640360000225e-01 9.704324646350000194e-02 3.138538841239999822e-04 2.125683860389999839e-11
1.364461882769999877e-38 3.872677649459999706e-20 2.342458432420000073e-21 7.060351249520000593e-18 9.999812885400000129e-01 1.871143706130000105e-05 6.523848743029999865e-46 2.094523713589999987e-24 2.621227134870000061e-27 2.251880393919999993e-11
8.759898822479999561e-24 3.438895291350000130e-36 9.653779632310000703e-19 2.817576192289999861e-22 1.238834052229999913e-24 8.592271469449999990e-03 2.038342231299999918e-01 5.635823241359999569e-01 2.239911812650000056e-01 2.163942343919999824e-21
4.626835673189999733e-19 4.596585025480000031e-01 5.054137255159999527e-38 2.270467127540000003e-06 2.361164247260000015e-01 1.569685656849999988e-24 1.213655761299999964e-08 8.266880285240000805e-06 1.736556790420000080e-26 3.042145232419999901e-01
2.104808875499999954e-01 2.213465993209999864e-12 2.437757988499999821e-13 1.856034138540000088e-19 4.606383711069999967e-29 1.374771279309999938e-19 2.783005765959999933e-01 9.091565753399999487e-15 4.037727336959999747e-01 1.074458021550000059e-01
6.362351475819999491e-01 3.543690510629999809e-14 1.545870251689999975e-03 3.582655395700000134e-01 2.127217382029999906e-03 1.084791030249999919e-19 1.811838265990000068e-03 1.438692172889999993e-05 2.652745701610000113e-11 4.885920066500000288e-38
1.029379923199999965e-69 5.567404900559999819e-31 6.976903799230000185e-52 4.153033230230000089e-04 5.819505328699999813e-01 5.026366320899999796e-02 2.993074620610000069e-01 6.806303690209999924e-02 2.662012533719999923e-19 1.634980767200000028e-09
2.239502737829999878e-30 1.414894522380000032e-11 2.709644010150000162e-07 5.293928880639999779e-01 6.529662624420000394e-02 2.541171793279999869e-01 3.644910033200000304e-24 1.401484373049999993e-27 1.511927960499999946e-01 2.393347148010000023e-07
3.773213130690000194e-01 2.102916029369999940e-18 1.984640752540000051e-09 2.239993177799999948e-04 5.329156662230000174e-01 1.671264497520000073e-25 2.819288037450000020e-10 1.143756531069999992e-15 8.953901874330000288e-02 3.800877309160000074e-10
4.258023897800000124e-01 1.884127321459999839e-21 8.502147168150000362e-08 2.617602893040000094e-31 9.307972120350000615e-24 6.281079312659999914e-39 1.247165042869999960e-46 5.484844999240000246e-45 5.739237191410000438e-01 2.738060577209999909e-04
1.220273506039999956e-01 1.036374556320000041e-18 5.748632086780000357e-09 2.366447642310000115e-23 3.997943923879999973e-25 2.037815133690000020e-07 4.303678917850000119e-01 3.189142539959999856e-01 1.286902658559999912e-01 2.822859501040000035e-08
