1.051523620759999998e-03 5.536518571970000179e-10 6.087387993940000217e-30 7.271708446100000334e-02 4.723991776270000109e-01 8.599978537050000094e-02 1.157553556160000052e-01 2.520770727509999976e-01 6.401788408500000327e-58 2.359351535649999886e-34
4.075012343600000198e-01 3.467532229829999685e-39 3.089567661390000275e-01 6.830412524060000399e-08 1.586008172190000054e-19 5.553980920150000430e-106 1.199351292790000125e-13 2.305637777030000028e-19 2.835419311969999967e-01 2.777720013070000011e-36
8.191395682350000362e-08 1.958528722710000057e-38 6.139818449120000103e-10 2.441458835850000009e-01 1.396927887759999952e-02 2.358442543519999893e-99 3.594986350609999937e-01 1.848142694400000055e-28 3.823861199490000140e-01 6.394256546259999741e-33
6.870411211170000122e-43 1.135160307559999968e-25 3.708311036500000081e-36 1.548359410129999931e-22 3.374393096889999888e-01 1.923050411490000118e-16 2.427428535280000133e-01 1.572944224510000029e-32 2.847520815499999802e-01 1.350657552329999900e-01
4.075012505599999724e-01 8.310669056870000260e-40 3.089568169179999768e-01 8.369898835690000253e-09 6.571177523320000237e-20 1.142138158960000068e-104 4.567129608410000155e-16 6.282062457449999661e-20 2.835419241520000244e-01 1.013707591249999965e-36
2.786499325409999870e-29 3.197854710359999928e-58 2.934536701119999937e-32 5.392969552329999836e-26 5.413655227960000316e-01 2.534272939979999909e-46 1.007809524450000037e-19 3.238326173069999992e-47 4.586344772040000239e-01 3.117413115570000136e-20
5.906333683230000001e-34 7.043583338169999561e-04 3.271519265239999724e-48 5.414245453960000032e-12 5.035332445879999720e-20 6.663387565170000304e-01 3.329568848600000242e-01 2.835762482429999926e-10 1.933710125750000027e-62 2.221988653870000081e-48
6.511481030809999904e-02 2.153037470500000050e-20 1.203712433659999970e-01 5.508577330880000122e-01 5.796232396150000077e-02 3.170770188059999847e-08 7.677569198510000392e-41 1.601161387060000013e-21 2.056938575689999937e-01 1.085703500819999932e-32
5.267811358049999670e-01 6.539507888230000220e-95 5.654973563989999955e-24 5.052635795459999965e-48 3.427559533739999997e-01 3.717647769180000245e-26 1.388814167360000104e-56 7.873319154149999599e-14 1.132637308940000059e-01 1.719917992630000045e-02
2.798075573669999913e-02 5.869084416059999795e-15 1.158018881079999973e-20 7.671365295680000473e-01 1.936680445520000127e-01 1.121467014209999967e-02 5.954765627690000523e-23 9.091641629440000133e-13 8.512758283300000223e-41 5.148650854290000241e-46
3.225752947970000239e-16 2.407221186990000122e-15 4.927061458629999890e-01 6.733800534950000013e-39 1.212101874420000104e-44 2.444337010390000009e-01 6.583441979100000034e-66 3.575553614100000143e-11 5.925568206850000130e-02 2.036044709929999974e-01
1.286796255770000085e-18 2.692167301160000234e-10 5.054302806709999683e-04 1.381588035390000080e-01 2.513470655710000039e-03 2.057597515089999995e-01 1.380555234410000047e-39 9.693123141560000845e-47 6.530625437470000128e-01 4.856151219119999691e-25
4.217121911839999959e-01 1.194929874050000103e-37 5.782878088159999486e-01 5.627107979750000287e-14 2.498363644510000097e-57 1.392905767339999977e-90 1.270972121120000064e-52 2.096763823099999953e-17 3.075827108359999951e-31 4.335145071050000104e-93
5.002836934359999876e-01 4.257794905630000260e-35 6.406495973510000041e-13 2.607229984150000016e-21 3.919451501409999982e-10 1.211077730329999970e-51 2.126364867439999862e-01 2.644150211640000081e-01 1.597591578019999905e-03 2.106720668580000164e-02
1.087516550450000042e-23 1.247480050710000018e-10 1.632452801100000087e-02 3.925236979580000174e-01 3.220292699550000082e-10 3.017170525449999690e-14 1.615242403079999999e-35 9.406424550459999966e-54 5.911517735839999510e-01 2.452317965560000142e-33
3.720360309669999976e-01 4.193402322359999870e-61 1.549574697119999922e-23 2.455117848470000179e-22 6.279639267759999921e-01 1.173249336640000070e-65 4.225168428450000219e-08 3.009196641109999784e-13 5.400738206669999989e-12 2.480318128179999945e-13
2.960451625619999840e-36 7.512583688110000164e-03 1.340847544569999985e-25 3.274021368119999775e-01 2.303608289430000011e-01 7.251998072019999464e-02 3.622044698329999757e-01 4.082176851399999744e-32 3.443841413279999817e-12 1.587525978000000014e-24
6.478180392589999448e-01 2.001742059980000163e-24 5.706073671749999670e-20 3.521819607409999997e-01 1.176832888950000011e-15 4.563094220039999727e-33 1.233458447209999973e-28 1.819855820509999927e-19 7.103969497820000187e-64 3.505731319019999853e-101
2.318810289709999767e-22 4.340697006339999995e-42 7.058815088309999819e-01 1.499713681809999990e-27 2.439742120419999900e-50 5.716539815420000191e-101 5.505677857610000213e-53 1.510281161239999999e-51 2.941184911690000181e-01 2.705895456210000073e-35
1.257916458759999894e-19 1.522252162749999915e-01 1.719101450259999941e-01 2.458763031169999864e-24 5.788458827820000424e-121 3.719437400219999797e-43 7.116581944389999801e-23 6.758646386990000421e-01 5.454516737279999704e-33 2.469384214950000097e-40
4.634320853349999992e-37 2.028186645639999963e-36 2.037499563049999993e-28 3.933797877299999857e-01 1.690082525019999948e-01 1.726347474010000131e-91 4.376119532850000216e-01 3.102317536199999812e-75 6.482403620419999991e-09 9.185432514539999538e-54
2.779265696270000212e-19 2.423751673429999946e-04 1.010653625670000024e-10 9.353326932370000548e-19 3.968881059880000282e-31 9.962699710070000034e-24 5.001673544089999535e-01 8.799887032949999636e-08 4.692042929749999764e-14 4.995901823239999873e-01
5.096089959720000451e-01 7.025535467680000127e-10 5.395971102359999786e-14 9.535143759319999720e-04 1.374875598170000090e-03 4.028801864350000095e-01 1.702879889490000080e-10 8.518242674590000008e-02 2.396391680729999913e-24 3.516313860789999709e-27
4.276482328980000247e-01 6.764168396040000364e-03 4.350209087069999842e-02 1.775594527589999911e-10 1.147113038079999953e-24 5.128452063099999680e-01 1.387435880909999980e-29 9.240301347819999608e-03 7.142858054319999958e-27 4.321760244710000134e-16
4.235185788110000238e-01 6.280971497590000230e-03 4.716890063259999988e-02 5.390848379630000365e-13 1.521688606220000129e-26 5.123992607749999761e-01 2.472439006290000014e-31 1.063228828349999967e-02 1.401456872239999957e-27 6.154765480160000315e-17
5.534926579700000099e-10 2.523116338639999909e-29 4.140512752009999990e-27 3.770931606540000036e-01 6.229068387930000172e-01 1.716962377959999929e-18 6.170281827219999685e-27 4.096463562900000127e-32 2.243192626050000118e-39 7.860357852290000252e-66
7.431282840199999839e-58 1.182474477780000032e-18 6.714426585169999520e-20 1.283017235109999936e-41 3.666932769370000164e-49 8.034230293770000228e-36 1.047831172579999982e-16 8.585428732969999521e-36 7.497941069439999495e-01 2.502058930559999950e-01
1.641779355099999998e-104 3.691945339069999717e-26 4.239383584179999930e-32 1.221271609460000091e-68 2.893006586990000101e-68 2.334705587360000046e-38 3.304926574159999937e-27 7.085431181159999596e-57 2.897174646969999934e-01 7.102825353030000066e-01
4.895670338710000343e-21 2.695034984550000038e-15 3.176260278120000002e-01 3.918446834370000187e-01 1.305153257780000062e-17 1.007935129519999954e-49 8.090809220909999767e-18 2.020855535249999913e-48 2.905292887500000032e-01 1.243638278899999935e-33
1.201901887930000024e-01 8.829143683929999149e-31 4.270615518870000092e-03 6.057514574150000275e-01 1.260156106150000044e-06 3.247063311579999911e-71 3.892354652879999923e-06 1.068934215470000064e-20 2.697825857619999823e-01 4.368008818980000044e-32
2.133263006159999813e-09 1.275404056259999977e-05 2.043200764739999953e-01 3.212838226809999753e-01 9.029122491999999611e-02 1.180807469149999962e-03 6.052471434290000192e-16 2.519957934189999902e-21 3.829112761849999824e-01 3.609773874849999926e-08
1.482366014399999887e-66 1.125999420359999918e-22 1.027677906729999910e-80 3.654214469500000278e-55 9.030924367050000535e-46 1.000000000000000000e+00 1.828492110049999896e-46 3.298952968039999806e-35 1.034428059829999922e-99 6.764512221620000105e-40
1.055397910899999979e-02 4.049243249590000202e-19 4.562146422680000146e-01 2.413761659840000081e-11 1.627686910469999987e-24 1.208081603859999991e-55 3.380594594810000242e-01 1.776672866260000094e-01 1.750463249159999943e-02 9.357498982579999258e-15
5.103902157149999895e-10 2.000598118889999888e-01 3.489837922599999889e-13 7.969982350590000542e-02 3.323031868269999967e-01 3.521430664999999904e-01 3.579410389079999699e-02 9.339931656950000093e-12 1.850574059249999957e-19 6.866710013070000196e-09
2.957387528819999890e-05 1.141392970820000061e-26 3.217547240800000253e-42 3.662710300399999887e-09 3.997291344300000215e-01 6.002412879849999827e-01 3.455577902199999765e-27 4.726531978379999877e-11 2.424404963580000189e-69 1.239272550839999962e-59
1.835395294939999866e-01 1.500105720469999926e-21 1.955154288360000103e-01 6.209450416699999753e-01 6.045688061039999876e-36 1.438975357080000139e-54 1.463630636010000096e-35 3.496047051720000067e-17 2.279870755419999994e-34 2.651762016400000125e-89
7.101391611240000199e-27 9.999997317750000666e-30 2.233676555179999951e-26 8.339474867080000076e-01 1.657418547099999973e-01 4.143233247399999851e-65 3.106585826119999914e-04 6.414672159390000057e-55 1.146247689290000002e-15 9.203871887770000086e-54
1.451458820719999905e-57 2.086045823850000115e-18 2.412936869819999955e-21 5.998196040509999882e-01 2.837957652389999771e-04 5.570006745000000087e-56 2.940136573439999844e-05 5.562636584579999560e-109 3.998671988179999803e-01 6.233368714319999622e-35
4.451971855470000112e-23 2.862317393960000112e-03 6.710422957389999832e-01 1.572880312980000062e-34 1.024554639269999999e-53 1.610620557459999935e-01 3.172574450429999944e-46 8.159768250390000459e-10 4.634259005250000035e-02 1.186907402529999989e-01
4.945053840780000084e-22 5.286397889679999983e-09 1.464893607130000104e-53 4.180751842359999995e-24 1.352155847579999995e-28 2.878447926300000126e-01 9.689977906169999564e-10 7.121552011149999695e-01 8.933669394360000737e-109 8.392233025909999664e-39
4.146347662529999978e-01 4.961667771459999932e-01 8.329115874780000650e-02 2.790193596610000115e-08 3.346759582440000105e-31 3.249236479229999974e-06 1.869139914729999917e-27 5.904020714979999959e-03 5.993227541600000286e-34 6.754655341349999867e-26
4.075012912150000055e-01 1.826420280910000005e-42 3.089567663650000240e-01 2.084238492080000072e-22 1.114373986189999925e-19 9.810157451110000073e-58 8.050427535769999730e-35 9.131786843690000344e-21 2.835419424210000039e-01 5.998037678759999838e-14
5.185897374750000344e-01 1.860977418329999856e-18 2.780233175100000125e-18 1.970054212860000143e-08 9.449414822830000263e-09 2.235647954610000018e-26 4.419811566569999961e-01 3.942907671819999987e-02 3.733623616770000212e-26 1.637564751860000085e-21
3.472987572510000008e-22 2.866399038749999996e-52 1.314532884069999970e-54 1.182172789780000055e-85 1.027164090379999999e-28 1.628045646010000125e-01 1.174053023239999930e-53 6.803829414769999584e-01 2.725961461409999968e-37 1.568124939220000014e-01
4.964044376219999832e-01 2.698180935730000069e-52 5.360268561810000079e-25 6.523230599740000125e-45 1.198262083420000039e-06 1.629985543870000053e-01 1.427002919739999913e-55 1.848047666089999985e-01 1.124280937870000041e-13 1.557910431189999945e-01
7.427596297159999608e-18 1.122848018110000014e-10 2.664310975499999956e-01 1.341046472679999956e-29 1.942600950220000199e-34 1.213093584940000066e-02 1.044329701709999942e-45 1.498706435749999950e-13 3.252942500129999970e-01 3.961437164750000184e-01
1.161801575619999927e-23 1.246450493920000027e-02 1.797498508739999849e-08 5.918654436850000478e-01 2.514210782060000149e-01 2.619381694270000159e-04 6.037764835419999600e-14 8.802803343439999938e-40 1.439870159249999892e-01 1.100035613089999916e-09
3.010503730090000052e-01 4.217146092809999834e-25 1.192845856030000026e-02 1.946376448650000112e-22 3.807712999720000023e-12 6.870092971879999677e-01 1.451348656160000004e-61 2.854971100739999866e-11 7.591036395030000031e-06 4.280174807070000389e-06
2.890086869909999873e-24 4.982082229079999869e-01 2.064667607979999986e-01 1.268138152809999931e-03 2.416988974139999993e-24 2.047237477269999900e-27 6.605764607039999728e-04 9.535323491080000164e-26 2.933963016800000267e-01 1.748941735780000005e-13
2.554333290740000151e-01 4.850499658949999973e-07 2.043613585469999938e-02 2.141699648700000069e-01 4.060397215010000242e-04 4.058126975570000017e-01 2.157215216010000003e-12 1.489939760129999980e-03 1.022514081119999946e-01 2.906807660939999892e-14
1.705139657099999928e-01 6.046494743269999780e-22 3.677586160610000064e-27 2.461926122110000004e-01 5.832934220690000338e-01 1.980075108780000099e-17 9.305186450599999806e-12 1.448396798399999989e-12 1.528178106920000015e-57 1.502797131800000088e-54
9.752129265469999579e-24 8.242416181629999377e-42 1.029624263810000031e-63 6.033634173119999985e-53 1.397830933970000000e-15 1.392054676840000041e-24 4.423900450189999778e-01 1.539607845700000088e-01 6.140786476839999789e-42 4.036491704119999913e-01
4.986001947640000265e-01 2.758464853279999905e-34 6.641891341719999876e-13 5.303503008460000052e-20 2.995537308749999801e-09 1.323474578029999931e-50 2.056283042250000026e-01 2.644399245319999925e-01 2.842627857839999904e-03 2.848894562500000130e-02
5.122906002779999968e-01 2.430462318909999746e-07 1.593008680030000013e-01 2.245751732239999795e-03 1.444388223089999993e-11 3.261625369269999797e-01 6.456316648950000271e-40 3.976975589219999789e-19 5.702808390590000081e-22 2.655679649010000088e-28
1.737042290489999908e-14 2.694116495309999994e-09 5.710016189150000088e-01 9.359426674609999533e-27 1.876616999540000016e-42 6.214238786549999715e-22 3.964068114520000021e-21 7.627717576180000703e-09 3.920995663100000075e-04 4.286062711970000105e-01
1.738229526770000061e-06 3.216543092710000116e-05 1.364873143700000030e-06 3.749406190990000054e-01 4.305123852170000265e-01 1.945117271500000078e-01 2.891533064699999907e-18 3.944762362860000106e-21 7.295104787169999841e-14 3.733268981459999794e-13
3.560677558879999813e-27 6.052252194689999865e-01 2.836267721610000058e-06 3.947719442629999964e-01 2.094771694819999965e-50 2.651901018030000055e-26 1.146779600470000028e-40 2.566751929650000153e-43 6.217080692029999493e-42 4.024675723729999742e-85
2.008568201070000132e-04 1.319018153850000027e-02 1.229104056399999978e-01 2.133639033940000116e-04 1.230563215150000042e-02 4.187812622009999819e-01 4.028143650869999580e-06 3.688024853060000043e-07 3.345240444279999892e-01 9.786985637139999916e-02
7.924315266170000253e-20 2.486841064639999932e-01 7.501496406680000506e-01 2.826026591979999924e-36 1.967206648890000119e-129 3.622877002899999913e-29 2.107688186489999994e-43 1.166252868530000091e-03 4.661998306370000247e-28 2.645584491720000217e-22
2.607932764980000137e-02 1.092575095780000053e-29 1.122720568480000030e-05 5.423150910959999987e-02 3.201387630879999890e-01 1.542644280119999927e-52 2.473153247359999862e-01 2.893425722050000059e-16 3.522238482110000013e-01 2.691340006390000016e-18
1.576868779119999861e-48 6.105661675439999353e-08 7.502165752820000327e-30 3.592242790050000124e-20 2.859229574589999894e-11 8.372798100550000093e-08 3.335177881170000025e-01 5.216871805510000189e-33 6.253301752259999755e-09 6.664820608160000326e-01
2.324739124090000126e-05 5.892049222319999981e-03 1.125601048960000008e-04 2.378329434129999864e-01 7.814013769070000254e-03 5.233245062989999585e-03 2.950392269880000029e-01 1.012600505270000034e-01 3.467925493510000123e-01 1.141702377390000048e-07
4.976165301200000113e-01 2.257112669299999949e-45 1.852017761620000045e-22 7.059720060289999753e-42 2.950989610590000135e-39 1.103738929840000047e-29 7.184460203759999315e-52 5.023834698800000442e-01 4.625645399400000342e-46 2.392480219450000098e-29
1.045890264479999923e-15 3.109215966810000074e-09 5.707140134629999917e-01 1.172090926419999960e-27 2.959757676229999965e-41 6.406999465820000294e-20 9.549274296049999331e-21 1.369630447349999939e-06 9.637675125380000280e-04 4.283208462840000230e-01
5.624992612849999833e-23 9.175770099330000139e-42 7.058815088309999819e-01 3.985570690539999845e-26 1.382296693239999988e-49 4.245950435490000072e-103 1.617713660310000106e-50 1.266609385170000055e-51 2.941184911690000181e-01 2.619900799229999915e-36
5.098243019510000362e-01 6.820536653160000557e-14 3.811109263619999907e-13 9.990291508640000297e-06 4.137166275240000137e-07 1.172764006740000032e-22 4.385931967780000162e-01 5.157209726220000207e-02 9.802909502730000605e-22 5.749194198120000307e-19
1.052847799309999973e-16 2.799853442490000199e-09 3.413127923490000271e-01 3.887529927200000041e-16 1.622154746519999982e-22 5.561168775039999623e-01 1.809278194869999942e-44 9.676614660989999354e-22 1.025703273350000028e-01 1.236490836920000053e-11
1.999097882870000120e-01 2.584571045960000202e-01 1.643884576519999974e-01 3.603904160830000147e-02 6.571543572520000066e-06 5.843760743080000211e-07 1.006465772740000042e-01 5.324359222539999962e-04 9.349548644399999528e-07 2.400185037860000092e-01
5.580518740500000051e-46 1.425982135060000005e-33 1.317446739180000018e-65 5.972770413620000493e-23 6.019724883270000104e-01 2.429002893309999989e-22 3.980275116729999896e-01 2.750672127319999999e-39 1.219695354769999993e-33 4.397784452049999541e-25
3.704811226509999799e-15 3.381107994470000100e-01 1.113213709240000072e-25 6.618891786939999911e-01 4.731857995439999894e-32 9.132044289050000550e-20 2.016768549269999842e-08 1.691265527860000039e-09 1.645322412689999931e-76 3.115145233990000012e-82
1.672718745730000085e-47 4.384370611110000151e-42 1.951349196720000108e-133 2.781378767680000010e-47 3.368181233170000066e-01 5.813121931189999536e-01 8.186968356439999761e-02 1.004125948369999938e-17 1.989525940069999851e-74 4.687494004800000343e-18
1.091975428480000080e-21 4.995078025740000149e-01 5.004921974199999513e-01 5.765275348739999948e-12 9.997406544209999688e-68 2.323890617510000119e-29 1.713138717960000088e-42 5.415133907480000263e-25 1.264656548310000105e-31 5.255748945470000141e-52
9.573411510510000518e-10 1.290968961999999869e-32 2.499999998109999899e-01 1.770574647249999871e-26 2.066800614330000128e-31 8.207202813179999447e-65 1.282055291249999978e-22 2.323868269160000132e-20 7.499999939460000320e-01 5.285459384519999618e-09
2.154350790699999991e-14 1.996786893050000152e-14 4.787828182800000221e-01 6.875757694170000379e-41 1.513755151280000025e-44 2.507639521139999883e-01 8.618396241540000100e-66 1.804892521460000112e-10 8.085963353019999522e-02 1.895935958960000001e-01
8.375965670719999944e-07 2.284815863890000145e-06 3.098187840780000304e-05 3.941737598780000185e-01 4.196870919089999985e-01 1.861050439220000019e-01 3.291939002780000059e-19 2.608211987969999842e-21 1.260070629519999939e-14 8.507678639910000434e-14
2.710851302340000206e-06 1.733811652920000113e-01 4.971635970859999976e-01 2.935265387420000048e-16 2.745688615339999997e-28 3.293116747909999864e-01 1.052357613530000015e-30 1.408519796790000031e-04 7.767334303900000745e-18 7.001032126509999702e-14
4.948864507629999743e-01 4.720656325250000308e-28 6.006061441810000000e-06 3.013393230629999968e-03 5.015495764399999779e-01 3.393950492530000011e-25 4.254654162430000364e-24 1.556701785209999929e-20 5.445735048679999643e-04 8.826721745480000402e-28
4.172709790779999817e-01 3.504848712950000229e-57 8.340507569979999987e-29 3.215618703839999959e-41 6.340894102659999643e-02 3.769629850870000010e-14 3.474094129919999843e-30 3.600824691710000081e-02 4.610514611570000340e-12 4.833118329739999885e-01
5.883409288620000471e-16 1.764419283719999899e-11 5.711946499550000222e-01 2.899695171920000255e-32 7.040145828580000121e-45 9.343549730330000168e-25 5.041297484100000325e-24 7.988243480860000478e-08 7.481405040709999668e-06 4.287977887400000188e-01
5.322681892229999825e-22 4.960442012509999783e-03 1.040148552989999954e-07 7.276713291019999675e-23 2.781744678539999862e-31 4.395650516789999958e-09 9.966059537069998919e-04 4.438058566840000219e-01 2.678196751099999884e-01 2.824173118300000174e-01
1.135736235129999962e-08 1.941825107079999859e-27 2.499911095890000046e-01 3.543319578349999905e-29 6.496172576260000229e-24 9.958778886909999800e-06 2.127514010300000017e-80 2.004410466960000018e-19 7.499988517179999592e-01 6.855638381520000144e-08
2.469129089699999974e-02 2.971455497070000229e-01 6.601666819010000337e-14 3.658336625249999918e-01 3.388465214509999926e-16 3.123287177669999970e-01 3.691866525869999724e-20 7.791041234439999627e-07 1.101995944220000060e-57 6.224115657270000492e-44
2.324620326969999878e-26 1.347058001940000006e-02 3.219971739199999905e-01 1.077168056190000033e-49 5.367641985479999749e-96 3.227599448580000252e-01 1.585148661209999918e-54 4.502007094759999904e-03 8.219365555630000265e-12 3.372702940999999788e-01
4.075012214679999967e-01 2.952849458319999779e-39 3.089567255960000147e-01 1.164817317099999974e-07 4.172185895639999868e-19 2.779301282380000115e-105 4.345704110770000118e-13 6.034056960449999877e-19 2.835419364539999987e-01 4.136192993949999830e-36
3.056211407219999775e-04 6.579016260660000174e-13 1.582019075209999950e-03 8.935177744620000193e-10 1.178194764090000087e-15 2.521456632619999811e-19 3.576270206739999813e-08 4.257457331369999820e-01 5.723665898799999985e-01 1.100790729670000018e-10
1.722291116899999849e-02 4.776757160960000006e-19 4.522902388100000226e-01 2.774990287400000081e-11 2.646167643879999973e-24 1.786721260839999997e-54 3.385452819049999951e-01 1.746411467960000130e-01 1.730042129200000042e-02 6.575086985940000054e-14
4.335530516439999732e-02 1.095822302350000027e-17 4.770194138180000043e-01 4.999596265929999777e-29 2.848889735160000064e-28 2.133492871300000093e-01 1.355159178569999992e-52 5.551547578859999943e-02 1.319456609820000005e-05 2.107473235329999917e-01
1.778087320660000081e-01 9.021447156129999893e-28 5.270596955390000025e-27 1.210248766580000052e-02 5.238864968649999954e-01 2.862022834040000019e-01 2.030737163899999868e-51 3.775288485080000007e-19 7.580939768220000111e-60 7.825835150920000015e-78
4.086016060829999850e-20 1.537101811339999896e-07 3.306770785120000111e-01 3.410493657899999979e-13 1.017940094499999960e-22 5.549324324819999710e-01 1.058890783650000018e-46 1.877689636989999854e-27 1.143903352950000063e-01 1.260586381700000051e-13
2.262728865570000049e-23 3.562096491040000058e-04 3.011156431429999822e-22 2.019840702789999899e-22 1.077176549070000006e-26 2.728870609489999907e-08 5.020972892539999899e-01 4.954142038739999809e-01 4.804439093570000002e-21 2.132269933779999942e-03
2.114674358799999998e-24 4.987676832869999966e-01 2.062625651820000072e-01 1.171807425839999951e-03 1.834301108089999971e-24 2.599681877339999938e-28 4.849388317340000267e-06 1.885306886499999861e-26 2.937930947169999918e-01 2.196921447809999958e-14
7.836738956760000044e-70 1.157558071150000023e-23 2.102484114760000140e-57 3.596615740429999994e-31 5.465714425290000289e-01 2.257716394600000065e-01 2.462809311080000076e-13 9.216068877240000371e-62 9.454816055169999518e-16 2.276569180099999867e-01
1.358646340140000077e-31 4.510590402660000220e-01 4.554463371129999632e-06 3.469003114470000312e-08 1.153801075180000062e-17 7.885823619080000076e-04 3.699010750829999723e-17 1.602443533839999961e-31 5.481477876679999861e-01 5.506336856959999687e-10
2.823093134629999865e-20 9.734346455510000711e-09 1.399533106640000019e-07 2.515627218090000228e-01 7.894412330239999886e-02 5.684707836709999541e-22 3.447042099630000245e-02 2.811324995280000141e-34 6.350225839219999502e-01 2.828325876379999810e-10
1.434089377449999958e-23 1.238214592470000003e-08 3.136421965069999681e-08 2.513799005569999911e-01 7.890017486420000670e-02 8.288464975490000328e-22 3.468593499650000217e-02 4.458911541380000266e-35 6.350339455779999698e-01 2.587716816619999948e-10
1.451770482989999969e-19 5.488601558930000033e-89 3.721427802739999996e-30 3.894816478619999839e-56 9.266067655269999990e-07 2.826606429190000113e-38 1.188291299300000060e-51 2.191054650019999864e-36 2.916651733560000070e-01 7.083339000370000305e-01
1.919986640280000045e-01 2.544712315389999757e-01 1.609241572750000071e-01 5.027145463729999764e-02 4.220846206370000192e-07 3.529847298220000104e-09 9.317801704689999964e-02 1.139321953609999990e-03 2.452442469790000077e-05 2.479922034810000120e-01
4.328609413039999961e-06 2.696557770410000152e-02 5.877721663850000178e-25 6.258489127280000286e-01 3.784941483560000210e-10 2.841648682740000043e-01 6.767703864629999889e-04 6.233954191959999863e-02 1.625954605360000109e-53 1.428045991719999913e-43
6.221723689399999916e-12 4.807231131390000407e-40 1.455047638670000030e-30 2.017614645019999986e-01 5.591453699999999749e-01 1.311990392319999933e-75 2.390931654919999927e-01 2.404231776710000064e-36 4.854326449969999734e-33 3.244047465459999825e-60
2.401031120000000082e-15 3.697337594060000343e-02 1.765529509529999860e-05 2.221255122499999923e-10 3.367117205979999928e-44 1.474716895220000087e-28 6.080583483000000511e-01 3.549506202420000256e-01 1.511451921860000092e-16 6.952123446149999674e-17
3.623085852050000194e-02 5.239814441269999899e-46 1.012082296429999969e-25 9.982109342699999625e-26 4.771242186069999947e-01 3.611428162299999804e-40 1.383614975030000027e-01 2.455583759470000016e-01 6.650398736219999893e-13 1.027250494209999976e-01
7.312754604210000043e-18 1.503560694909999995e-01 1.737019951119999905e-01 2.517674957959999915e-41 2.290650705820000107e-117 3.161449714260000132e-15 3.800825017380000048e-46 6.759419353740000469e-01 3.693405423159999764e-33 2.379089575709999927e-11
5.224205079320000111e-01 1.343141122139999924e-07 6.355187705200000228e-12 2.407618378450000068e-02 3.893221471160000026e-05 4.093717365560000099e-01 2.175056261660000033e-11 4.409250517080000320e-02 1.892756909870000186e-21 3.674725733639999962e-24
5.672362965929999715e-19 3.497183044869999757e-01 3.153199884430000211e-01 2.770091016429999963e-04 3.893368012340000143e-23 7.891267926140000311e-28 1.614026209399999912e-01 4.814780460240000281e-20 1.732820770269999922e-01 1.329270775559999955e-12
5.087067937239999824e-04 5.419118797829999643e-35 1.882132158260000049e-28 8.496307777740000691e-03 7.983307044690000076e-01 1.029526326949999992e-54 1.926642809590000116e-01 2.458873913729999973e-21 2.218213896489999991e-42 1.458696794310000102e-50
1.863208553669999926e-44 1.268586156530000003e-39 1.101924264080000067e-127 8.639250982659999807e-46 3.229694344680000273e-01 5.794773271590000219e-01 9.755323837279999966e-02 9.986273543939999627e-17 5.386998468980000285e-73 3.606122687870000047e-19
1.308481836879999910e-06 1.810072039580000033e-06 2.601767626469999928e-05 3.941785964939999998e-01 4.196850752810000196e-01 1.861071919939999986e-01 2.920331443979999816e-19 4.580173928879999793e-23 1.196316728989999917e-13 2.747795012210000050e-15
3.437825241730000178e-05 3.667104506880000127e-04 3.236370309420000252e-05 1.998189211379999917e-03 2.865192667720000141e-01 1.881861111600000025e-01 8.049626800439999485e-04 1.882135520100000070e-01 3.338088372040000085e-01 3.562855631670000078e-05
3.117759145230000109e-21 4.995078025690000145e-01 5.004921974160000397e-01 1.491361778550000002e-11 1.272904544659999915e-66 1.953872051269999927e-26 1.801654581600000037e-40 2.792494569709999950e-24 8.123196907769999876e-32 2.083390247049999868e-51
2.631113271929999900e-02 1.083325084939999941e-18 3.887843616730000118e-01 1.032359529730000029e-23 8.431859404840000421e-45 1.940561173719999979e-27 1.574026129030000137e-36 5.849045056080000027e-01 2.487605037700000029e-17 5.136274615610000189e-24
1.481910395000000076e-32 1.775880671810000017e-04 2.314933636970000104e-03 9.975074782959999498e-01 1.372426620419999988e-56 3.529498672710000248e-33 4.301750252880000259e-63 1.886660301070000025e-67 2.067079797710000111e-40 9.713477021320000140e-110
1.150639344719999920e-44 5.526214297449999480e-01 5.356599297040000256e-14 4.123213566490000253e-21 2.402502730870000004e-29 2.863807771419999944e-06 4.050550152520000239e-10 1.618659220090000094e-23 1.241582821710000006e-01 3.232174238709999980e-01
1.252352396710000038e-01 9.389115123419999480e-30 3.643466288979999791e-06 1.361835225360000061e-02 3.214267434729999873e-01 4.187983587279999964e-55 2.363980288549999975e-01 6.503261638059999959e-19 3.033179922809999818e-01 2.778672724719999952e-20
8.717981083339999520e-15 3.524742061189999964e-10 7.808688484889999941e-03 9.003557253659999482e-02 1.836161088329999955e-02 2.329256644599999870e-01 1.001798517989999998e-33 6.784088260140000069e-37 6.508684632819999871e-01 4.952155158800000154e-20
1.772200342300000052e-41 9.052567527179999364e-08 2.894869593650000135e-11 2.547415561379999804e-01 2.814294126549999886e-01 1.795715659359999883e-01 3.609744053980000269e-32 2.626874403590000033e-73 2.842573747159999886e-01 4.240536854539999892e-25
7.169877977069999707e-08 1.772074564489999971e-23 1.399633681369999985e-11 2.068063798750000189e-12 1.709764156609999974e-01 1.159060675920000061e-27 5.154028982770000322e-01 4.392562660259999656e-09 3.013619810620000172e-01 1.225862889360000013e-02
1.582533102950000048e-01 1.550151810119999992e-03 1.810470949129999859e-15 3.481421546840000047e-01 5.069679270329999776e-19 1.288023697250000041e-11 1.489247339429999912e-09 4.920543817090000105e-01 1.629381042949999961e-58 6.469732440840000302e-52
1.080872405259999998e-05 1.732305674050000077e-01 4.972737408880000265e-01 3.287732858220000099e-13 1.917824301680000122e-27 3.294605414880000249e-01 1.540010343880000053e-28 2.434149359650000002e-05 2.038545112800000110e-16 9.788415991040000326e-13
1.722427016879999884e-01 1.434924437600000099e-10 3.772293255899999975e-01 1.369264240270000059e-06 4.370074213569999921e-01 5.700750175859999909e-05 2.048273388699999886e-20 7.557789354519999643e-14 9.698820113220000139e-04 1.249229244520000046e-02
5.855477283080000187e-04 3.752118569660000034e-26 7.477244108390000395e-05 4.814541269650000066e-01 1.019080675020000021e-01 1.396663459459999936e-26 3.207322435170000096e-22 4.652571440919999822e-24 4.159774853639999770e-01 5.897146216799999594e-32
1.125631773610000032e-21 3.276799147299999790e-07 2.906464674369999816e-21 7.211965655850000121e-21 6.263352955380000375e-15 2.458691200279999878e-01 3.640969734369999822e-01 1.438836105179999991e-01 5.005161773890000400e-10 2.461499678359999888e-01
1.168977048560000072e-06 2.079762472080000105e-05 2.620960938110000193e-01 2.755478398280000185e-01 1.292362541990000058e-01 4.236245127659999705e-05 1.079260634579999995e-15 7.400958253199999924e-19 3.330554672450000142e-01 1.586337393239999912e-08
3.979043072730000241e-01 6.813511773810000363e-50 2.200388224870000124e-04 2.582945019180000009e-21 7.171266778760000646e-15 1.162120497360000044e-76 1.020447676750000041e-21 3.728789109199999840e-20 6.018756538780000165e-01 2.718572348710000061e-11
3.027991648219999915e-02 2.960620624290000002e-17 4.870473350039999927e-01 9.106927577459999547e-20 3.148046089729999838e-24 8.634779473870000211e-30 8.133429946050000509e-12 1.251967978300000117e-01 6.369326914049999505e-05 3.574122574060000224e-01
6.833695239760000129e-46 1.287608785129999992e-33 5.897819999769999935e-64 1.256505262590000089e-21 6.019724883270000104e-01 1.596786600829999993e-22 3.980275116729999896e-01 1.268394248000000021e-38 3.880211887369999958e-32 4.743326131860000153e-25
9.805521578209999629e-40 1.334987012109999927e-01 9.319757700320000307e-05 1.232352686900000037e-20 2.882770341809999993e-52 3.326802304990000011e-34 5.631482828680000052e-01 4.967300089949999672e-19 5.483003445020000199e-02 2.484297838940000003e-01
2.499408438920000010e-03 1.177995267979999938e-07 3.767753751590000033e-01 7.212680603620000297e-02 2.249498358830000110e-19 4.496133682149999702e-33 5.393656452089999886e-01 9.232624882309999406e-03 2.247538598679999907e-08 7.245785867969999880e-21
1.025421502689999955e-35 1.375763474699999954e-02 1.780293787399999939e-01 2.117123116199999864e-29 1.554009637459999939e-78 1.526714303219999867e-57 3.894588167299999903e-01 1.622757950029999910e-12 3.086549848829999929e-02 3.878886712919999979e-01
5.695062270340000273e-46 3.632938032470000023e-01 1.564908995450000015e-12 3.486828036260000152e-01 1.331453862920000102e-13 3.138602539630000103e-25 2.874804276499999811e-01 2.260046126140000094e-52 5.429654754949999988e-04 1.396264304550000081e-19
7.246351395879999623e-03 3.058481662189999919e-27 1.789588035200000045e-26 8.451910810519999836e-04 7.984320576100000233e-01 1.934763999130000023e-01 7.599799086549999573e-41 1.118452033440000004e-18 3.334508902440000182e-50 8.528518239049999235e-59
2.429317273260000171e-12 2.303892134519999974e-41 7.170665901080000023e-23 9.234627645979999501e-30 3.646996538030000212e-10 2.490872808079999966e-46 3.596408731379999724e-01 5.609569497930000075e-06 6.394912508179999566e-01 8.622661080910000051e-04
4.500415167669999938e-01 9.648267672500000163e-52 3.554045761369999953e-16 2.009667323199999889e-29 1.952339965480000141e-09 5.977148791009999716e-72 3.126574523610000100e-01 1.545134464470000052e-02 1.806519917129999903e-02 2.037844851039999905e-01
3.407808846200000019e-01 4.536028833319999779e-07 1.167073798620000017e-03 3.286677591480000049e-02 8.075218535070000092e-02 3.034840791709999792e-08 4.162157576500000178e-01 1.039693634150000018e-01 2.423793168050000085e-02 9.543619149849999567e-06
5.056413954430000190e-01 2.991514631279999680e-08 1.459267879620000097e-01 4.044640924230000212e-02 1.445508727510000120e-10 3.079853772939999956e-01 1.498024042189999987e-41 7.162206989149999996e-20 2.581422545929999931e-22 1.441177160129999932e-28
5.035395329870000373e-25 5.128903045839999959e-03 1.140238999699999971e-28 6.611859311919999760e-01 3.527955148049999864e-09 3.336851550309999914e-01 7.203045868359999732e-09 8.625825440980000346e-20 6.267179348229999752e-35 2.097590820620000130e-45
1.044014428650000072e-06 6.920075617999999840e-04 2.124680384589999949e-05 2.407294195390000113e-01 5.147551628869999904e-04 1.579448022010000036e-02 2.989997987629999798e-01 9.493236598040000196e-02 3.483147955820000141e-01 8.637228506009999420e-08
3.153213200610000176e-27 5.498834908880000081e-06 1.553289061850000007e-10 1.769630316539999849e-14 1.638666914470000057e-12 4.539925086850000180e-01 3.523478963480000261e-18 6.700590700749999911e-27 5.457061600500000553e-01 2.958322725379999765e-04
6.883034217580000028e-21 1.933054611099999931e-01 5.536526364189999541e-23 4.934258239790000015e-24 5.558958864700000432e-25 2.140367199400000087e-01 3.031886699870000191e-03 1.825938465090000129e-01 3.149370023669999672e-33 4.070320857410000270e-01
1.131494848080000047e-23 3.726555527270000116e-03 1.000724964999999922e-09 5.966871333119999621e-01 2.449458103359999916e-01 8.736618835689999654e-03 7.852517893110000043e-13 6.597410108109999683e-40 1.459038809329999964e-01 5.444841869369999697e-11
4.994818379929999996e-01 2.813512950120000075e-36 1.315840626729999917e-12 6.065296960140000017e-22 4.992502208640000299e-10 8.834460258030000305e-51 2.186819542719999898e-01 2.673068512319999868e-01 2.271134509870000127e-03 1.225822149219999921e-02
4.422682467490000185e-02 1.399174861740000041e-17 4.770311365530000014e-01 3.226589377139999850e-31 5.199258957420000063e-29 2.131423505009999997e-01 4.509018393280000230e-53 5.380506248030000188e-02 1.546131064809999962e-06 2.117930796599999943e-01
5.816368735620000008e-01 1.671616477690000140e-36 8.043353862200000245e-03 9.232357030070000162e-30 1.210912332059999993e-19 1.017247888250000072e-28 3.984795106720000007e-46 2.296354366719999988e-14 2.778040059519999994e-01 1.325157666229999920e-01
3.302917210619999988e-01 1.202884573199999987e-26 1.114925917980000018e-32 6.697082786670000010e-01 2.706166934600000135e-10 1.925926273339999984e-25 2.035845333440000035e-29 2.013709149639999965e-20 1.372644858629999890e-94 1.949087432739999905e-116
4.947274401990000015e-01 4.752389577900000101e-35 2.279128885160000122e-12 9.572514273510000143e-22 1.743322246910000055e-10 6.343065374280000338e-56 2.037473893120000101e-01 2.686359946179999736e-01 5.651302350780000074e-03 2.723787334299999918e-02
3.136945672209999827e-04 2.597674489780000112e-12 2.029660889439999921e-03 1.876560654690000110e-09 3.252662446030000141e-15 1.282122780059999954e-19 9.559286622159999513e-06 4.255547137069999875e-01 5.720923694880000188e-01 1.824321308260000050e-10
1.630041279790000024e-15 3.807366772329999599e-09 5.708453417800000151e-01 3.736225383849999915e-27 5.204844865110000103e-42 4.394057593279999680e-21 1.048103979130000004e-20 6.180977866940000059e-07 7.028490614760000369e-04 4.284511872539999988e-01
6.566610662620000371e-85 5.962331087960000275e-02 1.972353453619999857e-31 2.641798899070000161e-07 3.979332889989999761e-02 3.987207164089999649e-06 4.586868873719999740e-01 2.548754959579999972e-82 4.418922214539999782e-01 7.450466501419999569e-12
2.084092039219999851e-17 1.686813082119999916e-10 2.514025984520000256e-01 1.459886754239999963e-28 3.558334205119999956e-37 2.998887258589999841e-02 2.489919919119999971e-44 1.415817119860000038e-11 3.409787226129999960e-01 3.776298061660000038e-01
8.581449067170000139e-03 5.249262755759999970e-34 2.730576022649999840e-28 5.879537838709999464e-01 4.034647670520000173e-01 2.507527905219999873e-39 9.993068656469999933e-12 3.284861644520000088e-22 2.913856258089999786e-48 2.334208314439999941e-67
3.241837232510000005e-22 5.934141021460000259e-37 8.912348827099999591e-69 4.800507536870000261e-54 7.882075942610000086e-21 5.386661251990000343e-01 3.478887707349999851e-26 4.613338748010000212e-01 1.148749607900000038e-65 2.322795840530000107e-18
7.316244247489999852e-30 6.678078771620000142e-44 9.488170259279999885e-34 1.843312589889999908e-01 8.156686995420000530e-01 2.508700128789999985e-65 4.146924249500000273e-08 1.103114359840000063e-67 1.435043300690000089e-20 3.065076997860000024e-68
9.561225892350000406e-73 1.937701172370000014e-79 1.799536355490000092e-85 2.904048612079999961e-157 1.008907742159999982e-45 3.367635300740000088e-37 9.218180496150000226e-46 1.026579275510000012e-38 2.020102498340000004e-32 1.000000000000000000e+00
4.637441568160000256e-32 9.059214471629999490e-06 1.522662639850000067e-10 3.152478657970000119e-16 2.402935343669999844e-15 4.539856788960000000e-01 2.157902597530000110e-21 1.555763386359999954e-30 5.457078320930000004e-01 2.974296446280000014e-04
1.184748324259999935e-03 1.495164301960000078e-07 3.792345850300000154e-01 7.095675142250000567e-02 1.665892292770000031e-19 2.284536152460000180e-31 5.403081403999999699e-01 8.315614024740000665e-03 1.128130882949999967e-08 1.232071396320000080e-19
3.111912785790000051e-21 1.131860205480000014e-64 3.072809688559999938e-59 4.871269143889999781e-53 5.997473221639999519e-01 5.955199428450000040e-26 3.382133613909999868e-11 1.679344981159999972e-13 1.918809636190000000e-19 4.002526778020000231e-01
3.021020179619999801e-01 1.024953419399999982e-01 4.507409187119999598e-03 2.873948157140000098e-03 9.581546228920000130e-02 1.922407050849999910e-01 1.244792667500000034e-04 4.946225937999999697e-05 3.259880278459999765e-08 2.997911412540000264e-01
2.237556633400000023e-23 3.779691731659999832e-01 4.870196707159999917e-48 1.943708266429999927e-12 2.800012680470000233e-26 2.332292403590000007e-01 2.131820998800000033e-01 1.756194865940000072e-01 8.563498239199999532e-94 5.987778041430000398e-50
1.886961718520000030e-32 5.020810357199999574e-01 1.605002138720000027e-01 1.271400949140000037e-30 1.830375752419999888e-57 2.276010971680000050e-01 1.208332523490000063e-39 1.312961402760000086e-12 1.174191256280000036e-03 1.086434619820000058e-01
6.457168780250000164e-37 5.403275742459999828e-55 7.887810016670000587e-34 4.997893614129999715e-23 5.413655228000000541e-01 2.979778842949999892e-43 3.268102422899999766e-19 6.054394990820000003e-54 4.586344772000000014e-01 2.283940028809999912e-20
