8.660990410190000824e-06 1.598152777300000105e-01 9.416781272499999539e-35 3.019887948960000013e-01 1.706531031269999943e-01 4.099608160719999815e-36 1.045359012960000028e-05 7.504875786959999765e-41 7.365760106190000497e-11 3.675237095930000142e-01
8.792514119520000903e-47 1.795210845540000100e-01 5.545575243839999668e-01 2.065723134479999963e-08 5.120680768859999824e-16 2.659213704050000238e-01 3.189534585049999764e-14 3.387611319799999760e-13 2.981744497640000155e-81 7.501396691869999553e-60
5.622832608080000056e-13 5.227149154469999948e-01 1.822538300369999989e-02 1.800769090799999858e-21 4.590593169469999735e-01 3.222110149249999977e-07 5.351675357749999890e-21 6.239157683259999977e-08 1.585069888369999986e-27 2.195218972810000155e-30
9.874340231959999512e-45 7.376925093710000380e-34 9.951519201029999786e-59 1.543735951100000014e-40 6.935899892760000185e-01 9.463738671060000064e-24 5.452592204140000143e-12 6.686405332919999969e-15 3.499765244949999901e-18 3.064100107189999811e-01
6.914007452979999859e-29 1.524325132830000136e-08 5.969722399810000191e-01 6.120632756489999965e-03 3.965710647239999997e-01 3.329458679010000166e-10 3.360363511560000090e-04 1.061165926429999972e-08 3.907147331129999893e-20 9.654770407589999828e-52
2.435946955360000067e-167 2.869377029550000141e-36 1.048952095809999953e-46 2.302440242390000176e-44 6.812809773440000582e-08 9.985101352659999733e-24 6.042413284840000287e-01 3.957586033869999742e-01 6.084998275689999734e-90 5.972012348139999837e-38
2.218253832159999848e-18 2.878826841060000266e-35 6.827901712409999441e-33 1.419357497519999924e-20 4.375937482109999999e-01 3.257283486470000100e-01 1.041465170670000021e-35 6.012755221480000300e-35 5.758641981680000062e-16 2.366779031429999958e-01
8.829767336329999801e-13 1.385590982120000050e-12 3.530429272150000242e-01 1.706913158240000141e-24 6.469570727829999646e-01 6.955055658019999923e-22 1.712094783109999985e-50 6.525497773059999713e-30 3.623068238529999809e-25 9.537099198120000369e-64
1.595301681999999971e-40 2.923223918530000114e-36 8.900986362269999541e-29 2.372499251940000109e-01 3.586724082889999887e-01 1.070040941959999983e-89 4.040776665170000004e-01 5.364177714260000181e-27 1.896749172279999924e-14 1.843013881290000081e-44
1.799020433119999896e-22 4.678049889820000140e-01 3.139095802729999826e-03 1.084736480119999995e-05 5.290385719610000148e-01 6.495889240860000034e-06 1.082674806529999933e-25 1.324142628490000042e-20 1.208473042090000030e-82 3.419097915939999720e-23
1.476343293119999885e-17 8.045035426550000432e-64 3.904662750369999880e-01 9.725781105719999778e-03 3.110809810990000090e-01 5.741161666269999767e-08 4.414743879009999795e-15 5.679961306170000458e-04 2.881589083869999790e-01 8.292368204759999690e-10
1.104451846240000020e-11 1.876365036829999956e-66 3.818427745970000287e-02 3.306682626820000208e-47 7.738403087720000517e-01 2.329603347390000090e-133 2.840806067550000237e-44 1.835449409090000039e-01 4.430472848200000223e-03 6.461326387580000439e-47
2.341662796479999864e-43 1.614495625159999901e-09 7.386975283209999965e-01 2.612906645479999845e-01 1.547970810899999880e-13 1.180551671679999970e-05 8.721494465099999523e-36 3.932669295100000069e-45 3.705645082199999909e-82 9.072021800079999814e-101
1.909075347750000061e-04 2.402597119750000121e-01 4.243369092989999940e-07 4.406425827580000010e-01 1.027109783879999959e-39 3.189063733949999979e-01 3.659077232010000073e-18 2.963908826419999911e-32 5.946167781349999458e-17 4.873592950200000364e-24
5.986395811550000198e-28 8.517399476879999216e-43 2.840064555919999956e-01 1.849771504680000034e-32 2.472052774519999914e-11 2.479987376100000148e-44 1.940702345200000025e-25 7.159935443789999798e-01 4.300329898569999860e-12 5.213043069140000329e-68
1.850319171649999905e-49 2.642381521880000084e-01 1.346029516550000077e-31 1.355401104500000010e-07 2.168233290999999912e-45 4.991807131160000334e-19 7.357617122720000458e-01 2.007018956489999973e-23 5.592299997159999668e-83 1.367266010769999880e-23
2.147440384840000112e-13 1.548924084919999986e-05 2.546675335689999961e-23 1.800905231179999901e-37 5.907965360489999540e-01 3.360949221749999771e-01 1.800895318129999994e-11 1.329324074689999975e-02 5.965385925390000177e-02 1.459525160260000077e-04
4.149868164950000050e-24 5.259851838039999450e-01 2.079789040749999984e-01 2.660359002300000109e-01 9.257231853409999590e-46 1.189010332639999941e-08 6.405385918049999644e-18 4.382674507110000095e-28 9.233412005799999714e-54 1.110646269990000031e-61
2.055010794790000092e-17 1.913232151060000077e-33 7.716409344100000345e-01 4.095718109510000085e-21 1.199933417129999874e-10 1.970652230459999994e-46 1.890366940379999916e-16 2.245211590529999912e-01 3.837906416299999984e-03 3.716617116490000123e-52
1.276986834849999988e-02 1.634766626780000076e-45 2.496566207239999946e-01 1.859215096969999981e-01 1.233753687430000045e-23 5.516520011809999957e-01 1.392909866750000014e-86 5.687561201989999693e-81 4.944355029759999711e-11 8.408178809029999691e-51
2.699685500310000210e-34 6.763144096280000461e-01 8.735826148190000168e-16 1.710172253089999988e-43 3.200504218389999683e-02 6.803951644629999476e-04 1.206395973600000047e-15 2.910001530240000078e-01 9.605509683360000869e-50 3.124896506789999845e-22
4.336331414710000083e-06 9.238691836499999968e-12 4.949292383119999985e-29 2.657064599049999894e-31 8.428793661930000684e-118 3.326039195880000077e-01 3.058046926220000221e-08 7.745796462149999687e-07 3.008504745300000227e-01 3.665404643810000196e-01
3.285317084919999935e-08 3.681390313740000308e-02 1.474177169760000020e-04 1.912180145229999961e-01 4.133089390369999830e-12 2.549230705519999751e-01 2.585014737990000144e-01 2.391116647500000017e-10 2.583960871759999889e-01 9.520865310239999944e-20
6.144872197409999570e-01 5.950977659699999905e-19 3.695342475690000098e-13 3.854907323119999840e-01 2.204204820290000150e-05 4.833262533060000140e-57 3.702173402979999858e-26 3.640113129809999707e-39 2.722030064769999927e-17 5.898589424029999851e-09
2.850337918900000024e-03 6.540830550700000292e-07 1.670804855459999960e-01 4.732602479779999816e-01 1.189347982780000021e-38 3.128157532550000200e-04 1.185405718609999900e-03 2.206546261690000166e-03 6.907404557069999566e-13 3.531035067400000171e-01
1.578466036629999991e-28 7.500045639119999885e-01 5.983198435469999915e-36 3.716903937069999938e-37 3.082298410470000121e-07 7.405364964460000265e-26 2.499505274309999914e-01 4.460042695620000213e-05 1.241039863179999916e-21 1.364823789340000063e-13
1.685113225830000038e-19 1.314551448010000031e-48 1.074338765620000001e-04 3.934325568800000134e-36 2.605804476769999920e-17 7.569074232880000386e-16 1.012924896200000063e-29 5.630430216980000235e-01 4.368495444259999916e-01 2.575858645480000163e-35
2.455217804510000192e-35 2.036775151420000065e-83 7.742335672789999756e-26 5.891637034320000121e-23 6.830448271899999766e-06 3.408754016860000019e-09 9.956491609039999463e-11 3.783250656620000263e-01 4.334640722640000221e-01 1.882040281169999885e-01
2.855280266559999931e-41 1.308847014179999900e-12 4.354688459989999871e-01 1.119001532389999950e-43 6.726681769770000092e-68 1.500272198100000010e-01 2.998766717880000204e-34 4.145039341899999785e-01 2.851762188840000018e-90 1.201102113300000105e-56
5.027545091399999931e-62 3.980253862309999779e-01 1.334379472780000131e-01 1.482084342640000013e-21 4.043400535689999798e-29 4.303608694480000052e-01 2.798107024000000212e-13 3.817579704360000298e-02 3.848006256470000057e-121 1.366013724970000075e-65
1.106516997870000052e-03 2.909861327020000161e-27 3.989922786339999972e-01 1.162879448460000001e-18 5.999012043679999850e-01 9.049130151449999467e-67 2.007809814620000037e-39 1.818730839209999949e-16 4.759723294669999871e-17 3.189513730690000139e-30
2.352111576750000044e-01 7.351987487119999638e-33 7.876396737860000261e-27 2.079688481509999816e-18 1.866299489120000055e-18 3.514077242140000215e-30 4.517640723769999788e-32 1.059248914950000048e-32 6.872642830109999823e-02 6.960624140240000424e-01
1.583082380259999919e-19 1.448755811819999965e-12 4.001595058799999882e-01 1.578539870739999962e-06 7.057036351429999918e-17 5.998389155790000427e-01 4.543109432069999806e-30 6.921463361050000163e-28 7.441650923910000506e-35 1.242532152950000016e-43
7.244517608890000066e-05 3.458506447920000060e-01 3.215944078679999779e-13 3.730451328569999948e-17 7.558669248230000120e-29 7.594024978219999520e-23 4.414967986839999807e-13 1.038936282639999973e-08 2.132724674270000001e-32 6.540768996419999981e-01
7.768447756810000074e-08 4.611024755519999713e-02 2.775152067140000067e-28 2.154653453990000023e-01 3.409138647330000049e-01 9.972069695499999580e-26 2.275464921269999937e-07 3.409045080440000242e-33 2.878870945800000021e-15 3.975102370820000064e-01
1.060555733160000008e-05 1.971600200059999974e-01 5.011288094360000223e-01 5.187628388789999856e-10 3.017005644819999999e-01 5.564045525470000345e-16 3.749226270710000280e-61 4.346934471779999588e-56 2.994322363430000106e-46 1.083761267979999985e-50
1.379207968329999979e-13 5.227511255160000037e-01 1.814270267119999849e-02 3.984025227849999868e-22 4.591059979850000139e-01 1.537192027850000061e-07 2.414533328040000130e-23 2.010869811090000012e-08 1.539006408700000052e-27 2.020964197079999801e-31
4.710020798419999661e-06 4.584902431660000111e-01 3.422597369439999888e-06 3.184111465590000015e-52 7.425287353680000469e-19 1.506551270549999946e-12 8.190642302670000061e-33 5.415016242140000546e-01 3.224960194539999862e-33 4.196113808319999874e-16
1.116732516860000110e-19 1.165716644120000021e-59 6.010003014400000509e-01 2.928710908069999922e-27 6.255147546490000291e-12 2.803355243449999851e-11 1.051134045330000039e-35 1.638840588479999957e-06 3.989980596850000172e-01 8.698778815289999697e-39
4.375549291740000180e-01 1.574571794449999983e-20 5.909370748950000270e-48 5.533828499720000460e-01 1.115821532670000013e-17 5.011364152140000249e-25 3.131127475569999932e-50 9.396924172580000492e-146 8.272266929430000147e-17 9.062220853529999454e-03
9.089365371759999812e-01 2.389101191120000215e-13 9.106346282329999542e-02 2.689554498589999947e-14 2.057353245890000113e-29 3.691072607059999936e-44 1.487493676020000009e-50 4.973871797529999959e-42 2.570339991949999936e-26 9.660340058469999508e-52
5.031041970460000065e-06 3.915102725269999917e-01 6.084845158830000100e-01 1.640087788950000112e-07 5.845759010879999930e-60 1.568922957729999861e-20 4.004759584329999984e-10 1.613854112979999957e-08 4.626696788519999725e-21 1.068567080129999966e-30
1.422542773710000056e-32 4.888088255190000120e-01 4.486964550930000396e-28 9.689701083159999514e-11 1.076980862470000088e-80 5.111906484560000408e-01 5.259274600619999491e-07 3.102180576259999984e-30 1.278695232670000059e-51 1.125346532320000072e-24
1.471834044250000004e-22 5.170841930420000125e-47 8.096432055399999578e-42 6.457896518919999940e-01 1.004823452429999969e-11 1.464110950470000075e-18 2.684616466850000168e-12 1.239335396619999991e-47 3.542102365409999787e-01 1.115547290140000037e-07
2.463301448060000116e-24 3.069105108189999803e-35 2.902023352530000077e-32 7.163102246960000308e-01 1.351234237779999903e-01 4.004368459780000121e-37 5.497267000790000352e-04 2.081151964680000132e-30 1.480166248260000039e-01 1.228937700409999951e-14
4.995384730829999798e-10 1.313188184619999967e-40 2.073615716670000053e-01 3.263888570559999799e-03 4.689682320530000337e-02 7.990202074999999682e-02 6.569263335939999721e-16 4.460063366740000257e-01 1.296288138879999885e-01 8.694054474449999792e-02
1.875813613689999888e-10 3.917011992080000060e-01 4.293707603860000277e-02 4.874882342350000174e-18 9.065809464530000597e-03 3.672261451570000167e-11 5.420101983289999787e-21 4.116789660940000095e-01 6.009080412160000238e-64 1.446169489709999978e-01
5.530327800830000529e-01 7.672133658369999710e-26 1.525789799059999899e-14 1.761383827220000010e-03 4.113296029899999873e-01 6.684739631749999854e-58 8.569517870730000754e-18 1.242070725580000047e-25 3.387620336469999993e-02 2.973517305449999916e-08
4.512959591569999929e-01 9.491329355760000711e-34 2.648966097439999778e-01 3.214518203330000231e-39 1.969990992150000009e-01 2.213882724729999966e-27 5.271752521790000522e-57 2.676497637009999874e-15 8.680833188450000348e-02 2.301986436309999953e-32
2.146695851110000108e-01 2.488811868129999922e-36 7.697671320540000012e-23 1.934215395950000062e-07 7.654347552289999523e-01 9.414745672040000619e-06 9.402080951160000118e-55 3.591990155860000145e-58 3.252926605830000050e-03 1.663312488720000010e-02
3.486923772489999984e-15 4.124094241530000260e-01 5.371381705630000087e-35 9.944490210940000463e-02 3.405436628890000095e-01 6.081522863980000382e-53 1.476000768029999966e-01 1.985117055200000076e-33 1.840510017889999921e-25 1.934046204040000209e-06
1.104455644700000046e-03 2.217589711500000100e-14 9.247927078599999492e-47 3.802306650060000015e-01 7.784575677630000374e-14 3.052571980980000078e-24 3.447669495820000123e-23 1.066668330680000021e-79 2.255943599120000159e-06 6.186626234059999785e-01
2.935450475610000207e-03 1.747439124920000008e-04 3.657059191360000003e-09 5.974081318599999690e-01 3.113377568570000027e-24 5.078179237340000369e-13 2.831590019549999838e-12 2.643785565319999735e-32 3.994816700919999741e-01 2.760991665559999835e-31
2.367651394840000158e-11 2.240081532069999881e-02 3.520488182470000171e-01 3.355528734720000239e-01 6.500540473050000277e-32 2.640535316600000142e-27 2.072198876040000082e-01 8.277760533309999613e-02 1.566996234440000079e-30 1.667773463019999999e-15
3.593615798219999752e-14 2.519826009629999899e-26 5.063872471820000110e-01 7.775997500730000289e-02 3.244875406380000068e-09 1.365183531489999880e-01 2.676307062669999928e-11 2.751095504079999893e-02 2.586519304610000019e-18 2.518234663489999914e-01
2.711901457260000173e-07 5.819940531899999714e-01 2.981238848179999973e-09 4.180502097600000287e-12 2.721349548790000195e-16 1.431681367429999947e-40 9.635654431670000415e-07 8.218083380709999275e-03 9.949754605730000326e-37 4.097866256889999836e-01
3.932407628849999837e-01 1.012047737429999980e-05 3.313043834050000136e-01 2.776194000090000004e-42 5.752888377759999860e-16 2.754398341339999723e-01 9.225517276579999533e-42 4.899097363939999993e-06 2.749486920529999744e-26 5.846616036490000069e-13
1.635044198529999955e-13 1.062802276139999991e-14 2.612702618660000146e-12 2.520146248749999948e-19 2.786555933589999971e-36 1.622230309699999901e-19 5.781491596430000240e-02 3.148826489239999749e-01 6.273024351089999673e-01 5.336767154149999941e-20
2.551703773530000219e-01 4.771705118710000228e-60 7.448289639670000462e-01 5.163587959579999742e-22 2.732912558899999888e-49 3.642617911290000135e-08 2.451318005729999962e-98 1.112069615300000038e-45 6.222539944600000217e-07 9.231775460860000294e-46
2.227699453920000057e-31 3.494331567910000103e-01 8.074554851530000009e-16 2.039501252369999943e-12 6.505668214340000199e-01 9.090198035599999513e-13 2.176569827070000135e-08 6.376073206669999689e-12 1.049673803669999929e-55 9.084251092739999563e-13
8.828176181199999932e-15 2.701218184690000067e-29 5.936453985649999614e-65 2.662443769790000035e-72 4.429653043040000179e-49 4.329198943759999879e-29 1.757627187579999861e-26 1.025441125859999972e-23 5.759157444410000215e-01 4.240842555589999785e-01
5.303516499279999905e-23 5.431223589499999957e-19 1.918929720179999985e-09 8.235791294430000350e-13 2.446359037889999921e-01 2.758634635150000181e-01 1.014573771959999954e-02 2.526380286200000103e-01 2.167168644370000008e-01 3.711120151419999913e-22
1.891607815929999939e-15 2.170182895230000093e-30 3.117553170030000185e-28 1.000000000000000000e+00 1.330772534279999937e-31 3.537943799269999854e-28 4.630779948049999778e-37 9.840596299519999498e-80 5.665693181080000418e-25 1.501847819379999931e-27
2.430202490109999896e-10 1.134756981010000084e-47 3.599846257729999999e-01 2.301905766750000082e-01 1.561227347320000014e-01 4.849581107219999600e-19 5.681126063289999822e-17 4.329802774509999951e-06 2.536977327500000157e-01 2.388924372430000146e-11
3.026856838290000105e-37 3.733512546460000130e-16 7.607710300419999738e-01 5.479900938150000510e-38 1.228289448560000103e-50 3.278583256099999857e-05 3.870168786219999790e-30 2.391961841259999944e-01 6.338632813790000269e-67 1.293990140999999983e-51
4.203612009709999930e-01 5.773272716789999981e-01 3.166827154999999811e-22 8.921423473280000037e-06 4.859297623509999672e-24 2.302605078549999941e-03 6.705659687520000057e-29 5.489429429970000216e-54 5.471949507430000302e-18 8.482796968860000003e-10
5.149403046650000164e-10 1.071576841100000071e-39 2.312703139080000136e-01 5.674649895660000519e-04 6.362840057520000037e-02 7.184991081840000349e-02 2.407967979959999853e-13 3.991155146700000045e-01 9.120698454929999921e-02 1.423614099740000138e-01
6.462082217340000545e-01 3.537251064549999935e-01 1.005367402800000063e-13 1.771499847370000034e-28 9.113795171899999598e-42 1.021150752850000100e-09 4.500424424040000327e-21 9.397790158729999734e-11 5.287040658410000059e-19 6.667069574650000079e-05
1.993842246130000019e-16 4.113541909419999865e-01 1.550002099620000071e-49 5.170314446020000281e-44 7.483756632190000308e-23 2.388836733240000065e-06 2.756015004580000261e-01 1.815402727700000028e-09 5.515352712230000079e-03 3.075265652360000268e-01
1.443915166570000075e-01 2.667233483970000152e-01 8.767602821509999644e-02 1.736452268940000137e-14 1.183948451549999975e-01 3.828142615760000145e-01 1.210138120479999934e-43 3.030103587400000106e-30 5.662343648300000160e-28 1.528643271380000028e-22
2.851376795000000154e-18 1.791646829679999923e-24 1.063108303040000048e-74 3.692741366379999881e-09 3.347683540909999755e-01 9.409114593310000763e-40 4.506204892940000052e-10 5.184404229609999848e-64 6.689613948589999415e-02 5.983355022790000088e-01
5.276597955270000417e-01 3.860787084389999754e-35 4.723402044730000138e-01 1.398336138840000015e-35 5.767449563520000232e-18 1.144360645019999971e-13 7.492786883059999639e-107 7.343194833060000559e-39 3.008524772669999891e-20 9.252072768010000717e-40
7.205203557859999377e-27 1.338662631379999977e-21 3.452397659329999868e-01 6.943495309390000647e-02 1.817184174660000165e-02 6.589854580399999900e-31 2.860655614520000241e-04 5.668673736649999517e-01 5.430889392410000107e-31 8.662897774859999869e-22
7.536198495060000252e-19 1.007970362659999993e-63 3.925711710909999819e-01 2.106798838510000153e-03 3.150681629920000226e-01 6.337831082780000509e-08 2.367448780319999992e-14 4.408803178860000145e-04 2.898129230400000034e-01 3.414448689100000080e-10
3.820982898490000168e-01 1.135104150189999994e-01 4.965719225690000000e-09 2.967779080910000014e-07 1.153083429369999996e-01 1.938436453250000033e-59 3.654950096430000239e-01 1.799941681270000047e-03 5.355723156679999954e-12 2.178769912150000168e-02
6.306275996449999848e-18 3.208479448030000156e-24 3.915760812069999930e-01 1.894393901889999954e-01 1.272781048690000006e-09 1.940956476980000012e-01 7.036090378370000159e-10 9.933211001899999726e-02 1.662931276579999888e-24 1.255567689100000051e-01
1.156399444090000035e-05 2.145159215100000127e-01 3.454650736740000034e-18 4.689100190810000369e-10 5.786268613609999445e-01 8.432182169920000238e-58 3.370018953319999804e-09 2.936232516830000018e-28 2.068456492959999948e-01 8.426905330249999874e-33
9.797901514199999570e-30 1.583617419490000160e-39 5.362415672060000133e-38 3.633731370530000060e-01 8.193435994910000519e-02 3.150616182409999776e-44 2.470798455959999917e-01 2.311645209569999855e-33 3.076126574020000004e-01 8.831920764710000478e-18
1.936813172770000150e-12 1.338979540120000121e-44 3.592605071530000083e-01 2.314395283800000092e-01 1.543319889199999961e-01 3.072496041230000022e-11 3.532667842300000025e-11 1.759738999009999999e-03 2.532079623360000142e-01 2.741451154870000224e-07
9.353797765779999550e-38 4.915932480230000113e-75 1.413700863220000061e-24 2.797402911049999899e-02 4.694563921220000213e-01 2.427536174989999851e-02 4.227501031570000185e-08 1.959877213959999958e-18 4.782941747280000100e-01 1.451814018090000009e-11
1.739503094599999962e-40 5.730154527549999938e-47 3.135296818350000181e-01 2.662091552380000008e-14 9.616623938479999800e-02 9.551992185699999391e-42 9.514940795480000419e-19 5.903040787800000189e-01 1.673674005560000086e-36 6.125813959800000450e-44
6.462377448380000056e-01 3.537620401050000085e-01 8.729160548109999839e-16 2.090379157900000078e-30 2.458637045360000134e-51 3.583742124019999970e-09 2.262196699940000080e-26 3.360974541259999930e-16 1.627029311309999902e-22 2.114730264879999988e-07
5.468429010309999829e-16 1.370860654149999898e-82 1.880693137560000006e-01 1.627438644710000049e-01 1.530650645259999942e-01 4.088808118759999777e-02 3.513935740710000289e-24 4.351793021060000247e-08 4.552334636070000107e-01 1.689343001240000107e-07
4.295027850649999812e-48 1.851191832250000113e-01 5.539894824640000381e-01 3.782198752429999927e-08 1.335567813239999922e-16 2.608912964890000019e-01 2.375569374719999914e-15 1.900367220089999947e-13 4.278338995209999710e-81 7.202406868379999640e-61
1.347803296239999998e-25 1.654215577869999994e-29 2.919795147780000072e-02 2.210528011999999970e-07 4.697529327180000047e-01 2.336301845620000067e-02 3.273203755000000110e-09 4.709230254359999595e-06 4.776811637919999853e-01 3.945799479030000109e-40
6.957628830830000306e-20 3.749564564230000225e-14 4.001598439669999951e-01 1.122785212280000088e-06 1.380827556919999922e-16 5.998390332480000309e-01 2.118559527069999962e-30 4.938630771729999667e-27 4.919050344510000290e-34 1.256050708950000052e-42
1.139533128140000022e-04 4.377945720490000071e-31 4.004085902050000256e-01 4.898058839600000484e-07 2.153324124770000091e-27 4.320246216859999981e-37 4.662229180379999663e-27 1.602835686959999912e-21 5.994769666760000337e-01 8.312434397740000189e-44
1.358693087959999991e-20 3.846443516060000234e-01 5.635974581070000378e-32 2.684547700649999951e-04 4.643491658710000025e-01 1.120038318719999960e-42 1.507378783370000030e-01 7.919427639869999667e-27 4.399831456580000207e-30 1.494157281389999979e-07
3.949761334699999904e-01 4.093090077640000253e-60 1.944942252630000104e-02 9.327479999619999750e-27 5.801138990959999742e-01 1.664913729939999879e-41 4.323662173399999733e-68 5.627757421160000374e-21 5.460544907340000344e-03 1.266431200250000014e-24
5.424718169500000048e-02 6.334749668319999561e-20 3.249059266209999840e-17 1.518223403260000014e-03 2.846285859680000030e-01 5.007042462830000318e-01 6.386286755649999991e-50 3.300133303530000030e-59 3.017787742019999925e-22 1.589017626500000002e-01
4.651460548399999895e-01 7.556799911299999955e-35 2.515074114720000087e-01 5.401840079299999699e-39 2.100484315180000117e-01 2.432876244719999942e-26 2.205384929700000096e-55 1.183867977059999940e-13 7.329810216950000124e-02 6.216263856990000203e-31
5.082524461869999924e-28 2.117092929889999913e-22 1.937256390859999892e-53 5.551419843170000047e-49 5.239538234759999963e-18 3.927420880299999849e-68 2.698929776389999979e-01 4.792986336510000195e-02 9.269741668810000073e-12 6.821771589859999541e-01
7.949284002350000380e-09 9.837296587670000324e-41 2.028468871910000040e-02 9.825404329590000499e-49 4.774145281650000183e-01 6.380027488859999714e-31 6.981702484309999758e-50 3.711746947569999933e-06 5.022970634190000450e-01 8.101651169800000617e-37
1.144571295530000081e-02 1.021253637999999936e-01 1.964965232339999923e-01 4.587731997740000022e-15 4.021210877090000135e-01 9.776483952070000275e-23 1.329274244160000031e-15 2.874413659769999851e-01 3.856931161790000336e-27 3.699463237500000192e-04
1.460617781060000002e-02 9.812452673230000200e-02 1.958199159429999947e-01 9.200260707020000626e-15 4.015531704049999928e-01 1.854652280880000047e-22 2.581373934379999956e-15 2.897513565689999737e-01 2.987568946169999946e-28 1.448525401449999911e-04
1.471161541680000045e-22 1.968446573369999918e-38 2.873569012230000144e-21 2.606438783429999983e-15 1.737998690280000143e-17 1.839600931830000129e-45 4.959512355699999819e-01 6.990176890080000011e-03 4.970585875390000075e-01 1.177147392569999995e-12
2.003041843109999998e-01 2.802286434840000062e-01 3.223079879250000113e-02 3.812364006979999729e-14 5.215833579530000043e-86 3.404251269720000028e-01 3.333800309650000177e-09 1.468112430880000041e-01 1.423473473139999856e-14 1.918310829110000156e-11
1.796097588939999835e-05 4.611343631459999953e-02 1.719145817700000003e-11 6.180910971629999945e-03 4.938065229440000148e-01 4.459819557479999808e-01 1.597077285359999916e-28 3.768617084739999925e-33 3.330819860950000020e-39 7.899213028779999632e-03
1.911513322410000054e-32 9.995015959759999680e-01 5.545895691079999992e-52 1.740248269049999919e-39 5.533033193940000307e-28 2.369717049139999843e-33 4.984040235669999486e-04 1.143691059280000054e-17 3.213891105599999854e-32 4.380701026669999783e-15
4.170778346819999927e-01 2.221747474819999912e-23 1.171793943440000099e-19 8.402076513939999796e-17 2.964910734249999735e-01 2.242729537850000066e-01 5.791537013729999775e-46 4.068046981069999996e-48 6.215813810439999726e-02 3.479732168999999989e-12
9.785470068060000445e-25 5.639207707729999852e-03 1.597956683700000013e-35 2.355016764039999811e-03 5.780268443709999917e-48 2.580915727470000087e-01 6.186562120099999840e-01 1.198198306680000086e-28 4.029766929420000187e-37 1.152579907710000046e-01
7.133125052709999858e-01 4.639889680180000327e-44 1.530453648429999924e-01 9.609850646379999861e-02 6.977142854780000435e-91 2.825207588300000100e-02 1.504658073200000075e-46 8.976913691480000613e-46 9.291547539160000327e-03 1.084408098269999931e-39
5.484748345230000544e-01 1.678594360460000006e-03 4.218362567510000147e-22 7.364356213109999987e-03 4.075243701430000254e-01 6.035945278030000033e-22 1.046993927050000062e-20 1.746579898179999986e-48 3.495784476040000172e-02 1.640440756779999947e-16
7.372340719330000314e-18 2.495426170069999834e-21 2.625345084499999815e-01 4.180899894160000100e-46 8.548752151349999675e-64 5.558610375300000461e-01 5.128091309000000138e-38 1.816044540200000001e-01 2.999559880380000137e-34 2.959454486050000117e-31
2.503880862710000095e-39 5.414445740140000352e-01 1.045308813790000060e-62 4.764013904250000293e-21 9.464909682449999494e-15 1.056828065289999947e-46 4.583300444000000251e-01 2.205465183359999983e-28 1.111830053330000064e-60 2.253815864319999953e-04
8.297098321900000344e-34 1.496122403360000028e-06 1.272423172659999905e-71 1.146481314300000123e-13 2.534430354979999991e-15 2.099852897689999942e-01 2.276856859059999816e-09 5.447217081449999722e-49 2.103100130099999945e-36 7.900132118320000174e-01
3.770566450969999872e-01 1.139212278989999994e-01 2.381916447950000032e-08 7.515139927549999450e-09 1.167389145219999980e-01 1.512654439880000121e-60 3.597565880029999774e-01 2.598516869010000178e-03 4.704084995259999770e-11 2.992807622900000089e-02
4.812441985690000173e-42 2.424547094700000155e-42 1.038346962339999993e-23 8.438887480730000277e-10 4.325214456229999893e-01 2.495537541370000112e-01 3.178916085399999814e-01 3.319070319539999984e-05 2.231499815310000068e-13 1.531572046160000120e-10
5.276597955270000417e-01 9.500792048120000101e-36 4.723402044730000138e-01 3.117684831370000026e-35 8.183483397159999588e-19 1.144039448999999906e-13 5.471783125689999566e-106 5.544269302970000149e-39 3.288313538509999941e-20 2.051882619260000001e-38
3.953425586730000178e-32 7.215842925169999938e-37 2.153894299809999968e-01 6.635793048600000521e-01 1.489896201310000022e-02 1.061323031460000010e-01 4.395219081729999663e-37 3.599868364570000200e-30 3.534234702970000243e-44 1.826970313180000070e-40
1.218838327790000087e-03 3.909316801630000060e-01 6.077730974980000145e-01 2.237732834500000148e-45 1.163788211100000055e-12 4.408956705959999993e-11 1.798733775980000147e-42 7.638396579620000313e-05 3.432924707189999877e-39 1.666644042539999977e-19
2.645856460929999871e-23 6.448050421549999655e-60 5.860780070699999797e-24 1.241264073250000013e-70 1.468843994970000047e-57 6.064297773360000088e-01 1.453692655839999982e-37 3.919330220109999985e-01 1.637200653009999920e-03 1.183162453970000015e-13
4.118815402810000249e-62 8.982070223890000274e-03 3.993067656450000043e-11 4.352724907980000225e-10 9.933501899060000027e-12 2.750017560529999794e-01 5.521620603010000128e-01 1.638541129370000016e-01 4.514099157050000197e-103 2.901171191909999932e-27
2.515535538149999866e-52 6.088866281950000093e-27 1.655026009489999923e-06 4.004853969899999868e-22 1.953663336979999858e-17 1.655182300069999910e-20 3.566734300960000013e-19 9.999983449739999752e-01 7.073965132309999560e-75 1.794124811959999977e-35
2.135163029160000085e-19 9.924681586820000448e-11 3.634492406050000172e-16 4.161025259369999931e-42 2.974917735009999786e-01 4.787860060010000307e-25 2.436496058219999990e-25 7.024939246260000214e-01 1.215124792159999930e-51 1.430177407410000049e-05
1.013615576390000023e-13 1.010212877630000013e-02 1.120340426610000076e-16 2.971698709830000111e-06 5.680212209389999822e-01 2.458419704910000114e-01 1.648124118199999920e-13 3.852639892909999835e-21 2.227043138919999942e-29 1.760317080949999891e-01
5.640004099869999621e-01 2.403045435919999862e-01 9.376742352279999921e-17 1.956950464199999906e-01 2.083850927879999929e-16 2.002530781130000016e-14 5.832933752469999947e-40 6.547924713769999916e-79 4.534437179309999835e-23 1.109860284799999913e-27
2.058636969360000079e-14 1.445660115510000067e-24 5.495770920110000235e-01 1.496094568339999958e-02 2.172928168599999892e-08 1.204329509320000019e-01 1.999968283630000084e-09 2.180908068279999862e-02 6.417707301229999615e-22 2.932199069620000098e-01
3.608344194679999751e-05 1.768399175790000043e-09 3.432404321899999999e-01 1.267144916800000132e-01 1.326856287020000001e-22 1.842765741419999882e-44 4.954129628010000008e-01 3.459602789590000144e-02 2.231357381489999918e-10 1.656275902590000020e-16
7.917433767179999832e-08 2.593321489490000009e-08 1.975572736400000029e-01 9.953268687439999064e-35 7.997964013330000066e-01 2.157902467219999908e-20 1.602274229000000102e-31 2.919257749509999830e-12 2.646219916560000208e-03 1.217310402120000019e-57
2.000554269670000023e-82 2.528421336560000070e-52 3.425673354530000239e-55 4.937017251879999765e-32 1.913495801040000085e-09 6.489007921539999835e-01 3.003017040489999734e-01 1.301802498989999889e-04 8.824227073550000417e-34 5.066732163349999679e-02
1.220100333109999929e-26 2.228866126540000078e-18 3.354654853469999920e-01 8.670734738829999344e-02 6.756608507349999571e-03 5.533960592479999889e-28 1.521357825299999927e-04 5.709184229749999506e-01 3.793289493200000047e-33 1.694269157809999965e-20
2.734506505479999960e-02 9.514475968449999377e-02 4.886746450169999756e-01 2.765653862339999911e-08 1.088772983509999950e-36 3.011963769999999965e-31 3.270236312770000153e-01 4.709548601789999983e-02 1.471638529230000041e-02 1.696822734460000061e-24
3.530525573320000277e-01 1.220644204469999994e-01 3.150846100749999934e-01 1.206785674539999967e-06 1.139756425680000109e-59 2.097588073489999871e-01 2.238227992899999949e-06 3.615838301709999882e-05 1.391793893699999940e-09 9.665785473049999221e-12
1.323517008129999977e-17 4.120504140160000106e-01 1.217248623959999925e-50 9.612499572679999159e-44 4.934325426810000267e-22 2.292144980600000178e-06 2.763864120439999961e-01 1.269169576079999952e-08 7.632448926460000307e-04 3.107976242109999898e-01
2.186205094029999907e-13 1.090510711599999938e-43 6.172665562770000057e-21 2.074278110570000085e-61 5.059289150039999771e-74 6.175093815279999454e-01 6.396523992350000457e-32 3.463883072489999937e-01 3.610231118340000156e-02 3.901701726270000133e-11
1.450323014880000039e-01 2.656149105350000261e-01 8.259516104519999680e-02 2.418223464100000036e-14 1.225524524119999958e-01 3.842051745200000257e-01 5.120637810959999776e-44 1.356326495159999992e-30 2.848948446979999920e-26 8.601038759239999421e-21
7.136291356079999887e-07 2.380812976589999942e-40 2.162041754269999894e-02 7.355502687769999874e-32 2.129366268389999995e-39 4.909099492380000207e-01 2.273697215480000054e-36 3.509652037269999898e-05 4.874338230699999941e-01 5.914669994150000308e-22
3.353460521280000051e-01 1.044483847370000079e-02 2.581179111910000216e-03 2.649581212210000090e-51 1.106132815279999994e-19 3.780259046189999861e-01 4.252458098060000006e-40 2.736020213049999983e-01 7.692524819250000668e-33 4.362737664850000320e-09
6.625215798779999529e-36 4.994249529459999781e-01 1.257936133890000039e-44 1.950881608629999987e-18 1.981617007599999810e-03 9.789334290080000350e-36 4.985029173789999879e-01 5.115296437630000033e-18 9.156623318240000006e-55 9.051266707479999692e-05
7.916428169969999763e-28 4.981891138280000175e-23 4.165087029669999956e-09 4.922450079310000283e-13 2.493043849100000098e-01 2.795617755040000207e-01 9.015935288429999597e-03 2.494518580099999994e-01 2.126660421209999874e-01 3.923345065200000142e-25
2.777833418659999811e-06 1.685222532379999916e-01 1.093819144700000009e-13 2.758096371839999783e-01 5.712294447859999686e-29 1.828886866380000087e-01 1.697029195870000118e-01 7.300435866580000769e-18 2.030737255189999924e-01 7.155767856490000782e-15
5.535533489810000202e-46 2.544769649489999759e-07 1.883877752529999920e-11 1.286949850709999919e-02 1.733737495589999930e-06 6.623807541249999709e-01 3.247416929529999829e-01 6.066177619339999726e-06 1.206189120430000043e-77 4.015993680809999732e-12
3.973895651620000247e-01 5.037545047660000283e-11 1.433209143460000001e-01 3.129356110859999873e-01 1.463539093560000115e-01 3.254085959129999816e-97 2.001179698800000174e-30 1.070803925279999947e-33 2.433257952870000135e-26 8.810088289829999332e-31
2.069764304390000068e-05 3.004326474280000218e-08 4.212094652310000024e-11 9.136668078229999962e-30 5.189310449559999538e-01 4.810482222860000268e-01 7.407036475810000465e-27 1.286674749069999913e-12 5.020657446190000230e-09 7.341775843819999420e-12
2.678454768910000057e-08 3.933266055909999880e-21 8.819437662150000308e-13 9.813028571509999903e-29 6.575197692090000157e-01 7.054407413150000226e-09 8.454094125119999959e-41 4.972642608909999849e-26 3.424801969519999933e-01 4.435743511159999857e-30
1.323901042030000000e-25 9.763698091029999739e-39 2.763200894489999897e-16 2.101958241989999877e-23 3.326441566339999824e-19 2.078491719639999902e-01 5.230005990189999999e-16 6.550503269270000484e-01 3.597179972409999822e-18 1.371005011089999892e-01
4.363853718499999812e-01 1.896590140909999979e-26 2.314299600910000161e-30 9.951859866239999791e-16 5.908478669300000384e-37 1.079202979570000047e-24 3.192198553620000270e-42 2.827924667130000150e-52 1.456839971319999995e-15 5.636146281499999633e-01
2.674941550879999968e-10 3.823477333570000081e-01 5.318053286479999808e-02 1.344201250409999966e-18 6.218233237980000383e-03 2.747806964689999766e-10 1.054511250359999965e-20 4.016970398529999819e-01 8.224883973149999826e-64 1.565564601449999926e-01
2.729430762619999840e-03 1.238479556759999878e-04 9.986422463030000771e-10 5.975112873500000310e-01 2.794045441059999961e-24 2.969839191640000122e-13 3.501454213159999855e-12 5.833381863380000387e-32 3.996354329290000007e-01 3.947144285229999669e-33
6.238010303259999972e-07 1.191341973240000089e-24 4.004658532040000218e-01 3.583389240350000159e-06 2.089005835559999889e-27 7.357631901079999338e-27 7.602728510269999809e-19 1.551585470830000148e-17 5.995299396059999841e-01 7.822271472589999705e-36
1.921545119109999903e-10 1.700007847920000092e-02 3.623695925459999856e-01 3.261204727099999978e-01 4.361473437699999960e-29 4.303242216990000315e-31 2.217554778080000066e-01 7.275437826519999540e-02 2.479767788040000089e-27 4.311527102230000120e-13
2.159603538779999998e-01 7.822307184519999845e-01 1.223756939870000042e-05 1.796690099680000024e-03 1.304875142209999941e-12 1.401960762399999976e-29 9.398446600819999543e-36 8.925793731649999464e-50 1.694246768770000052e-30 1.232683978800000000e-41
6.407624568029999666e-11 2.402885362749999920e-01 4.275862496700000219e-07 4.407668229180000119e-01 7.381467310680000148e-45 3.189442131560000226e-01 2.740105096320000140e-17 6.427471158599999595e-34 3.306827492570000200e-25 5.532130501080000212e-30
6.602623186939999904e-22 1.085040344190000009e-21 1.056510517659999954e-01 4.716474794349999957e-11 2.833875152120000074e-01 5.375410867530000525e-01 1.103786287180000037e-09 7.341900411710000629e-02 1.341001358030000008e-06 4.137760036840000030e-29
1.438959827020000006e-13 5.626436618669999770e-27 5.088809839029999615e-01 7.433992773210000571e-02 8.863557948089999965e-09 1.353227001729999934e-01 2.134429866550000018e-11 2.717725665789999870e-02 1.210133615210000019e-18 2.542791226489999890e-01
1.071922610960000003e-11 2.548580406089999847e-22 3.884237704840000229e-34 1.521049521380000092e-95 3.628042623650000247e-15 1.473770972259999965e-10 3.982467511639999702e-31 6.370219644369999878e-01 6.481265991540000222e-03 3.564967694130000142e-01
2.891180820579999887e-10 7.337840699980000141e-41 1.779871428470000128e-01 2.315302813770000155e-03 7.450868322470000082e-02 1.194384950370000059e-01 5.293130747230000079e-15 4.646977709189999972e-01 1.407749178669999990e-01 2.027768700229999957e-02
4.525950745980000106e-02 7.104234020659999649e-01 3.101132514609999934e-14 1.653337040779999877e-04 2.441463388289999981e-01 5.301911173919999915e-39 3.314510465409999989e-07 3.650714858450000055e-25 5.086490305810000040e-06 7.406625697889999620e-21
7.427653327079999549e-22 5.867190585399999731e-28 5.292526771879999575e-34 4.832070704690000218e-01 8.320414619390000290e-16 1.375699124290000012e-02 1.541727427500000080e-01 8.749714899429999881e-26 5.823442681709999763e-02 2.906287687210000192e-01
1.621451991750000087e-28 5.415344162630000291e-01 4.513808067100000131e-52 1.154731007139999976e-51 6.167543839459999600e-12 6.463584679810000335e-37 4.584654440340000248e-01 1.396960189109999968e-07 1.813228040890000012e-16 3.963319805569999788e-13
3.116263130450000143e-31 4.065495481800000202e-53 1.879517400819999984e-45 3.366105243400000227e-19 3.129726832610000039e-35 1.143434949460000039e-26 4.087155315100000214e-02 6.851092804200000491e-10 5.590966587660000098e-01 4.000317873979999939e-01
1.253130285319999908e-15 1.164060203449999925e-67 7.124282669199999696e-19 3.389320926559999824e-40 6.575039231749999491e-01 7.767866544770000089e-52 1.519113694159999955e-38 1.490798560049999883e-11 3.424960768099999942e-01 9.301360817560000159e-17
1.456106592510000020e-01 2.654147519330000149e-01 8.108643890609999738e-02 6.442270396800000002e-14 1.234198374789999969e-01 3.844683124300000143e-01 1.315163314369999970e-41 7.097606219880000168e-28 5.270483442299999912e-26 9.335319555070000089e-20
9.443001591830000824e-75 2.199675799840000013e-39 3.356696739199999812e-111 3.625139966759999720e-36 8.635919050159999893e-51 8.035199451460000089e-16 7.868314988219999861e-01 5.839321010470000209e-30 1.882695538279999992e-32 2.131685011780000139e-01
8.444342449849999508e-05 2.729050823510000001e-02 2.040362514930000107e-02 2.378777671629999924e-01 8.133384907050000728e-49 8.285367310360000626e-02 5.456484306449999738e-02 1.266795666520000030e-01 1.474636971379999907e-22 4.502455732080000161e-01
5.652572520640000014e-02 2.940231296090000074e-18 6.358336979630000368e-17 1.691493500629999988e-03 2.832600393019999996e-01 4.997640325509999926e-01 1.363360835200000003e-48 2.605748925910000052e-58 2.987313658319999896e-23 1.587587094400000065e-01
4.522271678440000220e-01 7.874145149179999887e-57 1.511744566440000048e-01 3.890984337390000355e-49 1.177300583129999995e-01 7.246175743199999688e-06 6.519869500740000069e-107 1.477679553909999974e-22 2.788610710230000067e-01 6.247185138069999799e-27
2.215421634829999825e-74 2.732451697240000013e-19 1.688381693739999982e-57 3.150957304279999941e-50 7.407938923610000170e-01 1.346969625929999927e-36 2.589552081250000026e-01 2.508995133249999768e-04 8.740797047360000556e-52 5.719228143110000298e-13
