3.525998571470000056e-27 1.722391906169999934e-26 6.683740707960000544e-29 6.972799658990000049e-46 2.483372098860000028e-05 7.090617793079999814e-31 3.701550890080000191e-10 6.633856962530000345e-01 6.002512387879999772e-02 2.765643457770000091e-01
3.959856841049999931e-13 5.436982794259999983e-12 4.042485456930000053e-07 9.999994859280000314e-01 1.997731756910000011e-44 1.098173653899999991e-07 7.641069719049999645e-43 1.042111473130000068e-59 2.026655709540000031e-67 2.385946069150000005e-71
3.854231234880000034e-05 4.949813068549999768e-29 3.687426291240000209e-01 2.035482037340000105e-01 4.276706248300000124e-01 1.035463281670000015e-23 9.057982883489999652e-37 7.099182819650000559e-24 4.115050773930000072e-39 2.012023250159999999e-38
9.968828359280000306e-36 2.365040695079999991e-23 3.449262039689999796e-22 4.344211595420000467e-19 4.434379478780000050e-01 3.573155146229999797e-52 5.546925593820000167e-01 1.869492735520000100e-03 1.043189627799999981e-14 4.991379005649999731e-12
1.477751763170000106e-25 3.181821028969999853e-59 7.331601367560000027e-01 2.668398616709999893e-01 1.414713739410000066e-15 6.352545346700000131e-25 4.730699214549999704e-61 1.703873510260000030e-41 1.572575377610000026e-09 1.068975810919999944e-52
1.187347148430000017e-29 2.349158940560000062e-20 5.233006714259999936e-08 2.406829681769999927e-06 5.663601537210000147e-01 5.803125292570000262e-22 4.308135707080000265e-01 3.767770674839999734e-20 2.823816410870000175e-03 3.193328156409999900e-27
8.785159327589999636e-20 3.632398312890000052e-66 9.864712929089999586e-51 1.893698727809999967e-34 3.732485748459999897e-08 4.387463981589999990e-62 3.641699379429999935e-47 3.483862235549999853e-01 6.533884263999999609e-14 6.516137391199999795e-01
4.247429386509999905e-01 6.064444434099999943e-23 1.005422932889999915e-12 1.400371230299999881e-01 6.809038444120000451e-17 1.473078704130000027e-01 6.278531359129999875e-35 9.077955328469999428e-26 9.552492969159999403e-02 1.923871382139999975e-01
7.210376033429999886e-42 1.253311120619999918e-18 1.692765768600000044e-04 2.118516295380000003e-41 7.534987006840000137e-50 2.095415114040000137e-01 1.365187423610000027e-02 1.535482156609999921e-35 7.766373377830000369e-01 2.444767757949999775e-66
5.956449531590000124e-01 1.984549952320000181e-52 5.477829229599999997e-19 5.901896100820000478e-17 4.043498838199999779e-01 2.327327799650000001e-26 3.334560957150000004e-52 5.163020790070000264e-06 2.549352612000000062e-15 3.370036137109999801e-17
8.186382233319999813e-02 3.393384316729999938e-17 1.332931428509999960e-01 1.361614983739999896e-01 3.565669294460000122e-14 1.982157108629999942e-01 2.879330421280000137e-14 4.304640061579999664e-06 4.504615209389999930e-01 4.823571061769999648e-24
2.890805175960000157e-09 1.257924324479999924e-36 2.843919206889999884e-01 8.260178904290000424e-46 6.754088189530000218e-16 2.417317214419999989e-11 5.817466429840000141e-08 4.283242366939999934e-01 2.872837815270000150e-01 4.756152428080000100e-41
5.673063213280000322e-03 5.238892162749999812e-38 3.321352278329999796e-01 4.962162503700000005e-01 3.444100037709999948e-49 1.659754585840000074e-01 1.742086787670000091e-87 4.017300163860000021e-44 1.217045306199999991e-31 6.435176390740000399e-60
1.362437832890000004e-48 7.001098516929999960e-01 7.055829826219999975e-42 2.998901483040000149e-01 2.411569420529999757e-41 9.622996753909999548e-17 2.671572784579999849e-21 6.219290406879999525e-70 9.461068265249999348e-30 2.580023629900000066e-12
1.018007674279999917e-03 5.787564527590000055e-12 3.929617478340000081e-01 2.911057766540000112e-33 2.818044102090000206e-31 3.346669604079999805e-01 2.122458898590000016e-04 2.711407911959999861e-01 2.469894069640000241e-07 1.876806262469999981e-12
2.857830470380000089e-26 4.832041095469999693e-09 7.901006667900000432e-07 7.087595360780000475e-07 5.521954559110000549e-01 8.480949529270000139e-08 4.115065840800000152e-01 1.535769643140000009e-29 3.629637150719999816e-02 3.456173195930000174e-28
1.002543926970000054e-10 9.939086867190000415e-29 1.863409216390000183e-12 1.430122844179999939e-25 3.450792587289999842e-15 3.485997833429999888e-29 1.806613254209999986e-25 5.130689438269999680e-01 1.708432361970000008e-16 4.869310560710000124e-01
1.910916443369999884e-01 6.066226087000000316e-17 9.844013167429999454e-16 1.043799742919999940e-01 1.557372771299999959e-12 4.819124554879999911e-01 3.504739260129999830e-46 7.563177975410000142e-28 1.051502306029999942e-10 2.226159257760000065e-01
1.733598382450000019e-19 4.001806435710000038e-48 1.000000000000000000e+00 8.457826236629999887e-28 8.630589240259999817e-66 2.679825633760000190e-19 1.552547519000000012e-66 3.252406050889999976e-42 8.965078704220000230e-60 1.349813189329999930e-140
4.234662580989999911e-06 1.219394751239999913e-12 4.999927677679999937e-04 6.645847389410000083e-01 1.184338297989999966e-40 6.468051100010000096e-06 1.861703668050000120e-36 2.470651750869999955e-02 7.072315721720000071e-10 3.101980473600000066e-01
3.899734051359999842e-01 5.854754689400000270e-23 7.202341877329999620e-06 8.573549420009999678e-05 6.099336570279999536e-01 1.166629633889999989e-27 2.128908610660000022e-36 1.327601000599999898e-16 8.585361773920000569e-51 6.512666017369999941e-25
9.817410307830000294e-17 5.080966916839999570e-01 5.269943713319999699e-09 4.315939907280000293e-09 3.022305520490000119e-01 1.255719500469999981e-20 1.177945680409999973e-01 1.983222352799999914e-03 1.408202494969999883e-17 6.989495628769999691e-02
1.502498389729999885e-16 4.610459599199999893e-24 1.728844202910000167e-33 1.361667054220000038e-10 5.045851617169999910e-32 1.426831439930000001e-01 4.607513606890000117e-48 1.076300773030000013e-58 3.034806514200000249e-01 5.538362044510000137e-01
4.448421516750000193e-01 2.695331799380000034e-20 3.507860699539999988e-17 8.298284483010000396e-20 4.275081198640000236e-07 1.117924754310000018e-01 4.221183880570000160e-22 4.969783018550000188e-12 4.433649453810000196e-01 7.351138520140000451e-14
4.109926195649999947e-01 8.245605041670000114e-11 4.432938306049999853e-14 4.470336980719999988e-16 5.582625860420000360e-06 1.519115804229999867e-01 1.034375402949999958e-12 1.385845699859999947e-03 4.356987170739999859e-01 5.654529406779999580e-06
1.043820604200000057e-01 1.149531182029999918e-02 1.585505860360000016e-28 6.665512390159999967e-02 8.616105665400000668e-02 1.743302834430000003e-01 7.692723512280000098e-19 2.640705039369999864e-46 2.833903105880000120e-20 5.569761637610000093e-01
3.386852102170000132e-24 2.093515127059999981e-01 3.371191233190000136e-01 5.745019392729999980e-08 7.583276316769999955e-34 9.744439046120000463e-23 4.535293065250000089e-01 5.877153068509999895e-13 2.107114368209999930e-44 2.635538504420000083e-37
7.947437117570000124e-37 2.859799154859999770e-22 8.750376719079999977e-07 2.396281080229999833e-02 2.512704214129999891e-01 6.657874950039999882e-46 7.247072427290000007e-01 5.864999746240000321e-05 2.136708337400000023e-11 2.118832997629999957e-30
5.502474387039999471e-01 1.597682870840000102e-01 1.970645909790000135e-09 2.899842722370000181e-01 4.763344214680000044e-24 4.784180619000000064e-12 1.676768434170000020e-26 4.238356472099999910e-27 3.031505940789999867e-78 9.158673209869999955e-39
3.808025673439999759e-01 1.493991168140000026e-11 5.492556213279999706e-23 6.191964124769999689e-01 1.019964941820000062e-06 2.711375741070000057e-23 3.339683083870000031e-37 8.551810126009999127e-22 1.896440016389999961e-57 1.991589091540000119e-10
1.878236278420000087e-04 6.368827262749999603e-71 5.544976222559999668e-01 8.351669139499999740e-41 8.366399292699999496e-06 2.594035569189999929e-31 8.555625073439999749e-40 4.453061877169999794e-01 7.969664662540000299e-23 1.647444733210000035e-76
1.185839737279999938e-18 3.703526244520000087e-14 4.712142809609999906e-54 3.436886763599999962e-90 2.963228948110000134e-47 7.606014620929999982e-14 1.854700780370000113e-07 3.483861008279999782e-01 1.184615636000000008e-12 6.516137137009999636e-01
2.045856853059999957e-32 4.371129176140000072e-01 3.350261470659999858e-26 5.628870823860000483e-01 1.728056532370000063e-40 9.789988177549999927e-32 1.376444948200000040e-19 1.357562537369999949e-27 4.799566163260000361e-65 1.382760359820000026e-21
2.410392975669999956e-06 4.921525824729999776e-01 4.838708574519999949e-42 7.322512806170000303e-32 2.207823190710000126e-07 7.921429396909999908e-25 4.940819328929999829e-06 5.069753647829999821e-01 1.522060398459999859e-51 8.644807493579999584e-04
6.933833482239999900e-18 3.346813374159999909e-11 3.185683756730000225e-38 4.492249245579999843e-66 7.915876079530000524e-40 3.810625986560000084e-09 4.308551660189999873e-04 3.365238385800000120e-01 1.430764879800000065e-06 6.630438716450000047e-01
6.205304538189999608e-01 4.841186962620000015e-50 2.228512392620000072e-10 3.794695459579999763e-01 1.454237813920000057e-16 4.672183392959999688e-15 7.817503880849999343e-89 2.660475038070000197e-35 9.759568204889999364e-24 1.242915272529999987e-29
5.782629197119999453e-01 4.104159897559999869e-63 2.531337892540000065e-02 8.412569005799999763e-21 3.962693090880000102e-01 1.176551561799999992e-32 2.168854670950000132e-63 1.543922743160000045e-04 6.661251428910000064e-20 3.700256155359999706e-24
5.783262279749999957e-01 3.779275273800000186e-16 2.524360762760000099e-02 2.710604251920000133e-17 3.963014456730000190e-01 3.157387273199999861e-30 1.168376078200000057e-17 1.287187244980000011e-04 3.546536670810000067e-69 1.815736697440000004e-38
4.406390651159999882e-04 9.928718050210000584e-20 2.208948243940000130e-07 3.804645888339999726e-01 6.470326694080000354e-25 5.564173245879999730e-01 1.461395125819999960e-27 9.908390915369999784e-20 6.267722227430000403e-02 4.344605234839999616e-09
2.704576235979999957e-04 9.968071839999999471e-14 8.948753884839999836e-13 1.119783139940000033e-01 6.179773819800000317e-02 7.502773450770000095e-09 8.588558864919999162e-22 1.288523908750000002e-01 2.584022973949999802e-01 4.386987944099999814e-01
2.408742689950000015e-01 1.042501100570000080e-24 2.759894481630000118e-22 4.919094513990000241e-09 2.156191557520000127e-10 4.982070913180000060e-01 1.575711738900000062e-47 9.705423880499999163e-31 4.478252377189999994e-03 2.564403821749999812e-01
1.953457042200000129e-20 4.581885834950000236e-01 3.191098385760000092e-18 4.618380229099999790e-02 2.843873713290000071e-48 4.956276142139999785e-01 9.936018194400000317e-30 2.900595367839999778e-81 1.082954300819999958e-58 6.449163640699999774e-63
2.940314925880000100e-21 7.792857023930000151e-11 3.060425037980000257e-42 6.513565845600000070e-01 4.756421560039999730e-12 2.767531641090000111e-10 6.008542306079999667e-35 8.583828403529999180e-65 1.132748205120000087e-18 3.486434150800000187e-01
2.743204371379999998e-55 4.293655676230000336e-03 9.569199004180000555e-50 1.723119634780000046e-19 3.762484022169999943e-62 1.023010222210000026e-08 1.028559398440000033e-06 3.632689571079999994e-38 6.083055602629999781e-01 3.873997452710000178e-01
1.317696029100000096e-41 4.497107555959999892e-01 1.114514618820000054e-36 1.349297690280000007e-28 3.857933383939999959e-64 6.729390384800000048e-03 1.848864770069999844e-02 4.013745284850000099e-27 5.250539963329999837e-01 1.720998480199999926e-05
3.730867690900000284e-14 1.925586007379999909e-01 4.909503583090000152e-07 2.246712922009999891e-01 1.098732101920000011e-23 1.114167546940000017e-20 5.820263541760000159e-01 7.432619348780000442e-04 3.784951739330000196e-42 7.052543656169999676e-37
5.956369250159999629e-01 3.378133490109999856e-10 2.346637586710000063e-19 8.943392163160000444e-16 4.043434869359999739e-01 7.931204509029999965e-27 2.200135323700000123e-12 1.958770761610000006e-05 1.226410325489999991e-61 1.687557110980000105e-32
1.858504026270000054e-01 7.000220000909999553e-16 2.371872100210000080e-31 2.759394463720000150e-37 6.007120461459999599e-19 1.976995951570000021e-01 3.528761167329999726e-14 5.561184896830000217e-10 4.774309626320000222e-01 1.390190390280000021e-01
1.891898924690000108e-02 2.077075356660000103e-22 4.947380278599999848e-01 4.929507153649999888e-30 4.061607310820000049e-42 6.730638002539999917e-20 1.751609516209999924e-34 4.863429828929999865e-01 1.228389046349999895e-59 3.786188987230000285e-40
2.186668600040000011e-03 2.516022467390000212e-04 1.016388683009999990e-07 6.057758512679999735e-02 1.027578296379999993e-18 5.447535738309999820e-02 8.543658723590000291e-06 4.066031804229999769e-01 1.783933868639999976e-01 2.975035740590000199e-01
6.887241012309999917e-03 6.626491767000000628e-30 1.093622314749999974e-07 1.442631502260000084e-41 2.413738178469999884e-01 5.225356003469999719e-10 4.381233887329999627e-18 4.303580466660000270e-01 3.213807845900000237e-01 3.522235633680000048e-15
2.033646947819999898e-65 4.826530224179999922e-21 1.099279182950000074e-42 2.815526387779999903e-23 5.669652350970000310e-01 1.272166507060000005e-48 3.929733555789999833e-01 1.593463941900000127e-20 1.309325981469999962e-02 2.696814950929999830e-02
3.923695931830000221e-25 3.887789873720000067e-01 3.015866482760000133e-01 3.063820978279999818e-05 1.284771904240000003e-26 4.352455208150000113e-05 2.516736306869999997e-06 6.099315309830000353e-11 3.095569795540000224e-01 7.052383575050000403e-07
2.164174885259999986e-02 3.831170343429999968e-12 1.341899575919999953e-09 1.814466254039999960e-30 2.000812998350000001e-12 6.338413648309999537e-01 4.007941337739999681e-08 3.445168201339999792e-01 2.475553364009999921e-08 2.610909526079999963e-23
2.738747354400000166e-12 4.162875900440000110e-01 4.504090306800000165e-02 1.507985269300000097e-01 2.479804649830000017e-16 5.652674610600000171e-21 1.816936274439999999e-01 2.061793525110000025e-01 8.031116508080000445e-47 1.958537232459999913e-53
4.207040404540000056e-01 1.829926250699999979e-01 1.051335835430000059e-26 6.864275700819999857e-28 2.516282170949999952e-01 4.403987475749999991e-05 1.446310568180000089e-01 7.125532741199999710e-10 6.587470431240000250e-21 1.997490987209999990e-08
8.041625730729999866e-01 2.480356096400000108e-71 1.342031376349999938e-37 1.022056656949999943e-10 1.943965206909999965e-01 1.868130823770000160e-43 8.075422548949999812e-112 7.530619708480000301e-19 1.538475596849999986e-30 1.440906134269999894e-03
9.874269086349999388e-04 2.303340270629999892e-12 1.290880577929999935e-07 6.248220368720000121e-36 2.024850595320000087e-18 3.220533238450000169e-01 4.337566287519999780e-08 3.463687562710000140e-02 3.966062996849999966e-01 2.457159014689999921e-01
9.459280509770000289e-02 4.438473747960000049e-01 4.589503358920000164e-01 3.295085706129999997e-10 4.289876979249999538e-81 2.609478506899999984e-03 1.022225378410000039e-34 5.377636641400000267e-09 4.847030079969999534e-66 7.593793639820000476e-42
1.088126462729999918e-21 7.948286442500000307e-32 3.029546480559999755e-01 7.591500963280000581e-08 6.970452760290000160e-01 1.162407057940000051e-27 4.848913654710000059e-17 1.753367430190000069e-22 1.688869864519999905e-22 9.594790820940000630e-67
6.098166541349999995e-19 3.993003482439999585e-03 2.735718562390000030e-18 2.430258786310000117e-20 8.246713429699999613e-14 1.101866284169999933e-14 5.629224484579999910e-01 9.534782307939999824e-14 5.252273248999999858e-14 4.330845480589999852e-01
3.106027181050000233e-19 1.120191912340000059e-05 3.904060273030000028e-01 1.095085008000000044e-07 9.616735326120000427e-22 1.229795320899999966e-11 1.295301378880000078e-03 1.547615004869999922e-01 1.691345712090000161e-02 4.366124022699999774e-01
3.596505030379999768e-17 4.787683034990000142e-01 5.044637901889999728e-08 5.456141995989999965e-03 7.431581645419999754e-19 1.162764968189999998e-01 3.075497695199999971e-06 4.996007234430000052e-05 3.994459715590000237e-01 1.102287356959999943e-10
2.651070684819999904e-40 8.256676088309999919e-17 5.370256187919999480e-01 1.111441443119999938e-36 5.277092618440000325e-47 1.235964556579999938e-25 3.934189710819999825e-02 4.236324840990000062e-01 2.208364176499999974e-26 1.003649176340000028e-75
1.657343080159999829e-02 9.854151225689999904e-02 3.040063941450000251e-01 4.581006525910000238e-01 2.456249553650000031e-56 1.227780102049999961e-01 6.510255608959999951e-36 2.496512956210000070e-42 6.757060158859999893e-93 2.085703033250000118e-91
1.193972828010000011e-12 2.728835543449999976e-18 2.086087838670000011e-41 6.511714217580000241e-01 2.964132940769999844e-04 2.412905180359999889e-09 3.154725573139999886e-44 1.342371930150000042e-64 1.308870278259999971e-14 3.485321625339999896e-01
3.850762181899999787e-10 3.863021174240000022e-01 2.127521081619999972e-13 7.259274425859999775e-27 1.880189045150000097e-56 3.418180642790000223e-02 3.944488030700000168e-03 5.755715877320000118e-01 2.856419790459999885e-18 4.272873836840000361e-15
2.328847871489999888e-01 7.671136750860000353e-01 1.105560873609999943e-30 1.930618388420000124e-21 1.010091105720000058e-21 6.683138216250000288e-16 1.114148299059999910e-21 1.612601933050000013e-13 4.373051915409999912e-68 1.537764724570000086e-06
5.146511177160000152e-32 3.287501721770000102e-31 8.594793967120000143e-38 4.503811960150000165e-26 4.587935963950000029e-01 2.600506575179999823e-27 6.405040720459999845e-20 1.215638833399999984e-43 1.817326506019999871e-02 5.230331385440000203e-01
5.578376910269999822e-01 1.661763274899999984e-24 8.371273768359999291e-24 6.380654836380000121e-12 2.512705561609999850e-17 6.991712658630000009e-35 1.430362104789999952e-55 6.037457112880000032e-02 3.483160433879999909e-51 3.817877378380000186e-01
1.278450780450000027e-67 1.326812985639999952e-67 9.761760933480000350e-73 2.953993235469999985e-126 6.137137636399999771e-14 4.191018745149999964e-86 9.143801842710000041e-14 1.397223454859999880e-01 3.287075273130000141e-01 5.315701272010000533e-01
6.312952506910000094e-01 6.878295728810000281e-51 9.642581282789999737e-11 3.687047492130000048e-01 5.749320373249999686e-16 1.534236312979999903e-16 8.867686503660000035e-84 3.041577708030000120e-31 9.674581714830000788e-25 1.873796795249999964e-32
1.159705197060000054e-34 2.804226914590000118e-19 6.269273322039999874e-01 7.991761474829999542e-05 1.023719126720000067e-01 3.333839253619999977e-31 2.706208375090000118e-01 4.427704396689999846e-24 4.869756895209999892e-29 1.143877403970000091e-109
8.676221462479999369e-02 1.314920665920000112e-16 1.308583857979999931e-01 1.340443341879999917e-01 2.985238608949999928e-14 1.959471211730000051e-01 1.728281224650000095e-13 3.143100269959999982e-07 4.523876299069999884e-01 3.730714335080000216e-23
6.579713994630000118e-02 6.385991002249999626e-25 1.602327089689999963e-04 9.100243725979999641e-57 2.543488130489999891e-07 2.165070235949999866e-01 1.910091133170000060e-10 6.381376379059999771e-01 7.939771130469999716e-02 4.725448955470000049e-27
3.566178352639999827e-01 1.564967579569999939e-22 6.430884418639999656e-02 2.113892542720000045e-01 1.116673813869999976e-01 1.381425579029999954e-06 6.647886371769999672e-20 1.423994622539999921e-01 1.136158412110000043e-01 5.897783901699999781e-20
2.655504865700000217e-01 9.571245627769999219e-22 6.220687656259999920e-09 5.182166397989999876e-27 2.597680895009999812e-10 1.563254506479999917e-01 1.534614176250000032e-22 2.173321098319999914e-12 5.331937751049999896e-01 4.493028119470000165e-02
2.302785997740000134e-91 5.599182976310000050e-66 8.214877346320000046e-41 1.448334525980000066e-47 1.726669272460000078e-42 6.983115689330000216e-36 2.556891145359999866e-33 3.127627104749999718e-70 1.000000000000000000e+00 9.343484517829999586e-54
1.934662316080000041e-23 8.655111130270000186e-63 6.439246511909999526e-01 1.505469176119999999e-13 3.318757867830000180e-02 3.732033487349999833e-31 6.623060547220000314e-31 8.797480790699999738e-11 3.228877700430000108e-01 3.479548083859999857e-61
4.286712302130000031e-50 5.207370390700000108e-30 2.348270256940000233e-10 1.902481822659999925e-09 6.458861221470000179e-13 1.621988434399999972e-48 1.856283187100000133e-05 2.909033860690000139e-01 7.090780489610000181e-01 7.642000166409999814e-18
1.249064059520000034e-09 1.017731362790000099e-03 6.110825894750000070e-02 3.318925725660000214e-01 3.326167808099999809e-17 1.285659158190000095e-01 4.774155200560000201e-01 3.470409877259999950e-22 4.403849326440000189e-16 1.197279683489999920e-47
5.168484475769999920e-01 1.979026445629999964e-01 1.560022951979999905e-32 1.223067320050000064e-62 2.020860433589999835e-61 3.064152249079999857e-06 3.076740371800000061e-24 3.269557204609999795e-02 3.524076249080000039e-53 2.525502716620000032e-01
5.493474354790000470e-10 2.246565958700000032e-01 4.016463189100000142e-09 1.255604262949999994e-01 5.172622031600000125e-28 2.808886169290000095e-02 3.270873617489999940e-02 2.451391017769999903e-01 3.438251833620000197e-01 2.109026215390000103e-05
1.627906916980000012e-12 4.648800025750000134e-12 1.181824051569999977e-07 9.999995403400000482e-01 2.233646382470000012e-44 3.414709857300000190e-07 9.500954075589999629e-42 8.451512813170000358e-61 2.456659365189999863e-67 2.055226872369999933e-72
2.844594349720000038e-23 2.019159576120000202e-03 5.002906242760000177e-01 1.651926079679999970e-03 7.889689916219999706e-31 1.872320114549999890e-10 1.323492992470000074e-01 6.621821667400000456e-04 1.231597181249999978e-01 2.398670903419999889e-01
1.202240557079999967e-32 4.371129176140000072e-01 4.044014349360000055e-26 5.628870823860000483e-01 1.606906444470000069e-41 1.576641813979999903e-31 1.216545555069999924e-19 8.233961686240000301e-28 5.189370261139999798e-66 3.357719391040000067e-21
1.508871474000000106e-36 4.887205092710000254e-01 1.018438442979999992e-32 9.930186229760000410e-58 1.526793867969999917e-221 5.112794907290000301e-01 3.288043606110000087e-15 2.572648117350000088e-34 8.304639466300000117e-35 1.132785320469999968e-28
3.233207163210000123e-01 4.644579970459999903e-19 2.251259567419999880e-28 1.420026308529999943e-41 1.287471714479999931e-15 1.281359367619999906e-03 6.332735771070000286e-15 3.670872190160000260e-08 3.357672337559999831e-01 3.396306538469999747e-01
2.829961169829999868e-04 9.401396707480000337e-02 9.201197419980000341e-14 3.387611424080000021e-22 1.353873719220000075e-40 3.120276245979999863e-01 2.118073536729999859e-02 5.724946748529999851e-01 8.856962985880000561e-14 1.990106420549999878e-09
6.868334495240000288e-30 6.169176606650000020e-13 1.405927112529999910e-38 3.575250433800000183e-01 4.199829060079999787e-01 1.420907577370000098e-51 9.429827737849999913e-13 2.569889024219999813e-07 1.048800806900000023e-29 2.224917936220000003e-01
1.434455373899999955e-02 1.918421608120000082e-21 4.974449777609999956e-01 2.997762823400000085e-30 1.528352825150000116e-42 1.656479634750000012e-19 5.897895330540000137e-36 4.882104684999999944e-01 4.050623278290000265e-60 6.657809160889999867e-40
6.682142055429999754e-20 7.466406968210000159e-24 3.252886824170000222e-39 7.124595794640000252e-62 5.426900164100000312e-01 6.294794055879999450e-26 4.354604725410000099e-01 1.504514860210000092e-08 1.184138647750000066e-03 2.066535735659999831e-02
3.873036364649999896e-01 2.610503757400000030e-35 1.986223364989999907e-01 3.543592163850000062e-20 1.980512982830000076e-07 7.752518796199999195e-12 8.884105797449999973e-24 2.452668526450000209e-04 4.138285621250000212e-01 1.557135075430000028e-14
2.111540969849999865e-11 5.311930345460000356e-24 5.075957459300000085e-01 1.418483437390000076e-21 4.924030127780000266e-01 2.093080715999999940e-29 6.493041874219999831e-10 1.240621602240000051e-06 5.512977362329999850e-42 9.452651041680000289e-73
1.141158674139999945e-10 1.505715107210000063e-24 5.075963942350000258e-01 1.050011779859999930e-21 4.924035534649999768e-01 3.958850713970000255e-29 2.430243330590000037e-09 4.975631691549999727e-08 5.424086150349999867e-41 1.622041900419999974e-72
1.374982449969999888e-48 2.976414966580000007e-18 1.142976079400000056e-18 8.417356089979999946e-17 2.528594104610000113e-12 2.258798178349999869e-15 5.086965999279999817e-01 1.017297655030000076e-49 4.913034000689999736e-01 4.174825418799999992e-44
3.593750014070000096e-03 9.964062499820000030e-01 2.730896990190000101e-30 9.692219337709999629e-22 7.345276395259999614e-28 5.011715703809999874e-20 6.729589629239999714e-29 2.884905560679999832e-12 1.257445408159999955e-95 1.201479559509999969e-12
9.977448093019999908e-02 1.961246153280000119e-30 2.058514888659999903e-25 7.792791344490000195e-06 2.065558578599999834e-02 3.001162352290000083e-31 1.020115329150000073e-45 5.986923245619999445e-01 1.833240703190000150e-24 2.808698159299999886e-01
8.723879076880000638e-02 1.815821570529999873e-01 1.011195066400000024e-08 2.557659529669999970e-12 5.685168006840000121e-01 8.612735759909999345e-02 6.055402076290000093e-11 8.583704296690000190e-19 3.046951505779999991e-16 7.653488372019999486e-02
2.065032676709999880e-07 1.847652329379999877e-35 3.644041900270000162e-02 3.647209623189999750e-01 5.284546017729999795e-02 3.432905740469999731e-26 1.514483958170000100e-39 3.664781158489999746e-01 9.343295032170000099e-06 1.795054928529999927e-01
1.398201009839999954e-37 8.655281444160000614e-09 2.701290734639999833e-21 8.099967772240000204e-12 4.127351514370000141e-01 2.030841580550000160e-33 5.872648387350000165e-01 1.126723615229999928e-11 1.109328683130000000e-14 1.153128424980000057e-09
1.980866414210000184e-09 3.087447054879999819e-01 5.305545472660000114e-11 9.627235317460000608e-02 2.420014461770000101e-30 3.976737855010000211e-01 7.028907766199999967e-21 6.411565574380000043e-12 3.877285517280000016e-11 1.973091537570000054e-01
8.597736830089999450e-17 1.539754216990000082e-04 3.973869554199999736e-27 8.216537037480000416e-29 2.232877524019999960e-59 3.692222434160000177e-01 5.632292114669999588e-17 1.142418561650000063e-22 1.027187224850000007e-12 6.306237811610000410e-01
4.024497842349999965e-01 5.964180411930000147e-01 2.001476012980000015e-12 8.667587404139999929e-04 4.533215031150000040e-23 9.947106226850000799e-31 5.772700939240000294e-25 2.654158301189999802e-04 4.534777166950000224e-115 3.735193324179999675e-24
6.780855770080000112e-18 6.514382784859999710e-12 1.593498421799999928e-20 6.614435595309999615e-34 7.205304271789999548e-01 4.258178496230000240e-12 2.794694304909999816e-01 3.542186546549999890e-17 1.423168801070000122e-07 2.412485605750000057e-12
6.070371085229999525e-94 5.224457944490000000e-40 5.515327048899999977e-148 2.629235664379999943e-67 2.480401723190000206e-03 6.320496083019999363e-98 2.421926079989999980e-01 2.806582072559999957e-26 2.064903948590000120e-08 7.553269696290000335e-01
7.292669382390000454e-02 1.155129608169999988e-24 7.219321741370000390e-05 3.566160352609999818e-58 5.263966237880000126e-08 2.066515424070000106e-01 2.218571966479999914e-09 6.335376520650000121e-01 8.681186362869999784e-02 2.175215686700000123e-27
5.355575809709999780e-21 2.331800243819999968e-66 7.939335591740000241e-13 1.277056983069999931e-21 3.970634510919999749e-01 2.408393279530000026e-43 2.929383253300000044e-30 2.026307502029999798e-03 6.009102414050000451e-01 2.967492545619999824e-20
6.312952506060000024e-01 1.233845201539999953e-50 2.195197722190000020e-10 3.687047491739999794e-01 2.482803247790000112e-17 9.901544995519999556e-17 2.318271520040000021e-83 3.559130680619999929e-31 2.944177911429999834e-25 4.371410246500000049e-32
1.234995879999999985e-08 1.180105900859999920e-58 2.038547130969999910e-04 5.956296752440000120e-01 3.583265898059999923e-07 2.216226088489999962e-15 1.744065120759999981e-58 4.352422942439999751e-17 4.041660993660000090e-01 1.405619155159999909e-40
1.000000000000000000e+00 8.938131930430000269e-53 1.592454459229999997e-25 7.049741557540000274e-45 1.968345275660000076e-50 9.751397258560000005e-31 1.298860892889999947e-104 1.487498614890000001e-25 2.362221568959999782e-100 4.056786828759999968e-56
2.873581950660000100e-04 3.834741849950000225e-01 5.836969381170000172e-20 2.697261378999999959e-01 8.212159111280000551e-17 9.000128449919999466e-27 6.979901156730000314e-14 2.963030752180000060e-02 6.670207778580000233e-53 3.168820113890000179e-01
1.929269686659999874e-27 3.842591683199999772e-17 3.372621946409999905e-01 3.525423425510000033e-04 6.618729611310000260e-01 2.725227504500000066e-25 5.123018848220000114e-04 5.842183794970000518e-17 6.721717202599999711e-17 8.950727565479999480e-51
4.661974340939999961e-01 4.372592711170000292e-03 3.094840447810000109e-06 1.596388813269999929e-02 1.761146821610000066e-02 4.500328830450000338e-06 4.958439747239999917e-01 3.046953063820000206e-06 4.230720939129999942e-17 5.487802539669999562e-20
5.286383286489999556e-01 3.850860476170000399e-06 9.182076897769999547e-26 7.421612811460000390e-19 1.632021804319999936e-01 1.235491072910000091e-15 3.063271778739999895e-01 1.791194111770000015e-03 8.696209274319999776e-26 3.726807267179999754e-05
4.826845452349999828e-48 3.307591876879999751e-64 1.879987271039999847e-14 5.843865144750000080e-06 9.999941561330000228e-01 2.065938676280000125e-49 3.209409985560000032e-38 9.341042794500000085e-51 1.446152998760000087e-12 1.601940594239999926e-68
7.974008319759999519e-02 3.248696948490000151e-32 3.208466181309999722e-23 3.564614802059999921e-01 5.016220606269999531e-10 1.397417994379999973e-01 2.077804596260000028e-69 6.438761406099999839e-46 4.074893962849999995e-02 3.833076970290000274e-01
8.686953980099999806e-02 2.751592185999999773e-01 1.847449126990000079e-02 1.207353465510000017e-10 7.418008187659999640e-41 3.551758233410000007e-03 6.802076879579999806e-17 6.159449919749999669e-01 1.430066511209999999e-35 2.335258931309999881e-34
1.333170134089999935e-09 9.852450763910000957e-16 1.828651495370000046e-01 9.139204651420000076e-47 2.388774073400000048e-17 2.502513623329999937e-01 2.717486572079999899e-02 4.138715305769999908e-01 1.258370904989999928e-01 4.263207710849999635e-34
3.838603792499999945e-01 3.479403725379999992e-36 2.017552292260000046e-01 2.666043803929999817e-10 6.799918779109999888e-04 7.614444332309999534e-12 1.219581933290000079e-27 3.399387666559999877e-08 4.137043632679999750e-01 2.109717875729999893e-09
2.330116362510000119e-44 3.652459682850000081e-15 1.814132067649999983e-39 2.397009863020000131e-01 2.239745377840000051e-01 5.729848839290000328e-54 2.002058414660000119e-01 1.147047261389999954e-11 1.524779085549999930e-13 3.361186344359999856e-01
3.832257282650000275e-12 6.665730898389999998e-48 5.545790071720000380e-01 6.336431335710000634e-39 2.048048828950000135e-14 5.863278929080000357e-27 5.795047608399999737e-25 4.454209928239999949e-01 3.734111391520000019e-24 1.163203148660000128e-69
2.027288135899999892e-28 4.221309724949999787e-01 5.085537860419999667e-01 9.738660375360000409e-06 4.048324444409999870e-20 3.059793325629999935e-02 3.870756954670000194e-02 7.485438084900000635e-52 2.741019323370000137e-21 1.237420256600000023e-56
8.898012483520000293e-27 9.999999992410000260e-01 1.472238635849999929e-21 6.228588545260000019e-12 3.309633088450000052e-68 7.525733058379999866e-10 1.353506944929999998e-28 8.845716052510000085e-55 8.407773810780000011e-76 1.603456488120000139e-54
1.990767914580000082e-32 2.053417484369999869e-31 2.792655972040000070e-39 1.670889529250000044e-25 4.587786696419999810e-01 7.830476912880000152e-28 1.323074624220000066e-20 1.600338081579999981e-44 1.819934293020000066e-02 5.230219874279999903e-01
2.125892911539999960e-17 9.621219863640000092e-02 2.784274496569999797e-06 4.227806491180000070e-01 2.165554110469999904e-02 1.216292043610000016e-34 1.206486047270000084e-02 4.472839659889999986e-01 3.288245228359999725e-39 4.044825358279999915e-10
2.528442772050000097e-04 1.036739822560000086e-52 3.034275954060000109e-44 7.399486654350000414e-01 2.597984902620000258e-01 1.193656137529999923e-44 1.177289418249999956e-107 2.869771702519999978e-44 1.030454599790000097e-56 2.581430528309999872e-11
1.284009223049999913e-24 2.585574667739999784e-03 2.067055763020000103e-01 4.565699618849999863e-01 1.851981980040000107e-10 3.287228672230000136e-31 3.297938991409999909e-01 4.344987818590000279e-03 9.808786973029999259e-34 4.127950133709999967e-22
5.454859499369999476e-01 3.596431370979999986e-01 7.620380064700000058e-33 3.435171349310000168e-13 5.016410595329999932e-14 2.020665971930000036e-44 4.575816393250000006e-24 9.487022669200000091e-02 1.733846540719999862e-223 6.862731319460000046e-07
3.022035597510000036e-08 4.544163569230000310e-03 7.578111336980000120e-30 3.775612432510000081e-16 3.488124363099999736e-01 1.025958241480000033e-01 1.840097343769999949e-01 1.015616211429999952e-26 4.147102044579999743e-05 3.599963403549999996e-01
2.366479081259999966e-49 1.158072272290000038e-24 5.060065267879999688e-15 5.969865982319999542e-01 1.577108451790000144e-05 1.072793283980000005e-29 1.155890466090000016e-08 5.233764770990000346e-43 4.029976191240000061e-01 4.057447176270000022e-20
5.406498652639999930e-48 3.989156789669999867e-14 1.664478057859999884e-14 5.957295382589999910e-01 3.667162917309999940e-06 5.296398090840000102e-14 2.876584311989999847e-12 7.523526738880000327e-64 4.042667945749999769e-01 5.190520741699999828e-24
7.507284300989999740e-19 1.062381716320000002e-01 3.620180394120000125e-24 4.119868765479999806e-01 5.978215109960000051e-02 9.740575344069999718e-37 8.525958815190000720e-03 4.134526595979999830e-01 3.826336118979999746e-35 1.418230750199999919e-05
1.402566850639999918e-01 6.262403222350000166e-20 1.171731367099999969e-08 1.175115794510000097e-34 3.017412973229999941e-08 5.625621355929999456e-01 5.336964806189999757e-09 2.826018950499999960e-01 1.457923706460000079e-02 2.879012206690000211e-31
3.751646501729999916e-01 2.657615284160000145e-18 2.569978924100000053e-22 2.236263121280000158e-24 7.657541588319999701e-35 6.935958534800000546e-20 6.156230462210000419e-36 2.424083447680000156e-02 1.227802860350000061e-39 6.005945153499999689e-01
1.280075808280000067e-08 4.234334807210000232e-11 3.874128000989999765e-01 2.614038941860000171e-06 1.308431544780000066e-15 2.790928730579999944e-09 3.349884768110000006e-10 1.579632934569999980e-01 2.059534806250000114e-02 4.340259283740000029e-01
4.775503004329999613e-13 3.791221316019999787e-01 1.300266162209999969e-23 7.634624556369999715e-11 4.999114064089999625e-19 1.138266076809999995e-29 2.710044063400000036e-01 3.498734619810000002e-01 5.892247651530000299e-50 8.851570494189999803e-14
4.689890371560000408e-10 5.186623677539999866e-01 4.825758901509999602e-25 2.517644529420000104e-09 3.540749126339999830e-01 3.125163532769999712e-14 7.153979866550000399e-02 3.081274969760000116e-04 1.606832218510000030e-15 5.541479046199999925e-02
5.956293294290000429e-01 8.556917261370000005e-11 4.694981351010000218e-19 1.452854702050000087e-15 4.043374346110000239e-01 6.363942638470000099e-27 2.648082241820000106e-11 3.323584841079999761e-05 5.170321824699999595e-60 3.785228403740000241e-32
8.605820140940000172e-25 3.886938640129999900e-01 3.016005236059999817e-01 5.357970566189999682e-05 1.202764561850000045e-24 8.154260319569999892e-05 6.597140970750000324e-06 2.938854014950000202e-11 3.094723392309999821e-01 9.155367144339999401e-05
1.175019972839999937e-20 1.849985264670000108e-17 4.839761505669999872e-32 7.808883643909999294e-12 6.664373270850000116e-41 7.058287970690000357e-01 1.363372112920000104e-34 2.544568346400000059e-56 2.938498290559999893e-01 3.213738667749999880e-04
5.879866508350000226e-18 6.375571234339999505e-02 3.816405443090000246e-05 9.491392444849999777e-02 1.290626303340000070e-08 4.884966907959999993e-01 3.527954954490000183e-01 2.894300540989999852e-31 2.218646493109999937e-12 5.179173709210000278e-60
5.952803708910000546e-01 9.399710309000000449e-26 2.518896254050000009e-26 4.633203438479999735e-14 4.955159236979999830e-14 7.798476061309999978e-03 1.892038291099999951e-56 3.635183756419999796e-34 1.830882850500000145e-11 3.969211530299999735e-01
1.014279106520000007e-48 4.062882089020000004e-03 1.521759914969999963e-49 7.713952776720000015e-01 2.624687337480000212e-28 2.146423449150000051e-01 7.271282725090000284e-22 1.466702358929999947e-132 7.419654023189999753e-03 2.479841300539999994e-03
5.967766422880000609e-42 5.859283310370000386e-01 1.082474165589999972e-35 4.139352143919999838e-01 7.640307544899999397e-39 2.797976776820000030e-24 3.606859651520000194e-08 1.832847233580000110e-38 5.374720144059999493e-26 1.364185016519999904e-04
1.567125894010000070e-14 4.268818755689999800e-01 3.433916695969999738e-02 1.489864930210000049e-01 4.121546479950000153e-16 6.056341770930000020e-21 1.706052452169999900e-01 2.191872192340000025e-01 8.239092217329999772e-46 7.124494963399999789e-54
2.663682473360000080e-01 4.710473952109999962e-08 2.101665802669999955e-08 6.153139270479999800e-18 4.653981738849999883e-01 1.927032256249999946e-14 5.955497843160000027e-02 4.277760853569999647e-03 1.284619753590000047e-17 2.044007713730000009e-01
8.844305661610000336e-13 1.935054315970000105e-01 1.369963817929999979e-06 2.235285948440000059e-01 3.769533504540000190e-23 1.884500318669999865e-20 5.807740039509999841e-01 2.190599643140000129e-03 9.166137458380000426e-42 5.446610368809999777e-39
5.340470975250000141e-01 2.650892345180000062e-22 9.462486256999999999e-08 1.555270362740000019e-27 1.276837391400000021e-01 3.541434599899999957e-06 6.255438463930000160e-23 3.464806693839999909e-06 2.674607075470000206e-01 7.080135492250000384e-02
6.780775299000000555e-51 4.453261120699999826e-13 6.349807286039999637e-54 1.048196567899999938e-38 2.942365011349999838e-49 4.554711949720000213e-20 5.978489378750000050e-09 4.920757583339999558e-22 4.096667259880000245e-01 5.903332680330000137e-01
1.123050995449999994e-04 4.277535817599999700e-03 1.479826280219999995e-08 5.148196224149999865e-17 3.486974299319999804e-01 1.025444137170000020e-01 1.842811098319999952e-01 9.822537662239999660e-19 3.377051330799999752e-05 3.600534202899999814e-01
9.416009080910000417e-98 5.034891403630000172e-23 2.243201195670000122e-52 3.968372138940000105e-30 5.157687623519999906e-20 2.004221148989999945e-47 7.938345228869999604e-01 5.834849682970000284e-37 2.061654771130000119e-01 6.552776548920000101e-16
1.144682839310000009e-06 7.714068446459999666e-56 5.007534520890000174e-02 3.567622175320000008e-31 3.553081287510000130e-02 4.553313691499999989e-23 2.133388919879999912e-22 3.878453744939999726e-01 5.265473227389999566e-01 5.297609414779999837e-37
2.058542113340000035e-01 2.655331747629999795e-01 2.448976067389999841e-19 4.032476759779999864e-01 7.076232241720000412e-10 2.998303839079999814e-28 1.833687513610000040e-20 2.353315774659999957e-02 9.290376199620000551e-67 1.018317794710000002e-01
9.639989973959999164e-75 8.233078488389999608e-25 6.836593062590000166e-63 1.481588956839999971e-27 3.909171703059999836e-01 2.364599425049999893e-47 2.501620828869999952e-02 8.014913747970000473e-47 5.838306231259999812e-01 2.359982789399999901e-04
2.743081564479999944e-08 3.379217375660000244e-01 2.216696967190000121e-19 4.298620199970000152e-03 4.887873488810000056e-01 1.689710151830000062e-01 1.993642173740000094e-05 4.132761141429999886e-22 1.270285919169999930e-06 4.403134538340000043e-08
1.954921852030000028e-03 7.537413002950000074e-54 1.020270491950000004e-36 3.452445690119999907e-12 2.594464567140000177e-01 6.573667132439999920e-48 3.058232880080000145e-74 3.276561577889999799e-01 1.219102379420000091e-28 4.109424636410000109e-01
2.985105159070000069e-01 5.387459175519999921e-02 4.789830271350000453e-07 8.762773645700000087e-06 6.609116692630000249e-32 1.674904076150000032e-01 6.354995344710000071e-14 9.764194456110000808e-03 3.705578150399999696e-11 4.703510484730000218e-01
1.407379486579999911e-22 5.565217829489999618e-23 1.087112311500000025e-04 4.956392582809999542e-10 5.848739402660000364e-01 1.254122096350000036e-17 3.784795228239999920e-01 1.912169164959999885e-18 3.653782518269999696e-02 1.980078966970000111e-32
