6.609296317630000069e-34 2.959232378469999758e-01 1.904168522950000007e-33 7.573304452570000190e-09 1.484471713300000102e-14 7.861851876590000617e-12 4.650303941330000262e-36 6.578229693349999518e-01 4.625374929259999657e-02 3.594405276430000087e-08
5.860520857109999815e-01 7.908431211460000327e-17 7.195050851090000275e-06 5.752178448879999735e-128 1.087704440190000060e-38 4.139407192380000211e-01 2.172058675799999847e-28 1.390163468789999898e-96 1.849008184170000159e-49 3.138327978789999982e-37
9.158947897840000233e-08 2.773986844259999979e-28 6.750139586360000568e-24 5.366028165909999691e-104 1.298842647820000060e-46 5.567589976550000319e-01 1.128738163269999907e-28 2.288557227620000118e-38 5.022246171150000143e-18 4.432409107559999728e-01
4.996513342440000096e-31 2.664326477030000134e-33 3.537946042239999839e-04 3.412333636450000280e-51 5.962237370620000403e-16 1.480691827089999973e-09 4.551547729420000188e-01 4.867180249040000128e-01 3.779376733899999972e-23 5.777340606899999953e-02
4.401150739279999780e-01 5.135619627930000375e-01 4.632295358690000087e-02 8.221268758040000290e-44 3.734174118000000160e-30 5.096834053039999713e-09 3.516245022290000102e-16 9.871486037510000673e-49 2.436504379880000157e-12 4.593160153040000352e-09
2.175458445749999898e-21 4.226669543909999938e-01 3.054478097080000277e-39 1.376788502320000068e-22 3.084104585579999879e-35 4.102534976770000341e-02 5.330946140850000292e-01 3.213081753320000140e-03 5.281621166929999761e-50 2.406881811740000120e-12
9.178258376110000449e-54 6.024875685709999857e-29 8.264735977740000356e-27 1.946359046970000091e-04 5.748776574420000340e-01 2.935199056870000026e-19 1.777649167919999884e-01 2.471627898609999874e-01 1.204423087640000013e-31 6.993355277770000425e-25
1.271253374319999971e-12 3.973005716890000147e-37 4.999573401269999939e-01 5.055348243820000417e-62 6.675306243770000542e-05 4.999754555900000064e-01 1.717556760769999836e-27 4.649425300690000117e-32 4.512181990650000029e-07 6.580408372439999899e-13
7.883942386070000308e-03 1.184347530279999949e-01 1.650314483460000037e-01 2.461525393100000014e-01 1.488435942960000028e-30 5.029649888400000273e-30 8.185923190269999523e-04 7.106038708359999631e-04 6.561370329170000173e-06 4.609615593699999958e-01
2.040367904949999823e-43 3.997794411110000001e-01 3.028336792720000101e-36 1.852130036639999840e-36 1.987855234920000093e-13 6.002205588519999857e-01 6.935492773320000120e-47 1.862231168820000061e-22 3.743479481499999853e-11 1.918126708879999873e-17
6.703903486450000197e-16 1.670403311970000138e-01 4.163513859870000000e-01 2.091811665830000111e-01 3.908298260440000129e-15 4.980463128460000260e-39 5.078206685140000113e-10 5.804809807380000463e-45 2.074271157249999997e-01 1.403671615630000029e-17
2.004935871400000082e-65 4.167956314269999907e-01 2.024495892469999891e-01 5.830881205740000013e-07 1.080648519290000054e-01 8.030746766300000480e-27 9.316598673349999646e-14 1.052305520189999923e-03 2.716370382869999767e-01 5.014013822920000083e-10
4.573082623499999944e-01 6.265304857900000357e-02 3.742382084159999733e-01 1.430360934639999907e-80 3.073070514270000146e-24 1.058004806550000010e-01 1.092429298130000024e-41 6.172377963249999982e-103 1.103394103649999979e-20 9.804711903880000816e-35
7.552624546799999727e-01 3.268282474550000179e-56 2.446035238379999921e-01 4.158216800759999941e-30 1.355861415259999923e-18 3.031010538580000128e-20 1.340214812090000118e-04 1.263125221050000086e-12 7.423200107149999994e-48 2.428896728420000104e-29
4.398899955769999985e-35 5.874469263889999793e-01 3.032936531239999733e-01 2.473845862650000231e-07 1.092591731029999985e-01 1.646418688429999934e-25 2.817290751460000126e-19 3.976431842940000141e-35 2.630286595560000040e-33 1.068989185799999976e-61
9.133632033109999326e-02 3.736760864079999855e-01 2.535297855159999814e-71 4.198524987530000281e-17 1.725632824920000132e-73 1.489984558040000094e-06 7.043708272990000081e-13 1.956037367660000137e-01 5.771911041710000223e-35 3.393823665089999997e-01
1.806022529419999905e-46 6.071370127160000186e-23 3.883603460489999773e-15 8.196939749459999999e-22 5.842964528620000486e-01 7.318530790269999788e-06 1.661226383420000063e-05 4.156796163440000247e-01 2.425901007159999892e-42 1.919114114170000107e-28
5.328036583909999679e-01 3.153956613230000094e-01 3.831147051320000145e-17 3.102028048709999719e-17 5.435293883050000280e-09 1.518006748509999893e-01 6.707320663450000452e-41 5.390044414890000102e-34 1.512984336289999961e-18 1.400377367890000035e-36
7.139796791180000649e-05 5.640874684940000439e-01 3.492250407890000186e-01 2.044861194890000070e-48 5.352857535239999654e-38 6.322091095909999757e-24 7.214015636279999551e-47 3.854984889239999886e-94 8.661609274819999371e-02 1.719631309399999877e-20
4.446999212739999874e-01 4.096000938150000038e-18 4.575247851259999776e-01 3.444888505800000036e-12 2.283520335699999973e-10 1.629237147969999881e-19 9.777529336880000366e-02 4.427027329269999937e-41 5.893091491889999702e-15 7.068952830920000476e-19
3.411115505879999999e-31 3.566548626360000117e-11 9.542607303610000229e-71 8.807119856900000010e-38 1.905328709570000069e-43 7.824267338470000110e-01 5.513368853410000082e-18 1.007211732570000046e-05 7.502100508119999656e-31 2.175631939999999875e-01
4.137156425529999737e-01 1.856559794629999955e-10 9.165239931280000072e-28 5.862841682660000497e-01 2.063936738660000080e-20 1.052062180950000055e-10 7.545199172969999791e-08 1.134356528130000029e-07 3.257575748249999902e-19 2.047419163629999899e-12
5.310381987240000434e-01 7.318652604850000736e-18 4.242881297990000119e-12 3.615682221700000087e-01 1.073935790300000054e-01 6.357379157219999561e-11 7.458217973849999777e-12 7.866905784640000400e-22 4.839964731950000067e-24 1.109491829270000103e-34
1.007024426339999929e-30 7.265298168280000110e-34 1.229809724100000050e-46 1.262981318639999943e-35 4.204642800700000327e-49 7.989246302399999622e-47 5.709902854980000285e-73 1.652721743159999966e-50 1.000000000000000000e+00 5.873931405079999884e-16
2.165413487060000031e-02 2.508091724739999751e-01 7.783408062439999525e-27 3.060608035430000262e-01 2.564598753420000104e-20 2.355784465819999901e-19 2.185604139880000036e-36 1.916126712959999972e-36 4.214758891120000128e-01 3.424713330849999930e-23
6.587524558200000095e-03 1.122257169620000052e-60 2.303553349699999980e-26 2.066206516209999836e-28 3.105687900530000010e-11 6.002324687240000456e-01 2.845018394109999845e-21 3.931800066869999832e-01 2.354822426959999955e-26 8.658366060350000068e-16
2.104298844909999994e-22 3.547136969539999712e-21 5.849556857269999632e-01 1.806356836990000015e-17 2.141193889810000074e-20 3.481194228990000010e-32 4.150443142729999813e-01 4.422303290479999766e-16 1.545224069370000055e-37 3.864597991760000119e-25
3.326076510200000003e-34 2.836588342939999942e-18 3.900698797999999773e-02 2.560447476230000019e-01 2.748809509270000180e-24 1.250926184750000054e-73 7.049482643969999796e-01 1.726401065950000051e-22 4.053391430109999746e-17 1.558513238850000102e-19
8.610462287340000251e-04 3.998616190270000148e-01 8.237369961029999586e-05 1.422071686879999921e-49 6.288993303920000371e-15 5.991949610450000296e-01 1.029694168090000016e-35 1.798368101239999888e-82 3.494459172889999805e-40 1.917942979080000095e-61
2.814676299619999766e-01 2.021591870240000061e-04 3.714737473029999813e-18 9.250407830790000544e-55 1.978603964920000058e-35 7.183302108510000172e-01 1.872695932439999962e-17 7.904903314870000152e-68 1.049490544149999963e-78 4.534178539009999723e-57
9.769354561500000924e-53 5.597312648629999554e-01 4.031117459150000223e-19 3.084801290790000156e-57 4.305268749120000249e-29 5.280315511669999623e-18 6.951305235690000344e-60 2.943098604149999778e-47 4.402687351369999891e-01 8.515082841629999417e-15
1.534291641299999908e-60 1.906304069190000074e-44 7.493599300800000488e-33 5.566494520300000470e-01 4.431953371610000136e-01 2.810704898489999892e-40 3.163372082179999841e-40 1.552010498289999962e-04 9.758918967030000779e-09 1.149247432130000053e-29
4.001703326459999932e-01 4.873982650649999695e-34 3.946043015899999840e-01 2.003828171899999914e-67 5.762969434509999781e-21 1.945390722379999882e-01 1.068629352529999917e-02 1.074034466359999952e-34 1.471739150730000079e-61 1.758716406480000083e-31
1.281160245809999892e-19 4.677985288499999887e-04 4.786615731830000090e-17 1.534132270770000031e-09 1.119764375060000039e-01 1.609392530830000001e-01 5.241656384669999659e-32 4.747849718320000245e-01 2.518315375160000147e-01 8.175136733190000333e-14
2.460586475589999920e-37 7.585062305559999628e-28 4.652250186120000041e-16 1.277088516489999904e-09 3.851332510450000135e-01 1.047591003680000029e-17 3.227032203570000237e-26 6.148667476779999808e-01 3.229137693610000148e-19 6.039699569720000227e-30
4.457733400729999820e-06 8.269171958389999929e-19 7.471025894839999903e-02 3.755605037630000152e-95 2.975026453899999867e-19 5.868387121920000116e-01 1.983278701500000052e-53 8.734217703830000351e-75 3.384465711260000176e-01 2.577581521760000044e-15
9.658811416110000304e-34 3.993316097610000170e-01 7.037239358029999771e-32 1.198544664039999963e-27 7.456941581510000713e-12 6.006682954690000242e-01 5.111104572839999892e-36 2.448760156099999977e-18 9.472744110840000436e-08 3.499416233510000264e-11
8.859376598500000426e-35 3.993316507529999781e-01 2.351517748329999931e-33 9.711002765539999656e-31 7.448547695199999446e-15 6.006683180130000244e-01 1.219320944789999963e-38 1.662274717429999946e-18 3.122498359450000141e-08 9.445812631830000447e-12
8.133567773869999906e-02 3.682784194630000197e-10 6.261111983039999718e-01 2.036013384500000127e-03 1.096060673220000039e-10 1.173311065349999977e-32 3.498221363669999711e-11 8.827501045580000101e-66 2.905171100599999723e-01 5.525883350749999774e-22
6.131694888030000262e-03 3.825084730419999846e-43 9.940065804720000803e-04 1.210597508120000019e-07 1.009616372049999984e-05 1.854053997919999892e-16 1.740821858010000106e-04 2.673077801720000202e-01 5.759065877460000094e-01 1.494756312049999869e-01
9.052168158830000201e-07 9.463617856049999650e-46 1.972292745590000037e-17 6.599547885940000095e-54 5.714117255820000042e-24 3.719710614489999820e-23 2.575366212239999881e-77 1.461722168309999980e-83 9.999990947829999755e-01 7.527373604819999853e-28
7.085954483170000540e-01 1.314446769000000110e-04 1.352659495109999888e-01 8.513690626699999535e-41 1.432483362610000114e-26 9.884579954199999449e-20 6.029490584489999888e-66 1.203922719560000013e-78 1.560071574959999985e-01 7.685361217309999552e-30
7.499227305300000257e-01 8.926098410050000257e-18 6.419667518109999711e-74 5.425607771790000270e-09 6.228136562130000245e-29 2.500772640210000008e-01 4.030446191350000133e-14 2.344083393560000071e-11 1.453891373809999938e-42 2.380590110839999864e-22
2.443893996779999966e-01 2.549176679620000012e-49 1.173631363200000055e-01 4.228238010620000153e-01 5.023194106659999795e-25 7.792577627450000510e-55 2.154236626690000100e-01 4.334984696640000086e-12 2.923841606920000168e-11 2.375416087429999785e-10
6.841632378869999531e-02 1.148460343300000032e-24 5.079936104069999736e-01 7.284612218680000528e-02 2.041214910439999929e-23 1.461721911550000023e-37 8.995452037520000263e-03 3.417484326940000150e-01 7.860847332269999571e-13 5.888554082419999721e-08
2.795613810219999931e-25 2.006662811020000069e-12 5.873390754899999733e-01 5.931409109010000113e-15 2.623195864429999887e-18 7.241931759460000419e-27 4.126609242600000060e-01 2.479410936700000141e-10 9.520530743739999160e-31 9.403508507929999858e-20
7.083005447469999327e-46 3.997794400949999938e-01 1.465699115130000069e-37 6.949278014500000050e-41 2.674820763510000120e-16 6.002205598469999570e-01 1.175184081360000062e-52 9.072996987119999544e-25 5.790905265740000080e-11 1.240152126460000048e-20
1.689382992019999976e-30 9.393547013699999669e-45 7.741924773000000235e-04 2.671107643819999877e-01 8.334169987229999785e-03 4.534881950539999700e-47 5.134718307680000147e-20 9.740990435679999419e-12 7.237808731429999920e-01 4.857287010709999924e-20
2.966414868829999811e-41 1.261346182139999883e-01 3.591920234209999840e-01 1.184841175039999932e-20 1.027680103209999973e-01 4.545949932210000143e-13 3.853598505289999993e-23 2.937336269680000143e-18 4.119053480409999857e-01 1.751709474699999923e-12
3.055376105910000079e-31 1.225169530360000013e-26 5.391500066069999653e-01 2.978613113329999882e-31 5.034818977330000195e-02 8.840263212869999658e-07 1.193496171200000010e-05 4.104869732809999783e-01 4.951767424769999907e-12 2.011346236940000027e-06
2.764864864119999831e-28 4.022988472380000236e-01 1.807631835610000114e-63 4.040779351320000117e-17 6.164983756180000185e-29 1.114469916219999973e-04 2.466976010270000060e-48 1.808990273960000006e-01 6.263487707780000281e-03 4.104271906670000081e-01
2.248451518369999794e-31 1.624504483980000013e-87 1.582730840300000124e-63 2.999917926820000167e-28 3.125648482519999712e-73 1.888149430109999929e-57 9.627822650439999485e-17 2.636464571650000144e-01 1.156502500309999955e-27 7.363535428349999856e-01
4.014436881349999764e-01 4.485930015570000319e-05 2.842454725690000128e-01 1.994167713120000018e-01 1.029396241820000031e-23 6.787060758579999830e-28 1.534287673520000024e-06 3.905118766050000131e-06 3.585685637299999905e-04 1.144852007139999933e-01
8.190657540019999350e-02 6.147988678719999989e-01 1.567218582649999978e-20 1.774264122730000119e-05 1.051346843440000054e-21 5.345017871120000275e-17 1.228354395949999994e-49 3.904971483830000207e-27 3.032768140870000240e-01 3.544452185979999916e-24
1.512969606790000032e-01 2.541544574769999953e-01 3.973326378709999829e-01 9.557672194079999154e-25 2.827208415149999945e-23 1.762551342999999935e-04 1.934519331220000138e-01 5.037209846260000012e-13 6.210396269649999910e-14 3.587755716049999873e-03
1.204729107099999922e-19 7.746798866680000561e-02 5.714094322439999670e-50 3.888870753320000040e-17 9.519591290040000117e-25 3.597094462820000227e-01 9.977910735699999588e-43 1.767453290029999957e-01 3.521600822729999969e-01 3.391715377460000069e-02
8.925078420260000171e-23 8.543465343279999999e-04 2.083032814090000180e-25 3.004171353199999820e-22 4.038911427029999723e-01 1.981207988179999879e-01 3.351833000939999820e-46 2.861357354289999937e-55 3.971337119450000230e-01 1.033869234140000000e-26
2.496423642389999920e-01 2.593088359590000128e-02 5.267217648339999688e-10 7.047545638629999498e-01 6.323503824660000237e-07 6.095884628049999463e-17 1.959700852770000009e-30 1.651869880360000036e-40 1.967155542569999985e-02 8.325340325470000097e-28
4.534445610590000177e-07 1.986305844450000080e-01 8.013689620909999478e-01 2.862095254320000163e-62 1.929539150829999987e-22 6.064232677390000342e-17 3.599286176719999829e-62 1.415248417840000002e-125 1.939534531139999990e-11 1.256500327590000020e-42
4.981172524479999676e-30 2.481105800179999950e-12 1.123915789319999953e-34 8.148774730919999785e-85 2.869453068019999959e-50 3.137483012360000045e-01 1.959440314260000025e-23 9.497369060919999531e-26 2.012359101680000077e-23 6.862516987619999842e-01
5.257889875670000200e-07 4.030532321009999724e-68 8.621851174340000590e-02 9.954028904870000638e-02 1.995846022980000064e-05 2.806077651460000069e-36 1.855849513529999969e-05 3.941654444239999777e-01 4.060649244719999884e-01 1.397178756700000017e-02
7.364126058619999477e-33 7.109980593990000162e-06 9.176631983499999867e-02 2.642055810549999873e-03 4.086297558309999745e-01 1.616922131149999989e-22 4.969547585419999969e-01 1.679850620140000090e-15 1.003873093050000006e-55 1.192734910870000006e-55
3.143927619129999740e-01 9.124953090399999869e-03 3.413560705620000135e-01 1.265036930929999970e-01 2.284399791679999915e-22 3.235203572230000138e-24 2.278229076660000101e-06 1.816874080550000053e-03 1.248061344509999917e-03 2.055553076880000107e-01
1.426418144319999953e-37 5.987382385849999711e-01 4.012487323539999928e-01 1.302302692819999966e-05 1.818937398899999966e-28 1.511069000300000018e-62 1.945027215259999879e-14 2.310059841370000023e-25 6.033499776149999665e-09 5.761998293369999785e-18
4.065142668639999957e-01 3.201499577670000041e-02 3.816554649560000012e-01 6.744762686470000176e-85 2.905014094849999922e-27 1.798152724029999927e-01 2.679058901569999902e-47 1.099998540710000056e-106 8.679120672999999839e-21 1.809171367459999920e-33
6.635399588360000322e-01 5.966021247109999601e-87 1.397208429740000128e-54 1.073835508290000084e-92 1.683814028619999976e-40 7.342219734990000158e-04 4.523650845130000233e-50 7.747656379120000402e-35 6.409478628260000263e-12 3.357258191840000183e-01
1.682058984369999985e-68 2.160288394409999868e-01 3.958131407530000034e-01 1.785049506610000003e-01 2.096530691450000095e-01 1.041576171379999989e-46 8.373209846620000022e-18 1.474955609489999965e-32 1.723196070650000035e-54 2.860277511579999992e-97
2.114756516090000038e-01 6.032192223400000059e-46 2.797332620099999834e-01 9.446121456649999417e-31 7.945740617700000272e-03 1.412818559269999885e-01 6.184819924440000167e-22 1.584842925849999987e-02 3.409180034079999921e-01 2.797057169239999981e-03
2.327688362339999928e-01 1.173158157559999883e-50 2.543310067149999962e-49 4.265001954769999616e-18 5.132739214019999751e-19 1.102120657300000028e-01 7.326274610529999676e-09 4.875155172330000175e-01 2.161440661679999988e-20 1.695035734770000135e-01
3.524113821100000213e-33 1.728856063590000024e-20 5.472430490789999630e-12 1.008990618469999951e-42 4.741473883219999852e-01 5.258526116720000365e-01 4.382946430070000145e-33 8.035597773840000262e-30 1.031102041780000090e-31 1.388114014119999992e-44
7.999451901129999648e-86 1.490410490600000013e-54 3.122520517540000061e-63 4.740231276140000061e-01 2.064296872729999870e-24 6.268953206199999942e-68 2.385553275189999784e-28 5.259768723859999939e-01 7.151497494419999860e-30 3.635868817049999813e-30
2.587631011190000047e-16 7.288610315809999893e-11 1.326346870700000069e-01 7.984674845249999489e-60 8.063950326340000013e-05 1.252203597000000057e-01 5.004241334170000494e-44 1.591035750720000111e-94 7.420643136540000517e-01 5.308695072499999941e-27
2.436095662070000053e-03 6.383583363920000142e-01 1.533688973879999869e-11 6.594466007059999777e-43 1.703179653529999950e-57 3.712173801060000027e-16 7.305186473620000388e-15 1.594212252930000058e-36 2.041916252079999877e-12 3.592055679280000136e-01
2.650503677380000082e-14 1.670405194129999937e-01 4.163513916809999937e-01 2.091811796749999952e-01 1.582888117580000074e-15 6.318457372280000345e-39 2.581479972299999819e-10 1.050547935850000046e-45 2.074269089730000071e-01 2.453299048319999867e-17
1.845599236910000007e-53 5.596900368449999608e-01 9.460134286060000093e-71 7.056520832519999900e-12 2.377636207110000056e-26 8.704072535609999502e-18 7.627518330380000172e-70 1.090158323210000031e-04 4.402009471789999906e-01 1.362700664300000034e-10
1.339286819019999903e-04 6.118618860940000515e-01 1.112869053139999961e-12 8.553196408799999817e-02 1.440150291270000105e-01 1.182150443409999955e-09 9.320275277300000588e-20 7.010643395939999770e-50 1.584571908250000105e-01 2.295721922020000061e-28
3.645021500020000121e-05 1.987820276289999868e-30 1.268992230310000136e-01 2.549527492440000059e-17 6.152714110169999640e-06 1.213471366030000107e-10 2.259098590670000141e-14 2.824336455590000239e-01 4.165402229619999952e-01 1.740843053970000109e-01
4.316565712819999713e-03 1.751934308940000133e-21 3.241984169589999995e-21 5.166565058200000005e-01 8.247698032999999938e-60 1.487214625239999974e-61 2.470352631910000088e-05 2.740178516870000121e-17 1.254855470209999988e-07 4.790020994559999745e-01
1.681450326690000017e-16 6.159147496460000148e-01 8.523258589469999410e-18 3.179974177119999999e-03 4.689384137939999885e-51 4.612139353290000296e-67 6.681157843760000069e-15 2.466466361779999994e-54 3.809052081329999950e-01 6.804440937449999885e-08
1.753464782619999906e-34 2.218202626570000167e-22 3.899412399410000230e-02 2.560540971990000192e-01 4.195703857379999721e-26 2.760188338089999934e-78 7.049517788069999957e-01 8.653650679840000112e-24 4.430464661180000293e-19 4.599970662719999974e-19
1.528032955099999923e-01 2.553359532710000046e-01 3.956730878340000146e-01 1.189251038239999964e-24 2.571868469490000183e-21 7.769860992260000201e-05 1.944445520249999948e-01 5.491613087510000336e-15 6.106869483320000411e-13 1.665412748870000095e-03
1.110783825210000037e-14 2.384713434869999951e-13 6.066869436020000322e-15 4.950829471609999753e-15 5.834794781940000341e-01 3.114199663410000115e-05 1.637275594999999861e-58 5.065194232969999779e-16 4.164893798090000265e-01 1.236661989709999909e-25
3.121283211180000168e-44 1.693968381199999914e-21 5.999209981809999759e-01 4.000790011800000046e-01 5.273143123609999870e-14 1.211836370739999974e-77 6.385125263869999892e-10 1.104473656050000033e-39 4.798622523660000114e-21 2.123638348579999923e-41
5.860524578350000402e-01 2.494613831690000110e-17 6.318739337380000187e-06 3.602924350319999750e-126 9.431881099939999983e-40 4.139412234259999823e-01 2.531261862839999876e-27 2.013169978810000117e-97 2.105737090070000045e-49 1.069773350479999987e-36
1.384987394269999983e-23 1.263814187260000068e-21 5.849556857269999632e-01 8.887007349370000796e-16 7.671519407699999463e-20 1.366801831339999960e-37 4.150443142729999813e-01 2.157207254300000042e-19 1.330051440930000016e-37 7.097439615859999402e-27
3.972991536209999897e-01 3.391402986320000170e-33 3.864974488690000043e-01 2.016972048119999841e-68 5.673349416859999996e-21 1.923348826179999971e-01 2.386851489199999857e-02 4.905814046929999652e-35 2.465634472509999951e-61 1.082145494730000022e-30
1.157939249259999984e-02 2.042005935400000049e-51 7.978291722779999873e-01 1.905914181299999954e-01 2.264405859500000147e-21 1.104842732649999902e-71 3.545064459530000121e-40 1.027512280529999920e-24 1.709931230339999860e-08 1.713571122579999898e-32
2.660532611729999982e-17 1.451151395909999959e-04 1.913461291900000074e-17 8.885405468630000043e-07 1.120028416219999989e-01 1.612496066230000025e-01 9.031031627209999641e-27 4.744003718170000106e-01 2.522011758359999911e-01 4.216000596660000098e-10
2.182342670760000035e-79 3.058366071010000148e-07 5.395312167329999742e-01 1.111803551740000008e-03 2.418776288929999907e-01 1.132376299570000040e-39 4.998390343089999810e-16 2.024852111680000011e-01 1.499383381730000006e-02 2.828614471310000178e-15
2.463806151080000103e-08 1.360126435709999961e-39 1.889266368099999899e-07 2.750216534500000152e-35 1.698895963409999912e-07 2.422969134500000121e-01 4.488015080120000277e-01 2.086210476549999944e-08 2.610832670690000079e-12 3.089011742189999854e-01
2.182570489509999968e-44 2.358936209160000103e-02 4.482450103630000182e-01 3.195085973959999845e-21 1.858587128739999997e-02 6.397723034499999755e-12 2.979545320740000117e-23 7.304272582770000555e-17 5.095797562499999600e-01 2.061726815900000012e-12
1.018108117229999930e-33 5.228803039650000004e-11 1.171598471460000028e-62 3.117359700519999888e-01 4.160194998169999730e-27 2.011266681960000103e-22 3.050053533970000163e-28 3.478172754380000065e-01 1.527299996990000019e-01 1.877167547599999931e-01
8.815975587150000635e-36 1.434143691049999932e-14 3.402895425550000325e-02 2.558353938729999999e-02 3.517361326249999753e-01 8.079679417779999520e-29 6.710881789350000594e-05 5.135028369279999590e-16 5.885842638760000467e-01 1.037462272070000078e-09
1.248292346660000017e-30 4.460655632100000156e-01 1.073904542360000053e-19 1.471636074000000067e-58 9.085270931479999523e-32 4.684784301249999769e-03 6.905557124320000057e-32 1.679076857849999949e-26 2.621018707640000115e-03 5.466286337810000173e-01
3.740698751379999958e-30 4.471126364510000228e-01 1.409331606350000033e-19 9.008931820740000191e-58 4.759483106659999855e-31 3.068312267620000068e-03 1.253617182380000041e-32 9.929077754929999966e-27 1.788189683650000033e-03 5.480308615979999631e-01
3.314922735610000091e-03 7.358586216700000271e-20 5.643990942719999756e-19 5.168077675850000219e-01 3.047111411019999990e-56 1.871204542330000064e-59 1.188945543789999990e-05 4.205321107759999743e-17 5.222657212470000285e-08 4.798653679980000031e-01
5.360940262459999994e-01 5.859526276479999803e-03 7.579974334330000056e-03 3.903743770499999710e-02 4.102994567969999729e-01 1.129578395320000048e-03 7.467756259700000030e-13 2.446801244760000196e-10 6.857167491009999649e-26 4.617773444599999838e-35
3.243946508460000216e-44 1.917323770999999899e-01 4.240050467560000180e-18 4.042506245259999892e-14 2.890931303259999807e-01 3.384704290530000104e-01 2.144845380690000060e-19 1.807040635209999913e-01 4.402620104159999805e-14 7.055611713970000457e-16
2.612761648979999751e-10 1.640950710809999917e-29 3.110838293529999844e-79 2.875762763229999785e-38 2.370684861850000126e-46 5.498887532209999485e-01 7.271137509749999640e-37 2.694790739379999966e-02 4.264063024509999881e-22 4.231633391240000042e-01
3.775318101010000277e-12 1.561690824939999915e-19 4.840073335770000290e-02 4.404435746249999949e-13 3.523886015989999843e-01 2.752152882179999950e-08 1.260544217569999903e-01 5.623421637399999619e-12 5.766727110409999857e-02 4.154889446500000250e-01
1.088712918429999982e-01 2.527243939239999793e-01 7.191161502440000332e-40 8.470570385880000231e-10 5.923770458200000124e-55 5.841466477740000371e-12 9.765378623110000352e-04 6.374224794759999480e-01 2.704957632549999995e-36 5.296041710629999909e-06
1.927369801559999929e-01 7.015318395240000612e-27 3.396371845980000193e-01 1.056358549710000039e-01 9.412804958379999437e-18 1.214716303469999892e-53 5.702281869219999923e-28 3.223464764410000023e-50 3.619899802750000117e-01 1.493203802090000074e-28
4.995750516769999899e-02 1.115902133720000063e-72 4.928584155729999750e-01 1.460281675300000045e-30 5.755478567049999994e-02 1.409571597309999988e-07 2.109834456229999934e-22 3.690961550560000193e-01 3.051341395199999931e-02 1.958362363049999884e-05
2.552133670949999942e-09 1.710395380199999926e-02 4.904833674540000077e-01 3.564813855010000153e-24 1.736303178230000008e-03 4.906763730120000111e-01 1.712507565780000085e-12 1.919148110399999975e-36 7.040326700089999352e-52 1.615524717200000099e-56
3.703200431379999849e-27 7.123838539779999784e-16 3.384326491169999952e-113 4.263215841040000038e-42 7.952383475959999728e-60 1.081087029950000000e-01 6.046973029749999400e-42 3.479089650380000065e-01 2.543367666040000170e-25 5.439823319669999657e-01
2.032171844839999977e-10 8.808679987909999242e-74 2.058018359829999930e-26 8.665693286140000551e-18 2.559784996150000214e-01 1.377603086530000081e-05 1.340481937519999935e-05 7.439943193310000202e-01 8.006367010100000177e-33 2.357749499150000030e-22
5.452391714989999569e-53 5.596902940429999695e-01 8.828882274330000497e-70 2.076354282400000025e-11 8.969585503739999458e-26 1.141298017689999936e-17 1.804684626670000086e-69 1.083356527969999941e-04 4.402013701099999898e-01 1.733962355989999921e-10
3.166101192030000030e-22 4.155175802009999919e-01 1.562848303449999970e-39 1.309605307820000120e-01 3.629797092349999669e-27 1.475454419100000005e-18 4.535218888349999977e-01 1.794944136469999957e-10 7.403729712449999613e-28 2.256119719759999971e-12
2.682413003690000017e-16 5.824568722359999810e-10 1.335169304569999993e-01 1.406328483309999995e-59 9.068865245549999994e-04 1.236176409519999936e-01 4.773758314470000200e-45 3.371945869580000189e-97 7.419585414839999782e-01 3.645385666790000154e-28
5.594763314730000214e-01 4.293323960270000184e-01 1.181476133420000007e-07 7.184092558749999767e-14 6.182092316420000445e-25 4.812438507480000275e-18 5.205619545350000110e-05 9.827467725759999726e-40 1.848871779410000060e-03 9.290226377409999473e-03
3.187897586979999872e-40 1.754123060649999954e-01 1.198072619100000050e-13 4.226321974610000125e-59 3.774208723779999830e-01 4.471478353780000137e-01 1.180856989310000018e-100 3.344720590460000275e-83 1.898617938609999985e-05 5.243426448390000122e-53
3.239532401609999890e-18 7.383900985609999850e-28 1.820245859279999976e-04 1.771874613289999995e-07 5.242964084650000300e-01 3.829345252570000254e-23 4.755213897619999797e-01 6.814201075859999860e-33 3.553699958579999832e-60 4.817379816609999901e-71
8.746042923969999896e-09 5.514344249929999942e-01 1.960828555359999833e-65 1.946043796360000106e-30 4.911780258499999909e-71 2.945819704609999867e-01 9.720631783590000241e-02 2.301068670540000043e-05 3.813078349359999832e-50 5.675426727769999902e-02
2.820174422199999905e-13 4.285635876409999989e-01 2.504536040359999979e-02 4.298121478300000208e-12 1.264127407229999889e-01 1.962587657050000045e-01 2.237195452909999938e-01 2.319876579820000041e-10 1.445874891870000118e-38 2.484839102679999933e-33
1.107971487110000016e-43 1.919166078650000051e-01 4.778527340920000140e-19 1.445817990919999995e-13 2.892644874559999746e-01 3.385993844749999870e-01 3.882139232279999758e-16 1.802195202040000055e-01 1.057422365239999986e-14 1.446513014539999981e-15
1.701747031070000055e-31 7.733100444489999785e-12 1.435910591109999971e-35 3.054532670579999777e-60 4.032408490170000077e-36 2.000002379789999896e-01 3.681822208849999798e-08 2.673456237870000180e-28 2.205096758710000136e-24 7.999997251949999555e-01
3.992863986799999876e-01 7.296867754010000221e-52 3.770368308189999738e-33 4.724077072030000318e-52 1.167256587190000037e-28 8.867141626790000517e-12 1.351720106270000038e-48 2.194716364890000057e-40 6.006807185660000270e-01 3.288274551270000263e-05
9.079799202950000481e-49 5.972102684990000521e-01 1.282061189289999958e-01 1.875252489330000082e-09 2.745836106969999912e-01 5.385493608260000306e-31 3.989808854049999929e-25 8.348037162329999624e-38 3.902642909690000133e-39 7.709542256470000720e-80
6.823897869539999996e-19 7.461079319300000234e-01 3.666266197519999866e-56 2.304378404269999958e-01 3.503099344090000064e-58 5.804654698550000152e-45 1.266721075010000100e-59 8.903512448300000406e-18 2.345422758699999832e-02 5.583646753490000136e-11
7.088902574249999488e-20 7.191883162759999886e-11 4.240959562059999910e-01 1.664435943880000145e-24 4.600223224790000315e-02 1.654992565650000025e-01 8.006790022480000699e-09 4.498271481470000031e-08 1.638865906650000068e-03 3.627636360129999904e-01
1.239394141210000042e-31 2.332373044040000153e-36 1.354470464540000000e-24 1.496861186880000011e-16 1.855624134700000048e-06 8.177326675149999832e-16 9.999981443759999866e-01 8.411558128129999996e-16 3.183629850370000046e-79 1.105613223930000034e-59
2.880909334810000042e-68 1.000000000000000000e+00 5.517330300750000397e-48 2.456321718690000104e-30 9.581236735070000094e-48 9.799098315410000230e-45 1.591361875809999998e-59 3.485032718289999918e-60 1.276722690709999934e-35 7.852363421659999591e-53
5.630081278559999625e-01 3.066333342950000040e-01 6.300237469470000466e-14 1.857981541550000078e-21 2.141574898720000083e-47 3.685164092620000108e-26 1.646710403599999934e-34 1.741463181919999965e-32 1.302932759300000076e-01 6.526191823450000278e-05
5.517478240830000491e-01 3.235477789320000221e-28 4.482521759170000064e-01 8.603873142529999595e-23 5.179317529399999930e-20 1.554415070060000044e-25 1.087833564240000017e-25 1.613833707649999933e-30 1.273279150809999995e-17 3.810827410979999969e-27
2.453557754240000000e-01 1.366150818819999956e-49 5.270383845340000281e-50 1.655140087130000022e-18 2.783742560149999819e-19 1.014787453789999933e-01 1.477068975510000101e-09 4.944070611279999805e-01 4.547936334000000190e-21 1.587584165919999901e-01
2.115384657019999878e-02 2.952468588959999973e-01 1.608827082380000040e-07 3.549395068530000058e-02 1.257681382049999907e-01 6.631007999120000496e-02 4.560269647690000094e-01 9.876643389120000164e-20 5.169254848329999642e-18 1.035298494200000037e-20
4.554536269360000000e-01 3.280464374129999859e-50 1.714646460750000042e-28 3.239397848650000004e-80 3.502763050080000279e-30 4.884281120789999986e-01 8.724921839109999981e-22 1.647826967189999962e-46 1.963421333380000013e-13 5.611826098549999725e-02
1.684961950749999937e-01 1.091060858100000031e-01 1.899379604429999868e-01 9.785578611640000438e-04 4.122635853730000235e-16 1.008667366870000036e-20 4.563071109449999829e-01 1.381096855249999976e-27 7.466027177980000262e-02 5.138180865390000115e-04
8.364674895279999359e-36 5.282282250259999840e-22 2.168090403759999944e-13 1.066107241339999955e-47 4.741473872740000206e-01 5.258526127260000349e-01 2.674167185119999860e-35 3.175230767369999787e-33 1.121431700680000018e-34 1.127559384889999951e-48
2.928813736330000233e-13 3.287086535189999977e-32 1.866047030180000023e-43 1.844738451109999997e-32 1.649601166610000109e-23 4.047230825659999809e-01 3.209571683589999923e-25 5.952769132430000276e-01 5.902078047579999816e-23 4.191022072959999841e-09
3.486446162860000197e-01 8.727575384200000349e-24 6.383847777679999866e-18 1.834754142649999988e-33 2.924842582419999966e-37 2.607071099639999964e-17 6.513553536589999915e-01 1.693858832480000027e-35 8.216974421819999632e-29 3.005482685589999677e-08
6.650005961920000264e-01 1.035967237129999917e-43 1.205030440660000025e-68 4.188967634670000158e-29 1.844929575829999936e-115 5.167973302069999670e-46 9.598997820479999751e-18 1.045793300880000047e-30 2.252076477840000121e-28 3.349994038079999736e-01
5.142084149410000210e-14 8.366902978119999945e-02 2.040274961889999969e-18 5.382814359979999946e-22 1.188276912280000012e-18 4.497194201879999853e-01 4.666115498050000254e-01 2.251213359690000004e-10 2.895268849179999884e-54 5.585156701010000330e-28
2.555748316100000059e-26 4.861104708399999979e-12 1.205297215369999941e-19 7.192514930759999886e-57 3.467518480500000299e-33 7.573582574640000252e-19 2.718447235520000089e-86 1.075791617800000026e-50 9.999999999949999996e-01 3.082789207369999921e-20
2.975236801959999911e-37 4.755213731099999864e-52 6.228839402810000020e-16 1.438943961019999976e-45 7.270009739199999599e-01 2.729990164950000242e-01 8.295177067440000047e-11 9.502557872550000272e-09 5.123135878529999713e-64 1.642551590750000073e-45
4.417580407159999766e-28 5.761086889600000179e-33 5.387468559960000292e-01 4.824864350510000220e-31 5.074438793879999798e-02 5.801341433030000315e-07 6.928409934960000002e-04 4.097785574469999803e-01 4.095863082019999975e-13 3.677748965389999737e-05
9.018697984649999801e-35 1.536361911349999887e-01 4.486309457299999907e-03 3.845549856489999959e-07 3.952514762109999857e-01 1.703060108899999993e-13 4.466256363839999910e-01 2.256890964590000182e-09 6.551172370069999766e-51 1.104442261340000085e-50
1.607071026569999953e-03 1.221561950669999885e-41 2.106915804770000209e-03 1.484127702100000038e-10 5.923932523969999759e-06 1.578687643879999949e-14 6.839316232570000350e-07 2.656864769230000145e-01 5.758866166810000520e-01 1.547063115510000086e-01
4.151543270789999676e-46 3.997794401290000188e-01 9.105884610080000083e-38 5.747863282509999694e-41 6.350822620280000601e-17 6.002205598640000250e-01 1.330656623529999991e-54 9.379728207410000690e-25 7.213378795659999633e-12 6.044309474120000574e-20
3.587691187679999949e-01 6.315492262840000053e-06 3.115195377589999870e-01 1.668484836399999893e-01 5.117173344200000341e-24 7.379726820519999476e-27 7.258243742320000032e-07 1.030798588500000060e-06 7.004764538470000272e-05 1.627847400720000004e-01
1.930628833069999994e-01 8.525129526239999731e-28 3.388845331090000190e-01 1.062648793370000039e-01 4.606084053719999957e-18 9.684983694319999878e-56 9.221581670070000114e-28 7.962795371449999692e-52 3.617877042470000193e-01 1.550283798339999918e-28
5.814917159429999760e-01 3.298545102920000249e-01 5.464394503980000222e-17 6.800617634259999445e-27 7.846965766409999979e-50 9.575241671619999867e-22 4.683945240510000093e-33 4.103792991739999722e-28 8.638669347699999557e-02 2.267080287410000190e-03
7.638675977500000814e-06 1.935992755319999953e-14 4.821171392030000086e-29 2.022882012730000083e-23 1.485922147150000057e-10 6.001347032249999547e-01 2.875063502549999836e-61 9.799043242999999725e-21 3.998576579500000006e-01 1.229612976229999943e-15
1.000000000000000000e+00 7.156025194260000531e-73 5.729228148689999651e-62 6.189221595950000266e-65 6.510949405459999556e-95 1.290426187870000027e-38 1.319864509199999908e-38 5.607377032819999787e-61 2.193643836610000080e-38 1.959227452910000014e-19
3.897599609969999712e-02 1.943810971579999957e-62 5.394926496259999649e-01 4.322994502559999700e-76 7.914471741490000370e-21 1.055758679790000013e-08 4.215313437170000177e-01 4.421076544359999831e-33 4.278942265230000062e-82 4.931403726460000387e-41
1.526352529770000077e-01 2.551238025299999990e-01 3.961727859890000203e-01 6.381151660850000142e-25 4.122825588009999842e-22 9.465939327940000225e-05 1.944267333549999921e-01 1.728741661389999993e-14 2.916171770400000144e-13 1.546765754690000022e-03
7.607626131790000326e-20 3.501091167799999819e-05 2.573421477399999854e-23 2.403077304610000131e-01 2.964856008949999788e-01 3.440943146429999988e-01 7.400204415840000091e-03 1.582308451459999918e-02 1.826141357909999961e-04 9.567144002230000555e-02
1.658718068069999934e-23 4.668674231929999571e-13 5.873390757030000353e-01 6.607211756100000280e-15 2.279492749349999953e-18 3.749592981759999964e-26 4.126609229950000124e-01 1.301107848330000103e-09 2.934457377649999954e-30 5.974627626369999784e-21
2.054634115029999911e-13 9.769271441750000673e-02 3.481206346190000143e-39 1.429782435589999920e-08 2.650789185910000138e-16 3.701368464270000103e-01 2.223636803690000053e-35 8.581273866670000028e-02 3.413731343549999964e-01 1.049845518360000007e-01
3.390698908280000053e-05 2.224221439260000089e-38 2.017214225620000105e-10 5.576823495470000225e-01 1.341722864650000124e-01 7.445794887580000184e-19 3.081114284629999922e-01 2.833424785830000097e-08 1.219087514680000037e-36 6.991005571729999527e-36
1.678676534739999979e-07 1.462436765069999942e-38 5.941012396829999887e-42 8.524153123890000033e-33 4.813040222069999605e-25 4.051741447509999983e-01 9.139370814840000627e-22 5.948254752289999781e-01 1.934592493750000070e-24 2.121518985400000012e-07
1.071920033719999944e-10 1.813450590420000103e-47 1.487628121690000106e-10 5.396925447449999469e-01 4.719033044589999738e-52 4.665374704139999861e-97 3.637426438320000011e-01 2.032205650789999893e-09 5.274753766209999727e-09 9.656480385979999970e-02
1.428589780430000074e-58 1.474411716329999955e-01 1.160153192900000019e-02 2.144116751990000069e-01 1.422456588300000102e-01 2.979359897730000071e-29 4.552809547940000340e-02 3.988043895409999892e-13 4.387718641869999825e-01 2.742041878219999836e-09
3.716519890479999793e-03 1.911784373289999932e-66 3.318971059060000228e-01 1.103839418279999939e-79 2.079425208230000072e-15 6.643860019439999931e-01 8.093037925390000111e-08 2.978509727760000179e-17 2.497564576789999871e-25 2.913297494739999994e-07
8.526440269569999716e-03 5.348019973460000384e-13 5.397367843220000330e-74 3.310766127359999755e-01 9.347201751410000358e-69 5.797916643910000187e-23 1.853280147599999927e-01 1.275985082670000048e-01 1.750439930160000101e-33 3.474704239659999749e-01
5.106485894929999603e-01 2.004174569230000036e-01 6.348527010340000393e-48 2.888430996420000008e-01 2.243145800960000121e-30 2.218815934690000192e-09 2.428094718510000081e-18 6.100334954780000240e-12 2.948529869269999866e-09 9.084876813060000107e-05
3.437613842920000120e-23 2.897065626530000160e-02 1.245046572769999929e-26 2.502172675870000251e-01 2.721145620429999967e-01 3.692748805859999983e-01 1.086599678040000071e-06 5.003901416079999803e-02 1.919465948070000084e-03 2.746306680949999954e-02
1.296509152949999999e-31 4.450168798709999672e-67 3.141838216939999984e-01 2.843095120750000122e-09 6.481266690670000052e-01 5.679809889310000044e-52 2.520214617649999871e-14 4.110180533500000224e-32 3.768950639640000072e-02 5.554767559759999843e-22
2.361482297649999904e-26 8.712657924179999537e-17 8.840331923789999629e-07 3.180675330320000203e-45 4.357797162679999865e-16 1.127862232880000037e-01 2.728265898159999980e-01 1.531853312070000084e-01 3.655386042410000155e-21 4.612009716559999917e-01
