6.104222193620000282e-43 8.601575643440000623e-50 7.955608862279999964e-66 2.907354606399999986e-01 2.960650957020000275e-17 1.269011650709999917e-33 1.046772711029999958e-07 8.746901696350000273e-73 2.731810290389999900e-23 7.092644346830000446e-01
9.912613012609999830e-02 3.976045570389999950e-01 5.032693126609999457e-01 2.713169361459999960e-48 1.635260887970000040e-21 7.778131494810000483e-11 8.854866186159999704e-88 9.621475973800000617e-11 3.772070218729999945e-55 6.374538618730000142e-34
2.858302451120000032e-01 3.792068388670000179e-01 1.831783792570000117e-05 2.682823872550000145e-15 1.812670074319999865e-04 8.518966755129999793e-15 9.469637628520000525e-21 2.015803790190000000e-01 5.021002799280000379e-12 1.331829521519999893e-01
3.725593767539999919e-06 1.883659325530000138e-21 6.346916313729999907e-45 3.226594605110000094e-23 1.791420020239999911e-01 2.122858830260000175e-71 5.293773650909999637e-06 1.952264636819999859e-06 5.434855056980000265e-01 2.773615206460000038e-01
5.563808608819999556e-07 1.804868683500000115e-05 7.282748146699999925e-01 1.143339627960000027e-06 2.602107603770000277e-01 2.474233595190000037e-06 2.122526710990000090e-09 6.020395112630000378e-03 2.094830575519999929e-03 3.376974501720000216e-03
1.091773566270000061e-11 2.336404849430000094e-61 3.089153771649999871e-21 8.231227210110000297e-50 6.919803808760000008e-01 4.434006201730000128e-54 1.782755596109999893e-44 3.073934255949999916e-01 6.261935187999999623e-04 1.908893774429999856e-20
3.778333710219999864e-01 1.596884853729999905e-07 1.455690878310000125e-07 1.736906124320000003e-10 1.604975131019999927e-18 5.405201903459999876e-18 5.255851183569999474e-01 9.618956523839999884e-02 3.916399515849999747e-04 6.067107657440000274e-22
2.358943979769999940e-08 2.292420358289999904e-01 4.534601259819999730e-01 7.472178478189999765e-17 1.025733720649999934e-04 4.517744337740000108e-04 2.199395670150000121e-05 2.233338817499999907e-01 9.338759108670000031e-02 1.200695405309999939e-26
2.556403195010000034e-61 2.448595009090000058e-19 1.557181337919999969e-08 4.677460008489999974e-03 5.267710006000000389e-01 1.322679364150000083e-03 2.942866713039999915e-01 4.576783408800000006e-32 1.729421731520000005e-01 4.819907441940000303e-28
3.007758024450000178e-01 5.877427176609999910e-08 2.850933945929999824e-01 9.421255156690000465e-02 2.596704953749999767e-01 1.131785721170000016e-02 6.359687420899999847e-15 1.278110138289999968e-09 1.015409383499999996e-10 4.892983865440000274e-02
9.442959978349999621e-53 1.179192665599999971e-13 5.062387563900000442e-01 7.444440973830000465e-26 8.348275865760000236e-31 1.830015944559999910e-20 3.292605050429999736e-01 4.617464703609999721e-02 1.183260915310000022e-01 6.463576506919999740e-81
2.471112019930000147e-36 2.748434984879999909e-17 1.880267264390000082e-01 7.051010326569999991e-19 2.483974723140000042e-03 1.441016334520000081e-09 2.390047105569999825e-12 1.311568011620000036e-02 7.963736172780000455e-01 2.554694558229999845e-31
1.201179459490000093e-10 2.207436442509999874e-01 7.792154555339999566e-01 2.260171178859999978e-33 4.555618279510000234e-27 4.090009550110000033e-05 6.931130341710000066e-56 3.715437686239999772e-20 6.978435733799999849e-47 5.933352110970000532e-42
4.275216193460000258e-01 5.349828406440000350e-01 1.590316117930000089e-10 7.525412842989999678e-05 7.110528726330000137e-17 3.610725698129999689e-02 3.012181681520000061e-27 9.324906816479999859e-38 7.948616112519999447e-29 1.313028741259999934e-03
7.597045376979999757e-13 6.977332631460000267e-54 3.217894656479999838e-01 1.228894129900000009e-34 4.216658055649999827e-05 4.785090876099999808e-10 2.752624385379999789e-32 4.685759306139999913e-01 2.095924366789999882e-01 2.104031349379999973e-26
2.333303222230000042e-18 5.142563148679999907e-14 1.934451648479999969e-19 5.554192828800000091e-16 6.642929350139999967e-01 7.825747738149999364e-08 4.168491402270000021e-51 1.173275269159999966e-29 1.349775346830000037e-49 3.357069867279999786e-01
4.325505626030000106e-01 3.975268784660000053e-24 3.818912528919999820e-23 7.059846868879999396e-18 1.196467677559999963e-03 6.663368921359999830e-19 2.620958144439999860e-02 1.398130584389999931e-01 3.975458300799999956e-01 2.684499755889999811e-03
3.786323298830000080e-14 4.270618142529999723e-06 6.986031867500000027e-21 4.454950425519999765e-25 6.167721369000000401e-04 9.993789572300000312e-01 8.119023056780000213e-46 1.512105086739999891e-25 1.158258347429999934e-68 1.458481166959999945e-11
8.048195637879999564e-23 3.308210031939999843e-50 7.704089556950000084e-01 4.177849600109999760e-16 2.225028873990000055e-38 4.198641779139999914e-16 1.242771925680000110e-38 1.056419184699999976e-28 2.295910443049999916e-01 7.611574481079999802e-29
1.799206882880000080e-01 2.620268671839999786e-01 3.948266737489999900e-01 1.609480661330000065e-06 1.741093544740000000e-64 1.396210105430000036e-15 1.632240723220000078e-01 8.990848415459999883e-13 8.897624432920000394e-08 3.610889861419999902e-28
4.625916048259999802e-01 4.337536236150000270e-08 4.715116577950000034e-20 8.433328351030000480e-38 1.969991357949999952e-02 4.778496883010000243e-19 1.766120307589999877e-49 3.944950382099999819e-01 1.128550854150000023e-42 1.232134000100000015e-01
3.392074090500000333e-02 3.798355395150000008e-02 1.334734570449999918e-05 2.156858357859999831e-06 3.556211297370000325e-21 1.126558475799999959e-01 1.003317443559999939e-02 3.919595129039999959e-01 7.175683851359999963e-14 4.134316660189999992e-01
1.163094554349999890e-41 1.368479145579999945e-01 8.048873531110000193e-16 3.076326991810000156e-32 9.378502083160000303e-04 4.961484879559999728e-01 1.168065912530000076e-02 3.543850881530000163e-01 2.086298869020000103e-31 1.581065380040000000e-44
1.554134199080000035e-45 3.993359145429999923e-01 1.040469196250000011e-05 5.330427291660000400e-01 1.111178505719999907e-34 1.800412533380000082e-02 4.960682626520000055e-02 1.658720249679999911e-26 3.289919104710000239e-20 1.209732007739999985e-33
5.679062655990000336e-27 1.610619746220000054e-03 5.741806428579999956e-08 4.486095602529999692e-03 7.897296021089999409e-06 7.042084152349999959e-01 2.896337383170000113e-01 5.317558746710000236e-05 2.916736312419999799e-19 7.977000233430000207e-10
5.845248814200000360e-07 4.018794851840000182e-01 8.598628296359999944e-26 1.260530669700000067e-47 5.980866178310000336e-01 3.249239661760000244e-05 6.925726052309999514e-44 8.200632136369999653e-07 2.088288064079999988e-61 2.248604200299999844e-19
2.740741169420000123e-01 1.279622353750000044e-27 1.057071732800000046e-05 1.786388058680000024e-37 2.093817899220000084e-19 2.838825899949999926e-26 4.017680133200000306e-30 8.456713169849999767e-02 6.413481806420000542e-01 3.247506673739999825e-26
9.885082609930000634e-24 2.195853796550000166e-27 3.737648930179999764e-38 4.237687557680000067e-32 1.905335214150000108e-22 8.604347131449999476e-77 9.123309460850000108e-02 3.455854813379999890e-01 5.631814240529999793e-01 7.834054470410000127e-22
4.869976159350000167e-01 4.892972954830000301e-25 5.130022887709999591e-01 2.265111216890000121e-57 3.955876112529999663e-24 9.419507270050000661e-08 1.330232166960000099e-124 1.098184013140000045e-09 3.109516589140000166e-50 1.352858502739999958e-33
6.168159644539999986e-01 1.601685049699999933e-02 2.642105489930000051e-01 1.708844041899999925e-53 3.139839286909999755e-05 1.455014716640000080e-02 2.913390062829999777e-97 8.837509049620000112e-02 1.077762306470000025e-66 7.510954531049999591e-25
9.584018362819999878e-17 4.817161504210000086e-21 3.549433439860000261e-01 1.540551479349999975e-01 6.597172018399999894e-20 3.068668727269999848e-12 3.780222848930000138e-17 2.390272370450000096e-20 4.910015079989999975e-01 7.647721534970000535e-11
1.620825370460000131e-11 5.939927936739999838e-10 4.609857747210000202e-17 1.609127386990000000e-05 3.071653305190000027e-11 3.157599319969999763e-01 6.842239760330000031e-01 5.470728065869999799e-11 4.776648416620000173e-13 1.140201651010000082e-15
6.711174994690000117e-01 1.969064114949999956e-04 3.286855941190000019e-01 2.396105022230000035e-19 2.017634815280000095e-33 1.646660451599999930e-13 4.973444374490000508e-41 3.213213677739999945e-25 1.567157229529999922e-24 1.745303216360000138e-26
2.439774634749999893e-01 7.769050173779999575e-14 5.607824394590000466e-16 1.755312419320000095e-01 2.811955203220000170e-15 1.463872741560000052e-04 1.764986004450000043e-29 3.826660487449999965e-38 1.335179391279999993e-27 5.803449073190000140e-01
9.067556781430000461e-15 8.481486896530000072e-18 2.045744185040000106e-29 5.070976083799999534e-01 4.414726855200000188e-01 4.262197121420000091e-06 5.137872445009999955e-02 5.480352855689999646e-32 8.037287108629999886e-13 4.671945220199999802e-05
7.327526400730000056e-02 3.513742415880000136e-01 5.753423607750000057e-01 1.909293049350000112e-17 6.255491791329999798e-32 8.133629185210000461e-06 1.250587335630000051e-33 1.020747405140000007e-18 1.391659449259999984e-27 2.004345063230000103e-24
1.737027670990000106e-01 7.239251933460000459e-10 1.633182893339999997e-01 1.452018984250000016e-08 2.520294302130000126e-04 2.245167414539999962e-01 5.788191650279999770e-12 2.441366604809999952e-01 2.758083804130000161e-08 1.940734693710000069e-01
5.171497462969999459e-01 2.826370379069999821e-19 4.439969466949999795e-06 2.688098810149999918e-24 7.966217493790000580e-05 8.317303408849999775e-12 5.459314075219999999e-40 4.795081813589999742e-01 4.918070472179999927e-19 3.257970191209999880e-03
1.114995989729999907e-52 2.177703512460000105e-17 6.448031294070000197e-01 2.505948237579999877e-60 5.581535952790000083e-59 2.102370097040000154e-21 3.255017583339999907e-18 3.551968705929999803e-01 3.409279053610000092e-15 4.791639865879999855e-182
6.275985571099999763e-36 2.504146439700000171e-01 7.565127457790000065e-35 4.666396636310000123e-01 6.696998008710000172e-45 1.558116934050000118e-20 2.829456923990000261e-01 1.113777143799999968e-51 7.771155381949999971e-37 5.946616551989999908e-19
1.319598340490000055e-37 5.618949113919999849e-01 2.270052630979999854e-03 9.857363086179999972e-17 4.682908345530000351e-78 4.358350359770000182e-01 1.668828641900000151e-17 9.433154548609999670e-31 8.040158230710000349e-39 7.434870741659999794e-58
6.861062377579999676e-05 4.312814918710000112e-01 7.150295327550000579e-02 1.193556142360000045e-30 5.823309566010000300e-19 4.971469442299999986e-01 3.019079010619999967e-72 7.666981204029999952e-21 4.646305764009999755e-52 2.502575596540000041e-21
4.310797125509999816e-08 7.580863991509999567e-01 1.941075799380000084e-27 2.822835674220000049e-49 2.112489679530000011e-02 3.986840628920000057e-07 9.617180396139999991e-54 2.207882622250000038e-01 2.291478447740000083e-97 3.725289952610000143e-11
1.856866033299999931e-32 2.262032523020000019e-01 2.369739768319999937e-06 4.243592024380000355e-06 1.403219465619999853e-17 3.600339374670000030e-03 7.701897949910000429e-01 3.364670816890000047e-24 7.008781752470000437e-13 2.042748023239999922e-41
2.275971222089999909e-27 1.198096875259999898e-13 5.903972680890000403e-12 6.079459452490000304e-01 6.673491290140000365e-02 1.731232180430000017e-03 3.126628522650000130e-01 3.819478782770000209e-34 1.092505739830000079e-02 5.679062896069999932e-21
3.264213611690000016e-01 4.646297616310000190e-20 1.068696237719999990e-02 8.549283803029999711e-22 2.025887151260000120e-10 5.345951334319999739e-22 2.357146091850000081e-29 5.652077523750000045e-10 6.628916756860000481e-01 7.768071029410000641e-24
4.839692640969999737e-01 1.268204164519999980e-17 1.916328308309999950e-01 2.371444035649999886e-08 2.398501847729999914e-01 3.317010987600000045e-10 3.033089099079999844e-33 2.263443907569999991e-08 2.714563005709999962e-09 8.454767090409999464e-02
2.296599413970000015e-50 1.874815269079999902e-01 1.444256099439999953e-03 5.073500885530000151e-13 7.978334154509999795e-18 1.719522926690000009e-01 6.391219243210000123e-01 2.166116572600000182e-12 2.751449706759999861e-14 1.731453897999999858e-52
2.208545987480000083e-01 1.022149351430000076e-24 2.218165242690000039e-01 6.062287663620000155e-02 3.748286371790000169e-62 4.817005533189999792e-13 8.037659234969999817e-18 2.921526778410000086e-31 4.967060003459999873e-01 3.538710023419999824e-15
8.698170690180000164e-02 1.943267458240000023e-01 4.883404565069999706e-06 1.437359476439999985e-02 3.163022309769999716e-08 4.824479266979999490e-10 1.453845083560000029e-02 1.211058419039999951e-15 6.897745861570000470e-01 1.789114671290000123e-14
7.860260119469999956e-31 2.065688079790000025e-13 5.444576096319999791e-20 1.418023502849999895e-01 3.777010882610000175e-01 1.842401095860000115e-01 2.402801971550000058e-13 6.636634196340000663e-33 9.869807343860000428e-30 2.962564518679999814e-01
8.459089929209999997e-30 1.945501493479999955e-01 6.114881521839999832e-67 4.723973215040000102e-09 5.601933324619999943e-24 1.364802661050000007e-51 3.541280982769999808e-01 9.637352002470000448e-32 7.490561789670000608e-39 4.513217476510000270e-01
7.982486451750000502e-08 3.937069401780000401e-03 2.316459642269999888e-11 5.975304320630000499e-01 1.021868082269999998e-12 2.872298338639999726e-01 1.269778519559999964e-08 1.749425319139999980e-25 2.624383328689999881e-15 1.113025721239999932e-01
8.115832067970000495e-24 5.934643460769999728e-38 1.291484161719999964e-09 2.616605937979999963e-01 8.873513104459999218e-03 7.294594082480000408e-01 9.334797952180000546e-32 4.841763368579999942e-40 1.270978169639999905e-15 6.483558572710000088e-06
3.756157010960000098e-01 1.960847194099999828e-27 2.125440577580000046e-01 9.915142268990000118e-02 1.026580830499999996e-26 1.159085239919999907e-19 2.379686050029999858e-34 1.026422358340000055e-35 3.126888175809999781e-01 8.752925641449999950e-10
6.081163411320000417e-06 8.479718494249999718e-07 1.229877035429999977e-11 7.724916429670000282e-09 5.287721594249999990e-02 4.539488937250000244e-01 3.808882182569999672e-37 1.023004414030000021e-20 4.409790437769999937e-35 4.931669534600000016e-01
1.413854911580000040e-01 4.237222711099999928e-02 4.484794209460000181e-01 4.493020279270000086e-16 3.313520205080000035e-40 4.672361857790000364e-03 7.857994495899999915e-17 3.630904989279999939e-01 2.994945956260000149e-27 1.995341356779999880e-20
4.716878474630000380e-40 1.467912553560000018e-18 4.988760034979999908e-10 4.657141639959999967e-23 1.551548102720000019e-07 3.640461105380000117e-01 1.646301555219999990e-01 4.713235782529999751e-01 3.382167349559999935e-11 1.907065482860000084e-29
8.361501213369999796e-02 6.267634906999999992e-52 7.486063502740000208e-01 5.113861910620000339e-03 9.725705645760000179e-103 8.407935801999999522e-17 1.670063842499999919e-39 6.658590095880000111e-71 1.626647756809999901e-01 3.183972484739999791e-33
1.570747047870000093e-02 1.539118610430000034e-01 1.405015350930000073e-01 6.618469750429999655e-06 2.109215634309999921e-01 7.259468450280000478e-19 2.988600450230000095e-16 5.357863926099999674e-03 1.666511320429999998e-01 3.069419555149999757e-01
1.566906778760000105e-06 1.135611995999999957e-01 1.142232510459999996e-22 1.520308186409999928e-19 5.537053298280000097e-22 4.929242069890000216e-20 5.927988200570000199e-01 2.936384130790000158e-01 2.138222970939999898e-12 3.548932792650000154e-10
2.578233268719999915e-01 2.810371791960000199e-25 2.325571419140000151e-09 1.983022008330000114e-20 1.823889761469999968e-02 1.971639409000000042e-11 8.205160670000000115e-10 2.768868879999999977e-01 4.470508842409999795e-01 1.059435261929999950e-10
4.980995514209999923e-24 1.526616698709999872e-08 2.534841114939999815e-15 9.997328496809999576e-01 1.085659218980000006e-15 2.671350530630000079e-04 1.149913089329999978e-19 5.116924203110000099e-55 1.147086666789999941e-27 2.368438930790000001e-16
1.283235191969999949e-17 5.986638595460000123e-65 6.863050390680000556e-02 2.864459208210000107e-01 2.973470271720000033e-67 3.945913255959999964e-22 1.527157093380000071e-45 1.643039070890000084e-68 6.449235752719999493e-01 1.855761305149999952e-26
2.332753881019999920e-01 1.061229444760000018e-13 7.667246118980000080e-01 4.984537078689999848e-58 8.704680516599999844e-38 3.010916292189999754e-16 4.450855061179999790e-122 6.808612952189999942e-14 2.126315539130000025e-52 2.673434418879999933e-42
1.220679710749999918e-41 1.000000000000000000e+00 9.799798996309999493e-49 1.893533622400000097e-61 3.012315221809999935e-51 3.906765739050000268e-32 3.011810647770000148e-55 1.881282228119999898e-34 4.839938954019999668e-137 1.093299285790000042e-48
3.105119389070000180e-01 2.249153814820000043e-48 3.067773010149999965e-02 1.030662737809999994e-16 3.457870238020000108e-09 1.887636369600000068e-06 3.589852415770000219e-30 6.906918007329999479e-14 6.588084398969999977e-01 8.430204729409999596e-20
4.137952025309999948e-01 1.509275199089999964e-01 9.860430788919999986e-12 4.327935640700000253e-01 5.434174517110000031e-31 2.407357689209999995e-03 8.817341288540000142e-21 3.840439073190000015e-39 2.024337114189999897e-24 7.635579083899999610e-05
1.932174754750000060e-40 1.073300035109999995e-01 5.078475126139999960e-92 1.792130431739999912e-58 3.534962217909999871e-01 1.673561970019999967e-42 1.059768009360000064e-07 5.391736687050000532e-01 1.524624936289999864e-73 1.576778323579999959e-11
7.697213129559999922e-01 9.984908035479999459e-17 1.659202826380000093e-02 3.603064206300000266e-02 1.472017391130000082e-33 1.776560167110000088e-01 6.081418093690000185e-13 2.410376502889999902e-27 5.668370064960000048e-12 1.026976897950000006e-14
1.271185891870000021e-49 4.028919781789999946e-50 1.045232688110000039e-152 3.445498706350000069e-29 2.421616492779999907e-01 1.220228293340000040e-59 7.386078042760000351e-01 1.750120244090000104e-26 1.155165441949999897e-34 1.923054644630000157e-02
9.421078780089999388e-19 4.002745953510000176e-01 5.997253860169999840e-01 3.712003076710000208e-29 1.832323445829999933e-87 2.168239820050000153e-14 4.476558659689999647e-22 1.863200068870000103e-08 4.488057569390000045e-30 1.245602507290000027e-61
4.636935604499999741e-05 1.971344498440000064e-21 4.671763647659999963e-01 1.704181467529999954e-09 1.821959721779999875e-01 5.746142906740000480e-20 3.616205890210000184e-34 7.389411410919999685e-09 1.999396208710000067e-01 1.506416637349999865e-01
7.832698396619999788e-55 3.485259839230000154e-14 5.035451553980000439e-01 6.030573891320000200e-26 1.318209560199999914e-30 5.834247751310000309e-21 3.244558658569999809e-01 4.933433192350000079e-02 1.226646468219999980e-01 7.232929026400000005e-81
1.350171452869999998e-27 1.835035487680000087e-26 2.279508387539999843e-13 1.555918817470000048e-01 1.099154974249999944e-01 3.667064378250000090e-01 1.955065118259999987e-17 1.284467159430000059e-25 5.260921183950000187e-16 3.677861830029999779e-01
2.031588483590000096e-15 1.904584242620000084e-14 4.328596970529999810e-01 2.078202793489999922e-01 4.347080109050000251e-10 5.263281706190000322e-09 7.686722567139999893e-03 3.502023832539999937e-01 1.430910898269999914e-03 1.180303717180000025e-09
3.420571713749999880e-24 1.032721355520000023e-01 7.972204218870000269e-13 2.136256583319999967e-12 2.964270279590000001e-01 2.291763863990000094e-01 3.711244499740000147e-01 4.310246876819999972e-11 7.039342549940000194e-11 4.786639375210000101e-17
3.749243544220000183e-79 1.124310563470000066e-02 2.300029900969999980e-08 1.129527311450000031e-20 2.900532000830000068e-01 9.313792988519999517e-06 6.986938365089999659e-01 5.209808472789999994e-07 5.105232131889999639e-16 2.165779650899999870e-45
8.360941644130000358e-36 9.867685647290000253e-12 5.364729267450000227e-01 5.647304195689999804e-08 2.097976991979999945e-33 6.996117546990000228e-21 3.784898462360000160e-01 2.403717595139999983e-04 8.479679877710000202e-02 6.289988373660000535e-29
9.052777618889999894e-34 8.766112143180000242e-26 3.235293814310000083e-24 2.674824146030000001e-30 1.543217163770000005e-24 3.994010615459999816e-55 6.229220390940000129e-01 3.127235749280000162e-06 3.770748336699999981e-01 9.031271573249999519e-40
4.008579394250000012e-09 1.921895072929999907e-21 4.797173896340000132e-01 1.821759025439999850e-27 3.092745226410000270e-01 8.756185023279999899e-20 1.032505619870000012e-35 9.395277481799999691e-03 2.016128062349999972e-01 1.394541126680000023e-26
2.785294761609999892e-01 1.114052360729999987e-20 9.127928445170000593e-16 2.082442482050000099e-01 2.161711153149999976e-32 5.037088734360000153e-01 1.518635546520000020e-21 1.247754378769999967e-39 2.076254947579999881e-24 9.517402197799999797e-03
7.574916720479999692e-30 7.338493423099999352e-15 2.845370707339999750e-01 1.607328415210000083e-21 2.404142730659999949e-55 9.149416332359999758e-24 3.734163699590000163e-01 2.134193146460000146e-08 3.420465379650000082e-01 8.206744392699999466e-76
9.927631266809999744e-02 3.975229649099999985e-01 5.032007201210000336e-01 9.394029783280000283e-48 6.949205731189999890e-20 1.016268471600000006e-09 2.168951649329999974e-87 1.285166179310000014e-09 1.515816629010000024e-55 1.546815289700000046e-33
1.286034301070000108e-01 6.503713781669999416e-02 3.196865251449999834e-02 3.599967646590000067e-16 1.054168707009999998e-05 1.955285384269999976e-07 8.723945481289999485e-04 1.156402431260000058e-01 6.578674046720000002e-01 2.084514908970000022e-15
6.703683152970000281e-01 1.846492389500000103e-03 3.277851923139999957e-01 7.333015825140000217e-20 6.822258916690000338e-34 1.010354246689999985e-13 3.931551571709999796e-42 2.028607496810000087e-25 3.316015382340000213e-24 1.139920236070000047e-27
2.674849415749999999e-24 1.329292941939999950e-24 1.979094826049999831e-06 5.848202736379999887e-07 8.381542825999999602e-30 5.071356822400000519e-01 7.156505325629999873e-11 1.017633057070000004e-37 4.928617537739999888e-01 4.165944408840000116e-38
4.322555233339999577e-34 2.050116797030000120e-14 3.006049658039999909e-20 3.571890220000000188e-04 6.251674510960000264e-01 3.700809910399999736e-01 4.394368841829999865e-03 4.740337474799999831e-30 1.380816565389999963e-16 1.286442665259999994e-17
2.158837439909999888e-10 1.727674725799999932e-16 2.002557585799999984e-01 1.772130396329999922e-04 1.957376343119999966e-40 2.960339683429999801e-10 5.350806152849999603e-12 3.738126130849999968e-32 7.995670278630000460e-01 7.403161404729999953e-35
4.069024576849999963e-01 2.953831799130000046e-01 9.123613362490000110e-21 1.432877207359999983e-03 2.831735937490000089e-24 4.779859405199999746e-47 2.624234077459999814e-01 3.476180594050000177e-09 5.191550247839999847e-07 3.385755481720000015e-02
2.208857655570000134e-01 1.100185144140000033e-24 2.218279207490000127e-01 6.052606221179999968e-02 4.138343092459999767e-61 1.686621262909999925e-12 1.620955229260000041e-16 3.038221695179999894e-31 4.967602514800000257e-01 1.409659129840000029e-14
6.617939826409999874e-34 5.083879527980000348e-21 1.728786470629999918e-43 1.240419412009999999e-24 4.336170629680000110e-01 1.875977898840000053e-31 1.734570739000000084e-01 3.929256116150000033e-01 1.517326335889999938e-16 2.515178102830000224e-07
3.532535079180000148e-33 1.922493081509999852e-12 1.450380889850000077e-01 2.395005552179999824e-25 3.128565156819999992e-45 1.435818597379999906e-17 2.142819624089999930e-01 4.834933790759999850e-01 1.571865695280000030e-01 7.111076861940000389e-60
6.220074322480000301e-05 1.568379490749999945e-08 3.629335926750000274e-01 5.109714891780000335e-07 4.859938621289999761e-03 6.269201974329999754e-17 1.235889393199999973e-20 3.930167073949999913e-04 1.899980550210000063e-01 4.417526695760000122e-01
7.110214735110000170e-05 7.941254145500000706e-09 3.633461405510000075e-01 1.706680955580000044e-06 2.247721462829999853e-03 1.722140104889999949e-16 4.912110675109999742e-21 1.420134409500000078e-03 1.896606788859999948e-01 4.432525079210000163e-01
1.106174617309999952e-39 3.885095513970000027e-05 4.047458235969999949e-05 3.558483618199999884e-12 2.343201624980000009e-01 2.573150335630000084e-09 5.042466416969999532e-01 2.605538897460000225e-01 7.999779451329999680e-04 3.927234356560000015e-23
5.030684541679999455e-01 3.210528479209999874e-18 5.494075542959999883e-14 6.617493841300000370e-10 2.727704120829999831e-18 4.883096516930000019e-01 8.925223970449999976e-41 1.601649120829999950e-35 2.196582936610000045e-33 8.621893476720000546e-03
5.644768966580000491e-01 2.059654273880000114e-26 3.172427843579999956e-14 3.889664857560000133e-01 3.703536850439999793e-15 4.931232267029999952e-19 2.702097382059999924e-12 1.118781821529999995e-23 5.492604505159999901e-05 4.650169153800000343e-02
3.479748064580000157e-05 3.391523604619999799e-01 3.101830347220000011e-24 3.249334817040000091e-34 2.461394414729999869e-01 3.255523274479999785e-04 2.355012594720000014e-50 5.658980515410000294e-10 1.984338375350000026e-67 4.143478476910000263e-01
3.676932988350000153e-01 9.011652130609999756e-02 2.876091503280000031e-02 1.717565678579999973e-07 5.375840829900000043e-58 1.619927781739999970e-20 5.130518429789999724e-01 5.775669498379999866e-06 3.714744212639999759e-04 1.024526262080000020e-17
3.346454620439999949e-22 5.914891026569999520e-38 2.873139868749999786e-29 2.932621974210000081e-10 2.121141545859999977e-01 6.377480452680000592e-20 6.505728181329999591e-31 1.373266983239999948e-39 1.536126928679999911e-22 7.878858451210000169e-01
1.136344462059999957e-17 2.110766348010000015e-01 2.296148836739999866e-01 2.646261285739999747e-01 6.812590821620000341e-81 1.199965020529999982e-01 1.746858508980000113e-01 5.026662603899999907e-29 7.255950168310000079e-17 8.059961633910000050e-36
1.920773761050000048e-08 6.675588822769999708e-02 3.382563746040000218e-14 1.763573268829999978e-03 1.888266043169999995e-09 3.834262955159999930e-01 5.480542174679999823e-01 3.772481687340000122e-26 4.415766865510000209e-09 7.599143599089999472e-12
9.981447888209999952e-01 3.276828975199999783e-45 1.855211179349999968e-03 7.946487783249999769e-30 1.210047607239999889e-41 2.377945546259999925e-16 3.756350673539999965e-73 1.197872539529999930e-28 1.409091944240000089e-21 6.845726768019999955e-29
2.070403334859999976e-26 8.200469095589999836e-13 3.443352626529999780e-44 2.197110068869999912e-25 4.726922304139999920e-01 6.569203755489999968e-20 2.489482054110000087e-47 3.847054200819999836e-29 1.130956417259999999e-66 5.273077695850000302e-01
3.760192781189999991e-16 2.677758367090000147e-01 4.304922090620000050e-78 4.081920442039999831e-29 3.040025740510000074e-01 1.814447274140000113e-41 2.959043273099999927e-01 2.233108950829999875e-07 1.931784430810000005e-46 1.323170386180000102e-01
3.583692317929999907e-26 2.403925768960000103e-26 1.065561825690000022e-13 1.617650535780000010e-01 1.160973935769999965e-01 3.623928982080000250e-01 3.133531309019999966e-17 6.159576235850000344e-25 5.044087355400000175e-16 3.597446546360000275e-01
6.418854710709999875e-45 9.142397342990000729e-34 2.238323666939999940e-19 8.192605343619999686e-25 6.539688763470000166e-02 6.889098112150000321e-29 2.955980355130000126e-01 5.786333824379999990e-01 6.037169441430000061e-02 3.879980714609999843e-28
1.315725035629999971e-18 4.002745989529999937e-01 5.997253868780000330e-01 1.197514921920000070e-29 1.879245233900000058e-87 5.590058938609999628e-15 9.127894866549999523e-21 1.416859013229999941e-08 7.408019856959999332e-30 2.228199597269999930e-61
5.391989069510000050e-26 2.698648315550000176e-01 4.720737676169999841e-01 4.061470849110000378e-03 6.824861881359999559e-14 1.169381213359999961e-17 2.536356405779999768e-01 2.207576619540000117e-07 3.640686426689999922e-04 1.265981378179999885e-22
3.408569449350000169e-01 3.020973184689999879e-19 3.579282724369999835e-01 8.215020836219999786e-17 1.545695149229999954e-25 3.012147826279999996e-01 1.402703418449999954e-36 3.773377635600000032e-13 2.094519208970000103e-22 2.454996228780000226e-16
4.115055475120000250e-01 2.748762066190000116e-28 1.719718290649999989e-12 1.771654675879999919e-32 1.885679582979999896e-34 3.654055832729999874e-29 1.398912695380000012e-15 5.884768456090000432e-01 1.760687792079999921e-05 1.781715349810000074e-29
3.415659435389999943e-01 4.900105964509999976e-29 3.148827644330000056e-07 6.205153035090000221e-22 6.249390627380000396e-01 1.256168563550000019e-24 1.374567251810000119e-48 8.478001719809999783e-06 1.862638148579999853e-12 3.348620083719999752e-02
3.935158748320000165e-04 2.385761315600000202e-40 3.833383766880000265e-01 3.879445942510000087e-33 4.594374483449999991e-01 8.933432121279999758e-18 1.969577674079999898e-44 1.458362402929999913e-01 1.099441879920000018e-02 9.160323735010000223e-25
3.581888518540000121e-01 2.417414903620000017e-25 1.696139828600000052e-02 2.947881055660000125e-21 3.844601715279999943e-01 5.905046604409999686e-15 6.650903132469999619e-30 1.329476771370000088e-01 1.074419011949999947e-01 2.873527908579999919e-14
1.910591192000000058e-11 3.815830045010000227e-01 5.362089677199999734e-16 7.837470943250000161e-06 1.684036487750000115e-10 2.041761190910000095e-41 6.847263470169999422e-02 3.213448841239999743e-01 4.297272734750000145e-06 2.285873417419999887e-01
2.846155211290000074e-53 7.742772068929999474e-01 1.039877411569999917e-12 3.414328939130000057e-19 1.735243083710000058e-66 2.257227931059999915e-01 1.765686891699999921e-18 2.104221256019999958e-44 1.238973293109999957e-57 3.168649860399999956e-62
3.554861195810000152e-01 2.163025205200000201e-59 1.781593511350000048e-01 2.728562848789999884e-01 1.621576132020000087e-26 5.618032964200000294e-10 1.253821650570000062e-39 2.170662889320000180e-37 1.934982435539999990e-01 2.894709770699999768e-10
8.402570097100000365e-29 1.151403784800000028e-43 2.853329471710000150e-08 1.828967652500000096e-01 3.035482160840000110e-01 5.104744965599999906e-01 6.969736758019999812e-26 2.919159501609999805e-29 4.037502876559999865e-08 3.080453197219999804e-03
9.830177071499999438e-09 7.152314560380000630e-02 1.320461898770000087e-01 1.683165177449999950e-12 5.758720334010000025e-02 5.363866269070000098e-05 3.205550765210000118e-03 3.379644316930000003e-01 3.976198302250000260e-01 1.413218592629999912e-15
3.541154048610000160e-01 3.206156890730000075e-19 1.279957458460000007e-30 2.428897526460000122e-17 7.211850084449999976e-02 6.419267700840000207e-46 2.165752302910000093e-01 3.484451965320000122e-01 8.086885373050000866e-03 6.587820984310000134e-04
8.821766489719999721e-08 4.736837512889999953e-51 4.741482417910000136e-01 2.528351060569999849e-07 4.792642163159999830e-02 1.220455724890000081e-06 2.938652790199999884e-37 3.726815702529999767e-13 2.156430189809999953e-01 2.622807560880000000e-01
9.467671086870000395e-07 2.061266282100000010e-03 4.865993186049999975e-01 7.222761084160000322e-09 1.937427092749999984e-03 1.482333390949999996e-01 2.181760455590000191e-25 1.096577531469999996e-10 5.305565306000000004e-14 3.611676948249999963e-01
3.726409212110000091e-01 7.976207672549999514e-07 1.067244912549999937e-03 4.427612421720000246e-01 4.448808915599999630e-28 1.835297174989999891e-01 3.227010206590000258e-29 1.197006057170000095e-40 7.020579446129999400e-18 7.658488270220000384e-08
5.232614261499999935e-39 1.073100304040000008e-01 2.662721650070000217e-90 3.062854870769999913e-57 3.535076523819999927e-01 2.715102308109999891e-40 1.183885435760000053e-07 5.391821987810000438e-01 2.906388995470000143e-75 4.431814060299999785e-11
4.373398645800000151e-01 1.584194668540000090e-23 5.330897730450000054e-17 1.683573429050000094e-18 8.482552178320000594e-36 1.086989578510000055e-34 1.085134731209999938e-09 5.626535792110000100e-01 2.536768694870000084e-07 6.301446235719999641e-06
2.013932428470000110e-04 7.847510399860000430e-01 1.268459645639999979e-05 4.308065637540000170e-64 9.759993267020000708e-65 2.701969298249999907e-34 1.655941991589999907e-65 2.150348821749999972e-01 3.206537153519999827e-54 4.610117448550000375e-56
1.944165196890000058e-01 1.851864855269999902e-02 2.299425549870000030e-01 1.622278270670000014e-09 9.574319142650000055e-52 8.593907012800000391e-26 6.880201225010000587e-02 3.370421553579999729e-01 1.512781075409999898e-01 1.299560221070000005e-14
1.000000000000000000e+00 3.749426853979999878e-39 1.334474244179999936e-21 7.695944890310000698e-30 1.493586681340000003e-49 3.295216251449999841e-29 1.784201572019999956e-59 7.408818027330000243e-32 1.060631570219999986e-30 2.870990558849999968e-18
1.334199712799999975e-15 1.873516669080000085e-01 1.536156734959999921e-31 3.133461945790000079e-27 8.126483329460000293e-01 1.460481808610000068e-10 4.581555215800000338e-34 2.822454997139999878e-21 3.310407181909999724e-57 4.998009837670000279e-16
2.542814843009999932e-31 2.786063268599999754e-01 2.959551473879999859e-05 1.399354095669999963e-36 1.596876772430000024e-25 2.643490541199999875e-30 5.499190043230000119e-11 7.213640775399999816e-01 3.065149543659999821e-11 5.106919889339999597e-56
1.604238890319999939e-25 7.643478753710000184e-01 4.933108348120000252e-21 2.087634555779999879e-20 4.080311132170000299e-02 1.469358875500000042e-16 5.168663456619999482e-07 1.855536783750000029e-01 5.782424680339999457e-23 9.294818065889999883e-03
7.157677953990000397e-01 1.136054751119999908e-28 1.720684335809999907e-12 2.640813279190000171e-09 1.816887599390000149e-02 1.274782652920000040e-22 2.030374978000000006e-32 1.663481100599999987e-19 6.926366384809999781e-09 2.660633190380000124e-01
2.605621405329999940e-36 1.956634297230000100e-13 7.784407532159999987e-08 6.943393133249999849e-01 6.386161672359999936e-24 3.056606088309999913e-01 2.744666958899999855e-22 6.075071232900000177e-51 3.512825708750000197e-22 4.460583282010000001e-24
6.839741166489999857e-01 7.178370140570000029e-16 1.508840357589999901e-08 4.959331887359999870e-14 1.189586193360000021e-06 2.961178501750000200e-06 1.599488251960000038e-02 1.667427430220000005e-03 2.983594075479999996e-01 1.165943713879999880e-16
3.252362467109999877e-01 1.644914442610000116e-04 1.611588904750000084e-08 2.786824538219999820e-15 1.105483812580000018e-13 1.350123476139999876e-13 1.586537031960000010e-01 1.397079563090000047e-03 5.145484629700000090e-01 1.547591033180000092e-14
4.816447676369999820e-01 1.545111068059999990e-44 2.364011016790000005e-14 3.463176327939999743e-26 5.903048153309999740e-02 3.676134292379999779e-29 5.713598968110000175e-30 3.587919854460000098e-07 4.593243920380000178e-01 6.168807280570000477e-13
1.769348773109999956e-09 4.011947281570000245e-01 9.276068069439999510e-27 5.365381056510000191e-01 2.473013477610000171e-28 9.252101652370000194e-26 3.045641536600000171e-02 6.782583794709999935e-22 2.513676848820000020e-20 3.181074905680000148e-02
4.920734037400000260e-01 1.510889331659999984e-17 1.876175707670000026e-01 1.632922747629999918e-07 2.486074450419999970e-01 3.965874936429999896e-09 3.366768545000000204e-33 1.918401524789999885e-07 1.332315344950000087e-10 7.170122121920000091e-02
1.960862777499999882e-08 1.873877990389999967e-03 1.989783232259999884e-11 5.899601768840000426e-01 6.101476092020000151e-13 2.895205763479999916e-01 3.728070775319999958e-09 7.715823575649999562e-26 5.540246007509999971e-15 1.186453454209999980e-01
1.939697831810000169e-58 1.111518424009999978e-01 3.033880257500000122e-01 1.362946254089999964e-37 8.153151288599999924e-26 2.209165473839999894e-01 3.444500789630000059e-01 2.009350550250000103e-02 3.370905576449999994e-16 1.283445877849999952e-100
7.222096233570000338e-09 4.001369237529999747e-04 3.077584927459999786e-01 3.208572806030000057e-01 2.718014768950000049e-01 9.404904049399999411e-02 1.500058323330000022e-32 3.589277093199999752e-26 1.103556502350000015e-16 5.133565116120000424e-03
1.934938552149999879e-10 1.742005806190000117e-01 1.526564008450000112e-26 2.367091635299999931e-15 3.276919118899999971e-05 7.871537839059999930e-01 2.416247538819999980e-28 1.067955817749999967e-24 4.223430484869999701e-58 3.861286608989999980e-02
4.150545324789999824e-36 1.000000000000000000e+00 1.261297015250000082e-18 1.062768070429999949e-55 3.063075732960000148e-40 1.370850033449999958e-13 3.168717261299999736e-64 1.283300164869999930e-25 1.428564468829999898e-97 3.614670624049999853e-57
5.663283982100000280e-01 1.955974446259999985e-06 9.099622289460000679e-02 8.620636515250000552e-26 1.097980776549999931e-06 2.959213413540000094e-16 2.200604044610000150e-14 4.938066368119999744e-02 2.932916612590000249e-01 5.738826930549999714e-28
3.699408982299999815e-01 5.914497200940000217e-28 2.032044770160000013e-01 1.439369771690000022e-01 2.416336382079999952e-24 2.019685318899999947e-20 3.494059866489999966e-33 8.310005878499999880e-35 2.829176304530000019e-01 1.713220366609999898e-08
1.025767040540000001e-21 1.538258470360000088e-38 1.782140041059999897e-37 2.742760653740000038e-56 6.071757707069999843e-26 3.914783082749999636e-52 8.504356320800000424e-23 1.000000000000000000e+00 6.630777599819999437e-20 1.121183437810000044e-27
3.254275139989999954e-01 4.172277986090000145e-20 1.267343935560000072e-02 1.140530526639999962e-21 8.858607851480000459e-10 5.019552636940000433e-22 5.418570548760000433e-31 2.342482757640000206e-09 6.618990434170000103e-01 2.969967837250000029e-22
6.875724147680000148e-18 4.575995868059999985e-05 1.086205384850000020e-22 1.342914815969999982e-12 1.728918589760000029e-03 5.840099705210000103e-01 4.391661776519999802e-16 6.535936543389999786e-18 9.826506732209999191e-38 4.142153509290000257e-01
2.690358256549999775e-16 6.723076920079999741e-04 1.761318672520000143e-14 1.142779535059999912e-09 6.149645233150000112e-02 3.071805166859999936e-01 6.306507133419999578e-01 8.805325419770000052e-09 1.185253948330000018e-19 3.612286310240000049e-18
2.098281362779999868e-08 1.308486177540000087e-02 1.873083512350000057e-32 3.615285552249999899e-48 7.213171086620000505e-01 3.309396800050000153e-10 1.219935409980000106e-31 2.655980076550000235e-01 2.650004265000000131e-54 5.939199238590000181e-10
4.124642540759999977e-16 4.777624882329999909e-11 2.842509971809999891e-27 2.197020296690000046e-14 1.715807727979999919e-01 7.446877230919999710e-33 7.641461810830000312e-01 5.345355837210000183e-02 1.028107696969999922e-02 5.384107290810000168e-04
8.801077815300000402e-52 1.033207997300000041e-16 1.407219494360000055e-06 1.941964698329999900e-23 9.905024572249999659e-26 4.261639954450000352e-24 2.923860058430000075e-01 3.072859558220000231e-01 4.003266311159999757e-01 2.051875017029999948e-54
7.471487523969999600e-01 2.528512471900000169e-01 4.127477816699999866e-10 9.843197115569999346e-15 4.192413798760000220e-42 6.494841260700000155e-23 2.033657882539999878e-29 1.122640232859999983e-30 1.683367562269999977e-25 1.493117624210000089e-19
3.130719978529999839e-65 8.180046485730000438e-11 1.712286571489999906e-80 2.389850728749999900e-53 6.917887977690000412e-01 1.986979467589999881e-52 1.376115621739999999e-03 3.068350865280000117e-01 1.689678280369999903e-50 1.952888144059999963e-22
2.854458054899999866e-11 3.122349042409999775e-01 6.301259056990000257e-05 8.657182382389999251e-03 1.800590479730000137e-01 3.760277063670000031e-01 4.389815385939999841e-08 4.249651564069999859e-02 1.757213930849999887e-16 8.046158687889999606e-02
5.774783384120000251e-01 7.030793201439999960e-05 5.090302084799999907e-13 9.432654046179999446e-03 6.310436031019999846e-26 4.026950831849999798e-21 4.130069175550000193e-01 4.666864840230000245e-07 2.637465915209999967e-11 1.131534236430000027e-05
2.110278862629999835e-08 1.356842785510000030e-07 4.203205940320000056e-01 6.077173718030000218e-26 3.307055326730000201e-69 2.005692641339999952e-19 4.854966212049999785e-01 2.709249811360000051e-02 6.709012986289999980e-02 1.376695408629999918e-58
9.893329619209999050e-13 2.731461135829999897e-12 1.217158967420000067e-16 2.186752014540000065e-21 6.030910941029999917e-01 1.999528212950000036e-39 4.553871559490000374e-12 1.113912231119999936e-02 3.857697835760000027e-01 1.189481745550000037e-12
