4.524130462180000223e-24 4.397372299659999775e-20 1.295847488730000105e-31 1.982001209029999917e-70 6.246480562629999798e-80 1.853333908139999896e-77 5.373770031109999760e-21 2.176525025249999827e-09 8.655416862810000385e-06 9.999913424070000501e-01
6.697206006949999457e-01 3.625515949229999804e-17 1.239625548599999939e-11 2.249869190060000158e-62 1.685727125109999979e-31 3.302730238459999912e-01 6.212524292240000014e-61 1.515257697699999955e-13 6.375445762060000177e-06 2.168705248579999906e-71
4.589920398180000194e-01 1.788599641280000163e-15 5.758686034819999809e-18 1.283943770129999964e-15 1.218990730120000119e-19 2.426383506629999944e-03 4.674322750889999986e-40 6.727654801039999801e-15 5.385815766749999511e-01 1.201847742949999991e-39
8.370687012789999952e-14 2.205480986099999929e-01 8.499482167920000160e-05 3.259973990460000338e-27 3.544062490969999979e-02 1.271087822849999914e-07 2.990168169579999757e-01 2.090914749699999979e-20 4.441284284950000050e-01 7.809090974760000232e-04
8.095315990610000290e-01 4.128774428879999965e-15 3.887821904459999784e-07 1.441795040709999975e-01 3.130848004450000066e-10 1.999219914849999877e-27 1.371337276539999961e-37 3.340212947029999705e-61 4.628500749170000317e-02 3.500281763830000163e-06
4.119617578449999665e-15 3.568477376589999886e-11 3.818052165930000143e-15 1.475177215750000024e-54 6.598425057829999663e-01 4.136743856479999778e-45 2.446415570010000026e-15 2.017627322439999824e-43 2.519031025610000141e-01 8.825439161980000446e-02
5.168300657639999875e-24 4.865786080699999738e-01 4.545028543399999697e-14 5.007124822470000390e-28 7.012825387800000258e-10 5.581836966280000066e-24 5.133805130409999640e-01 5.378491858720000076e-38 4.352629033239999792e-54 4.087818685109999907e-05
7.456194321610000175e-01 6.174909416450000132e-02 2.491876261149999906e-20 1.926312798020000105e-01 1.680898409900000155e-24 7.140426468949999591e-29 5.286706442070000176e-17 1.660398941430000060e-26 3.553142189629999638e-24 1.938724524110000025e-07
2.054489972149999878e-03 4.882394383609999991e-22 2.625632435959999733e-01 2.457473393640000059e-01 3.021162648960000245e-10 1.246657016509999977e-34 1.299352024589999981e-20 1.616228681990000024e-69 2.335193691269999983e-01 2.561155576379999799e-01
3.024027703989999871e-01 2.824004080340000028e-02 2.938357507720000261e-01 3.086029882159999864e-52 3.262607708970000194e-31 1.567868165220000141e-42 1.691920680329999949e-24 7.769856274289999431e-15 3.748934097410000083e-08 3.755214005360000273e-01
2.399567557709999980e-27 6.754228193680000215e-35 5.788794634739999889e-01 8.752511513650000630e-02 3.332692970639999919e-01 3.261243252749999790e-04 2.461258432629999919e-38 2.129652704120000146e-89 1.076904934669999981e-68 2.003258614240000074e-50
7.664387584849999762e-24 7.457802469699999540e-40 4.715554252360000254e-01 4.724963974499999941e-01 6.543270413809999637e-06 1.035304146339999984e-40 4.739694695840000271e-22 1.962923880410000146e-46 1.660319832709999911e-05 5.592503084500000110e-02
9.999996140619999974e-01 1.250041595710000023e-13 3.859373966090000171e-07 1.192673073119999988e-52 9.737861910700000484e-72 1.308950847780000019e-27 1.198926740179999931e-156 1.099065709920000014e-53 6.502960795269999639e-49 3.031700686970000242e-72
4.258205092640000022e-01 2.115884779969999865e-02 1.709869083069999957e-18 2.715671434639999980e-51 8.159752732470000033e-47 2.507651403469999818e-01 4.076312985519999891e-33 3.022555019540000276e-01 6.356308099720000354e-10 1.340095002220000045e-39
3.401190567099999912e-08 4.401170910550000204e-01 1.165726305240000031e-02 1.655559070550000067e-01 3.826697047240000260e-01 1.010964142330000085e-30 1.167518671920000067e-56 4.490810386940000174e-35 5.139973381310000254e-42 1.015165092939999937e-10
1.666156196860000032e-18 2.568998450430000201e-12 2.633226987759999941e-14 1.974965842099999936e-54 3.278891424579999936e-01 6.477341723449999527e-35 1.411819666209999906e-12 9.573280074070000319e-22 6.587407456680000051e-01 1.337011186930000053e-02
3.950051125770000050e-26 5.490339521639999720e-01 1.602343409540000114e-60 2.816962986399999987e-13 2.146892945940000118e-24 1.984575064180000072e-52 8.852046557370000471e-11 4.291873897090000097e-25 2.554912787730000105e-42 4.509660477479999763e-01
6.932626420669999456e-01 2.996982361139999829e-01 8.003851704210000438e-24 7.295573377910000366e-28 1.093424194410000020e-44 1.745592132490000002e-49 5.287859667970000275e-30 3.723220243960000082e-05 7.476946908480000035e-16 7.001889617240000287e-03
8.227982894530000424e-02 1.402961770180000036e-19 5.989114676969999884e-01 3.188087033579999896e-01 8.434359662709999346e-27 2.175911412300000028e-16 2.702275781599999837e-94 1.244489389580000072e-37 8.295365351899999952e-23 1.254087427220000062e-36
2.174198927590000052e-01 2.549319564570000085e-01 4.794641381260000285e-16 5.828426311479999608e-23 2.430690020860000073e-48 5.276481507839999585e-01 2.385921551609999864e-39 1.208233248409999896e-37 2.772120787599999939e-55 2.362309590749999950e-46
4.942324092520000017e-03 3.225260638740000130e-01 3.041593688899999960e-28 2.940707010519999911e-16 1.143417963730000014e-02 1.465743399799999985e-14 2.872908705959999771e-13 9.182566296090000080e-02 5.692717693519999678e-01 8.252944222309999385e-11
3.221738464510000267e-36 1.575101562150000077e-16 1.083411634820000019e-44 1.902679801569999966e-05 2.588137416230000265e-01 2.503982747899999861e-01 9.437238948560000562e-02 3.963965673040000248e-01 5.744257440270000295e-24 1.771009751890000084e-23
7.971327555489999758e-03 5.467270363820000423e-01 8.396786927429999935e-29 4.438475149810000020e-01 3.547207842969999941e-09 1.587276029880000109e-16 1.454117359860000085e-03 3.779306700129999844e-22 4.692674126540000199e-34 1.750773690329999871e-10
2.545534733559999836e-09 1.571890704179999854e-48 4.747284894670000255e-01 4.715943340900000114e-01 5.927303220429999621e-37 1.574653976579999975e-10 1.595220719010000025e-11 4.665022470009999753e-07 5.367670722179999909e-02 1.572420195200000087e-15
2.365792616439999848e-11 2.859990505110000120e-13 5.240672503819999717e-01 1.129910907640000045e-01 1.975512528230000120e-01 1.017397192589999922e-06 1.115257295990000064e-01 1.826877667890000004e-03 1.626004484440000044e-16 5.203678134329999677e-02
2.949346801659999961e-01 2.072848711439999806e-06 4.574840520729999752e-38 1.767887873240000032e-02 3.059002837790000174e-10 7.561322183640000148e-28 3.090103009749999852e-01 3.329106441570000019e-01 4.375266417189999785e-02 1.710758641989999947e-03
5.873022792569999572e-10 2.772619334559999760e-01 1.112038248769999901e-06 5.546252150270000042e-02 2.507826108910000129e-01 4.126443599180000255e-01 2.385217114159999938e-20 3.844934703429999951e-03 2.526896265479999813e-06 7.092400458279999786e-12
2.400830715519999864e-59 3.894339303230000287e-42 8.020510671230000400e-22 6.985194954749999918e-18 5.959203878530000553e-01 4.040793984359999924e-01 2.137110495149999952e-07 1.799899060239999923e-44 1.410993296200000119e-29 1.163689696490000002e-38
1.490244675859999942e-05 2.632673221600000113e-02 3.623386803850000004e-01 1.869463980990000120e-38 8.629858617579999613e-02 1.421384809200000043e-01 3.080784431649999894e-59 3.828826178559999738e-01 8.637805737689999652e-24 2.991448536190000144e-46
3.937805591529999760e-01 2.897119623819999767e-01 5.983103558100000401e-12 1.635955493409999947e-58 8.855224651019999449e-02 9.084424843539999628e-02 3.472514092210000200e-29 1.370653163280000086e-01 4.566718531809999893e-05 1.856889141039999987e-37
3.893305564420000005e-19 2.090420242520000014e-47 5.976152882109999620e-01 7.685577954290000180e-03 2.688392521389999746e-23 4.156983792149999699e-40 8.629334735409999675e-35 9.488923283789999412e-36 3.946965617409999849e-01 2.572094028860000014e-06
3.578516376009999753e-27 1.606440048719999861e-02 5.237984041459999712e-02 1.890736958579999905e-01 8.360550668149999403e-08 6.127094673020000128e-09 4.046980095969999747e-01 2.326788065339999989e-01 9.658400664669999219e-59 1.051051573759999996e-01
2.181531147970000029e-01 2.542637517090000077e-01 1.892064122209999930e-14 1.750376603910000056e-75 9.204881012120000225e-48 5.275545699729999871e-01 1.742661527969999896e-47 2.856352087629999886e-05 7.918751202360000581e-15 2.431088017119999943e-52
7.535197557179999721e-51 7.184213168490000465e-32 1.072990724690000078e-03 2.447296173779999933e-71 1.114475497079999989e-09 5.584669145750000061e-35 1.175250218999999985e-01 7.847827283339999793e-01 6.849111077519999535e-02 2.812814715189999870e-02
4.687650745909999711e-23 3.011557152300000095e-01 3.650460257059999864e-31 5.241824481420000264e-61 1.027649762280000045e-61 1.293837264200000022e-58 2.195453917699999896e-09 6.237561645400000188e-06 2.598436185710000086e-35 6.988380450129999533e-01
1.000000000000000000e+00 5.595777969780000045e-21 1.283717608679999967e-19 3.800013499950000124e-35 1.633596103230000016e-102 1.897465387980000001e-40 1.764493289879999936e-71 2.462647114810000063e-21 1.039969024179999963e-18 3.694639219219999778e-35
5.536184363489999871e-01 5.010583379820000155e-02 9.222119211970000262e-20 1.877611068740000029e-10 1.380297018210000007e-17 4.700667360809999947e-38 9.209956294239999865e-27 1.011396979599999996e-19 4.567331873249999804e-10 3.962757292090000050e-01
6.618318462389999757e-04 1.488730697669999851e-11 3.430344942880000083e-06 2.803241813840000098e-06 3.778032572560000024e-01 2.387506824490000185e-07 3.994209028709999711e-34 5.148495438960000170e-01 1.066788946490000028e-01 4.798853185899999919e-20
4.911118550769999940e-08 6.830643019009999626e-15 2.335270466079999996e-01 4.423108397889999877e-01 7.006689845220000533e-17 3.241620644920000238e-01 1.656506261939999863e-85 4.258694921440000146e-64 2.254671110770000056e-97 6.263027493949999892e-73
4.900894041989999894e-01 9.316033795350000562e-12 8.077306621680000256e-03 3.812438326650000152e-14 2.515286990779999973e-57 1.839398186030000085e-09 4.591106773729999868e-01 8.913299194909999790e-06 1.600781335050000019e-03 4.111291532329999776e-02
3.890793820260000091e-01 1.904323525069999978e-35 7.584259475479999537e-09 5.599710903440000553e-01 2.259185557790000100e-63 8.310492590570000074e-03 3.232018101219999999e-48 4.263902745519999871e-02 1.346822313799999968e-20 9.718123798159999819e-48
3.114906025370000053e-01 3.954919938300000140e-34 1.604648137359999949e-01 3.536613179300000177e-18 3.322258479469999960e-36 2.136207830300000110e-01 3.350840795380000130e-73 3.130907718240000248e-01 1.333028872830000107e-03 2.697973061519999848e-62
3.757610678680000094e-01 9.235819979280000336e-04 5.866542601580000203e-28 2.460792332310000160e-16 4.105478576820000003e-02 2.256152443680000119e-01 2.025706730309999870e-01 1.540738717100000044e-01 7.752566130159999931e-07 2.003819455540000046e-20
5.540086675559999924e-02 1.903997763649999952e-01 2.583239054950000058e-01 1.943206963720000083e-02 1.043277821839999960e-19 1.972826201570000021e-02 4.567143972800000173e-01 8.356653330989999997e-32 4.904303012459999821e-24 7.224508098709999931e-07
5.980443228239999687e-02 3.308931571100000024e-01 2.568747147630000005e-01 2.469714777470000022e-18 4.373268150590000199e-34 4.019846147810000123e-18 1.628886003649999918e-08 1.934278196770000064e-19 1.337424679919999984e-10 3.524276794219999842e-01
2.563873978329999802e-29 1.405842909630000137e-01 3.241865531820000146e-01 1.524822884280000015e-42 1.878615930699999992e-01 3.472954184309999803e-01 1.742817012290000002e-10 7.214418057450000651e-05 1.088864963439999962e-24 6.326310772550000542e-20
1.589223039859999985e-21 1.221423979369999931e-19 4.165631837300000084e-01 3.003005365959999910e-48 1.159001427000000001e-01 7.217159980900000430e-17 2.732977902549999985e-17 4.596112556559999729e-01 7.925417914140000381e-03 1.461453506089999950e-16
1.928713788449999940e-17 6.351170426299999895e-41 3.332007890970000163e-01 6.664031165610000418e-01 1.061042292199999973e-19 9.123061757879999571e-18 3.960912543569999802e-04 1.132307641049999955e-17 3.108892351520000240e-10 2.777164857400000203e-09
4.023097858210000245e-03 7.984651632729999893e-02 2.774243829360000246e-01 3.393578126690000030e-01 3.246012526559999866e-31 1.290480451419999942e-11 3.505655886660000139e-29 2.988463005270000084e-01 8.341542433739999607e-08 5.018062537330000373e-04
4.296771498129999672e-02 3.311558550459999806e-01 2.711316796830000042e-01 6.376598798029999653e-20 2.147121031209999955e-35 4.866726277389999785e-17 1.458144935129999984e-07 5.344509839080000263e-20 1.390872212719999911e-09 3.547446030840000208e-01
1.023171964449999925e-15 9.640175381259999653e-36 2.505391023100000101e-21 2.145537739789999967e-35 1.731652729220000062e-53 1.763448268160000056e-96 3.749113634420000145e-32 1.969771800340000004e-32 3.736787248189999966e-01 6.263212751810000034e-01
7.688234941919999339e-40 1.332661673279999950e-58 4.891168103530000283e-47 2.079628256659999855e-33 8.094274170389999929e-46 7.666155530469999991e-18 4.966999244840000216e-01 3.579149735440000113e-18 5.033000755159999784e-01 2.251607337490000097e-28
5.249783252220000529e-01 7.734059340439999874e-02 2.157057554990000106e-19 1.036143680190000046e-06 1.600338975910000030e-44 1.152482087459999998e-24 5.461424773349999905e-20 1.420855607880000072e-10 1.013590703030000078e-03 3.966664543849999780e-01
1.300170947310000061e-13 1.309617213360000051e-09 6.809301918750000349e-01 1.145662129330000032e-27 5.178656412869999944e-18 2.202106597760000027e-37 1.513549917080000094e-25 2.468334281179999836e-03 8.269351741990000491e-18 3.166014725340000058e-01
2.038153651670000154e-33 1.870944564580000087e-11 5.041774472179999522e-01 1.830474134400000098e-91 5.270880082679999870e-16 4.923480399260000140e-01 8.427933151040000311e-27 3.474512837539999940e-03 5.987548641960000272e-21 1.139182342209999973e-39
4.344086905979999985e-26 1.195900399409999957e-35 5.218505232920000320e-02 6.615686148909999470e-36 6.418755781410000224e-06 5.805380156459999877e-29 1.370283094290000077e-16 5.865595453669999459e-01 3.612489835459999910e-01 2.064000177629999947e-12
1.500521654430000129e-01 7.865583732929999627e-02 7.373556740349999916e-02 2.726311650789999819e-01 2.519526349209999956e-07 1.672978578909999903e-01 1.390766498089999874e-23 2.576271549019999996e-01 6.423814894699999645e-32 2.076999855589999852e-20
3.009632981299999955e-39 1.055879045710000026e-17 5.014098360779999857e-45 6.447667155199999778e-01 3.552332844800000222e-01 6.755421349089999910e-39 7.064392790359999474e-17 3.279214530880000260e-38 2.551099244339999952e-65 4.373528371429999968e-13
6.165952446679999997e-04 4.117412089799999952e-01 5.852913920090000444e-01 3.400234338420000206e-31 4.902335133690000141e-68 2.350803763129999998e-03 2.428814310659999853e-124 3.042797679279999895e-12 5.004725886460000321e-70 1.207416163670000097e-71
4.629304020320000286e-13 2.204558049789999958e-27 2.000207122990000086e-01 7.308013462070000491e-44 4.039815793950000296e-09 2.299641408919999963e-12 6.751079199289999659e-36 3.788960557180000283e-46 7.999792836579999733e-01 1.109988570960000056e-32
7.257939482470000336e-55 2.188534226460000140e-49 1.650680109779999985e-72 5.723069543759999878e-01 1.976362825900000103e-19 1.093068959270000057e-02 3.584241376639999976e-01 5.833821836769999963e-02 9.723290600510000258e-24 3.211391253100000193e-40
2.860979048360000218e-31 7.789712555569999752e-01 1.292645932269999977e-47 2.439556488329999963e-12 8.991078839819999409e-05 4.886394133399999864e-48 4.239422602749999974e-14 2.000906981279999912e-53 2.987317678609999834e-46 2.209388336520000107e-01
2.361838698029999906e-01 4.610481457409999761e-02 3.319075525990000108e-01 2.306943527020000225e-47 3.203392330710000140e-67 2.151820428129999886e-26 6.506040455149999787e-18 6.113072984859999550e-07 4.353337598220000104e-03 3.814498141179999968e-01
1.254300960780000051e-30 2.905807683090000014e-06 6.815407191140000487e-01 7.716160189619999640e-18 1.218014445030000018e-05 7.605403117080000415e-17 1.228157559140000040e-14 8.173051376819999903e-24 7.515632689170000070e-19 3.184441949340000022e-01
2.348785509509999925e-02 6.406171758960000071e-24 4.770572699569999853e-01 4.813253809820000335e-41 2.358380053629999871e-40 4.994548749100000129e-01 6.410122811239999932e-130 3.695742144940000031e-11 4.741526925850000063e-21 2.726652232650000135e-96
1.659167436329999912e-01 7.096323296830000386e-35 4.391625122740000174e-44 6.578374073410000218e-06 4.111637334889999788e-50 3.439427447469999843e-01 1.628058579689999893e-10 2.303725789210000000e-02 4.670966751899999769e-01 9.366429096040000623e-44
3.881433431729999969e-44 5.753019189879999828e-01 3.246289454519999951e-01 9.693451867019999960e-41 1.000691241170000023e-01 3.206171391900000092e-30 2.995362932139999950e-25 1.191433638389999951e-31 2.674176615810000054e-73 1.144286725049999941e-08
9.206230235140000288e-07 6.983758957459999611e-43 5.575520254670000295e-11 2.045175544830000090e-18 1.565174865729999901e-92 2.448253292829999928e-01 2.090808991220000027e-64 7.551735101869999633e-01 2.398513827129999931e-07 6.434193828189999891e-66
4.079225360590000273e-26 2.098851403089999958e-38 4.092761443780000310e-98 3.929352736889999975e-01 2.066786071959999981e-15 1.425404892890000041e-31 6.070647204300000377e-01 1.703240828289999914e-16 5.881128892159999937e-09 2.851947249129999956e-21
1.037713569510000030e-09 6.294387871369999665e-01 7.190576844330000220e-38 2.607030749360000084e-48 1.897325742620000022e-92 6.687307801079999966e-54 2.115701684509999832e-28 3.705611148949999878e-01 3.655756665259999843e-27 9.693112123629999580e-08
1.692050077650000010e-71 8.675680022649999249e-40 5.264454870290000215e-85 9.219885089840000118e-26 4.387468147189999793e-39 1.650012258090000096e-105 5.897413166880000057e-01 5.153683976030000126e-68 2.379822547290000094e-56 4.102586833119999943e-01
3.750649655939999882e-01 1.326509325650000095e-26 1.487416769449999895e-03 3.128735899239999951e-01 2.568585744359999899e-45 3.105740277119999893e-01 2.303805966670000084e-59 6.295839035719999521e-14 2.864304981239999859e-30 2.617736870489999944e-52
7.330148298930000567e-30 1.089677559550000015e-59 5.009465449090000355e-01 9.039854894250000381e-30 2.472398195390000109e-01 1.143234608210000068e-08 5.406955912840000413e-47 1.956192905919999844e-39 2.518136241200000236e-01 4.322704524750000062e-47
3.492711650320000000e-26 1.464069346880000035e-36 5.788995326870000069e-01 8.738194831749999947e-02 3.333824226359999865e-01 3.360963587850000029e-04 1.107569746450000042e-38 5.745587150370000483e-91 1.698275045440000000e-69 5.244054585169999836e-51
1.505409941809999879e-23 4.590115286979999571e-44 2.985538240189999915e-01 5.928154292109999966e-03 1.699062051229999879e-14 1.493998319230000036e-43 2.098406184809999941e-26 6.792558005709999795e-10 1.320934176559999951e-01 5.634246033540000198e-01
6.625413654220000720e-24 1.348586342730000046e-15 6.008203653379999842e-01 9.663769446910000083e-26 3.991796061919999916e-01 2.846970027239999878e-08 2.435099763329999980e-36 9.538329185359999789e-45 8.575897510080000304e-68 4.256265354540000065e-37
2.371986585149999938e-01 9.127512870329999533e-22 7.788072331809999929e-42 5.183808615110000462e-01 7.249697645950000102e-71 3.623118542219999731e-67 1.702744748180000025e-25 2.924750396210000018e-24 1.391768584080000093e-01 1.052436215650000007e-01
4.390855040089999929e-06 8.092608985930000060e-27 3.442967347739999892e-03 4.601795048189999959e-01 2.280088821659999876e-01 7.507796459980000487e-20 3.080135579989999942e-02 2.319791327439999958e-95 1.971349159499999892e-01 8.042798306189999358e-02
5.002512633359999840e-29 2.368672402529999931e-62 5.782459304539999678e-01 9.196335874529999732e-02 3.297907080090000109e-01 2.792513302319999796e-09 5.290819116140000170e-38 1.652510842099999957e-93 1.851156397709999969e-23 1.891817325409999859e-39
1.334167697309999969e-08 2.416949429370000013e-01 1.911933879799999902e-01 1.324943349180000007e-01 1.242943821039999980e-01 1.399138605369999915e-06 3.082144762460000131e-01 1.565536452159999977e-80 1.086492792579999935e-24 2.107063333409999861e-03
1.036876349040000028e-23 8.723369125170000246e-35 6.004366460029999519e-01 3.719981939909999863e-30 3.988402590669999914e-01 7.230949298740000373e-04 2.813018517940000143e-38 1.410493347810000091e-29 9.406113424910000526e-18 6.775738561850000294e-48
1.410814452839999970e-10 2.050723568560000043e-01 2.337937439809999843e-16 6.841182254809999602e-17 1.495110890819999994e-79 1.018547711519999954e-48 1.367771663569999993e-47 7.949271796250000355e-01 1.339276583530000075e-48 4.633782150089999841e-07
6.196517608839999733e-31 1.410469451639999872e-01 3.240800056879999946e-01 2.624971281439999808e-07 1.876357105149999982e-01 3.472370489719999731e-01 2.716448588759999877e-08 5.191780303219999736e-42 3.442578944070000068e-78 7.236439963709999991e-19
6.697199058580000086e-01 7.811386744640000272e-17 2.439136609619999959e-11 3.384092076760000274e-61 1.501051414349999942e-33 3.302722992680000025e-01 1.097451764730000014e-61 1.454041378909999874e-13 7.794849658329999621e-06 6.285183303220000440e-72
1.594312852620000066e-03 6.992600640420000291e-01 4.730315579440000033e-14 2.989385863010000088e-01 9.871421484659999588e-18 2.498563525920000149e-21 7.685373353699999725e-20 2.095393122799999847e-45 5.934252573550000203e-14 2.070368042970000010e-04
2.181968658769999903e-01 2.542241199429999821e-01 7.640138731990000170e-14 8.423761223739999905e-75 1.346512539439999932e-46 5.275495022699999703e-01 6.755185053439999768e-47 2.951191024879999911e-05 4.772210002499999895e-15 2.167635621580000131e-52
1.079788066669999961e-03 4.597584998270000112e-01 5.869280760540000058e-02 3.684140177310000208e-01 1.402288980640000033e-37 5.061462119099999934e-05 2.157645564930000034e-41 1.120042721489999948e-01 1.430955750989999988e-36 3.792409212999999908e-21
3.434235091130000139e-01 1.637671260020000080e-06 1.123722599040000051e-05 7.231751850919999535e-26 9.454475903860000297e-31 3.285167543899999868e-48 6.091143645390000156e-15 1.638165724169999978e-11 1.546729659559999953e-11 6.565636159579999465e-01
5.667732556080000221e-21 8.324510542309999928e-02 5.471170687859999715e-01 6.143992203369999819e-06 3.237066847630000073e-14 8.076010894530000569e-12 1.030716542209999951e-04 1.448479729970000015e-05 3.213270849470000259e-29 3.695141253390000213e-01
1.345001900920000042e-11 8.624232359410000366e-15 7.574346048910000440e-08 4.640026588470000149e-56 4.285655098230000064e-27 5.214316007610000359e-01 2.432161309760000056e-01 1.085800094440000031e-08 2.353521816489999863e-01 1.035095110529999957e-23
6.834013212220000147e-03 7.979960168449999613e-02 2.756431633490000199e-01 3.387349433419999944e-01 5.948696712009999717e-30 1.005122169699999952e-11 4.313789731150000440e-28 2.981043482380000276e-01 9.225628112449999554e-09 8.839209387239999613e-04
4.615143484090000011e-68 8.413152450550000675e-111 3.863001593949999950e-46 1.048245667770000000e-01 4.457524535269999921e-01 1.632309549319999879e-39 4.494228112870000125e-01 3.247671348210000037e-32 1.684094835120000114e-07 2.095232829250000096e-17
1.720257550640000086e-17 2.909332706060000206e-23 1.879335602509999887e-07 8.600657883800000292e-01 2.046587962889999824e-03 1.378874357229999958e-01 4.485151995599999590e-53 2.108352878750000061e-69 2.394472237680000136e-55 3.620576135000000132e-55
2.616843248120000110e-32 2.159383294350000129e-61 3.986032129040000260e-01 2.086308992839999964e-18 1.998944196230000026e-03 1.234998381910000024e-08 5.711577081989999606e-37 5.216137323570000269e-24 5.993978305499999548e-01 9.134288009750000436e-38
8.991362203319999434e-33 5.076842498979999863e-62 3.992383439309999948e-01 2.907183319140000150e-18 1.110574844780000099e-03 1.439048603739999984e-08 9.498446476520000041e-37 3.907999461349999785e-24 5.996510668340000461e-01 9.287455096710000284e-39
8.415892806870000337e-46 1.184355778890000057e-99 2.527552876380000066e-23 3.823556176610000135e-01 5.645721631010000019e-01 2.343336302679999869e-11 1.359257375240000033e-08 1.327045431550000031e-44 5.307220562210000075e-02 3.886195856870000003e-34
6.599726095239999567e-23 5.420695848629999980e-02 1.232749401719999935e-12 6.218506212300000018e-50 1.606953549419999890e-13 1.937386999169999902e-01 2.006661867540000014e-46 7.520543415949999533e-01 1.381322068219999980e-46 2.218774235579999861e-48
5.113428519659999755e-12 3.428819348120000221e-01 1.103801652740000055e-01 4.454109761260000070e-82 1.421866177509999911e-40 2.096892129329999922e-38 3.579856150639999872e-18 7.076369879359999938e-10 3.053734367090000025e-12 5.467378991979999769e-01
1.394260812360000058e-14 7.874508047159999760e-16 7.929181782179999976e-72 5.318443365589999852e-18 4.320708667260000042e-30 4.808460361509999812e-52 6.670423813169999736e-09 3.998949472789999904e-01 5.998515538359999733e-01 2.534922148900000186e-04
3.559524245480000237e-01 7.405711492060000622e-02 1.935012959200000008e-20 2.235373084060000015e-01 1.232160111579999916e-28 1.567815313479999917e-01 1.896714108900000029e-01 2.728405518489999889e-11 2.114195175860000029e-08 1.887184436109999920e-07
8.361275174539999784e-24 2.103673579060000021e-01 5.253170584850000167e-14 3.029766727710000090e-69 1.342426302359999921e-02 2.845891226569999832e-20 1.620348667179999924e-01 9.491745127490000316e-07 3.351704294810000095e-01 2.790021336969999988e-01
1.726931776599999885e-02 5.452730948660000198e-04 4.465515103449999915e-06 3.266004097379999749e-01 2.234664443449999834e-50 6.337790096419999575e-01 2.729982586790000090e-30 2.180152424380000023e-02 3.959235391550000143e-41 2.942628738460000098e-27
4.152674629759999791e-01 2.546897964490000277e-01 5.127310659110000156e-34 5.651052109580000093e-02 5.467628907860000017e-76 5.600818698149999669e-31 4.000188035640000136e-10 6.292535168689999611e-03 5.979231770380000036e-19 2.672396839100000254e-01
9.563560290510000454e-27 1.829116506719999924e-01 9.702710071810000995e-13 2.140263458900000047e-71 2.783414649819999975e-13 3.957455171779999947e-01 4.303841873989999787e-55 4.213428321489999795e-01 1.770715844300000140e-52 8.302226306630000585e-59
3.827055918660000110e-49 5.345644340399999549e-41 1.556502265250000029e-58 5.099844400169999564e-63 1.673769781089999937e-21 8.030014226990000122e-85 5.230665785530000216e-03 7.580896849029999532e-18 6.970787275900000024e-01 2.976906066239999871e-01
1.633163911029999970e-30 1.089250573359999989e-09 5.281803229380000304e-39 2.348820152250000104e-69 1.303300432850000080e-35 7.381685722390000277e-16 8.430179391269999600e-01 1.569820597830000053e-01 5.255807576889999523e-41 4.275475077160000146e-30
3.013097021290000255e-23 3.774363360150000228e-43 2.972360345719999852e-01 7.917085368930000186e-03 3.475725236279999954e-14 1.116026814640000040e-43 1.287614105240000068e-27 4.899963043129999740e-10 1.318591630779999968e-01 5.629877164900000119e-01
7.229641345710000067e-12 5.840555872750000099e-11 2.113302836010000041e-12 5.285677598370000021e-09 6.946378357300000417e-01 2.432557138859999845e-42 1.488034089969999991e-13 3.323939251779999927e-132 3.664329792190000180e-34 3.053621589159999927e-01
3.729691591850000099e-01 2.466090074680000114e-26 5.028062769070000201e-03 3.129145407350000241e-01 5.037602435620000143e-45 3.090882373109999914e-01 9.844025848720000534e-60 5.511376348290000000e-14 8.449814126840000680e-30 3.687195310779999684e-52
3.082682858729999809e-01 3.486214179980000122e-17 4.766627106029999728e-01 1.742900119689999870e-14 5.422882710010000111e-05 2.140873544050000132e-01 9.274201988610000216e-04 5.385273138179999706e-76 9.350940475809999418e-11 2.197232493879999976e-20
2.656337943980000005e-01 2.472934019220000140e-02 3.017724285939999973e-01 6.371337502130000492e-10 1.362194115199999945e-23 1.113111180289999961e-20 5.352490493259999576e-50 4.078644361780000005e-01 2.386366621799999844e-28 2.175217903990000089e-16
1.159155221720000003e-53 2.024708599389999919e-01 1.687744402050000114e-53 2.127809197639999993e-32 2.680983552239999956e-01 5.294307848110000325e-01 1.400710497170000053e-16 2.652870219230000014e-11 7.820431538419999828e-134 1.406324510519999958e-56
3.675655266870000182e-09 1.981335325229999889e-05 1.439316308189999942e-02 2.128100852399999912e-72 4.920629763880000063e-01 8.532202949440000057e-26 2.223450064259999927e-24 3.919747719409999765e-29 4.935240300779999978e-01 1.342307709310000038e-08
3.775723290479999761e-23 1.971636606390000092e-10 4.008244894949999915e-01 2.428953244610000018e-57 5.991755103079999811e-01 1.230282259820000019e-15 4.377711799279999946e-39 2.820405458390000111e-16 1.887295639499999973e-30 2.811537935530000152e-30
1.102324478399999959e-16 1.736006129629999970e-13 1.058457115040000035e-01 6.147056541849999462e-26 5.151069366989999843e-01 1.149769097800000056e-20 1.211926694059999999e-10 3.790299488259999960e-01 1.567711922649999960e-05 1.725730203669999915e-06
4.706835038539999996e-25 8.950562363089999529e-55 8.919514553919999923e-19 1.452228130689999944e-15 3.101197122250000104e-01 2.611834058410000131e-02 2.460354263740000154e-05 1.160096551830000009e-55 6.637373436479999667e-01 7.967627248489999512e-36
6.755432514229999796e-01 8.249922498050000180e-32 9.336350156550000169e-36 3.244567465920000227e-01 3.818391716060000154e-66 1.119141410980000061e-13 1.713199853319999930e-13 4.691461914999999696e-12 1.980610940599999901e-09 1.350352262250000021e-26
6.049570120379999693e-39 4.132552338559999927e-01 5.867447661439999518e-01 2.279557721499999988e-75 6.559215306089999734e-14 1.725555569210000075e-31 1.254902519119999988e-35 1.822038982599999996e-20 2.237143137250000059e-61 8.960967452360000273e-15
2.436940821770000106e-22 2.257423980920000223e-28 5.183271755649999646e-01 8.893662047389999606e-10 8.747300218379999639e-05 2.925430369499999858e-40 3.429599864870000159e-28 9.587442367160000283e-27 1.429076078970000019e-08 4.815853362529999848e-01
5.611117536949999929e-01 7.580485225179999752e-09 6.781192849419999535e-20 4.275343895939999750e-01 1.421560575889999983e-24 3.010658182830000029e-39 2.027252448179999857e-23 1.524039843269999942e-41 1.713310482179999989e-07 1.135367779960000031e-02
8.790630784660000090e-34 4.024285273609999880e-01 4.063199556630000223e-25 1.012971580839999994e-76 2.917470158300000116e-01 3.899817910630000092e-03 3.019246388990000085e-01 1.622742405040000046e-24 1.370387632220000037e-49 3.093542594929999882e-34
2.113980655499999972e-24 4.708434906989999940e-18 5.978669022210000294e-01 8.896129272260000470e-25 3.940167284209999954e-01 4.279938777369999957e-47 8.556060576880000235e-40 7.384178850259999576e-47 9.184612086059999530e-23 8.116369357890000635e-03
4.975365988769999944e-04 1.440818484769999872e-26 9.924029858820000369e-03 1.372865656289999903e-01 3.694329996599999916e-18 3.501137709570000256e-01 2.879567552899999943e-59 5.029258793379999710e-03 4.971488381629999842e-01 1.057236747150000012e-39
6.367696585079999440e-08 2.044409179709999993e-14 8.630097141030000502e-06 1.236253966219999991e-35 1.118412797890000041e-47 4.928622860690000107e-01 8.187606837840000536e-68 5.071290201560000321e-01 4.700264305050000190e-24 2.564293618429999854e-59
8.874432454750000727e-25 4.841241010879999917e-39 4.265536864990000195e-98 3.929352749619999807e-01 6.515961677380000030e-16 1.295886733839999892e-31 6.070647220020000123e-01 5.190434643039999958e-17 3.036240208059999823e-09 2.296285564850000027e-21
7.899609628119999643e-39 1.453158095590000001e-05 3.569613213370000229e-41 3.399492845430000279e-24 4.022414796239999757e-01 5.973148093100000278e-01 4.563041093310000234e-13 4.291794845269999753e-04 5.825425204209999973e-43 8.465060584380000082e-33
4.399932533250000000e-01 1.806030401750000008e-28 5.018269259859999772e-33 1.586354519559999968e-16 7.445108821000000054e-38 4.227466069949999961e-01 5.169064648960000073e-15 2.671181955070000155e-09 1.372601370079999938e-01 8.125233827459999729e-45
3.267350361370000284e-39 7.009788182850000032e-28 4.456490542539999922e-35 4.204913540429999915e-05 2.008524021410000027e-01 7.991055484729999714e-01 2.499335039139999865e-10 3.665450950790000001e-21 5.478652043009999838e-20 1.066269644010000013e-33
6.444414704290000218e-24 5.788905901380000246e-02 6.873751271889999864e-14 1.588024088570000043e-55 1.773966006320000006e-15 1.899498310259999934e-01 1.448978531460000023e-46 7.521611099599999628e-01 8.046649674589999635e-48 2.906661756659999860e-50
4.993541118280000291e-07 1.830535505759999880e-08 8.828739888380000151e-13 1.159350080469999963e-32 1.515923503049999899e-10 1.634177879459999981e-28 3.769000481029999849e-01 2.432135402349999975e-01 3.646522720690000274e-01 1.523362178050000071e-02
2.306699205420000010e-01 3.914617211969999664e-15 2.590139597830000145e-37 1.243869848549999935e-01 4.625345814860000182e-01 1.281476805419999865e-01 1.544584476050000002e-02 6.761936541840000342e-52 3.881498781460000075e-02 4.874505045690000284e-26
2.436492636350000216e-07 3.552933011080000285e-30 2.441723015790000175e-38 1.369896519269999946e-01 3.110429503700000052e-16 3.589324671260000210e-01 2.154461287560000106e-13 4.206205316529999722e-26 5.040776372969999475e-01 6.284982948249999664e-38
4.052143300619999659e-21 5.917395665869999988e-01 3.766481260989999746e-02 9.296922566699999921e-174 5.413234451240000328e-02 5.243610376079999531e-07 1.043977817010000015e-04 2.763236952370000041e-02 2.887259846240000094e-01 6.834681401540000339e-14
6.439282086699999823e-06 1.856540478680000129e-39 5.915031186960000298e-01 1.157933415829999981e-12 4.370570633390000047e-75 9.399334998430000683e-40 3.736717308750000092e-38 3.152382211589999789e-02 3.769666177259999862e-01 2.178961009879999918e-09
1.357201554080000038e-22 7.790595029389999482e-01 7.743907250949999567e-57 5.586960035839999594e-25 3.349774442080000168e-49 6.365457595659999895e-55 2.701338381179999945e-09 2.967464533780000047e-09 9.666725788460000655e-43 2.209404913920000046e-01
9.450202791249999457e-02 4.077243164070000203e-01 2.952870234099999833e-22 2.839599672059999746e-01 2.525989363609999978e-36 6.924683846340000465e-24 5.464316436729999710e-13 1.457256514200000002e-20 1.403224368089999916e-09 2.138136870710000137e-01
2.857697996139999870e-36 4.831400192379999847e-01 1.357216303219999955e-02 1.909931434359999987e-74 4.988802662349999806e-01 3.598544406440000204e-09 6.996535832370000392e-22 4.407547896010000077e-03 2.312926149669999912e-37 1.715261371369999902e-22
1.807363558220000092e-36 1.043624653699999964e-57 7.335392179739999381e-08 3.048583257819999920e-26 3.864643470629999970e-22 3.915562370660000124e-01 1.903738939619999959e-01 2.359060519049999971e-01 1.821637437130000092e-01 3.181690339320000040e-28
4.860725724709999976e-20 9.854923384569999377e-21 4.167958022309999899e-01 1.058510872789999956e-46 1.159686340239999974e-01 6.272885207520000021e-17 3.575271531259999851e-19 4.599064411489999782e-01 7.329122596919999955e-03 2.920064151069999992e-16
5.158423767140000171e-01 8.609658944980000395e-02 6.984513492020000027e-19 9.204638719979999636e-06 3.394732550680000132e-45 3.031088182100000171e-23 2.658359001450000234e-19 3.807724061789999718e-11 8.317080858299999782e-03 3.897347483010000224e-01
2.998662990049999911e-03 8.465554480949999406e-17 4.006726092820000036e-05 7.032427227659999724e-01 6.520373193060000490e-30 2.937185469829999840e-01 7.501768606080000006e-59 2.392482749670000139e-26 8.530837637569999474e-58 1.551922047859999929e-55
6.619460019779999623e-18 9.612984025589999899e-48 5.996796318479999943e-01 3.405064174629999947e-38 4.234499356899999980e-25 4.248036906489999773e-04 3.075784069390000012e-42 5.954901013329999668e-05 3.998360154510000042e-01 4.538488798990000291e-49
6.368973735980000273e-01 2.659074894910000135e-05 1.793794446879999891e-32 1.596836861220000089e-27 2.071899233469999882e-70 4.150912753000000040e-64 4.517706536319999900e-29 2.735190682590000200e-01 4.386144131769999833e-14 8.955696739419999330e-02
3.890160297310000237e-01 6.821887575380000025e-29 2.999800034360000114e-33 7.165742034690000497e-13 7.386283590359999533e-36 4.346391283039999776e-01 9.956791474530000570e-16 3.177036609590000088e-09 1.763448387869999967e-01 1.266601667990000046e-43
3.410345829869999821e-07 5.915760951730000272e-01 2.677217542150000187e-23 6.291644867540000294e-30 4.527637988890000193e-17 4.084235637890000215e-01 7.851673892900000139e-16 3.637567332110000147e-12 8.936137012669999662e-17 5.340560908040000184e-31
6.534765479359999535e-33 2.439725620760000147e-10 5.041864480740000376e-01 1.003647430819999954e-92 8.398724743959999962e-16 4.923996309659999793e-01 9.461622975639999370e-25 3.413920715429999940e-03 6.863180251650000244e-18 5.145582484659999844e-37
1.692394007440000141e-42 2.211245155999999906e-37 3.888768303419999863e-69 4.054873877579999730e-01 5.944723513399999826e-01 7.060990020819999891e-13 4.026063259550000117e-05 2.689121145780000245e-10 3.268748126619999804e-28 5.763120667889999875e-32
8.937579500100000469e-30 1.408647604859999958e-01 3.241211705279999911e-01 1.683755929440000063e-42 1.877261611190000068e-01 3.472564813780000259e-01 1.071656694100000052e-09 3.142541659130000171e-05 3.375227248090000069e-23 4.930931085969999603e-19
4.425484773469999800e-01 3.835156833699999898e-13 9.338286332769999674e-42 1.023039933789999998e-06 2.953675826139999756e-57 5.659982451669999825e-61 2.415752596790000137e-28 3.430402968610000243e-05 7.643313516339999940e-03 5.497728820670000349e-01
2.730244511410000055e-23 4.863393019219999780e-01 1.774939647959999850e-14 1.128022898340000008e-23 1.677033214190000031e-09 2.330497123089999829e-25 5.129690364660000057e-01 1.451023585820000001e-37 4.351530847580000010e-52 6.916599357319999815e-04
1.218705953640000055e-12 8.190453145120000559e-15 1.910848150669999890e-74 1.825175647020000069e-01 5.420813797230000452e-16 1.357468352159999953e-41 2.874522901150000087e-01 1.706121030340000122e-01 3.101125027600000195e-01 4.930553938740000336e-02
7.297634371649999476e-48 2.382135160040000112e-57 1.096572719969999953e-18 1.420241915430000001e-01 2.461304071300000063e-01 2.427077527469999885e-01 3.691376483580000034e-01 1.129805830349999943e-28 2.206410120379999950e-10 9.501249613170000270e-27
9.830227800129999335e-36 6.525650599449999793e-62 4.351037573549999815e-02 6.002452922409999836e-01 3.562443320229999877e-01 4.567586860019999755e-29 9.981512834060000208e-14 2.138748489009999884e-75 5.854610941189999870e-14 1.458856854879999941e-13
4.551796701399999923e-01 9.679567322509999641e-03 4.724772864039999797e-17 6.122237508249999764e-55 2.534743372870000061e-50 2.430689890409999943e-01 1.020575296269999940e-34 2.920717734959999978e-01 1.661957865519999961e-12 1.631531272489999954e-40
1.754161485019999902e-41 5.347578762890000083e-59 2.633831919989999850e-49 2.498499311209999931e-21 5.033256410869999531e-01 3.751568368590000147e-44 4.966724590839999842e-01 4.947618994119999933e-63 1.899828462419999929e-06 8.429129018609999419e-14
9.526390433979999376e-18 3.686677901269999957e-30 8.969621786650000539e-02 1.193076568420000049e-23 5.143448358559999933e-01 1.874634339779999992e-02 7.330943360019999650e-07 3.755170607700000218e-01 1.694809015160000020e-03 2.357590679629999934e-21
4.114443951600000289e-09 2.690059895560000247e-01 2.772518668389999941e-01 1.753302433480000044e-34 2.721528605890000003e-18 5.874754934359999985e-10 4.537370329959999893e-01 1.384052118220000033e-13 1.259249727079999892e-19 5.105905968700000042e-06
3.237639350990000161e-18 7.197065317409999385e-02 5.468004985959999807e-20 4.735058229779999794e-01 5.733368559410000303e-30 4.545233870650000063e-01 6.499064024870000067e-15 1.367826553690000109e-07 1.265539749170000056e-67 6.689835369410000222e-27
5.911095652580000315e-20 4.920670748819999958e-28 7.840762164819999725e-15 4.124487460300000111e-16 3.325056679280000149e-01 1.368269076939999994e-25 3.368818977010000125e-09 2.510633116710000038e-50 6.674943282699999925e-01 4.336312370269999922e-10
