3.351935117109999709e-27 5.906195272900000077e-16 4.956301224210000294e-33 5.625511886710000503e-23 1.013051240429999958e-38 1.144003855960000054e-33 6.015301130060000112e-01 3.984698869669999755e-01 1.528924697029999902e-43 2.772337489699999892e-11
1.000000000000000000e+00 6.883727716590000378e-32 8.852848956159999735e-31 6.879885819549999929e-80 5.339182667879999893e-24 1.973743274269999931e-47 2.302069841639999979e-118 1.777439704919999929e-53 2.291348619419999948e-41 6.887660398509999754e-61
3.613518289020000163e-01 4.303197991030000003e-01 1.158460336299999937e-49 1.510806652849999984e-71 1.768715555579999970e-25 3.422661544249999925e-30 1.725017822269999981e-46 2.081874208099999957e-01 8.859080839550000000e-65 1.409511848270000043e-04
7.125234792759999369e-11 5.797159202600000210e-07 1.563112332649999959e-04 6.366251747699999797e-19 1.197293201509999916e-50 2.122679628570000004e-50 1.185574742850000057e-01 5.024359877549999798e-01 8.849488129310000741e-25 3.788496469409999845e-01
4.779374135989999939e-01 5.220625860240000193e-01 1.318501874330000007e-16 7.484836059819999473e-61 3.741482685920000029e-25 3.762269460579999761e-10 3.086957624169999889e-46 3.281395114799999690e-27 7.271093659520000289e-27 5.378830824509999845e-35
2.147258079240000062e-01 2.799143082620000041e-16 3.646472353759999875e-23 1.392277937689999912e-01 1.647168003900000011e-01 2.015190960199999867e-08 2.300968244319999967e-01 1.553452966209999953e-01 1.150647735089999971e-11 9.588745670039999780e-02
1.138860490750000017e-42 8.426825935750000274e-27 3.536871367770000140e-16 5.428737596049999503e-01 3.931375771080000222e-17 1.073784660720000057e-11 4.571262403720000034e-01 1.294671202870000052e-11 8.286670769989999839e-14 1.542403590600000069e-19
2.878782564269999900e-01 3.314442027789999967e-01 2.932996477079999886e-01 1.552872793370000047e-08 7.111435889620000106e-05 2.867537772509999961e-18 2.030571713259999949e-04 8.657392171449999896e-02 1.529267631039999992e-04 3.768575495309999966e-04
1.595849792319999905e-01 1.278147596569999977e-06 1.404518275670000064e-03 2.678878770440000156e-12 2.325734347599999949e-20 6.592772428069999959e-26 2.244204155170000103e-01 7.164721857819999705e-17 2.685570468849999837e-01 3.460317619409999934e-01
4.499571295070000088e-01 7.754305879190000195e-02 5.143233902930000116e-14 1.640256577240000109e-10 1.359388337759999919e-02 1.018049877090000004e-04 4.577028517960000098e-01 3.753254392169999928e-08 1.101233842760000097e-03 2.842336332909999711e-14
6.283636600500000324e-52 1.009908082429999993e-42 2.234015909679999970e-20 1.726333827850000108e-29 5.831956317689999918e-43 1.229968007010000012e-26 3.146225585000000018e-44 8.531830200910000235e-124 1.000000000000000000e+00 4.626651621670000209e-49
4.283539950440000046e-41 5.491279906810000444e-01 1.939252795529999943e-16 8.027190032469999611e-39 1.379385333540000112e-72 1.258438070310000070e-23 4.433169275519999730e-01 2.598127018659999921e-48 7.555081740350000005e-03 2.630847992160000147e-11
7.003323145030000418e-01 1.094510405400000025e-01 1.902166044459999983e-01 4.974390048110000083e-70 4.851652294689999938e-27 1.559883141739999969e-14 8.046319194350000122e-59 1.463043237250000043e-62 4.051119422389999773e-08 2.978569948179999823e-72
7.492011077369999938e-01 1.601120706420000111e-51 3.197167220549999855e-02 1.900527354360000130e-11 6.165916523040000169e-19 1.979244579100000062e-88 4.339737037330000165e-33 2.188272200389999866e-01 5.041220101220000282e-46 6.291888962180000063e-32
3.654738761399999957e-16 2.434099561700000039e-02 1.024569182530000039e-01 4.768822886299999807e-33 2.756755009990000156e-27 6.851065147660000410e-01 1.880955713649999916e-01 1.088122957630000056e-14 2.397499172730000107e-22 1.134992239759999958e-65
2.373212791329999960e-01 2.005253871660000171e-24 1.573707619549999953e-35 1.408817387599999873e-04 1.882887651869999956e-01 1.645643192319999966e-18 7.048589948560000365e-04 2.171139037239999958e-01 5.996198413299999665e-20 3.564303112219999736e-01
2.225520312900000068e-41 9.654322449760000370e-07 8.731205162430000594e-12 2.149267572499999936e-34 4.953107832729999911e-44 2.062650014069999877e-09 3.547186881909999978e-01 6.452803443050000309e-01 1.601210081799999970e-53 8.611134871809999886e-60
3.789058487570000078e-01 3.661642277810000075e-05 1.257159360500000045e-01 2.407391134840000125e-15 3.474875864770000100e-01 1.478391429839999993e-01 1.486923004219999994e-05 1.111164499860000061e-11 6.708279085970000095e-11 7.230907148750000510e-46
1.271518644179999921e-02 6.936237224789999489e-01 1.919569177509999891e-01 6.108234658050000106e-67 1.987956872379999989e-32 1.017041705820000003e-01 5.636440888620000018e-52 5.683972385630000151e-64 2.746738384110000097e-09 4.361739653249999671e-71
6.782488896579999538e-02 6.995663286470000209e-19 5.859463374679999559e-01 1.381936140709999997e-11 3.446275860579999795e-01 7.441833108310000167e-07 2.644685462510000175e-56 4.558307863799999656e-27 1.600443311270000014e-03 2.189528205850000140e-20
8.282320337350000672e-02 2.501381516980000219e-01 3.123917755470000032e-58 3.362769218089999971e-57 5.730430776969999531e-07 1.700372770559999938e-04 9.528202734010000481e-37 6.668680346090000155e-01 2.569178693140000014e-55 2.369562992179999937e-18
2.192115667319999903e-17 2.741020373140000176e-23 5.598333059779999944e-15 2.698492612860000084e-01 3.455136931370000192e-02 4.631088541160000016e-01 2.980298506910000165e-14 2.324905152829999933e-01 3.362096910849999900e-23 8.809764229849999978e-14
1.763060684680000091e-29 4.623937157980000345e-30 3.446382838699999911e-14 7.663628741400000007e-04 7.433973246149999659e-01 2.551673210050000098e-02 3.750340542639999949e-19 3.431775084329999962e-36 2.303195804100000021e-01 3.516266799630000178e-32
1.075071702660000042e-31 8.950241103480000016e-02 4.567280757970000057e-24 7.761137375099999969e-33 3.306739142009999930e-35 2.110670782409999977e-17 1.855009038510000088e-13 1.372340635610000078e-41 6.945598902859999590e-01 2.159376986790000064e-01
8.333270007740000524e-32 4.542311645549999940e-38 7.529186260289999729e-29 1.647152494100000142e-02 1.272959403280000124e-01 1.658946703660000022e-01 2.018342868939999961e-15 2.080595496610000179e-43 6.903378643649999979e-01 6.187132903500000077e-28
1.097284546650000026e-03 1.594676675880000016e-25 2.151459943399999850e-33 2.242236945900000241e-19 5.324377581560000294e-01 3.115406511380000157e-42 2.769284179809999932e-20 4.664649572960000157e-01 6.997153316729999660e-37 1.115937649409999943e-12
1.640673808579999970e-07 4.715334299330000220e-05 6.132233556989999945e-01 4.698537740350000459e-19 1.618926560109999974e-25 1.940308459880000105e-15 1.258487551039999945e-08 3.867293143059999938e-01 9.575709858609999500e-25 5.029368521560000234e-15
2.206080587979999919e-25 1.206003733950000054e-08 1.057720349079999955e-01 2.388186241309999958e-01 2.282576552959999972e-29 2.080401226410000075e-03 1.730912619670000041e-01 1.725952780779999875e-13 2.825301004110000180e-01 1.977075652949999984e-01
5.983165793539999555e-01 3.432555927139999990e-12 2.491275822070000010e-06 6.322961383279999681e-27 5.600393722070000531e-04 4.011208899950000073e-01 3.475091618370000003e-23 2.280936717080000056e-17 1.574354624339999938e-21 1.393228478179999930e-80
6.402542466259999454e-01 1.103575768439999964e-27 9.749194212829999527e-29 1.512048098200000081e-32 3.597457531100000105e-01 3.523894431169999938e-13 3.756103622019999726e-45 2.642981773369999817e-10 1.158884959399999966e-50 2.097938030009999913e-72
6.569035130159999957e-40 7.685860445600000146e-01 5.771464266500000081e-23 1.856121379919999960e-45 9.251740993529999934e-90 4.427637851609999937e-25 2.275591698770000060e-01 5.510630970959999652e-55 3.854785548500000089e-03 1.401568916849999935e-11
1.226738429180000008e-91 3.687809711499999959e-47 3.658824844790000306e-21 4.287654429969999792e-01 4.612679613250000294e-37 1.272909327549999991e-25 5.712345556540000535e-01 2.424227966300000024e-42 1.349741470990000019e-09 1.834608611709999894e-29
7.184181256460000498e-01 6.139034564510000185e-38 2.813802582869999735e-01 4.080516436829999773e-22 2.076284811350000153e-24 6.335207201480000328e-62 5.250533842780000054e-42 2.016160676370000069e-04 2.466780225479999824e-53 1.092807186169999991e-52
1.498092305760000131e-01 4.037924175110000013e-22 1.715093753609999870e-04 2.155550757980000121e-01 4.148357298450000080e-07 5.488500310349999957e-35 5.337964318450000301e-01 1.006673375680000038e-01 1.340654018300000060e-12 5.804001536910000439e-14
3.596460457039999899e-20 2.071479753109999857e-48 2.658237831459999822e-13 4.280812267599999887e-01 1.849555590520000151e-17 1.706339139980000077e-69 5.717398882469999499e-01 1.788849921160000074e-04 1.225134820510000031e-28 2.151482244000000129e-23
4.779374137340000051e-01 5.220625862490000380e-01 1.686449120380000155e-11 4.638061398630000320e-56 1.093536688029999969e-25 5.711926687680000079e-27 1.582492741140000099e-39 2.974745698449999808e-23 1.942154831379999908e-25 1.845771521270000042e-34
1.398508569169999893e-13 5.191219614259999782e-01 5.824864355469999755e-41 4.409390917590000327e-49 1.596408855810000060e-16 5.931459250349999796e-02 1.590746309289999945e-18 4.215634460700000141e-01 3.119994938549999992e-53 1.797478641310000169e-33
2.673771510489999873e-12 5.188736145610000072e-01 3.935932888910000230e-40 2.383570873000000189e-50 2.089631723950000168e-18 5.964503624390000286e-02 9.246011463679999326e-18 4.214813491919999766e-01 6.740495606290000311e-53 8.079357384110000463e-32
2.917708593199999806e-13 1.464347797679999970e-12 2.028322771999999941e-01 1.575880855870000037e-36 1.311652939870000055e-11 2.201962741909999910e-01 3.470326545939999761e-58 4.629316004529999894e-63 5.769714485939999582e-01 5.768342123769999871e-57
2.035698947550000093e-15 1.237852591989999960e-15 2.281097079770000036e-01 1.424132855159999933e-01 2.200340330490000212e-19 1.859391790750000031e-30 4.534389049899999696e-08 2.562269107369999947e-14 1.679385203679999994e-01 4.615384407940000266e-01
4.728488114149999846e-08 4.604593248339999834e-01 5.527125795100000101e-14 8.040706125920000571e-26 1.328113231690000100e-04 6.484056683979999530e-07 1.767907730050000056e-33 1.718783263809999872e-27 5.344252959899999933e-01 4.981872161910000200e-03
7.019990325480000015e-01 6.391215685059999617e-03 2.369478672539999942e-01 1.803746389809999976e-41 3.475960136129999967e-20 1.743500323580000028e-17 3.038082352539999881e-34 1.594360444570000052e-47 5.466188451339999699e-02 3.361202609520000006e-37
7.815345498490000616e-14 6.512063670729999474e-64 7.168511008479999705e-67 3.566120274049999846e-33 1.000000000000000000e+00 1.418928523919999968e-32 1.228501554060000058e-107 4.391712171820000280e-40 4.656331106469999937e-42 1.496022315399999959e-32
6.130857775580000230e-22 7.223216549620000446e-53 2.254655737330000001e-07 5.613570239670000461e-01 4.068033826199999969e-23 2.081922886609999982e-59 6.277168227199999609e-29 2.155768272400000122e-43 4.386427310739999808e-01 1.949402445239999944e-08
3.160497005850000209e-06 1.260969378450000125e-41 5.341866237290000541e-01 4.658096936730000137e-01 1.509803326130000062e-24 7.127069885079999495e-83 4.125041676359999917e-08 9.282146925939999889e-20 7.609850950109999753e-08 4.047520554499999757e-07
1.608689279139999967e-04 2.804387414619999927e-39 6.328752219409999880e-01 3.669636037139999973e-01 2.839932610389999773e-22 1.547491108359999980e-60 5.786456395630000205e-11 1.483173642869999895e-17 3.053530653010000058e-07 6.182941597500000101e-12
4.588850309809999750e-01 7.037524465889999359e-02 2.996158903390000089e-14 1.541124732829999919e-10 6.859221002259999894e-03 5.520091193580000527e-04 4.623831122989999765e-01 1.754384383580000101e-08 9.453642391600000422e-04 2.229681870080000115e-12
5.038915442979999870e-58 3.349099130050000063e-15 1.031575910460000047e-25 1.460318317020000095e-18 1.276531980300000035e-41 9.781865392709999962e-28 4.199509681510000050e-04 3.298498295149999833e-44 7.185222659019999680e-01 2.810577831300000162e-01
3.625842824829999773e-47 7.329010944920000270e-01 2.498022727379999863e-01 1.128033470360000041e-54 7.495482895619999581e-106 2.206459952189999875e-27 1.727620274740000045e-02 2.043002267150000167e-05 2.932444390889999992e-59 9.324319162129999982e-60
1.277733436919999982e-05 7.885172255070000340e-21 4.221310724969999928e-01 8.836690364200000536e-02 3.384624043449999798e-23 9.142350988949999840e-60 2.848921195790000138e-01 4.734356151039999933e-02 4.435953188500000087e-12 1.572535654330000088e-01
2.626921568750000048e-10 1.278417466829999960e-01 1.448359066969999972e-39 4.596035582670000309e-24 5.297291492319999796e-13 3.289019237690000250e-08 4.312823516509999844e-01 6.832624373890000546e-02 5.099544437529999957e-23 3.725496247739999989e-01
5.268469807259999884e-41 1.304415778630000030e-45 3.276578070249999981e-30 3.848452908469999883e-07 1.391862234510000073e-44 6.110778719499999365e-64 3.792589968719999865e-14 2.359688495280000131e-01 3.953892259949999940e-51 7.640307656270000081e-01
1.210895045189999963e-01 4.230224937680000102e-02 4.928120809629999988e-01 3.959210148319999895e-23 3.240161293030000010e-24 8.392407792149999754e-22 1.085041420960000011e-12 3.437961651370000093e-01 1.155513276020000046e-23 3.356273466260000138e-12
9.808818890770000520e-02 3.103444703999999807e-09 2.526416780599999756e-04 6.330752323739999819e-10 2.022853119799999932e-02 1.603082298289999991e-04 3.418322397979999816e-01 1.528124657629999901e-19 5.394380864519999763e-01 2.692154006650000083e-34
2.953021924879999927e-01 6.369061130809999664e-31 4.292837673539999788e-01 1.136249871699999969e-01 1.740292599830000027e-24 6.180391116389999910e-52 2.651298527349999938e-08 2.013378653880000125e-20 1.617888340939999947e-01 1.923801538510000048e-07
3.184028034140000130e-01 6.741640045390000346e-08 4.327769930399999954e-20 8.075807811289999515e-08 1.202800222189999990e-01 8.422418789310000051e-16 4.825920539069999959e-01 4.620129100950000360e-09 6.380043403600000435e-05 7.866116723159999324e-02
3.473452269019999955e-12 1.446737075240000017e-04 5.325477705519999962e-04 1.200906635319999952e-20 1.701110108080000009e-04 7.983478214960000319e-01 7.258746894390000299e-22 2.113280058970000115e-31 2.008048460119999934e-01 2.829688138399999985e-42
4.543945815900000039e-37 1.885313289810000094e-25 3.715175907559999654e-30 2.179585255840000013e-01 8.469972628160000235e-04 7.811626086959999604e-01 7.354552744260000321e-07 5.720928379669999733e-20 1.386827213020000075e-07 3.099431884319999944e-05
4.939450036240000103e-14 2.670556322530000100e-12 9.999999999969999553e-01 5.319948829049999868e-80 3.926872193250000070e-53 5.219596918180000322e-28 1.198679057089999978e-55 4.059725802219999870e-56 3.727141474380000222e-29 3.047216075420000230e-119
1.443213458629999946e-01 3.510240760630000123e-01 1.096786945590000063e-30 8.725556805179999608e-44 7.900671522139999911e-35 4.012309053969999873e-35 1.106709808860000011e-17 2.950637503409999897e-06 8.171157326820000131e-33 5.046516274360000054e-01
1.071157388090000049e-31 4.890877536669999831e-02 1.492227583550000125e-01 1.566705762039999892e-05 3.301476089760000137e-21 5.863096581340000377e-03 1.397268699149999960e-01 1.972348582660000127e-01 1.297339217449999998e-12 4.590279744569999987e-01
2.112001888919999928e-17 8.389417247150000272e-18 3.010138753480000040e-01 3.098056791069999963e-07 1.196534105570000081e-12 1.542976462969999907e-01 1.899221035549999992e-02 5.256959581929999681e-01 1.094232426230000018e-26 4.237733791020000190e-52
1.893524589570000083e-01 1.631454374940000018e-30 4.943431552149999963e-01 3.097273462080000206e-01 1.985224799099999863e-23 3.655222019859999821e-62 8.123338427149999753e-07 2.554187468140000071e-19 4.669459979329999844e-03 1.906767307829999956e-03
3.767060480049999813e-25 2.155048848299999931e-01 4.462232444720000135e-01 2.496404452090000199e-31 1.168821582670000017e-71 3.049319180799999786e-16 3.382709667609999915e-01 1.323849083989999989e-33 9.039378457990000360e-07 1.021042273599999981e-26
7.003211709750000180e-01 1.096291251130000061e-01 1.900494480840000111e-01 6.682489935140000047e-68 6.850798883650000420e-29 2.245283222360000052e-10 2.714435192299999873e-56 1.405159077229999928e-63 2.556039380970000199e-07 1.555534953190000064e-71
3.501804245699999818e-01 1.386910797859999935e-18 1.727215926349999874e-41 9.793809921169999300e-38 1.907106155219999988e-01 1.349548462000000017e-29 2.200292984579999993e-77 2.201001171750000077e-21 7.153676951230000447e-26 4.591089599079999917e-01
1.643842283819999914e-40 3.065769265899999773e-54 4.855442818669999938e-01 5.011760285769999851e-02 4.046652560849999651e-28 1.593724246109999957e-22 4.643380970750000114e-01 1.906138054279999925e-39 1.819937186960000156e-08 2.631008122070000165e-91
1.208374551969999960e-01 4.181018949470000079e-02 4.932121683999999839e-01 4.155762916240000181e-24 8.394132085919999656e-25 4.293382235739999788e-42 1.085888927250000030e-10 3.441401862299999781e-01 9.114684851200000585e-24 5.690156550270000500e-10
7.241604083579999820e-40 2.622101085529999931e-35 2.420153308200000077e-93 9.637525827699999312e-16 3.249501624300000224e-01 1.591161345509999922e-10 4.317165121879999890e-28 2.317922747470000100e-01 2.439664547669999890e-55 4.432575626629999821e-01
6.133994769140000390e-07 8.371217101959999875e-05 3.889832234489999929e-01 9.224187978990000016e-25 9.216247296160000394e-14 1.607186644429999926e-09 1.687165868669999954e-09 6.109324476859999686e-01 1.651677114079999914e-32 6.021995831670000015e-62
8.569814368889999410e-101 9.379040441079999380e-58 5.553266301499999830e-70 2.955398199450000041e-01 1.335741144470000027e-36 2.055838132350000049e-36 5.218737101420000135e-01 1.959872324090000109e-07 7.805472385170000160e-50 1.825862739259999923e-01
1.757439297180000010e-13 5.809615343799999776e-01 1.556810119949999910e-08 6.772560632960000125e-48 1.018216966519999950e-19 1.281707667299999964e-02 3.473583392999999823e-54 7.004525222369999694e-59 4.062213733789999948e-01 6.490989754720000220e-34
3.110289398659999982e-01 3.661087332260000160e-01 4.164436009069999962e-11 8.061699620020000034e-22 3.717199030480000203e-27 5.020609896749999730e-15 4.689014987939999806e-08 9.418849320129999859e-23 2.042307466280000039e-01 1.186315333480000012e-01
3.092820333480000136e-52 1.928825428899999868e-42 2.831903712979999962e-21 2.705512570640000073e-29 1.178247403870000068e-43 1.000981218770000037e-25 5.351568454610000267e-43 7.599321467669999454e-124 1.000000000000000000e+00 1.058756768500000000e-49
2.257457820049999891e-25 3.649385746280000009e-01 2.538308792229999888e-42 4.018459608569999665e-34 7.258833042119999707e-28 2.072806968859999913e-06 6.350590220220000415e-01 4.020398661699999837e-20 2.425278332039999964e-15 3.305430489090000109e-07
6.589387649000000360e-37 7.787321604110000207e-39 1.122747686329999924e-22 8.614013250210000099e-13 6.463649431210000389e-13 4.379152307040000136e-01 1.761558403089999853e-24 5.726193280039999751e-67 5.620847692939999751e-01 8.614809948099999749e-58
3.270462821919999902e-14 4.782942809240000037e-01 2.823982308249999908e-16 1.271243834849999984e-26 9.007346687550000113e-23 5.609480914580000277e-25 2.846782466609999891e-05 7.551338523560000016e-02 1.101181504690000002e-23 4.461638660159999992e-01
1.243488842620000022e-30 7.268775329249999924e-31 8.256545200129999981e-28 8.652698736760000422e-09 3.720036787550000102e-19 1.774337653769999974e-16 6.713165496350000349e-23 4.552915487140000255e-46 4.666175187289999804e-01 5.333824726189999588e-01
3.230713227089999769e-35 5.156175300710000298e-02 2.537875145199999986e-24 4.579093172910000130e-45 1.550524175360000068e-51 3.960602530269999866e-01 3.583167345860000192e-23 1.684864663410000041e-61 5.523779939170000430e-01 4.831385326629999991e-11
2.156664203529999871e-26 8.435871965010000407e-12 1.312741302509999874e-01 2.329341277260000009e-01 1.260944291999999998e-27 1.721070378359999961e-04 1.620334737470000008e-01 3.697747966530000297e-14 2.635503256260000038e-01 2.100358356039999930e-01
4.090104072819999992e-01 1.974119225750000085e-22 2.660048727790000067e-02 2.606387298499999962e-08 3.171453311329999851e-16 6.747211434130000009e-39 2.195465336980000126e-10 4.978932864289999583e-25 5.643890791569999843e-01 2.636230319399999915e-14
2.797322964869999817e-12 2.524846742189999858e-03 4.871120921729999997e-01 2.070929154169999884e-20 2.536668448510000057e-15 1.485110271879999983e-10 3.607627864799999862e-01 1.496002744540000096e-01 2.948695440879999976e-26 5.126256005330000188e-48
3.181039170319999897e-62 4.288859178439999662e-53 3.474353827750000234e-01 1.378734397519999939e-02 2.317140243250000160e-47 1.819601249389999990e-31 3.045787280350000065e-14 1.994193876819999896e-63 6.387772732499999995e-01 2.104453088450000077e-45
1.000000000000000000e+00 3.815870685679999814e-29 2.232022094329999973e-29 1.468997479679999860e-79 4.576202774050000137e-23 1.301137485309999944e-45 1.086253396080000046e-117 1.672472259939999944e-52 2.891058031010000158e-40 3.819418422629999803e-61
5.991111195210000450e-08 3.957345749800000298e-05 6.132275309200000413e-01 9.772529790689999911e-21 9.449748975309999778e-26 4.054471389119999788e-17 2.830395871699999751e-10 3.867328354289999992e-01 1.751051422630000058e-25 9.546555763410000588e-17
7.183806033249999778e-01 2.397443747670000064e-37 2.812515646559999860e-01 2.711072592440000174e-21 3.048411434800000134e-24 5.777682233830000199e-61 1.304692191879999904e-40 3.678320191949999846e-04 1.903110564629999971e-52 4.614896385900000451e-53
2.606207367770000150e-15 2.182298505820000167e-30 9.999999318629999578e-01 6.778142628000000214e-08 3.228940231070000207e-19 1.067150391370000075e-48 3.504202639819999947e-10 3.816766664840000128e-18 5.469252434350000240e-12 3.679648265859999939e-21
9.407671455740000254e-04 2.351386373759999895e-19 4.013093875880000103e-18 5.203207635919999963e-02 3.292587176360000090e-01 3.957009030669999763e-30 5.399103017680000338e-01 1.302925801669999977e-10 7.110009207869999676e-04 7.714713604100000011e-02
3.341864389049999753e-45 7.866633390119999475e-17 5.082281783490000260e-01 1.352834146880000010e-27 1.184843644019999976e-82 4.049441489309999948e-54 4.917718216349999949e-01 5.057423036670000474e-41 1.637364284819999856e-11 2.226214748029999970e-35
2.812227758509999731e-01 2.338401048700000054e-13 4.886040612149999962e-02 2.823463064960000102e-01 8.268474648319999402e-09 2.890733045139999853e-23 3.248932341949999736e-17 8.517591605080000131e-04 4.159335161519999981e-07 3.867183281689999808e-01
7.492177516500000135e-47 7.325871713460000434e-01 2.482880667200000058e-01 1.750282100439999907e-54 2.628852142170000005e-105 2.642413097099999898e-27 1.911052931029999860e-02 1.423262362210000011e-05 1.502428783550000087e-59 2.254418154980000181e-59
2.754541979759999896e-70 1.016363437529999956e-32 5.008492333099999667e-68 3.244911100469999895e-04 1.286808585449999942e-15 1.781243645760000006e-03 3.958879251390000076e-01 1.037105741569999992e-20 8.062023747890000159e-19 6.020063401049999818e-01
3.822319659660000267e-51 4.292754589509999996e-01 1.088517187599999959e-11 1.642524522520000128e-17 1.075129513029999950e-34 3.921838276579999727e-01 3.015442982840000046e-03 2.710535001179999913e-28 6.806062689689999778e-02 1.074646435010000040e-01
6.859861912410000596e-11 6.341384767850000159e-01 1.171283601810000028e-24 2.930225766099999835e-36 4.247326850330000332e-43 7.308059889759999773e-29 1.783962998309999941e-08 3.576976507839999725e-17 1.713112947730000045e-16 3.658615053070000123e-01
1.321634211540000045e-10 6.341384747230000007e-01 3.050605326159999923e-24 8.709750337629999591e-37 5.050718960039999915e-43 1.176505693889999974e-27 2.149635007770000162e-08 5.901645572980000385e-17 2.816075541570000156e-16 3.658615036489999972e-01
1.195615676069999971e-32 3.738821145130000270e-32 4.086670534760000267e-29 8.430298734779999306e-09 1.190848497949999881e-19 2.557998838509999882e-16 6.840794195629999542e-23 1.103239677090000000e-48 4.666175188650000250e-01 5.333824727039999658e-01
1.309057829880000065e-02 1.481851545110000029e-25 5.050636462969999574e-01 8.650847805039999861e-04 2.923877906849999819e-01 1.413787980399999949e-13 1.245192535790000023e-09 1.885928986929999995e-01 3.064988008300000045e-24 3.905751454969999991e-49
2.452142558089999980e-01 1.001100359349999959e-16 4.529943110790000255e-02 2.126812484140000112e-02 3.649060931409999683e-08 2.192466909710000056e-23 5.125406728460000227e-01 1.756774789030000061e-01 2.188348790579999909e-12 1.825947860689999935e-25
1.314666732850000019e-01 6.341550348410000121e-03 1.308982170400000057e-76 3.387562360609999716e-54 6.867485499720000185e-03 9.328201974470000284e-12 4.185720955089999934e-36 6.818059230690000083e-01 3.953572592059999962e-51 1.735183677880000053e-01
2.737118073739999870e-19 3.529876180500000071e-01 1.917105940529999913e-03 1.166725238279999982e-10 9.138938622710000517e-19 1.608907996139999907e-01 1.499178382700000035e-15 3.344003106569999884e-01 9.420161566560000180e-15 1.498041656209999906e-01
8.399295859280000651e-03 3.097459584779999984e-37 7.032415973000000108e-20 4.340142128600000260e-01 1.123528439769999976e-09 3.134240807419999837e-35 1.790194011759999940e-05 5.575227880530000402e-01 1.757165710319999922e-22 4.580016433460000030e-05
1.131267149519999999e-10 1.301974158809999948e-19 6.458546315659999815e-01 4.312036210170000301e-09 4.571068239810000054e-04 5.045771390260000142e-08 7.554944784519999246e-37 8.838226409070000302e-32 3.536882067270000207e-01 1.190138844650000076e-16
1.368755124340000060e-06 1.066078665099999940e-13 6.100917791779999488e-01 7.585563570939999771e-11 7.813076263030000075e-20 9.920688968390000488e-57 4.074097342620000171e-08 3.896474152120000256e-01 1.239867724749999933e-18 2.593960373249999782e-04
5.989709771130000138e-02 3.589934557860000069e-21 5.252681987120000340e-01 3.352099353029999998e-11 1.287175090440000058e-01 2.325740053689999897e-04 2.576056321960000025e-15 2.858846204930000079e-01 4.291902853399999867e-33 1.083959452400000064e-79
5.731264484120000392e-12 7.771867815569999541e-15 3.766989116480000090e-63 3.198748482059999815e-28 6.880195942329999921e-14 6.790208055579999622e-26 2.175868374030000079e-11 4.718147830880000115e-01 2.970477990589999909e-41 5.281852168849999751e-01
2.258019659970000030e-58 7.880533602040000156e-85 4.467615364080000070e-69 7.664896646800000157e-01 3.264619888929999828e-18 6.391016589799999857e-73 1.270310908260000052e-13 3.015704352709999789e-03 6.419604898429999884e-55 2.304946309670000137e-01
1.330562897820000086e-25 3.649403233310000161e-01 1.151432904559999942e-42 3.786130143059999947e-34 7.714143882329999650e-27 4.308829394080000194e-07 6.350592038029999609e-01 2.528004028579999860e-20 1.378243192200000048e-15 4.198320381699999914e-08
1.686541200179999932e-31 4.232913624719999758e-30 2.144072972750000125e-40 3.573683515819999768e-01 4.248367723700000068e-07 5.827736350429999490e-01 2.060075385510000069e-10 1.625586844650000005e-26 1.638941638750000091e-04 5.969369416800000133e-02
2.231036476510000059e-14 5.810234491710000171e-01 5.593954718040000127e-09 5.560530739990000483e-48 2.866030908520000203e-19 1.270285286970000010e-02 2.147712270510000173e-53 8.756776697640000007e-58 4.062736923649999943e-01 1.706883227699999907e-34
3.254707356450000089e-01 5.417445721230000394e-29 6.262050743879999823e-24 6.180026315479999956e-24 4.299069973440000029e-04 6.157805322570000198e-22 3.434976332909999690e-70 1.274260966989999928e-52 6.740993573369999936e-01 2.063081349839999865e-11
5.677895958450000060e-06 4.708478476340000052e-01 2.288923640549999916e-01 1.335592243500000096e-28 6.030535395549999939e-11 3.002541056599999925e-01 4.694922434059999755e-09 4.312422156440000164e-14 3.701513560580000313e-18 1.605961978259999908e-79
2.188445984449999874e-21 5.146327022449999740e-33 2.297072051509999879e-01 4.166795191700000123e-01 1.231871255630000023e-01 2.304261501160000114e-01 2.002053408750000081e-22 5.262221110740000183e-16 1.690226965400000017e-15 2.248786225859999888e-61
4.328148143539999881e-01 4.997348076420000042e-11 1.434306207620000033e-30 4.510217661859999708e-05 2.755358598210000051e-02 8.763908519330000646e-02 1.538459330699999961e-01 1.658476260800000046e-01 2.768290648219999961e-14 1.322538530940000068e-01
2.358362115869999942e-01 1.267394427590000011e-20 2.329635142459999999e-03 1.684839670570000003e-01 1.034305281559999984e-01 1.115294025189999921e-11 2.382799449459999941e-01 4.419680937969999671e-15 2.516397131009999732e-01 1.200962862850000055e-28
1.688052070030000018e-01 3.428406552709999909e-09 1.691800365840000064e-11 1.997572409690000149e-05 2.270012976399999882e-01 8.324009143420000476e-13 5.639620676409999867e-01 3.058282048820000120e-09 4.021144540990000127e-02 7.830586434490000279e-11
5.831149442000000027e-08 2.369326506349999917e-01 1.124421652909999986e-32 3.223906184370000088e-35 4.018349853099999792e-19 6.020644673239999465e-04 3.035703252569999895e-37 1.495447589610000051e-22 5.274858798149999798e-14 7.624652265860000222e-01
9.243673798050000556e-02 2.643761957419999975e-01 8.975598387410000005e-14 4.226484355850000148e-24 2.474163481849999957e-01 2.242230678009999891e-08 4.235672753659999660e-40 2.141149631819999888e-24 1.504207051679999907e-01 2.453499905029999928e-01
2.106587764950000085e-22 1.959733295789999823e-27 5.795862257820000307e-01 1.245105335269999933e-07 7.469748451299999797e-21 1.309514772009999942e-07 4.204135187070000002e-01 1.056502320250000043e-26 4.924312303329999977e-11 4.450702944559999534e-81
1.795966442470000061e-03 9.538818446139999199e-03 1.179783852499999929e-11 2.474820348339999959e-17 3.378624450750000199e-11 3.290432916969999733e-01 4.785671235110000032e-01 1.409587759520000023e-20 1.810547998579999929e-01 4.963389184999999729e-13
1.319725254379999938e-11 6.039357645170000399e-01 1.140300436379999943e-11 2.995230417659999982e-17 1.868993976230000135e-18 1.643012136049999882e-17 7.588868687640000412e-04 2.201507264439999945e-01 2.177850611320000033e-16 1.751546221459999997e-01
2.783009809759999948e-18 1.472161396699999915e-57 1.620481293419999978e-15 9.995715792199999505e-01 4.284207800599999869e-04 1.212001088769999971e-17 1.202649387869999976e-28 1.262478946840000067e-18 5.754816705830000336e-18 6.773776491900000020e-40
2.049211217460000128e-12 6.273009389879999342e-02 6.059803563310000394e-07 2.672020133439999868e-27 1.646814046410000064e-31 5.714133564009999944e-01 3.553182385890000239e-01 6.575782834709999855e-35 1.053770512940000077e-02 2.016759661319999952e-37
5.709122778680000287e-01 4.263623491060000159e-01 9.588442561679999252e-21 2.415682430480000051e-36 1.797895428809999895e-16 8.171133140709999407e-15 9.711530427160000382e-25 3.840081752519999912e-13 3.722507505010000073e-19 2.725373026119999945e-03
3.887686973000000212e-01 2.746585463369999894e-25 6.112313026150000272e-01 5.362012986920000041e-17 1.729195116139999921e-18 4.468153258289999726e-47 6.035677615110000118e-26 8.417732671410000284e-11 2.903493282610000218e-26 9.669974675750000543e-27
1.160255234570000066e-39 1.680122334570000099e-35 6.443671667849999730e-93 1.058375008580000045e-15 3.249501359459999739e-01 3.322175039329999968e-10 7.274374730590000100e-28 2.317923050950000119e-01 1.862479611589999901e-55 4.432575586260000255e-01
9.756013368380000694e-15 1.306300334759999970e-28 1.019752596599999965e-12 2.686104519789999853e-02 6.968190116479999448e-05 6.304429782029999929e-01 4.610755530159999789e-23 3.426262946970000112e-01 5.889147665509999518e-29 6.761901733489999335e-30
5.323892158490000082e-01 5.353002963140000153e-02 2.370389806210000011e-27 3.812911009300000121e-35 1.138188862230000015e-01 5.695651389230000263e-07 6.400441459749999995e-58 2.114342991160000103e-16 6.808983394300000170e-15 3.002612987320000260e-01
1.476432450850000133e-01 3.846348508969999912e-07 2.662359755600000044e-01 9.783406938839999369e-07 6.451726258189999609e-07 4.135690572410000154e-01 1.663706381189999860e-26 1.290334332130000095e-01 1.728927759680000035e-12 4.351628074959999759e-02
2.448702495069999863e-07 3.617753692400000102e-05 3.890100533859999765e-01 5.422799523370000208e-25 5.576055116279999771e-14 1.962249982370000084e-08 2.159786897489999854e-11 6.109535045620000382e-01 3.345249477510000207e-31 1.876963216770000017e-60
1.136080935300000025e-02 1.416316017309999973e-32 3.137656963890000009e-24 2.986816550629999845e-01 1.271294911560000018e-01 2.936224732850000129e-56 1.108756437189999944e-01 1.758821017290000122e-01 6.907679860429999390e-17 2.760702989800000173e-01
2.057518363339999878e-01 5.861459745320000047e-07 3.106568915109999759e-16 5.018294699510000040e-19 2.311475490159999868e-01 2.170468063609999887e-01 5.773781836980000363e-45 1.228185131320000013e-17 5.697485318800000168e-09 3.460532164460000115e-01
3.506709086320000113e-01 5.694035686249999922e-18 5.099936213670000139e-49 7.409609944780000219e-41 1.901245732569999958e-01 5.468532849130000062e-11 7.908161055140000488e-88 7.219773551890000527e-26 6.057592103409999952e-26 4.592045180570000218e-01
4.193113230869999764e-01 3.704494406609999927e-36 5.241395608120000331e-05 4.743958287580000155e-01 4.481806325279999729e-09 7.684872167059999656e-32 7.295116792410000126e-08 1.062403567659999937e-01 2.896020591820000073e-24 4.969724645100000143e-36
2.907166875429999980e-07 4.379456038719999889e-01 8.560995939680000275e-08 6.562987781960000080e-26 1.341239400510000057e-33 6.624716726440000176e-42 3.674666417959999987e-02 1.871615986379999984e-26 5.235721114400000431e-01 1.735244181340000027e-03
6.859904958610000048e-19 3.859294023450000286e-21 3.960222667130000040e-01 9.227118681229999986e-09 5.122968357889999656e-13 1.341339341060000004e-19 4.247956591180000047e-02 5.614981581469999927e-01 4.306063212019999768e-29 1.391649712999999987e-58
1.174900726790000026e-21 2.823808950960000064e-01 1.943047235439999965e-01 7.097914844089999818e-29 2.175592457559999974e-49 3.990035512189999747e-30 2.463834877819999838e-02 4.986760325819999951e-01 6.199488004579999829e-31 5.019481801339999896e-16
2.578430607759999929e-13 4.119034911719999892e-40 3.248661724119999983e-01 4.814253478459999958e-01 2.784106941459999892e-14 4.965998297489999677e-30 1.937084741760000117e-01 5.565460672639999676e-09 6.912683870110000109e-18 6.678161816889999700e-48
5.649989967929999734e-16 2.188942079220000022e-15 2.278370218159999905e-01 1.425619157169999984e-01 3.609722573440000002e-20 1.203116017560000005e-28 3.962795283489999591e-06 1.172195802989999968e-13 1.682123937599999952e-01 4.613847059110000037e-01
4.642147506300000059e-01 6.557125435089999899e-02 2.705482072160000118e-15 7.461928038510000019e-12 2.708413734730000157e-03 7.138538417199999852e-04 4.652069886719999992e-01 1.173558071839999904e-09 1.584737590410000094e-03 5.369089296950000231e-15
1.210310767640000035e-01 4.218946519280000057e-02 4.929041607760000221e-01 4.915248652950000230e-24 3.665848489289999768e-26 1.530700618080000029e-20 1.176176496310000058e-11 3.438752970539999954e-01 1.080943457339999932e-23 2.015820749300000014e-10
5.972212981880000417e-08 4.917489701809999860e-10 2.087466134130000137e-03 1.181814598049999981e-24 2.431032730269999942e-01 7.094275774220000323e-03 1.875254618310000065e-44 5.362043800960000193e-39 7.477149248509999957e-01 8.900892301899999520e-28
5.205588543360000209e-01 7.419939444520000012e-20 1.003289655450000000e-10 6.239608792850000137e-21 5.145057895649999939e-23 2.577086721309999857e-47 7.801605993929999662e-20 1.493012141939999901e-40 4.794411425110000069e-01 3.052104697640000034e-09
5.789386341899999816e-02 3.785700588979999948e-01 1.366910793789999955e-10 8.570497546139999440e-17 4.302766763870000122e-01 1.389371315750000041e-06 1.468417254589999979e-03 1.317895945339999930e-01 9.414379805790000302e-17 2.034044296259999985e-24
4.947736442869999918e-01 1.368744437620000053e-43 1.873053671120000015e-44 4.917346245210000333e-38 5.052262889569999471e-01 3.043272038950000108e-38 1.282736163009999915e-155 1.681975775439999914e-60 1.350105529710000077e-14 6.675642388800000497e-08
4.629664600360000049e-01 6.947467792330000437e-48 4.528041755380000088e-01 1.054190054560000082e-02 1.179016298120000054e-07 8.019669522700000601e-58 1.023829105870000021e-26 7.368734597909999684e-02 4.002969173570000321e-30 2.185133458429999969e-26
2.943633654330000127e-01 2.714343625429999852e-30 4.303637661620000054e-01 1.154356240139999962e-01 3.213722390159999971e-25 8.472919287289999637e-52 2.997126361430000279e-08 1.239140115299999948e-21 1.598371826099999893e-01 3.180970125879999720e-08
3.095319777400000193e-38 9.258154449219999357e-19 3.191119351539999960e-50 3.332726347109999791e-10 3.936648522260000014e-07 6.083234197579999725e-01 1.395908964840000038e-10 2.514377155240000161e-01 1.034532675180000088e-31 1.402384705799999964e-01
1.575216699890000010e-04 2.459525727100000093e-38 6.328774584830000327e-01 3.669650179739999962e-01 7.003950909019999619e-22 2.471134465040000202e-59 2.655839014230000143e-11 1.334956185529999939e-17 1.843128370329999984e-09 3.132478586679999854e-12
1.940489916940000075e-11 4.521562370280000076e-01 6.399718109479999867e-43 1.184354830979999921e-36 2.008172356080000044e-09 5.918307608459999762e-05 1.896948150319999800e-12 5.477845777869999599e-01 1.005775278080000045e-36 7.949795974349999871e-11
1.413963659289999925e-53 8.103615048290000460e-58 9.253314117460000398e-11 7.902066795259999887e-01 3.417353974529999740e-21 7.376197313239999572e-23 1.029751337220000085e-09 2.658797034230000208e-47 2.097933193519999906e-01 4.550050927419999928e-38
4.613644252510000070e-10 1.814785180009999908e-11 1.874783704860000091e-66 1.173345841780000004e-34 3.243967818960000193e-02 6.383073347469999809e-16 1.243744385899999939e-24 6.745428827280000039e-01 1.428218032309999961e-43 2.930174386020000243e-01
9.308234327049999428e-41 1.110985250140000057e-23 2.080615050560000116e-05 3.454349908220000209e-01 1.340185357360000011e-37 6.745909956370000316e-20 1.368306884940000134e-01 5.587800584239999696e-27 2.291380625860000020e-01 2.885754519479999947e-01
2.511821629029999976e-70 2.870220790479999784e-01 5.405310913689999865e-26 1.723167447599999948e-27 7.499738326559999712e-58 7.146899093730000284e-03 1.046712313359999952e-01 9.202062810439999874e-43 4.067941321660000220e-01 1.943656583560000040e-01
5.391613056799999804e-01 3.762910329180000026e-08 3.277790560519999816e-03 2.594034570740000112e-36 1.002597584490000057e-30 2.756936046069999969e-50 6.482888038550000637e-27 4.575608661300000213e-01 5.144265186790000064e-45 5.477482488269999785e-27
8.006021325660000181e-41 7.721847907709999648e-72 3.091064172929999974e-85 4.737110219339999984e-01 7.305900896780000153e-02 5.018096847010000066e-20 1.557686395420000061e-26 5.978148532220000246e-22 2.306392167450000024e-29 4.532299690980000073e-01
1.347753395119999987e-20 6.538533776280000146e-42 1.349516115390000025e-33 5.975360833760000323e-02 4.853459995619999745e-01 5.445736074419999709e-12 6.900148325820000038e-24 1.632021785900000005e-41 4.549003920929999834e-01 1.732611065249999946e-12
1.978012649000000155e-09 3.064368769869999930e-04 4.144852073349999953e-06 4.031139923229999922e-01 1.143262405840000039e-04 2.355639524589999978e-01 2.343243434639999956e-01 1.264839584580000065e-01 8.876376952159999612e-05 7.957846882119999406e-08
7.175810793689999355e-43 1.417235015910000007e-01 4.661521605100000243e-01 3.529179641959999795e-06 4.087991068839999738e-23 6.270185727280000454e-02 1.078311871740000039e-01 2.321560350750000032e-13 2.215869559910000064e-01 8.082814595950000217e-07
2.528056734549999807e-04 2.394766334660000107e-01 1.284737632130000056e-15 1.266879637040000006e-24 2.846985536230000034e-30 2.496132103600000143e-32 4.057679960650000320e-03 1.438517993900000069e-01 1.602212586009999951e-22 6.123610815109999939e-01
