1.270457954650000025e-44 2.022279796859999951e-04 1.280411072700000019e-59 4.238701185760000043e-22 2.571735032300000146e-04 2.018417003659999960e-23 3.549905916900000236e-01 6.445500068270000327e-01 2.191137155439999980e-73 3.051958419260000111e-53
6.899609029479999619e-11 3.619493761740000259e-02 5.853086761460000176e-01 3.828705009999999761e-16 3.784951988220000008e-01 1.187346135840000043e-06 3.787031257679999722e-45 5.559935126559999726e-59 5.919154355119999873e-25 1.601765067009999960e-43
1.132717478829999982e-23 2.477583309660000152e-06 5.008333459319999964e-09 1.981773008230000111e-04 3.853668478150000243e-01 6.144324922920000320e-01 1.139603063809999962e-27 1.070979667689999898e-53 3.786412875569999853e-14 2.532262689349999932e-31
1.002409603289999981e-52 1.373965780520000081e-04 2.991197836490000001e-20 4.539282233770000063e-01 3.817820388509999829e-01 2.534306884330000120e-17 1.278716172200000112e-01 3.519923648630000182e-12 3.628072397120000320e-02 9.143552237840000288e-21
4.626222637850000123e-08 1.886139640089999954e-20 4.444572718540000245e-01 4.475634755819999808e-24 5.122726315439999614e-04 5.550301401760000530e-01 4.747770937139999796e-37 2.048920535590000071e-22 2.690764005270000127e-07 1.484628391280000095e-20
1.343584077450000051e-21 2.940866893769999730e-04 1.008963541660000043e-08 5.856234940479999596e-01 2.846478957540000161e-43 2.643698923500000242e-01 6.131955110950000383e-15 1.044566530339999938e-01 3.228703387260000191e-12 4.525586378609999794e-02
1.671361191900000023e-20 4.418321556650000037e-01 1.147957802040000019e-09 4.633244702189999627e-03 1.267975592609999973e-22 7.420838416400000202e-22 4.416141052420000102e-01 1.976319112810000150e-06 1.119185169230000054e-01 2.605401768740000118e-13
4.196428380419999741e-11 5.847819043659999855e-03 5.105264278829999558e-01 2.796893515710000000e-01 2.037626788659999966e-01 3.010673177590000271e-11 6.919463369300000223e-19 4.320964902499999750e-59 1.737225634499999969e-04 4.081143143699999884e-18
6.807667777340000356e-08 9.764832780190000134e-09 1.787858337539999935e-13 1.022608490479999912e-15 1.684979768359999922e-02 5.133737389769999686e-12 1.981819749459999963e-09 2.569695922040000080e-01 6.852537786289999872e-28 7.261805302830000031e-01
1.765003797540000042e-27 1.000000000000000000e+00 1.228160477490000071e-19 7.052099899779999914e-34 6.507741976089999407e-39 1.464357519249999928e-18 8.566428378989999988e-59 3.437455237159999998e-26 6.952542448380000378e-79 3.709213823199999947e-59
1.337631507829999922e-16 1.042112326749999982e-14 4.331062898560000263e-01 2.071496336689999931e-09 5.268874052359999753e-70 1.490455751730000083e-37 1.121090167559999935e-46 4.135947776040000050e-45 4.354977501790000245e-07 5.668932725749999957e-01
1.326530712680000008e-21 5.487080356719999802e-02 3.409175831099999776e-01 3.355014467329999750e-01 2.861219209320000001e-27 3.223593387289999841e-03 4.703621932290000020e-21 1.541255291719999912e-07 8.140029248510000018e-07 2.654856050730000083e-01
1.272745648080000039e-06 5.622292492310000146e-05 7.979604703210000372e-01 8.002438104279999598e-31 2.019819554710000076e-01 7.853679444909999630e-08 4.230841915930000339e-52 1.149484808969999964e-42 1.298304362309999997e-32 1.688867875059999870e-48
2.259145788059999937e-01 2.963898094639999969e-47 3.462197269910000201e-09 1.578783470419999998e-88 7.740854177320000140e-01 2.166373278519999879e-31 3.201820637409999962e-49 1.566976774499999975e-13 5.160608027230000107e-20 3.407572124079999809e-32
6.049527747599999688e-19 4.328504287090000228e-33 4.877176259860000211e-06 5.495784248899999898e-13 2.461429315619999994e-84 6.604426125279999615e-01 3.059212407420000231e-38 1.335464670469999981e-20 3.395384594290000169e-01 1.405086603060000027e-05
4.857301881570000139e-13 3.301364808350000235e-01 2.583049806010000222e-28 1.054807890510000012e-01 2.126021977960000000e-15 4.613860005519999777e-05 6.162142372559999831e-02 4.953751782529999814e-01 5.537945978260000219e-49 7.339989535320000022e-03
2.515500810670000241e-41 4.368299162439999716e-12 9.026672833060000150e-22 1.436365025280000038e-08 4.066297344600000059e-05 5.612176430130000337e-01 3.054324940179999892e-01 1.685793633970000065e-09 1.333091839409999979e-01 4.752226368680000013e-46
7.552249400239999799e-01 2.074928180370000097e-01 3.743967430700000007e-16 3.270790519470000106e-29 3.587485508919999741e-05 3.724636226539999873e-02 1.309617373200000039e-21 4.818449413369999680e-09 3.922225303510000147e-60 3.047409830819999931e-41
1.011864063579999970e-13 1.350227868030000013e-56 6.841560789270000331e-01 7.583282181439999580e-53 1.546751006259999906e-56 3.158438392640000036e-01 2.427603020829999845e-94 1.665163422679999934e-19 8.180953568299999770e-08 7.066368559830000536e-21
7.704079718309999632e-07 3.571786506099999855e-21 2.936969913390000131e-01 2.899213824779999962e-30 2.961698070509999892e-01 1.004795097539999960e-20 1.470114650999999966e-27 3.722974409079999983e-26 4.101324312019999918e-01 9.052251315059999227e-31
1.220700052980000091e-49 6.499199710820000031e-02 2.520391005290000172e-37 1.889932246370000166e-02 1.018237379739999944e-07 9.161085786039999679e-01 2.947863866060000125e-14 1.099447016019999945e-50 4.252029595500000300e-45 1.802081628449999912e-71
3.832134427219999889e-03 7.945251003340000113e-35 5.485108217409999823e-17 1.561839731420000016e-19 2.728622894239999749e-04 2.289537343899999966e-02 1.936748217639999992e-01 4.102814662429999926e-01 3.690433418360000162e-01 1.675341432419999949e-12
6.713699060079999503e-01 4.714255154499999910e-17 1.037912860509999971e-16 2.782400890569999841e-02 7.258307934379999943e-22 6.659092780579999700e-12 2.892239626270000086e-01 2.847018724180000201e-28 1.054860212159999900e-09 1.158212139770000045e-02
4.313918154220000023e-01 2.787771174220000092e-01 7.934162256429999636e-15 1.098765523339999954e-10 6.229908638330000279e-05 1.126734088589999918e-33 8.509377786109999653e-11 7.119014555890000372e-19 5.070715455370000226e-35 2.897687678740000217e-01
5.849758580920000339e-01 1.381817327119999952e-02 4.421502768169999836e-16 3.735017795759999968e-11 2.483225283580000023e-51 3.977192054199999634e-18 1.394553955450000012e-15 2.605634142220000227e-01 1.359017394669999978e-43 1.406425543779999954e-01
2.725201948200000198e-07 1.151183686739999934e-01 1.014935303819999984e-21 3.411051679780000012e-01 5.236100529589999830e-01 1.385720133830000017e-07 2.016599929649999859e-02 1.293855171150000064e-43 1.300669429259999972e-36 1.704174354389999993e-19
4.099909951180000239e-20 1.374272004739999920e-21 7.690900044760000387e-02 1.262771848189999989e-31 1.113119407169999991e-01 3.384377501050000320e-02 1.706628525040000103e-31 5.431198714720000381e-09 7.779352783940000071e-01 1.809613536769999937e-33
1.877835168520000171e-68 3.467664617649999959e-34 3.018343959440000131e-43 7.039466916480000003e-02 1.912333398839999975e-53 7.611540018349999801e-50 1.146287519099999964e-02 5.264199880980000096e-18 6.668913768769999528e-01 2.512510787680000135e-01
1.125671674539999969e-10 2.216164483420000053e-01 4.462562595499999785e-01 7.059284029450000394e-23 1.118344352820000068e-19 3.321272919959999959e-01 2.030980920420000018e-56 1.876478583479999868e-40 2.435552983519999795e-35 4.787171881379999830e-54
3.093114441949999812e-06 4.212772243019999863e-01 2.210879564450000112e-01 2.106836635820000105e-22 3.924631987389999982e-06 3.576278015070000205e-01 3.439831348669999832e-43 1.508227805189999997e-39 5.381514330020000329e-30 1.742701518309999845e-52
7.773615735870000122e-18 2.772710345339999827e-01 2.762178869740000153e-01 7.057645554359999865e-06 1.146305757449999902e-25 2.743079350000000027e-01 3.612597117840000100e-29 4.664290736779999613e-03 7.013792752039999569e-13 1.675317951089999868e-01
3.102305759080000169e-01 8.202622740660000253e-04 5.384862145449999910e-12 1.536138112500000093e-15 8.358141023750000396e-12 3.194611562389999805e-40 5.817360959530000208e-01 1.055245284759999957e-01 8.621229393629999791e-17 1.688537375330000090e-03
1.431371123379999896e-20 1.570346793549999890e-14 4.003530882010000180e-01 5.553811785899999712e-35 5.996444733600000410e-01 2.724644944509999871e-12 4.341473869440000318e-46 6.436243112339999638e-33 2.438435972400000155e-06 5.304032238629999574e-62
2.877622977269999988e-24 2.999665008869999983e-01 4.967836006290000297e-40 2.111556065109999984e-26 3.187264283089999983e-01 2.241242063619999873e-33 2.567787671020000176e-04 3.810502920370000268e-01 1.219278634789999973e-61 2.557894828190000062e-39
1.294318818179999888e-16 2.748102039870000124e-01 1.123577220840000040e-29 5.294231815030000077e-24 1.000522034950000055e-01 3.365461724030000185e-37 4.092416468910000105e-01 2.158959456270000132e-01 3.149011112450000060e-43 7.040187637049999904e-25
5.261987353720000297e-10 2.570345638339999739e-01 4.979439196900000142e-01 1.002643256459999997e-30 2.450202899549999980e-01 1.225994269049999994e-06 2.493336690369999966e-65 2.226934324849999818e-56 2.649515633390000067e-40 3.515360494369999853e-62
2.207350821659999880e-36 6.628626794639999402e-05 2.295670107399999948e-26 3.975185478710000025e-13 6.799310545570000163e-17 9.999337137320000179e-01 4.140211312640000043e-26 9.447025752380000660e-33 4.327349530390000246e-45 2.090820381090000128e-63
1.615953317620000073e-39 1.697308963299999846e-05 2.569088784650000118e-23 1.367187697760000060e-06 2.496215905879999927e-21 9.999816597230000159e-01 2.814885874660000158e-27 1.470352820219999963e-42 1.334687036969999928e-34 1.926452087780000071e-55
1.398599180729999921e-06 1.383167368699999975e-43 5.318783085270000210e-01 1.633472357709999926e-22 6.581880558369999691e-60 5.805550882950000193e-32 2.613511635010000219e-59 1.098294051399999972e-76 4.680420781060000146e-01 7.821476768239999668e-05
9.726362634579999394e-05 3.287503676909999949e-10 2.169959643330000187e-19 1.238445338239999976e-20 5.372064604430000223e-01 3.855764916909999941e-49 1.516383351059999995e-01 1.041657642099999975e-01 1.264932334129999972e-20 2.068921762860000124e-01
7.854817361179999846e-01 2.881599958720000017e-12 1.135744140559999914e-12 5.671139248280000463e-04 2.139292672829999908e-01 3.570733294619999810e-22 1.108160816989999973e-07 2.774461093650000225e-47 2.159496108000000107e-13 2.177185388100000060e-05
7.032608410349999728e-01 8.478335742639999649e-19 1.449491295239999934e-06 1.913741706039999870e-35 2.967377094740000221e-01 1.312775615250000047e-17 1.550679903350000085e-44 9.829935112860000123e-41 2.900982213210000065e-32 6.652853763330000316e-26
6.273831107470000390e-01 2.678941652790000141e-02 7.869232279360000561e-18 5.379090695270000166e-02 6.690505845600000501e-02 4.067127979059999948e-06 2.251274401889999943e-01 2.292129048389999884e-29 7.030345550060000442e-30 2.731378087740000137e-19
2.871019114630000198e-04 1.139903243500000056e-28 1.086435999329999943e-17 5.968112285690000037e-34 3.158249608959999843e-01 5.159632365220000279e-73 6.597610954469999844e-02 1.899662472649999895e-05 1.267518208090000122e-04 6.177660792029999737e-01
1.204906622140000053e-04 6.126700288150000140e-22 1.301636106119999983e-13 1.020969294440000001e-36 4.082228943910000130e-01 2.193089221370000067e-55 5.847413204340000326e-08 2.167354588510000124e-01 2.162935566959999985e-10 3.749210974050000145e-01
1.650690768339999929e-13 3.552211611230000066e-01 9.420043205250000495e-02 9.134831201840000314e-13 1.922881997579999926e-03 7.869866979130000421e-32 4.564067079219999994e-11 6.375632957249999970e-04 5.479389486639999474e-01 7.901282056119999684e-05
2.784111924270000275e-29 1.000000000000000000e+00 1.200863494019999985e-15 7.228819262519999922e-23 6.842452811680000479e-47 2.258748036560000080e-16 2.446171458350000105e-58 4.446797086710000221e-32 1.746368698649999958e-59 6.754768097190000352e-47
7.404853649020000372e-02 2.408633535730000108e-01 1.801487721540000009e-13 9.997397842400000239e-08 1.381242670659999991e-02 1.692690819020000150e-45 1.847968247289999984e-07 9.232582058500000438e-35 9.802042248669999335e-28 6.712753984599999502e-01
3.930677576989999795e-18 3.694922978719999878e-20 1.488516691500000044e-01 6.997866491109999950e-38 1.922788677060000007e-01 3.633735022880000276e-01 5.314202873560000028e-36 1.162857329150000004e-04 2.953796751230000073e-01 1.933387429810000088e-42
6.743555623530000217e-24 4.663176168609999839e-01 5.094595010410000412e-09 5.907497759449999808e-07 2.083615839469999953e-01 1.157751153109999948e-32 2.643876356729999919e-02 2.736339108359999922e-09 2.988814368420000256e-01 2.028360990339999903e-10
2.054231322969999972e-19 5.146352062729999677e-01 8.709122468360000505e-39 1.244685573790000051e-05 1.631470924309999926e-16 6.551693357439999980e-07 2.047768510170000153e-02 4.648740065470000071e-01 3.349165376329999941e-68 5.348426946799999937e-11
2.314332706270000020e-31 6.768951740839999645e-30 2.415480604279999866e-45 1.764549348510000128e-21 3.978734513680000084e-01 6.227182017939999940e-45 6.021265484550000213e-01 5.462685636660000034e-12 7.469913329460000570e-24 1.714849273310000116e-10
5.188912294149999882e-02 5.898991717629999783e-66 5.317421674370000162e-10 3.339085162590000125e-72 4.521344304230000000e-01 1.175393337209999899e-12 9.761373476800001033e-35 4.895039544129999864e-01 6.472491690370000238e-03 8.403587403589999876e-19
4.742474916300000176e-01 8.215097383590000413e-02 9.347084462170000196e-11 2.447112064589999837e-40 5.403790250059999746e-45 5.488346446439999884e-18 1.002056583060000042e-50 4.436015344400000004e-01 4.209366449890000208e-83 6.551801454590000171e-18
2.204502122949999974e-16 1.672012836950000081e-01 3.900738252809999862e-01 8.776799457970000694e-21 2.351253611159999923e-01 1.183868534869999936e-23 6.198374749060000255e-21 2.075853551769999972e-01 1.417473054529999974e-05 6.699939747779999882e-21
1.227941796950000053e-01 7.092869221930000467e-01 1.410071914039999976e-31 1.437344232110000115e-23 1.383736250130000039e-02 3.353503223480000087e-26 1.139597616749999918e-06 1.540803959800000067e-01 2.195669575040000097e-84 3.284159658100000120e-11
9.300627478750000477e-04 1.175907216899999969e-01 4.630991288410000184e-01 2.652126189560000125e-01 1.212160635109999969e-24 1.531674677540000029e-01 1.129875547959999928e-23 5.165810089279999699e-41 1.083243361879999999e-11 1.691119862730000018e-25
1.709863197290000089e-04 1.293174889520000072e-48 7.442549369370000179e-17 1.524758608509999921e-15 2.997962744429999859e-51 3.231349552539999892e-01 6.703455235479999571e-13 4.335284772870000039e-13 5.892767447459999752e-02 6.177663839510000310e-01
1.630596451029999916e-12 1.349985072049999992e-46 7.923558030990000001e-01 1.970086351799999892e-121 1.891961936079999962e-01 8.679020638869999666e-26 3.268054410330000056e-63 1.467776881829999927e-03 1.698022640940000105e-02 1.917710825370000096e-72
2.692615733309999956e-18 3.498808083209999920e-01 3.867289989550000201e-04 3.683634963390000072e-01 2.791211790159999762e-01 2.160765812020000107e-03 2.336866559169999829e-18 1.463856963859999988e-15 4.600567722049999999e-10 8.702105363719999341e-05
1.080736344620000001e-22 1.057134653849999962e-72 1.475029153390000075e-42 3.772752625590000257e-27 6.827065793729999998e-02 1.860810349819999840e-43 4.005728394579999851e-01 8.297390558789999885e-31 5.311557817590000230e-01 7.208466319199999727e-07
9.273654788879999433e-33 9.656369508190000872e-19 4.749598157849999816e-22 8.736448193680000008e-13 6.377050597050000212e-13 4.577490013809999980e-01 5.201304737430000047e-02 8.106858982570000483e-02 4.091693614179999772e-01 1.943184854629999953e-33
5.360378534980000248e-02 1.956931471689999852e-17 5.827157165429999705e-12 4.301868050359999702e-70 4.539699845219999919e-01 7.201604618360000132e-49 4.736571389820000133e-36 4.924262301219999860e-01 2.145410445209999925e-40 2.283273224450000095e-21
3.923517571199999806e-27 1.823793647399999911e-25 3.510845372229999817e-01 3.482173449190000091e-35 1.115055000239999980e-38 1.391970326680000030e-14 1.703705277340000021e-52 5.670002449030000502e-01 8.191521787390000642e-02 6.503719396920000058e-19
2.157142264859999853e-11 2.305578741760000178e-03 7.995826695429999464e-01 1.069008382249999974e-13 1.981115062230000001e-01 2.454706687789999772e-07 1.687483433390000069e-43 3.466185830679999961e-61 4.581503847349999959e-20 9.528788612939999555e-40
2.415434922930000117e-01 9.662374476169999885e-14 3.910478368510000190e-18 1.618194595130000024e-01 5.966015678739999828e-01 1.132557971049999929e-26 1.735053297060000068e-09 8.720134667049999761e-79 2.557771962750000095e-22 3.547858516600000089e-05
7.541093941680000649e-18 2.399803126399999986e-01 9.786083522400000623e-02 1.531568157969999917e-08 2.468537338400000140e-34 2.119710845080000013e-19 9.155936125819999374e-13 3.722267755020000068e-01 2.899320611680000215e-01 1.490098324880000016e-10
2.169560736820000113e-01 1.288493488940000009e-30 5.105560501210000107e-05 4.608127799989999708e-70 7.829928707130000554e-01 3.611587710520000214e-23 2.005314734300000157e-52 4.412837749830000224e-15 6.489118426869999977e-22 1.915110047489999865e-36
3.524159939030000124e-07 6.258401974510000342e-34 6.118930651370000306e-25 2.423206764649999956e-01 8.163227847250000089e-04 2.348004028900000095e-01 5.220619986000000212e-01 2.452827225830000083e-64 2.468439316969999844e-07 2.850736766449999751e-13
1.163391416770000071e-19 3.196126685269999879e-01 5.765720181199999471e-07 1.104548059809999983e-36 3.895407049999999871e-01 2.908460498800000127e-01 2.304322153250000003e-32 2.132101159330000138e-11 4.579934306890000103e-23 1.048540221819999956e-99
1.671380516110000081e-37 8.432623728489999990e-44 3.459612420789999822e-55 1.230360458389999939e-22 4.638631598960000390e-47 2.637192650860000148e-40 7.919874417390000421e-01 2.080124907060000028e-01 1.056070043119999974e-21 6.755478041569999513e-08
2.194728593259999948e-04 1.100641136479999924e-05 7.433852003380000406e-01 2.562844135089999975e-01 7.177584788760000297e-06 1.842912293140000122e-12 9.275939839839999445e-21 9.174435082209999434e-62 9.272929532339999786e-05 1.002960667910000019e-17
2.663311099890000095e-17 1.380969520139999906e-01 3.067074335830000109e-01 2.331948459910000021e-02 3.209242126980000028e-27 1.853300375249999909e-01 1.335013039189999968e-26 9.695344595790000505e-04 1.868315165109999891e-12 3.455765578169999741e-01
4.141715503729999738e-17 8.532827092720000274e-15 4.331061555660000173e-01 1.934703664769999989e-09 2.984453049559999819e-70 2.833149263180000132e-37 6.915642877569999827e-46 1.342110148190000114e-44 7.572912812659999652e-07 5.668930852079999694e-01
3.111582199890000178e-10 3.476360198469999885e-01 2.800791089949999975e-21 8.569021194690000723e-09 2.323649384169999967e-32 5.745067514359999961e-02 2.369223984050000085e-18 5.949124972460000382e-01 2.580864235530000108e-60 7.988841157480000411e-07
4.901104271659999921e-06 3.403867331850000122e-01 3.675497445570000132e-01 7.348867979640000270e-02 8.439212949140000612e-80 3.116702877789999688e-08 3.253949351329999855e-28 5.394525381029999589e-09 4.127270194299999838e-17 2.185699047949999918e-01
1.893091736940000084e-03 6.557747388189999703e-21 5.587035432810000172e-11 1.626669447169999989e-11 3.652445584430000225e-01 2.201135112650000059e-01 1.019656510659999901e-09 1.698082494419999899e-16 6.397643956770000439e-08 4.127487734879999870e-01
1.955997271940000088e-33 4.471259156119999717e-42 5.289510474809999713e-54 1.855033617200000053e-14 1.230801044359999982e-30 3.854980987319999998e-47 1.233178934649999949e-04 1.981206757299999973e-29 4.459292780330000058e-26 9.998766821069999811e-01
1.620288223419999919e-19 1.631621910339999964e-16 4.330803043670000130e-01 4.376690279659999937e-09 1.582006308319999893e-75 3.544531894250000058e-06 8.152810649360000356e-46 4.971601447279999490e-10 6.976503280240000025e-09 5.669161392499999508e-01
2.880372172910000063e-48 3.326836503569999902e-26 3.535556523359999896e-31 3.591268017110000265e-04 6.151248620500000381e-38 3.500265810560000174e-36 2.329051716090000113e-01 8.946354122479999535e-10 5.953320992720000371e-01 1.714036014220000070e-01
8.558500908779999954e-16 1.600728306810000057e-01 4.147439126290000111e-01 8.716908165839999667e-02 2.771318185610000103e-24 3.709080606590000333e-24 2.784724395550000214e-25 1.846168374940000082e-31 3.930454721270000114e-10 3.380141746390000201e-01
1.526928135020000077e-01 7.892951405150000510e-05 1.122349189019999906e-09 2.693825017299999813e-47 4.388721708789999898e-01 2.060708107049999958e-04 4.878136538420000128e-29 4.081500141719999752e-01 4.178369412420000060e-41 6.450756125609999856e-60
2.745523196209999915e-09 4.682014967990000081e-04 2.413113751139999985e-01 2.968990884700000132e-15 1.343975737660000120e-19 1.290744563220000041e-56 2.897228319030000313e-14 4.289822446489999872e-07 4.807052833339999776e-01 2.775147083280000149e-01
1.081780621589999989e-10 3.650286242289999677e-02 5.851852414510000377e-01 1.969983369219999876e-17 3.783109763260000258e-01 9.196920730350000376e-07 4.374222104639999748e-48 1.419625350789999998e-59 5.154682574520000399e-25 3.579013059650000060e-44
3.870625185120000362e-15 7.927798829409999833e-25 1.457291235240000017e-02 9.655350906580000687e-37 2.076816344869999997e-01 8.826585823270000075e-02 2.458389835899999931e-28 3.769836525320000107e-04 6.891026112760000322e-01 5.114143116980000086e-30
2.075202844669999858e-20 1.013754530490000013e-14 4.003540312969999793e-01 4.369981369080000114e-35 5.996446267210000514e-01 3.039245470330000201e-12 3.640807598549999884e-47 1.635648153460000027e-33 1.341979523840000000e-06 2.571683171799999837e-63
5.322839071339999784e-01 9.277794181130000615e-64 1.587454370060000043e-08 2.576049545770000046e-86 9.557331501320000255e-02 1.427857866060000034e-42 1.863059882409999961e-31 8.681285669390000526e-05 3.720559491209999847e-01 1.903613840290000141e-15
1.905045486400000140e-02 6.185194586869999789e-01 1.118977687649999964e-22 8.205139601930000064e-13 7.417315929990000058e-10 1.742159149219999928e-24 2.472457233529999909e-01 2.629679263939999848e-03 1.242602166279999987e-46 1.125546830899999962e-01
5.829598657569999819e-17 4.515665489619999917e-01 8.511605230440000280e-02 2.963149795450000257e-14 1.750415798949999865e-02 3.226107800430000149e-30 8.817828952440000327e-11 2.309440875779999905e-04 4.455822959979999776e-01 5.698724393530000354e-10
1.075960797760000028e-39 1.090247062130000055e-01 7.731757202100000687e-24 3.525979255769999821e-01 5.270958249639999815e-01 6.468410768260000516e-45 1.128154313729999927e-02 3.429500659800000004e-34 1.081797766980000051e-10 9.172639551319999804e-29
1.747181072220000040e-18 1.865800459490000136e-20 1.488597367960000084e-01 2.428138112140000119e-36 1.922796534120000123e-01 3.633659882699999955e-01 9.172239706379999843e-34 1.199317385109999944e-04 2.953746897839999996e-01 1.805744048259999965e-41
6.053302452429999429e-42 8.264842255259999471e-28 6.263132712490000290e-59 4.422924041290000052e-01 6.368272284189999587e-63 8.521544548529999383e-33 2.337991186429999868e-01 3.548739470970000101e-25 2.516093466480000085e-36 3.239084772279999802e-01
2.165643317309999870e-12 1.044304032249999963e-19 8.595548552529999609e-02 3.258483425359999797e-01 3.358639549359999791e-34 1.052741227719999998e-04 2.514036156629999885e-30 9.956436892439999959e-53 5.862723114000000235e-01 1.818586413900000068e-03
7.833630846160000236e-17 2.878163655500000084e-01 2.645386770409999810e-01 2.411886889490000019e-01 5.443209313309999686e-11 1.235012691919999961e-01 1.642120650869999948e-20 6.882157861860000356e-08 1.361070864719999944e-08 8.295491678199999608e-02
3.316914022599999813e-16 2.880514247670000194e-01 2.607006582549999951e-01 2.360002537889999974e-01 3.822482014580000051e-11 1.300850692839999878e-01 2.328587439829999937e-20 2.360293425870000051e-08 4.420582208809999785e-08 8.516252605839999545e-02
1.104627846189999924e-43 1.381440748990000044e-58 1.444070046629999949e-55 3.167915005619999844e-18 7.896249631079999930e-57 1.457683412199999989e-58 1.132268221270000120e-16 2.612844330860000149e-46 7.900922968710000510e-23 1.000000000000000000e+00
1.763827709930000098e-01 3.224190617209999906e-10 3.534410178720000014e-09 1.105856276780000043e-36 4.227564750600000254e-01 3.004196557310000076e-05 2.889671207550000120e-19 4.008307081249999904e-01 2.612135407660000060e-25 3.625292613929999768e-39
1.712035291460000127e-45 7.309238081950000243e-01 4.449358803469999937e-32 8.665692802110000622e-33 3.528108515239999909e-02 1.102032378579999958e-26 1.525667669659999858e-11 2.337951066379999887e-01 3.634272797390000050e-37 1.178100038209999981e-84
2.374637340020000055e-17 4.706351008450000339e-06 3.095126604260000233e-39 9.739859535730000926e-07 3.402713415890000204e-01 5.955659756950000272e-01 6.415700237879999601e-02 2.341796535659999914e-19 6.371656631270000203e-59 1.359250686419999969e-27
4.065060994180000277e-24 1.953352358329999923e-13 6.111784222499999726e-12 4.369732075870000242e-09 4.052827615430000252e-01 3.879503216449999708e-02 1.173344944240000058e-10 2.426188664270000117e-17 5.559222017989999820e-01 7.180394465879999912e-33
7.597963136810000048e-36 1.307855110959999920e-10 2.910872395169999869e-49 1.221080381509999890e-19 4.030830962699999772e-06 7.620980615070000108e-19 3.552627856250000216e-01 6.447331834130000106e-01 5.085172593439999715e-48 2.171013685430000128e-33
7.000411440089999715e-01 3.021124929620000049e-68 1.071553611449999911e-12 1.065829508259999911e-83 3.308077912470000145e-03 2.298789730270000005e-48 1.256825552759999958e-25 1.340990601410000106e-07 2.966506439780000060e-01 2.805460172120000306e-17
1.598292388809999986e-08 1.644457327370000000e-42 1.587323776839999965e-17 1.690505051890000033e-35 7.378241058309999989e-01 2.575149132139999936e-39 1.843604636539999915e-07 3.509900867799999898e-17 2.621754762460000165e-01 2.175802619269999917e-07
6.188479825730000422e-13 1.942755505890000033e-03 3.255269846800000200e-01 1.579893949939999970e-28 2.889097982889999860e-01 3.213776889500000178e-01 1.645489405090000096e-22 6.224164248519999804e-02 1.130088405700000059e-06 4.505167990340000108e-61
2.010422413429999989e-23 5.517690970490000124e-01 2.082445853070000050e-45 8.910263230490000168e-07 1.520474264220000010e-10 8.564496011400000453e-08 4.075677246270000276e-01 4.066220150060000094e-02 2.271749610360000072e-77 2.805057693290000108e-16
9.778089839349999673e-34 2.142938146659999904e-02 4.847438631419999762e-58 3.718618561930000026e-19 1.782770035829999988e-01 2.644378485799999883e-93 8.002936149510000430e-01 1.869154389000000011e-50 1.973295112730000120e-69 4.860208183480000174e-46
1.918513321070000016e-11 3.602147802880000249e-01 2.137489279669999906e-21 4.878182099670000068e-10 1.706071937549999896e-32 3.912872586530000141e-02 2.918609964490000035e-18 6.006556097490000079e-01 2.635457224159999946e-59 8.835907975949999537e-07
4.279417141749999768e-26 2.731164692249999945e-18 2.435809258050000016e-13 5.721675874270000239e-01 1.505456070350000009e-97 1.243578600760000020e-05 2.137465614869999869e-20 3.270349528740000190e-09 6.647988693669999763e-06 4.278133255279999991e-01
4.402174583919999935e-04 4.851686519110000332e-06 7.431961314880000113e-01 2.562370183739999807e-01 4.163150321260000221e-05 1.243046454039999963e-11 2.033223533509999972e-21 5.503210242379999921e-61 8.014947733180000295e-05 9.603707247319999828e-18
1.071724266730000093e-03 3.308043577829999915e-01 3.350048890860000128e-01 2.258185058769999944e-03 4.953788913049999711e-20 7.169586055809999964e-22 5.193129964989999598e-22 1.741080520159999994e-25 1.589160307060000096e-12 3.308608438039999933e-01
7.246427095410000086e-09 2.948850871179999888e-01 3.747703204189999915e-01 5.501660253730000209e-40 1.137362974629999986e-21 3.303445852169999974e-01 1.040617574449999966e-79 2.373002932480000092e-37 2.131228450149999853e-51 1.777358491599999962e-78
3.954654664290000208e-11 2.660731380490000131e-01 7.651659814550000583e-05 7.858791187189999999e-03 3.820876071499999698e-08 1.095918137139999961e-10 6.203220602310000227e-03 4.838329100989999970e-24 7.197882952059999617e-01 2.081131239249999964e-33
1.684604787689999953e-25 3.248756898790000069e-01 3.692562929349999773e-16 1.111281274890000004e-01 7.071191671889999948e-41 4.546481911170000001e-01 2.068630849330000128e-17 1.093479914299999994e-01 6.611973909419999537e-27 8.457743654139999903e-11
3.395585876929999692e-14 3.460306366779999920e-01 2.740477034339999785e-01 2.645798620279999902e-01 1.614202422220000042e-52 1.138811838770000055e-09 2.821431320540000080e-24 3.712972388129999965e-14 5.027374003810000223e-11 1.153417966710000020e-01
7.775237111189999798e-25 6.470268840849999759e-01 1.533151958660000101e-10 3.529731157609999892e-01 1.261573109240000066e-44 8.901989914539999563e-17 5.004028859519999784e-23 1.329904667700000049e-28 1.654385234670000077e-19 7.553042162489999648e-13
3.527043302619999847e-12 3.692201961080000122e-02 2.454998291469999948e-03 6.886452146649999495e-01 2.694067278719999847e-01 1.155266755589999990e-11 2.173805535580000006e-19 1.003188394189999974e-26 2.725423270000000178e-09 2.571036820240000121e-03
6.123376301309999548e-01 6.756067572540000172e-15 9.064185328390000011e-18 2.503384914710000009e-03 3.831233749429999724e-01 1.251871506880000037e-24 1.419064360180000020e-03 1.901360331710000021e-53 6.393895801170000028e-16 6.165456515700000212e-04
3.748980125300000297e-18 1.441902952530000059e-01 3.026269237340000196e-01 3.459658732620000147e-43 9.921554674860000451e-32 6.531237868840000147e-14 9.759801155989999438e-56 5.531827810130000023e-01 1.461667475160000051e-29 1.561392516799999885e-53
5.412012400849999794e-02 1.052141502219999933e-08 2.266837157369999845e-08 1.471170564410000020e-22 8.798652501339999758e-70 1.341948621569999944e-01 6.842964153080000293e-49 7.346225321599999525e-01 1.972994199679999926e-61 7.706244848439999795e-02
2.270387648409999968e-12 3.219744495619999905e-08 7.178467394550000491e-02 1.717782230600000126e-01 6.820322219400000441e-02 4.574176183429999876e-01 1.196741746669999940e-17 3.814131347550000075e-36 2.308162299279999941e-01 3.305992335750000149e-10
1.780778901570000043e-14 2.888082467770000106e-01 4.800774848510000527e-07 2.992016779339999946e-02 5.343391930160000009e-16 8.437246286069999555e-29 3.924270644019999810e-01 3.274402325609999851e-13 2.888440409370000017e-01 1.322966880859999995e-11
5.728779354180000100e-22 1.174929727739999893e-03 3.639408522259999904e-04 1.457959699720000078e-13 4.544950604469999649e-99 5.173802614889999596e-01 1.121319420119999970e-53 4.810808675770000264e-01 1.581380728970000122e-33 3.545128027269999940e-10
3.637597203769999954e-01 8.614508095270000235e-26 5.232661155770000502e-07 3.425058599990000135e-19 1.492077725510000119e-01 2.695630808139999890e-01 4.123588523739999715e-18 1.995154703350000139e-11 6.828796942049999588e-07 2.174682200929999865e-01
4.479109258110000047e-01 6.828720250149999551e-47 2.148711907010000029e-06 1.356024526159999912e-88 5.520869254629999778e-01 5.969167173040000300e-29 1.488064039799999926e-52 1.363803746430000001e-11 2.006919962639999822e-15 2.642086838040000006e-34
5.291939572069999729e-07 4.204214361210000102e-34 6.004793429130000130e-25 2.428281417560000099e-01 1.119435924209999985e-03 2.344430351819999925e-01 5.216083481569999680e-01 2.011834425490000084e-62 5.097870257000000139e-07 5.179686718059999940e-13
5.180193514919999921e-31 6.109254196359999813e-18 1.781077096150000073e-22 1.276368655680000040e-06 5.098257677350000009e-20 4.191744989130000154e-01 8.264873075159999589e-04 7.072090428269999664e-08 5.799976666889999910e-01 4.845904290080000183e-33
1.267744196390000072e-09 9.716581631740000766e-03 1.721495631249999880e-01 3.608196967399999733e-01 4.573141571780000025e-01 1.618230005889999876e-11 7.809025943329999775e-30 2.982350130409999801e-103 4.174293788219999960e-11 2.986766821669999905e-30
3.542759218569999900e-11 9.479248800700000268e-20 6.906086880329999345e-02 8.978104422259999828e-25 9.506229508239999459e-02 5.821752199389999827e-02 4.202884902899999854e-27 5.440387857959999804e-12 7.776593140799999970e-01 5.134371049509999855e-30
3.510769726209999900e-20 2.058874843859999915e-01 2.103179328780000129e-04 3.607485477740000064e-26 4.036915743219999797e-01 3.902106233589999751e-01 1.338868495950000076e-29 9.010988024309999614e-15 6.657226581850000277e-14 4.572546526490000105e-79
1.513955592510000071e-22 5.656858604650000233e-01 2.292582759389999845e-46 3.564342122159999830e-09 1.064567885779999971e-08 4.529506043840000202e-38 4.343141253250000222e-01 3.928069083259999987e-32 1.259526974800000094e-77 8.124735350649999900e-16
4.653243894510000021e-24 1.433463847739999928e-35 3.939528662919999983e-14 4.306945778110000123e-01 2.363774250370000101e-32 9.589846879140000396e-15 1.064323025659999931e-24 6.227263738209999967e-81 5.693009585870000278e-01 4.463601964200000418e-06
1.354293049829999873e-01 5.329861866369999855e-27 1.818237608049999960e-13 8.501195305980000006e-07 3.596318474369999962e-01 7.918345104820000363e-04 6.532104065470000082e-07 2.709619992589999991e-25 4.445802708240000284e-05 5.041010517120000367e-01
2.615447684269999901e-29 6.397340603800000247e-01 1.749545890499999937e-17 3.712664128300000027e-20 1.699389963770000025e-02 2.064424724220000023e-18 4.269660848750000000e-09 3.432720357119999899e-01 7.899611057860000105e-19 3.220383027350000048e-47
5.828094860079999773e-01 4.171835011500000245e-01 5.471146219109999873e-12 1.637399771019999910e-35 3.869320713070000094e-06 2.581218009529999745e-32 2.438924577060000064e-32 3.142717236290000204e-06 4.523217834319999810e-61 7.984831481170000445e-10
2.389989293989999975e-22 4.421977593120000050e-01 1.684760712059999989e-09 9.521596687879999444e-06 2.079128650429999947e-01 2.830323222009999834e-02 3.506944582950000111e-02 5.709863089150000295e-15 2.865071743140000238e-01 1.092177407830000067e-43
5.122970643050000268e-33 8.228848516630000276e-16 4.117791706399999861e-14 2.262883055910000086e-13 4.251532302750000158e-01 1.072627571200000102e-03 1.119904902880000015e-11 5.697028453480000211e-16 5.737741421419999543e-01 3.398970040390000061e-35
2.813050853340000197e-23 4.567717198089999986e-01 6.408307621369999688e-08 3.520311460120000078e-04 6.289739232610000393e-20 1.411456948709999937e-18 1.030002018190000028e-02 1.582604144939999957e-01 3.743157502819999816e-01 4.283714819009999956e-12
8.778128027089999784e-07 9.695520801489998959e-07 6.279771482149999782e-16 9.297754687480000414e-14 5.616078031019999806e-01 1.153291962299999935e-42 8.800826336559999796e-02 3.125911391410000212e-04 5.456111117969999995e-16 3.500694950289999774e-01
6.682087505749999769e-29 1.000000000000000000e+00 3.870491211740000149e-16 2.095354006089999977e-23 8.540486270019999590e-47 2.072712572589999948e-17 2.714605962200000086e-58 7.472148412099999779e-33 4.905794728490000414e-59 2.965969256989999788e-47
5.147654563120000054e-02 3.461600587610000017e-65 1.216749155040000077e-08 1.603475430589999997e-72 4.518244460999999990e-01 1.339457739170000044e-12 1.558233037860000026e-34 4.889795335930000042e-01 7.719462507230000041e-03 3.484548595369999767e-18
6.227474387370000031e-01 9.498878109690000604e-75 3.751234580989999859e-10 4.315387056729999926e-44 7.463755967649999729e-39 3.870348560969999828e-47 3.017197628980000149e-45 1.197222037119999927e-55 6.593340934059999754e-04 3.765932267939999800e-01
4.822494657290000153e-01 2.865927253589999890e-01 4.642575910000000194e-10 1.226659863009999991e-21 1.903547082690000092e-04 2.948121105710000038e-29 6.275475358790000342e-21 2.744460349700000079e-08 1.889199277549999909e-41 2.309674262950000001e-01
3.600191177190000258e-01 4.142158704910000044e-01 1.943422950319999926e-18 1.631935514229999933e-31 2.133817456619999942e-01 1.238326612780000016e-02 2.130263287529999974e-26 6.652416431610000504e-17 3.145246457879999830e-71 6.569797444980000359e-48
5.514261412550000019e-01 1.122544139870000020e-20 2.024684786960000179e-15 6.148879400509999567e-05 3.772903962549999934e-01 1.037552774779999981e-26 5.119493752290000335e-09 5.739816674839999986e-56 1.212091338879999955e-10 7.122196845500000650e-02
1.433604606180000051e-18 4.304153447389999764e-15 1.464458121839999974e-03 4.882071698879999827e-24 5.277863586609999880e-01 6.670584519919999555e-19 1.475290616110000040e-31 2.271596679709999899e-41 4.707491832169999890e-01 1.984298133869999863e-40
1.674029148809999985e-16 1.672017104309999891e-01 3.900729202870000245e-01 4.397901434139999976e-19 2.351247393770000138e-01 1.375264305660000035e-23 2.003974526630000044e-19 2.075848673079999929e-01 1.576259690860000074e-05 3.494008653799999712e-20
5.087785852749999966e-30 1.388952736339999957e-31 6.450552639039999633e-18 6.332610986690000443e-01 4.018628442940000188e-43 1.528340162040000005e-01 1.596067771109999980e-22 2.221034439160000015e-63 2.139048851270000107e-01 4.774663581199999563e-25
1.976919843670000051e-15 3.553382790149999804e-01 9.427832217949999594e-02 2.226477957370000138e-11 1.656026360569999968e-03 7.591172676599999463e-33 4.863902391329999949e-09 6.499157763409999910e-04 5.480253594820000407e-01 5.209230006890000042e-05
1.081390906630000023e-03 1.166196835309999975e-10 1.594184828940000099e-28 1.034217013459999968e-19 2.090193026820000022e-01 7.071994866840000116e-01 1.422680911509999972e-04 8.255755151969999817e-02 2.217495718759999834e-52 2.972895708980000164e-18
3.066442190800000023e-01 5.570841238960000062e-12 2.782089219020000024e-15 3.246426681050000224e-22 2.044315947279999927e-13 1.474489268169999912e-45 5.561676447279999547e-01 1.333814265990000136e-01 5.342476851730000329e-16 3.806709587139999948e-03
1.520970510549999985e-14 3.285775395459999751e-11 5.634888485549999681e-29 2.206429431569999905e-02 3.051881709230000114e-02 4.684376303180000090e-01 4.789792582410000166e-01 3.570442758710000180e-31 2.038139120799999898e-30 2.880951614539999932e-16
2.073568045810000103e-42 6.935195201319999865e-84 1.011161521889999935e-55 7.685376386449999800e-32 3.064822321309999945e-28 7.203119065880000477e-72 1.979970130919999904e-01 9.804719246459999608e-11 2.188649565870000036e-01 5.831380302230000368e-01
8.203913337849999982e-29 2.541512739159999848e-17 1.368217781670000047e-07 4.012717362709999902e-01 3.989624131449999849e-56 1.316448680049999991e-16 6.400760216979999908e-30 8.643207558499999816e-32 9.369428827270000204e-02 5.050338386349999542e-01
3.840292067719999751e-43 2.247046481680000096e-01 4.630087556640000114e-04 1.822869895039999880e-21 7.748323266519999697e-01 1.641599333480000030e-08 6.940674650680000108e-53 1.447629131069999931e-67 7.812310328989999435e-12 1.271806132250000095e-115
9.867855605870000709e-46 1.107886616589999985e-33 3.249421901259999984e-66 2.194022691920000101e-01 3.596098243120000032e-69 1.135311702230000057e-36 3.574511933669999864e-01 3.431666669110000149e-29 9.928667587499999869e-36 4.231465374400000257e-01
3.122321630600000120e-01 3.430628923540000041e-01 1.422532544010000110e-19 9.418409223750000498e-04 2.170037818850000166e-25 1.176436036989999947e-18 2.318061413190000176e-03 3.318766407720000135e-05 4.802743080680000228e-37 3.414118545859999854e-01
3.336361542650000051e-23 6.257038901849999446e-01 1.015611341410000059e-17 7.191041331559999713e-09 7.235290464799999750e-12 4.594762453839999825e-23 3.246575920659999781e-01 4.963851048250000203e-02 6.831078012450000641e-11 6.879049919640000046e-29
8.277223164159999980e-12 7.457979924049999678e-12 4.143058380899999893e-02 8.502371560329999757e-17 2.727670554259999935e-01 1.108877272810000027e-28 1.585762257320000083e-21 3.516347097659999885e-50 6.858023607490000284e-01 3.226195373360000149e-30
2.314765089650000009e-22 5.501594993540000200e-02 1.153759125970000026e-04 6.684391665240000391e-01 2.557621639200000074e-01 7.488398429110000535e-12 9.273771842819999930e-15 1.069968888360000024e-25 5.301362748989999980e-07 2.066681356379999890e-02
