3.977138745219999701e-76 3.469093250959999764e-01 4.304091619370000139e-29 1.540602672380000040e-43 7.401871830770000050e-72 1.707558125100000135e-14 6.530906749039999681e-01 5.238705980569999667e-27 2.703729992340000093e-14 2.763984514140000145e-32
2.889510847810000116e-01 1.877008743490000174e-46 3.519527638379999916e-08 4.573713441589999928e-01 2.927122179919999789e-03 2.402792134049999973e-01 2.721426780479999769e-13 1.046144525529999966e-02 9.327163625880000386e-27 9.755024170790000521e-06
1.618150037030000044e-01 1.380178585930000040e-08 5.300969824649999637e-15 5.216762315520000470e-01 4.438533963139999761e-03 2.657151736499999862e-16 3.120701262650000252e-01 8.903513304880000222e-10 6.191687304580000130e-15 8.982481188060000397e-08
4.148640003749999861e-01 7.755620841500000286e-03 1.028711219659999971e-54 5.302321450359999828e-27 1.723677175520000100e-06 1.798498549420000117e-48 4.479360812170000150e-01 1.190062331529999941e-26 5.468700523899999770e-34 1.294425738889999900e-01
1.285582873239999972e-02 2.974513131270000169e-06 1.480064967889999949e-08 3.304294136290000239e-01 1.870785777629999914e-38 2.643481401530000108e-01 4.743335559419999931e-14 7.612331505350000168e-43 3.923636278450000070e-01 3.263405363770000043e-10
4.169698340940000157e-13 3.978695143369999787e-26 6.155847029660000279e-40 5.489130355949999628e-32 2.801241720719999795e-23 3.775175788239999997e-01 6.095331062759999949e-18 9.636594316069999546e-13 1.393666222780000069e-87 6.224824211749999670e-01
3.147324964279999833e-43 2.558099371340000205e-01 3.572394899140000015e-38 1.779580091729999971e-15 1.339149567589999987e-34 6.458096552960000680e-02 2.459653191889999992e-14 3.506776983989999819e-01 7.398180929169999678e-16 3.289313989379999970e-01
6.055233212090000460e-10 4.329022999630000252e-23 2.018099828889999960e-15 6.834676923310000207e-01 3.158416534960000188e-01 6.761511377329999708e-04 6.506838867489999630e-21 7.885798423439999525e-08 6.567321801219999897e-24 1.442357102199999955e-05
2.784918500680000074e-05 3.043739786000000040e-13 5.202548831869999724e-01 2.460122373809999966e-15 4.137155826449999743e-05 1.340868746920000076e-02 8.982410575230000138e-02 5.882602547700000140e-06 7.297052046350000062e-04 3.757075150399999952e-01
3.814726822570000077e-83 1.549125311289999973e-01 1.031888694920000013e-38 7.776653817429999701e-17 8.085500711139999783e-31 7.070181132739999930e-01 1.651027965910000125e-10 1.380693554309999904e-01 7.623582340939999684e-65 2.608735802250000149e-27
3.075436269920000035e-02 3.701579049959999918e-25 1.059216589859999989e-08 4.522528243300000250e-01 4.973725279269999855e-02 2.272710236069999945e-01 7.274597365659999708e-59 1.935719172380000110e-04 9.475377827330000388e-14 2.397909540619999891e-01
3.208308880630000165e-02 5.481888070410000369e-01 9.344637327660000725e-16 2.728831723989999861e-02 3.924397473980000273e-01 3.951245787070000085e-08 2.392316132889999911e-32 8.799969519239999620e-25 5.519359211140000025e-37 3.008648483840000080e-12
5.628398059129999963e-29 5.054243225550000205e-45 8.632238389369999916e-08 6.557318312209999833e-01 1.127722391629999966e-45 3.442680824559999908e-01 2.016314018650000029e-53 2.449604881590000216e-44 6.829493229039999538e-21 2.587341609349999928e-42
7.845373639979999481e-02 6.162464504809999411e-39 4.249912317740000001e-01 1.258336095469999940e-12 5.389744765510000133e-06 3.864877165909999784e-16 2.727498327649999776e-01 3.259902459620000238e-10 2.237998089869999985e-01 2.171023417079999818e-12
5.340665579309999966e-01 4.213180332420000411e-06 6.294826706720000212e-12 5.589250097129999959e-05 3.466071476380000200e-16 4.658733363509999781e-01 8.559056999230000434e-35 4.765478712220000039e-37 1.103562893210000018e-25 3.060447811300000260e-11
3.449397728260000290e-30 2.990491182030000116e-26 1.686616008280000055e-14 1.463357653310000018e-34 8.505076784790000560e-29 3.846045944509999814e-01 6.136335539120000293e-01 1.761851578560000081e-03 1.014806237000000018e-27 5.856099399240000140e-11
2.433185514539999983e-01 4.636197282019999810e-01 2.059815550619999897e-23 3.774224267009999803e-07 3.663199192270000003e-16 1.002112896340000030e-16 2.829703499299999880e-06 2.491444286279999875e-29 4.861588111049999772e-02 2.444426321079999909e-01
5.459051683240000307e-62 5.228698160719999901e-46 4.999995403999999977e-01 5.477423621039999966e-18 5.059607057810000230e-30 5.000001395800000026e-01 6.481259133810000450e-16 3.200202615930000075e-07 1.935387361200000080e-13 3.492171087059999899e-41
4.273574035550000150e-01 1.012767056879999980e-03 2.957685789850000106e-05 5.690977450440000140e-01 3.173301615980000129e-37 1.168167747120000051e-16 3.155792786520000227e-41 2.763990769179999998e-89 2.502507486200000134e-03 4.248205861000000074e-35
2.089071513460000025e-18 2.727228380289999989e-26 6.926373078409999745e-19 4.557470949429999751e-01 5.271436352969999756e-56 4.090403029780000023e-04 1.228320370949999927e-42 4.839614365530000076e-33 5.438438647540000392e-01 2.869177946900000074e-14
1.547563549020000004e-05 1.076571051540000041e-03 1.255113174289999959e-15 4.315050320750000168e-01 5.157236871900000420e-06 1.003823056080000060e-03 5.660965354689999618e-01 7.910559681749999774e-05 5.527525294180000313e-25 2.182998797879999984e-04
2.679206829279999758e-01 7.808389507120000366e-14 1.215226745179999996e-12 9.964933542020000199e-29 3.330569741729999745e-10 5.129268352749999951e-28 2.796112238980000275e-01 1.021513764999999919e-08 4.524535685909999994e-01 1.451403368020000022e-05
6.873618262950000478e-20 5.085317136490000147e-61 2.991458148610000034e-01 2.872513608010000133e-12 3.610375241870000201e-07 8.554332849949999577e-06 4.469227885459999796e-36 5.367688330859999857e-01 1.640764366420000009e-01 3.719984099330000195e-11
1.051977688870000067e-62 3.514741400339999834e-13 5.332675636000000496e-01 9.848294181100000045e-07 1.492354171820000045e-10 4.258178210679999731e-18 3.021194895900000197e-26 4.667309595099999875e-01 4.919111680569999876e-07 5.532148643860000185e-54
2.153093933120000053e-69 3.471805980049999736e-27 3.101343810559999969e-01 5.634459540540000274e-16 7.456832965819999770e-34 3.587822678989999736e-01 1.333840230819999930e-34 3.310832913380000186e-01 5.970745847940000202e-08 3.740393548659999624e-40
1.060746955060000068e-26 8.756691490380000716e-37 7.202695071980000361e-22 5.774250026369999930e-29 5.323126553239999614e-01 1.941869988730000029e-13 1.171470304379999929e-06 4.676861732059999777e-01 1.780074145750000057e-58 2.524608606280000019e-17
1.000000000000000000e+00 2.940035340829999801e-41 4.133574381000000188e-51 2.693905564649999820e-43 2.782619797150000144e-35 6.941792703799999911e-73 6.252989605310000251e-59 1.421493465599999888e-115 1.547064768879999969e-42 9.040345331200000119e-33
5.000000776209999609e-01 3.721837066370000287e-20 1.598661785160000010e-45 1.671888093169999949e-35 7.918917691510000577e-24 2.306243275589999921e-45 1.014912000059999941e-26 2.398349428640000028e-26 3.113375581000000292e-11 4.999999223480000032e-01
3.000729590319999862e-01 1.824593419130000157e-24 1.358335848680000008e-07 3.472492701580000285e-02 7.419933241260000256e-02 5.910026398400000103e-01 2.390290939910000022e-23 5.865245758329999601e-09 1.245798178579999979e-50 2.568577835670000054e-17
2.313863353110000021e-01 4.138858909210000170e-39 2.558639408240000082e-10 6.094379436479999829e-02 3.633651767829999997e-03 6.344238513050000083e-01 4.991907273450000174e-13 6.960981992299999921e-02 1.377859411819999932e-33 2.547072475270000151e-06
2.275561253060000047e-22 5.904698581499999710e-01 9.218830358820000439e-10 4.095301408959999834e-01 5.191886587979999738e-17 3.181587091999999687e-11 1.731765733299999831e-33 2.084653588249999915e-35 7.427181393900000019e-31 6.811254904690000018e-43
3.667384665760000226e-17 4.238300788230000005e-01 4.717726922420000016e-12 1.016462229830000053e-21 2.185022769699999923e-02 1.228417191509999940e-15 8.482445466310000567e-08 5.541891500879999599e-01 1.133494153019999991e-04 1.710914795589999857e-05
4.933555494379999740e-01 2.325120378810000092e-20 7.800891203840000399e-10 2.707386698800000047e-01 2.501414560429999973e-24 2.086429916089999892e-01 7.483830675409999973e-03 4.330268913029999901e-16 5.394346284930000117e-03 1.438461133190000081e-02
1.423211136970000041e-24 2.100679039480000121e-01 1.337850779550000093e-03 3.955958992220000036e-17 2.307439204550000011e-01 1.758010593100000006e-06 4.705591686989999967e-01 8.728939810760000251e-02 2.813463674870000186e-34 9.156711650559999457e-29
9.037466910529999988e-22 5.676723573800000408e-03 2.102318317270000038e-11 1.774326538129999990e-21 4.310848135550000279e-05 2.423713746870000130e-01 4.542255861619999835e-01 2.970079899949999991e-01 6.679578526840000229e-19 6.752170799100000410e-04
6.472265040829999716e-35 4.433165508640000083e-15 1.690492453220000067e-10 9.998040862849999488e-01 6.275481371980000358e-14 1.959135273539999928e-04 4.812144019080000160e-14 1.825714759929999986e-11 8.458163321490000181e-20 5.178250206140000470e-29
1.500952804370000058e-18 3.171414662750000057e-01 1.065747187080000023e-13 4.408805273529999846e-01 8.056389773699999290e-21 1.144164623959999932e-01 1.275609304049999948e-01 1.395927653910000071e-09 6.049389722610000132e-07 7.235864767030000382e-09
4.056993732409999720e-02 5.417701664680000251e-01 1.181913969090000038e-13 3.395388518240000097e-02 3.837053765339999978e-01 5.626413871920000449e-07 7.002687491100000377e-08 1.744378977599999904e-09 3.862046495919999982e-35 7.826516259070000594e-11
2.898204794429999898e-01 6.566121506099999742e-65 3.967548279429999696e-06 6.918551695400000368e-01 1.803843973979999890e-02 5.837768361099999967e-21 2.548846156549999944e-117 2.744451180960000098e-20 2.819437285000000104e-04 1.155220415219999967e-18
4.910685782760000410e-62 1.946347815440000003e-09 8.776723389589999574e-12 4.119496880720000107e-16 2.953753292079999942e-27 5.773092853019999733e-15 2.790119929450000013e-04 4.688055226169999812e-01 5.309154634349999569e-01 2.654410280959999852e-30
2.220773261910000051e-66 3.988922180800000388e-40 4.109592607290000199e-01 1.625426690259999914e-06 3.350965743520000206e-01 5.928495725140000020e-45 8.177679966589999591e-43 7.357301235030000409e-07 2.539418037619999846e-01 1.670943196419999992e-77
6.447153242359999663e-11 2.628785455959999951e-64 6.670567978579999835e-01 4.070776661149999755e-14 3.329432020770000111e-01 1.560387536620000112e-32 3.940670962019999815e-41 1.709752717000000008e-30 6.002587301350000195e-34 4.453607669499999565e-59
8.946895030700000633e-30 3.660481450739999905e-72 3.669208557790000214e-01 3.998362731149999903e-13 1.268743645790000038e-16 2.928222541460000266e-11 5.874332953079999556e-23 6.300488789629999919e-01 3.030265228649999844e-03 1.431601344069999984e-25
3.796145625630000257e-12 1.248752759989999975e-33 1.558339830839999856e-05 1.897786873519999951e-16 7.988505364460000321e-07 1.309996558989999998e-06 7.439247140469999894e-19 3.288493931750000043e-01 5.170119198250000547e-01 1.541209947509999956e-01
1.103184111149999903e-03 6.737331341819999849e-15 4.815217791990000218e-01 3.412216996370000245e-16 1.659258646370000061e-05 2.621598067940000137e-02 7.854278471280000395e-02 1.756457061829999882e-07 5.811922374970000110e-02 3.544802793149999798e-01
6.921502811380000342e-01 6.106756614589999636e-13 8.578971772919999990e-21 1.504056731390000078e-14 3.474284496969999995e-10 3.072524127360000135e-01 3.831714766710000247e-26 9.885039801630000487e-17 2.868558194970000172e-55 5.973057778509999888e-04
1.381645488920000020e-15 2.519066246019999733e-01 5.336763500769999671e-21 1.169966851759999940e-07 1.644943822830000069e-01 3.804983073539999761e-01 1.295152319850000081e-12 2.031005687640000112e-01 4.230112768990000441e-87 4.455177295540000377e-16
2.643886141070000180e-41 3.226107440250000122e-16 2.952685499809999947e-01 5.285564213170000326e-08 2.568135994610000195e-01 3.940589950409999912e-13 2.599422076219999916e-33 4.479177164240000231e-01 8.127779747340000389e-08 3.095334146430000077e-31
2.400430779040000073e-01 5.092542316239999645e-01 7.274329862740000402e-12 2.485405165440000008e-01 5.181736914189999984e-24 1.452570414360000047e-43 7.061984214780000306e-39 6.609155255840000329e-105 2.162173920729999928e-03 1.161731690490000033e-52
8.112852053439999211e-03 2.439947234809999865e-01 1.047827559880000043e-13 3.052582333930000114e-01 1.426187107859999970e-01 5.306679408520000030e-02 1.421803003409999959e-08 4.801077941229999843e-09 1.064329915779999972e-16 2.469486671820000090e-01
2.574620423610000055e-79 2.396329666459999855e-02 4.976705146120000125e-09 1.189184405769999965e-20 4.059631463469999864e-32 3.728298963389999887e-01 5.996768589769999602e-01 3.529943042580000086e-03 3.030929036830000025e-20 5.023831644849999968e-35
5.315450851809999773e-31 3.270088663710000032e-26 6.648207785390000026e-40 1.602123266209999901e-43 5.442892673620000026e-19 5.995775523029999560e-73 5.970516319680000406e-01 4.614258560850000068e-08 4.029483218900000163e-01 6.556694210349999720e-16
7.608927660510000308e-06 2.474788414920000082e-07 2.391294846329999890e-01 1.113741412679999949e-13 1.384813558430000044e-34 1.474086394680000002e-09 1.431955799099999919e-02 1.894715450260000048e-59 7.465430994949999732e-01 3.242673521730000190e-27
1.071050346190000061e-67 1.725486635299999911e-23 4.077003723320000161e-01 2.257343063310000083e-26 2.212604076949999993e-29 5.922996276680000394e-01 1.498887389590000035e-25 6.500776833090000347e-14 4.640291245409999918e-35 1.081194990650000070e-59
5.328791381470000532e-01 3.513752187119999811e-03 1.839767746480000115e-10 7.880995437849999978e-05 4.903497025200000480e-19 4.635282995269999762e-01 1.641197925859999942e-16 9.538943701700000359e-24 3.519570968170000352e-27 4.318608459890000238e-13
7.658927274810000514e-33 1.474511436269999864e-01 1.861242077690000024e-02 2.756425809559999977e-12 2.860707212060000226e-01 1.046454157469999952e-01 8.975631402869999921e-04 4.423227355000000083e-01 7.082294088050000144e-54 2.392722106740000161e-38
4.949953562469999847e-44 1.095836542200000034e-02 6.052978066160000586e-14 7.552708951400000092e-01 4.132386420090000095e-19 1.293164950469999908e-01 1.779954460670000135e-26 1.044542443909999979e-01 2.379958145319999851e-18 9.687346194209999941e-23
2.818803749340000167e-05 1.185372556019999905e-13 3.493986120990000277e-01 6.807318085780000315e-15 9.143275085889999987e-02 2.325439945209999896e-04 4.613195753570000357e-16 4.588086934880000051e-02 2.105045906599999905e-01 3.025224450010000066e-01
4.219791416329999878e-01 2.070610076210000056e-06 2.974804436030000003e-05 5.650445932000000004e-01 1.471250086609999940e-48 1.253996697480000076e-15 3.325852849899999923e-51 7.488640000639999515e-116 1.294444651239999924e-02 3.077615419540000146e-43
2.692804597070000026e-04 1.816712494439999895e-02 6.372703190499999972e-16 4.231471004749999820e-01 1.859960117930000096e-03 3.761140378199999911e-05 5.506895709560000185e-01 4.017821096069999591e-03 1.559062977959999967e-27 1.811530547030000072e-03
2.197632564080000128e-01 1.499784624750000050e-27 1.768163685509999916e-56 1.372289104830000055e-68 4.477798460540000081e-01 5.431330046209999742e-212 2.886097765130000059e-04 4.373411543959999799e-26 3.321680660249999861e-01 2.217360488859999931e-07
3.445409539470000171e-01 7.099660220669999633e-02 1.382224481429999964e-18 2.337604592259999965e-09 2.330212890629999934e-45 1.458173419799999870e-01 1.280929197120000044e-17 5.395528968220000382e-50 1.399348368430000100e-01 2.987102626850000053e-01
5.050073151390000215e-27 2.008951017830000199e-09 1.818182856849999973e-01 4.614638354889999995e-18 1.669076855019999952e-32 3.449104631750000149e-01 7.970198581649999559e-02 6.205151713780000331e-17 3.935692633139999952e-01 5.010554351069999833e-23
3.975819150500000121e-01 6.001145131549999734e-01 5.994818136740000319e-09 1.282064144489999930e-05 7.896828077420000255e-59 1.141911197829999975e-07 8.918839266820000141e-41 4.730519238939999781e-94 2.290630967540000038e-03 2.543345414969999913e-26
4.286104741680000219e-01 1.107824060710000038e-48 7.571760838160000143e-05 5.699775442369999778e-01 1.336263986510000069e-03 6.020413875079999997e-16 2.399686767789999934e-53 3.482071401669999831e-34 1.971252527839999946e-48 3.511019201489999813e-42
1.138476722879999961e-42 6.355096414170000023e-59 2.340445856439999847e-02 4.665200286569999874e-08 2.868248592300000066e-01 2.036417689040000085e-38 8.965287979849999442e-21 4.859273990990000125e-01 2.038432364549999931e-01 1.499509213599999886e-53
2.701499649379999757e-01 1.426914640289999869e-01 4.488237433970000259e-27 1.941617355730000043e-20 3.841818079829999967e-28 5.284975653490000536e-01 1.412712557870000052e-29 1.316284707949999970e-37 2.924519157540000048e-38 5.866100568379999797e-02
1.569463119690000033e-02 2.950602273730000124e-03 1.252720087389999903e-01 3.521956465849999812e-10 5.735731434270000539e-01 1.492550924659999927e-37 2.038850156149999981e-01 8.019660828789999329e-31 7.862459839570000442e-02 4.360647670460000012e-38
7.594389222409999968e-17 4.960301165800000087e-44 7.400838665390000733e-43 5.327476288749999776e-51 2.538111891770000184e-01 2.584118004310000127e-72 2.465423780119999908e-01 4.985802662070000224e-01 1.094250356739999947e-07 1.066057179009999994e-03
3.949533163570000285e-17 3.136095580480000033e-01 1.169672945500000082e-13 4.417519604780000275e-01 7.785719365339999930e-24 1.118555955030000049e-01 1.323888561359999883e-01 3.735854490539999717e-14 3.940116304419999751e-04 1.820340598309999995e-08
1.384902214229999913e-49 3.258350564969999765e-05 5.175157679640000494e-41 3.790235273990000153e-45 5.697175370919999725e-34 3.998869053459999976e-22 3.886590904400000213e-01 4.479987621139999709e-02 2.584048458820000227e-01 3.081036039610000055e-01
6.698688867159999986e-40 9.903988443619999363e-28 1.711395500579999906e-13 9.999999999799999983e-01 1.989817148579999871e-11 8.136091694339999919e-34 1.633118876120000131e-67 4.887506748449999636e-21 3.467065953680000098e-13 8.469418868389999122e-53
5.326317970589999895e-01 4.227196455890000135e-03 4.986023658370000260e-11 1.064620466489999957e-04 8.031566203800000136e-14 4.630345443830000129e-01 1.622067996380000050e-15 2.383628711559999929e-17 1.960774963140000125e-33 4.819911631960000200e-12
3.790737975620000338e-02 1.407136773560000048e-24 2.002214649000000010e-07 4.540355256470000045e-01 4.261338030109999842e-02 2.268946974119999960e-01 1.989908826039999947e-57 3.177732869490000243e-04 2.854352269619999777e-14 2.382310433750000067e-01
1.943741174460000013e-55 6.144804158919999759e-01 2.479276895639999923e-01 1.100641949080000055e-18 3.624215386309999960e-12 2.513014519049999845e-05 4.345637261669999668e-02 9.411039177850000215e-02 4.103564553850000106e-22 3.831678232420000077e-42
1.988960015460000095e-42 1.564251886190000054e-18 3.016108047169999787e-10 1.438784737140000047e-01 6.230460315009999968e-36 7.463117825939999950e-01 6.787069561250000419e-58 1.088733598060000057e-01 9.363835835429999959e-04 3.642696551159999949e-20
3.696906304769999941e-13 4.295113855189999640e-09 1.612616699869999937e-03 2.691836954650000071e-07 5.635388054150000103e-01 9.325495454560000487e-14 1.775129769099999949e-02 4.706201836950000149e-12 4.170970067099999956e-01 9.725663724670000384e-14
5.833709964180000358e-11 7.328063665140000133e-31 1.110499081840000022e-05 3.604011760929999996e-16 1.591638642939999902e-05 6.861418534339999888e-09 4.540416802260000236e-20 3.288492411410000038e-01 5.170175772870000408e-01 1.541061532740000128e-01
2.472098664739999990e-18 1.684957183909999989e-01 5.131523217599999715e-10 2.625554545159999864e-01 2.535114859250000207e-32 2.801718466840000255e-01 1.637989378819999977e-31 3.029416914499999835e-15 2.887769780430000099e-01 1.853121125739999968e-09
2.800813391390000032e-07 2.678832846460000108e-11 1.422348022830000035e-30 1.101788819810000009e-14 3.659131056860000082e-49 2.759901875489999884e-14 3.146575367309999824e-33 1.369731168340000038e-41 3.972481569660000211e-01 6.027515629259999619e-01
3.137674808800000048e-01 1.721810171269999893e-27 9.568555343650000267e-17 2.292466143499999917e-09 3.106037421019999800e-01 3.756287745210000195e-01 1.296940410359999929e-40 1.033696301700000009e-13 1.181804382250000025e-75 2.043486524549999965e-10
2.841196101719999935e-29 4.929754176830000167e-01 4.988250932009999916e-01 1.162156702789999913e-12 4.953732580589999817e-08 6.174376368980000307e-15 8.199429503180000536e-03 2.617426783490000046e-14 1.007440497690000017e-08 7.379796390209999586e-40
2.126261894660000096e-01 1.767521764629999979e-08 1.450857483240000074e-08 3.255046036459999792e-01 1.485587928149999928e-10 1.147577155709999935e-01 4.232187651470000276e-39 6.826554575659999942e-11 7.375945551970000159e-03 3.397355133650000192e-01
2.910899786460000027e-01 4.029656329290000039e-47 7.596710097389999363e-08 4.584391765590000167e-01 7.963624659410000600e-05 2.401198112740000057e-01 1.159552512059999972e-12 1.026595615289999965e-02 4.362999167019999763e-27 5.365153470760000190e-06
5.993500492850000194e-01 1.395746703410000011e-08 1.934700240490000116e-20 8.078986500540000457e-08 1.319703075169999981e-45 8.493820980549999855e-06 2.014244457860000021e-23 1.070505910930000048e-55 3.991663596159999994e-01 1.475002530479999985e-03
4.925606531830000190e-01 1.255214697069999989e-20 4.368533434400000270e-08 2.404992398480000071e-01 1.622384651540000083e-23 2.174189619059999912e-01 5.623218849730000316e-05 6.105736888929999776e-16 4.937271246339999808e-02 9.215672600930000424e-05
3.999447174710000219e-01 7.983507821790000646e-36 5.999259082869999871e-01 4.400302042240000156e-17 1.210491706369999990e-04 1.870480231600000094e-37 1.313381256080000069e-42 8.857749624220000117e-57 8.325071255279999175e-06 8.207585783759999623e-41
5.934142304340000065e-36 1.592181361839999906e-12 6.394009123849999910e-11 3.295317465969999857e-22 4.402757441030000218e-02 3.664139690009999839e-01 4.111024789069999792e-07 5.895580454200000098e-01 5.779381017480000317e-46 9.512797499300000409e-20
4.497277132920000225e-02 5.395585019170000551e-01 2.607129662519999985e-12 3.640221973120000287e-02 3.790562018640000197e-01 1.030515417980000054e-05 4.331986234020000162e-29 2.370985159810000175e-22 1.505860516629999923e-33 1.510826407780000074e-12
8.534795565820000115e-08 2.070212964860000150e-03 3.240994782529999938e-23 3.889211617660000009e-01 1.528138860549999899e-13 7.429038516210000284e-14 6.776031265649999635e-02 2.301229307940000079e-01 6.106723316999999700e-03 3.050185731530000166e-01
2.400541481279999945e-01 5.092523603059999626e-01 7.098852791189999986e-11 2.485658511499999890e-01 3.833209071749999903e-23 1.278983532850000098e-44 1.282665017599999966e-38 1.446227194240000051e-104 2.127640345000000009e-03 6.042608987149999788e-52
5.178662563160000037e-15 3.990638104650000258e-11 1.671942570440000041e-42 5.162893920619999698e-58 2.601396849579999948e-01 1.848717516719999909e-53 1.615987181590000099e-01 4.556961065480000239e-01 4.805911623370000000e-26 1.225654902960000014e-01
3.316279369139999988e-01 2.958468403010000159e-09 2.541388896389999871e-22 6.206610220949999590e-01 3.368251837609999993e-02 1.600469140070000002e-36 2.064764910640000015e-39 3.688048316299999637e-21 1.402851894929999996e-02 7.063227531529999560e-10
1.953293898899999964e-02 5.546671684289999904e-01 4.648897754249999841e-15 2.354522286410000095e-02 4.022546696889999773e-01 1.783971727639999903e-11 5.152391454259999995e-12 6.403264231090000065e-12 1.367797785360000061e-39 3.509850152089999721e-14
1.949535985629999996e-02 5.546895272759999607e-01 8.914874846420000471e-15 2.352676175329999897e-02 4.022883510370000026e-01 7.057556481210000019e-11 1.927537272169999975e-12 4.718334254689999952e-12 1.435632238500000000e-39 1.208441879360000014e-14
2.197186636929999992e-01 1.253927060349999922e-25 4.032714697979999791e-09 2.018790632250000084e-24 2.790204201170000120e-01 1.302944753679999970e-21 9.775064978779999917e-12 1.993112594429999884e-01 3.174392515129999953e-02 2.702057275529999858e-01
1.024358365999999965e-01 1.992701616420000020e-11 5.240811898870000318e-01 3.661169467210000075e-17 1.891833399760000062e-07 1.296070482180000046e-06 3.734814882240000133e-01 3.499381290499999819e-12 3.942851403639999710e-12 7.394709635759999626e-12
6.425080973929999497e-58 4.998537100179999970e-01 5.305696539320000032e-46 8.922185960420000565e-26 3.107184225159999963e-58 4.982286322180000115e-01 1.917657731380000095e-03 1.749367247680000028e-11 1.419334814110000084e-38 1.507414456670000031e-11
2.151323340269999852e-21 1.583988838030000127e-20 2.363568707330000046e-02 2.604948858000000241e-07 3.072896640150000191e-01 9.431324177569999594e-15 6.606274025939999905e-01 8.446985823280000333e-03 7.018245104550000406e-17 1.135687820459999974e-26
1.232227584400000036e-16 3.337981198209999945e-01 6.329537278279999696e-46 6.224769250129999592e-07 4.446973859590000217e-42 3.980973486140000170e-29 3.177284749250000121e-15 1.171631899100000005e-29 6.662002097610000284e-01 1.047940895269999974e-06
2.592767395990000122e-15 1.945612140489999864e-18 6.841058481010000433e-19 1.668167293700000119e-48 5.785094910400000229e-65 8.602986960090000523e-02 7.601770493320000321e-01 6.831047514969999439e-27 8.972343199929999381e-12 1.537930810579999918e-01
1.578356663820000043e-34 2.776767819600000222e-53 4.856542688769999727e-01 1.479576830250000063e-12 7.912482583629999898e-29 9.873017536979999378e-40 1.052800012590000074e-70 4.643019858439999949e-51 5.143457311219999939e-01 8.329658569540000534e-85
9.679731280800000642e-10 1.139779511809999943e-10 1.453257944510000059e-03 4.868641334370000245e-08 5.637491339860000172e-01 1.199866519289999928e-13 1.745490706730000105e-02 3.372111493810000178e-15 4.173426512330000171e-01 2.438077251019999902e-13
5.340511489239999632e-01 6.149385088039999495e-05 9.167432210410000315e-10 4.209336864969999832e-05 9.406222958909999707e-22 4.658452629400000045e-01 5.468647713489999772e-16 2.335697689629999886e-26 1.969754133990000174e-24 8.833234909439999384e-14
2.755358188270000150e-54 3.594484223689999923e-14 9.198377773669999540e-22 5.990115952059999446e-29 5.150165930080000319e-21 2.633538905870000094e-06 7.076835723250000099e-01 2.923137941360000047e-01 4.307447374139999739e-55 1.064553913880000050e-26
4.711989705069999630e-44 3.684573761600000291e-42 5.308447541309999933e-92 1.781105703310000090e-107 7.350456669679999790e-25 3.924468302680000182e-64 1.634092769619999996e-01 6.910327019249999925e-01 3.090895195880000024e-40 1.455580211130000079e-01
4.475888342230000002e-59 5.845863769669999987e-01 2.846517627099999781e-01 2.658892278420000105e-17 1.800319651420000005e-09 3.748943867279999793e-03 1.037141002560000025e-01 2.329881439950000008e-02 1.596728716769999972e-25 2.196104727579999929e-40
9.107469848280000430e-39 5.576790008079999852e-21 8.664797107789999418e-36 7.209940160030000460e-23 3.030816199190000040e-50 3.775186786759999746e-01 1.142448873910000071e-31 3.529587552309999689e-08 2.959421667469999946e-18 6.224812860280000137e-01
4.277420949070000300e-40 6.524139483879999650e-28 2.026248462119999917e-13 9.999999999799999983e-01 1.936296487100000145e-11 2.855121989770000119e-34 2.813941212619999839e-67 6.773250457799999694e-22 3.471828887289999950e-13 1.739403915419999913e-53
4.082926995449999821e-45 1.252766251910000012e-37 2.116120530499999799e-12 3.930385040550000153e-01 5.204992895519999780e-39 4.849087541350000086e-01 5.395185284700000218e-45 2.352526382810000028e-03 1.197002154250000061e-01 2.411806939059999900e-20
7.469348140970000264e-34 1.906985075369999894e-01 5.589280894549999926e-08 5.788017321449999697e-01 9.745064805199999454e-11 2.304997043279999880e-01 1.438277004349999988e-26 2.064422318389999940e-17 7.415133032920000152e-45 1.267815092039999937e-42
4.694936977899999975e-01 2.144907749869999828e-31 3.999471588500000200e-13 7.404855435100000634e-05 3.395512496229999982e-02 1.264518183899999952e-06 7.168024012900000347e-35 1.994901075130000034e-01 1.853851256629999968e-14 2.969857566620000000e-01
1.176750326419999957e-19 2.115487401980000002e-08 6.937341148410000327e-40 1.336554549379999915e-29 3.537144919130000299e-45 5.729200817230000187e-01 3.829626287750000080e-03 3.342280459759999901e-13 7.092839511689999892e-51 4.232502708340000197e-01
1.304716216119999883e-01 8.399851927189999166e-25 7.676804143330000396e-28 2.908433906330000266e-20 2.067339905820000101e-01 5.567821503930000526e-01 6.956204734179999796e-32 7.534190707350000425e-09 1.658078257800000081e-104 1.060122298789999973e-01
3.426482750860000103e-11 3.544006998070000063e-03 3.191247000330000033e-38 4.171119999819999911e-15 4.584119749389999887e-01 3.929727061039999803e-01 3.388201707639999908e-18 1.307784107559999964e-01 8.537586538079999869e-154 1.429290116880000024e-02
3.504663532539999748e-07 1.700867423930000049e-03 6.475684679849999635e-24 3.900427021830000229e-01 7.546378701939999512e-13 1.962733790779999918e-17 8.816946253379999432e-02 2.215910930639999887e-01 4.162924403379999680e-03 2.943325999249999936e-01
1.115918963819999955e-69 8.162850230039999955e-43 3.196854037729999765e-01 1.592811740490000135e-05 2.513894388759999944e-07 2.988112596420000005e-26 1.852493650049999948e-25 3.804542708340000190e-01 2.998441458860000020e-01 2.398209615689999929e-62
4.134734398869999626e-18 4.071813762559999827e-01 7.710502774640000194e-19 4.916454421650000047e-15 2.172687193160000099e-63 5.928186237439999617e-01 2.783539842269999966e-37 4.861412768059999829e-61 9.564559507250000883e-28 3.477555499169999735e-27
2.303068182559999813e-31 3.491832615139999763e-01 3.688832930659999843e-01 1.673646165770000015e-26 4.075969698780000211e-29 2.397361125470000021e-01 4.219731760570000212e-02 1.028907144980000024e-13 1.526674370279999944e-08 6.715199888820000248e-24
3.263559857610000003e-01 4.842537949860000173e-04 1.535741618060000105e-13 6.043921818380000310e-01 2.684328914929999879e-02 2.349075589299999977e-09 2.984943793049999919e-08 8.820710503689999848e-15 2.021547963889999874e-07 4.192405510319999890e-02
7.505389549700000416e-28 5.936279792369999898e-47 4.547444066200000066e-39 1.509520247540000104e-28 2.751627852549999870e-30 4.461385424000000044e-03 2.435598076079999905e-29 2.253117718340000020e-01 5.774661339119999619e-45 7.702268427420000396e-01
1.171799162770000069e-20 4.071813540120000074e-01 1.577320598979999925e-19 5.965197644190000393e-15 1.283239536619999983e-57 5.928186459880000481e-01 1.081624549669999975e-37 1.365353341249999901e-53 2.947853773199999901e-33 1.624616329319999909e-26
3.984499696489999798e-01 2.690081213979999819e-24 5.979750734880000529e-01 9.285772490620000741e-18 3.571456807620000153e-03 1.127797213909999998e-36 2.826073874319999970e-11 3.424959295569999873e-29 3.500027231439999889e-06 7.718785549289999760e-34
3.998542213290000036e-01 4.840029039350000137e-29 5.998082042029999617e-01 1.686736031549999903e-17 3.269577988470000044e-04 4.153093629399999806e-37 2.951404870630000091e-12 1.229776104590000024e-33 1.061666673160000008e-05 1.128807707829999996e-35
1.948844262040000072e-16 4.093848609769999608e-43 8.644106309520000534e-42 4.561256379890000072e-52 2.540019020429999941e-01 2.458786441960000056e-73 2.415134578400000009e-01 4.957855914509999851e-01 8.977591806709999430e-08 8.698958890200000210e-03
3.145091267560000126e-01 1.703381068629999939e-01 5.156942914369999897e-21 1.348870568399999918e-10 3.605382004560000267e-35 9.449082255680000918e-13 2.315339494009999961e-10 4.586932828880000090e-21 1.943715239290000063e-01 3.207812420839999956e-01
2.532614412190000090e-14 5.096837042639999684e-40 4.727709349389999786e-21 6.917079602579999653e-01 4.474387552599999747e-04 2.870348340110000176e-24 1.999899564179999995e-22 3.078446009870000055e-01 8.618779760290000300e-15 7.175492823029999566e-14
5.926365274189999699e-01 3.857631911010000244e-18 9.260720979700000747e-28 1.615464270850000040e-12 9.751680761750000612e-34 2.775765977939999835e-41 3.115009799870000260e-32 1.848342119689999999e-43 4.073634725799999967e-01 1.292926618030000011e-14
4.773248767609999943e-02 5.369613322770000474e-01 1.011008641110000059e-11 3.898269960629999892e-02 3.762234876030000064e-01 3.115912341529999735e-05 6.867108591019999511e-05 1.621745460089999919e-07 6.824771983379999946e-31 4.431379805070000174e-10
3.095527788139999871e-24 7.320727790180000051e-20 2.216524195890000109e-23 4.784966030240000359e-34 1.993707084939999874e-01 2.419506652250000029e-04 1.293034199389999916e-01 6.710839209009999973e-01 8.932886438280000197e-104 9.944994254519999370e-15
3.186606848429999750e-01 3.346254324170000119e-62 3.116828642040000032e-14 6.264190607300000602e-02 1.420691221890000022e-01 2.851779978240000175e-18 1.444863175790000049e-35 5.518187175699999780e-02 5.690709246170000141e-04 4.208773442140000265e-01
1.398326072150000006e-13 2.327832053109999937e-64 3.714766987710000257e-04 1.515480037529999905e-14 4.782888455510000275e-02 1.951478704230000020e-28 7.347946508039999670e-13 2.683565451830000059e-01 6.834430935619999481e-01 1.301170050899999901e-19
2.415505790810000095e-18 2.075177348869999987e-08 6.308866735679999775e-41 6.691340304520000019e-31 8.311733076299999427e-51 5.609954789890000404e-01 4.078501202359999939e-02 2.317914856009999861e-17 3.629160363410000316e-43 3.982194882360000077e-01
2.123925167310000076e-55 2.469837474600000138e-01 6.284795720870000046e-01 5.609772268460000109e-08 1.934958037159999894e-02 1.125448654269999997e-05 1.782049502849999848e-11 1.051757894800000037e-01 1.458260126899999989e-33 1.606741200329999869e-54
4.014825997759999959e-02 2.323859956119999903e-01 1.331315013669999897e-13 3.990176207400000230e-01 3.131271321430000032e-02 2.982731195089999982e-02 9.769769527749999537e-07 2.115192299269999894e-12 5.347011975849999721e-15 2.673071215260000022e-01
4.171453041109999815e-01 2.912090686830000053e-01 3.603630179170000023e-26 3.238756999439999938e-06 9.678306472470000414e-13 2.755057342340000049e-25 7.436936659760000310e-06 6.300957069400000191e-30 2.815839852820000155e-01 1.005096622960000019e-02
3.792972876410000138e-01 2.227053198159999853e-11 3.882500877739999780e-28 6.623859455569999918e-23 3.642991083339999780e-14 3.725520576160000208e-01 5.915580216919999447e-23 1.879746570299999900e-18 1.990588461139999928e-68 2.481506547200000024e-01
6.037382716879999953e-17 2.052741592039999995e-04 1.640816245800000128e-08 2.871689860610000060e-15 3.235096000370000224e-01 1.689463501200000082e-29 1.811693254500000017e-01 3.077027852629999893e-01 1.874129986829999872e-01 1.597809422359999890e-20
8.711605056450000372e-16 2.520324601019999777e-01 4.797056500830000356e-21 1.137043485469999907e-06 1.642827102980000120e-01 3.803620338700000048e-01 1.650504875570000014e-13 2.033216586870000009e-01 6.641534090369999750e-88 3.364041422440000272e-17
1.580892234729999897e-05 4.394227574080000219e-06 2.459862934810000124e-01 7.675161193750000319e-14 1.049807249209999973e-32 3.885977482220000355e-09 5.466400450599999752e-03 2.601344982149999956e-57 7.485270990319999873e-01 3.905614924709999834e-28
1.580053345509999950e-22 8.960470466719999508e-94 4.109432004460000232e-01 2.695719462800000032e-13 3.351177912100000156e-01 1.543659986139999870e-38 7.862054844740000001e-93 2.841111007670000238e-17 2.539390083440000168e-01 1.931726973390000031e-44
9.104562783089999630e-14 1.310327869029999971e-20 5.835899384570000237e-01 3.282961145589999912e-15 1.230273072939999934e-01 7.456465193490000032e-02 2.671807711709999910e-09 2.188180996419999969e-01 4.827420846920000006e-36 2.771695735300000201e-23
2.394386974649999871e-57 2.680656684519999969e-11 4.793486361300000054e-01 1.311238967060000048e-06 6.819225955459999644e-11 9.245891268370000360e-02 9.002066868309999831e-03 4.191890729839999885e-01 2.037500511439999880e-18 8.324956124059999739e-43
3.410058566489999965e-23 1.877789918800000102e-100 3.194028795180000047e-01 1.953428073859999999e-10 6.921237219010000245e-04 2.209030058199999955e-27 2.029209994560000004e-27 3.800518011530000240e-01 2.998531954109999731e-01 3.976434542910000042e-32
6.414791676940000409e-01 2.170537997699999923e-50 1.143009465480000073e-11 7.830261325039999942e-02 2.031381680470000135e-05 1.603769294069999907e-01 3.907350236780000092e-20 6.546181675779999831e-09 1.333735450600000011e-22 1.198209692740000026e-01
5.329343126590000423e-01 3.352760537369999828e-03 1.029173467329999973e-10 7.486739224170000338e-05 7.462674609830000341e-20 4.636380593080000057e-01 1.371459105269999988e-16 8.692275755090000894e-25 1.661084639980000055e-28 3.327287599520000056e-13
3.824438974859999899e-03 1.821480543149999999e-11 5.101612786050000073e-39 1.717185684859999923e-13 4.985313308329999971e-01 5.280797026140000344e-30 3.206739317269999952e-21 1.008028157279999968e-06 4.378484029099999789e-29 4.976432221450000082e-01
6.921277812289999831e-01 9.436750241950000150e-13 2.261904863389999975e-20 6.635084825339999651e-14 9.567655342329999400e-10 3.072331481189999880e-01 1.107910720299999960e-24 1.473070890640000022e-15 1.899559700429999965e-55 6.390696943130000276e-04
4.166598481530000112e-40 1.043912037779999970e-03 4.331823695020000087e-01 1.076480550710000029e-04 1.663706495950000152e-14 1.157407728339999910e-03 5.642733857770000361e-01 8.308529189289999572e-08 2.351938151389999961e-04 3.951976676309999607e-31
8.080178088569999659e-33 1.700254537739999870e-24 4.370377691549999909e-15 2.694943962919999917e-32 2.343562544309999918e-31 1.040031395560000044e-01 5.069641194860000228e-10 3.276833029740000014e-01 2.418366024240000134e-01 3.264769545399999751e-01
1.582419353129999893e-20 3.676246985129999923e-32 4.701557525619999572e-31 9.561315760740000073e-39 4.753524752809999976e-01 1.647671097499999886e-30 5.212323568460000001e-01 3.415083527349999787e-03 6.337126645700000304e-39 8.434615483789999563e-08
3.245093829499999805e-01 3.053431998060000051e-22 8.701990157839999299e-21 2.835634704500000117e-47 5.397308828939999942e-02 2.751354980260000189e-47 3.668091382430000054e-03 1.875742647779999878e-07 2.360377883339999927e-01 3.818114614700000020e-01
4.160599931739999628e-06 2.347495038980000059e-01 1.210833189290000059e-17 4.070558957939999778e-01 1.040415184529999981e-01 1.343245140679999966e-13 9.996195267940000409e-30 3.515334241209999949e-04 3.750470031379999891e-06 2.537936373610000240e-01
1.637286231270000114e-01 4.597320376680000223e-10 6.122178246049999995e-14 5.237963384279999968e-01 2.516785448759999762e-04 6.971472389179999622e-15 3.122233501789999921e-01 6.046240345379999676e-11 1.589277002709999949e-12 9.199432172870000219e-09
2.445512071520000040e-29 7.096007528190000365e-53 9.453381204049999742e-38 1.328678418700000030e-62 5.278271716389999618e-29 1.091998780299999945e-23 9.139136938820000341e-09 4.676881481590000056e-01 6.307378131720000185e-25 5.323118427020000487e-01
1.850072381410000081e-29 8.237494367879999526e-29 3.478043355170000184e-01 6.658266407610000169e-17 1.789542710219999936e-16 3.463854721540000209e-02 6.552182325810000048e-26 6.175571172679999998e-01 6.444978682629999778e-21 2.108755613350000012e-27
8.201678609559999805e-60 4.595775567920000193e-01 2.958083193500000065e-43 2.694767038489999917e-19 2.137186093769999904e-66 1.044482439000000012e-01 5.696877520010000276e-08 4.021197997909999877e-01 1.184857485710000029e-07 3.385422406270000018e-02
3.316971536789999897e-01 4.874691991349999917e-13 3.476358331579999687e-21 6.207372975970000262e-01 3.358870495940000089e-02 1.420366877869999978e-37 4.771704852740000003e-42 9.596174513729999715e-24 1.397684376289999933e-02 4.822926116349999581e-13
1.774663153500000146e-02 2.075029249020000127e-05 1.609600773069999983e-29 7.988973250469999238e-09 4.911109769620000121e-01 1.060879957619999999e-10 3.776582304940000239e-08 2.285596665769999911e-08 4.140130699550000099e-51 4.911215724940000138e-01
