1.958553450389999932e-27 1.132979268769999909e-50 1.160330141500000065e-28 1.314798109899999966e-41 1.559372628380000001e-46 1.506705750600000074e-37 5.673912203530000475e-01 9.653312617039999655e-02 3.360756534770000248e-01 1.065123864049999902e-25
4.796410358850000111e-01 4.379620808159999695e-40 6.089387765820000048e-02 4.594571180709999814e-01 5.577020048169999527e-17 7.967856162880000728e-06 2.585589404519999916e-42 2.177260232180000057e-46 5.207769054929999558e-10 8.699815718130000801e-12
3.390976546329999838e-13 1.657719708729999922e-12 2.124128658679999952e-13 3.942209862139999799e-01 2.851288877940000170e-37 9.526750522219999684e-02 7.265492279499999724e-07 5.699008490820000362e-12 1.920625074479999916e-01 3.184482745589999886e-01
9.820568713340000514e-54 1.152714048699999941e-18 6.988116420779999920e-65 3.496442420029999831e-01 6.467510314939999617e-10 1.259109518509999920e-03 6.490966478320000510e-01 1.443408492450000078e-24 8.046750211710000476e-70 1.275406912350000105e-13
4.626254464399999766e-01 1.578517235789999977e-41 3.567052136270000276e-08 3.297791071890000101e-26 8.642057014140000445e-64 5.373737532200000278e-01 1.208880128170000003e-38 9.859253726280000756e-12 4.564417551369999988e-07 3.082178294700000032e-07
4.230646970049999877e-13 5.277474441319999841e-21 4.739606997999999939e-42 7.217873975349999775e-40 2.993389762189999825e-24 3.750134438739999854e-01 3.457311753549999755e-01 6.467303941490000045e-73 2.419794987280000126e-25 2.792553807709999836e-01
5.000090917160000537e-01 2.659593897439999823e-23 2.056256147509999834e-55 1.638723166309999926e-13 5.959016102189999454e-14 4.080834938859999818e-29 4.999909082730000232e-01 3.650176777010000333e-30 7.420792666340000454e-12 3.335466697680000151e-12
4.232953606350000041e-05 1.168814126370000009e-21 2.873931670120000125e-12 5.053171187460000179e-03 4.360084140269999759e-16 4.510990062149999869e-01 1.984559019229999906e-23 1.142441966680000067e-37 5.438054930579999668e-01 5.923475701199999934e-36
1.866379351579999985e-19 8.529594392740000178e-04 6.827237849660000124e-05 3.879236311800000034e-69 1.177185257749999996e-12 6.540554057270000499e-01 3.395425383880000259e-01 3.082341238530000087e-12 5.480824062840000156e-03 8.515042483570000090e-27
3.156008772039999855e-01 5.962717556009999690e-35 2.892750296680000057e-30 4.059231111070000410e-06 8.226913529690000142e-23 6.378569199299999846e-03 1.760443889259999950e-01 1.024551508710000082e-36 5.019721049449999972e-01 4.946344694849999719e-10
3.106879296169999805e-01 5.601636153200000023e-02 5.659511616229999663e-05 3.225978453290000084e-12 1.717644685910000094e-02 6.160626668719999532e-01 3.123259955739999852e-74 2.953502440190000174e-41 7.517511920719999410e-40 1.188398783169999961e-35
1.005543295239999955e-55 2.478011354519999987e-01 5.874849041799999904e-28 3.624078584949999949e-06 2.905021436560000117e-25 7.449850862819999975e-01 7.210136591129999786e-03 1.759191474860000153e-08 3.915407409479999828e-12 2.709103027199999991e-59
5.021634228260000166e-01 1.220198287099999939e-69 4.974193108830000098e-01 1.148333676180000039e-11 1.249375335609999969e-43 4.172625534009999967e-04 6.774521859449999785e-77 5.742715823869999616e-38 3.726754014870000270e-09 3.160806386420000042e-35
3.323970724040000140e-03 2.285934103609999880e-47 7.613028330530000054e-02 1.587627501970000077e-01 4.516479844540000066e-01 6.992698002770000626e-36 1.396706498650000055e-12 1.687504936109999894e-11 3.101328449629999762e-01 2.166338000110000045e-06
2.652418497530000252e-01 1.416065268400000083e-28 2.512162437739999976e-23 2.271105504440000059e-46 1.739508399780000057e-48 7.347544863510000468e-01 3.554852542350000175e-17 1.946627572190000141e-34 5.937421268049999903e-09 3.657958195780000067e-06
5.973869618199999496e-10 1.407306213040000053e-08 2.338054570919999992e-02 5.829266974009999843e-39 2.473676891980000111e-16 4.395090294980000403e-06 3.804521182819999847e-01 1.263851664940000039e-19 1.801748875770000091e-01 4.159880386709999822e-01
2.341635958190000089e-01 2.553913730600000203e-47 9.093776677309999660e-34 1.243045074799999975e-09 5.383068507070000269e-44 1.253415131760000079e-01 5.410527145219999889e-01 1.657311810440000049e-08 9.921287388909999505e-02 2.292847774660000085e-04
2.086857652109999905e-01 1.697542021199999967e-65 1.936378660059999979e-01 9.687929232190000565e-54 4.365113881459999806e-45 3.773682227250000011e-26 6.383856700879999867e-57 2.377234550539999998e-39 5.976763687830000116e-01 2.073234320970000031e-29
1.287742815989999941e-12 8.883679695009999699e-42 4.371061708619999875e-01 2.281801691179999827e-18 1.319476960259999928e-68 5.628938246139999491e-01 4.209849903229999933e-106 4.523615857490000153e-09 3.182823809959999908e-29 7.861335348529999835e-25
6.717164268549999928e-01 2.678381523770000052e-35 1.874250970049999960e-10 3.151047962740000097e-01 4.402339095360000393e-19 4.842946043169999864e-18 1.722583735609999923e-56 1.317877447129999977e-02 7.523960081669999694e-36 2.212435343260000050e-09
1.167101239010000061e-14 1.700931771330000023e-42 1.276928733739999948e-33 3.780496597349999832e-07 1.078495672999999930e-54 1.720542639799999906e-18 1.026254278220000045e-02 4.440893608320000086e-32 4.554528132330000201e-01 5.342842659350000023e-01
4.683307770269999792e-24 1.664630314790000073e-06 3.555693868469999633e-15 2.401977744830000230e-19 2.063997166049999901e-09 1.250788376580000050e-39 1.959683237970000083e-13 4.535394940670000041e-01 9.069707482529999607e-32 5.464588392379999826e-01
6.338171236880000281e-01 2.132029544640000052e-01 7.092757883249999734e-14 8.809012641889999588e-91 1.576510150879999954e-16 1.402963124030000004e-22 6.329292694530000141e-13 2.154775832629999961e-45 1.529799218479999945e-01 5.032241944089999763e-24
5.783445829150000102e-16 4.799845318709999864e-01 4.461214207909999785e-01 1.785312585160000064e-14 2.345179759589999981e-17 3.708453734439999671e-30 1.266877804539999903e-35 9.589947401550000274e-06 7.388445739000000512e-02 1.722248325870000021e-45
4.393066206219999881e-01 2.510983704249999948e-01 3.095206054140000052e-01 2.485318058910000080e-38 1.994881776360000010e-11 1.304381455479999961e-16 1.320560318500000028e-20 1.350499329610000000e-13 7.440351798280000258e-05 1.798001798190000068e-16
1.928609408210000026e-25 1.008414480660000077e-24 2.222732714189999950e-29 2.183227079679999956e-23 6.510710182010000213e-09 2.848075096750000110e-48 4.000007003209999912e-01 1.811445610910000024e-75 5.999992931680000474e-01 8.468548909280000587e-30
2.059166809239999879e-51 5.797807020890000245e-10 2.325232974310000207e-34 3.280842606600000155e-01 2.033256699819999958e-01 4.685897243420000247e-01 1.263216099019999946e-08 4.435015587400000165e-10 5.120469575290000145e-87 3.313601197679999876e-07
8.464986202559999890e-47 3.285011191939999908e-01 2.702705218800000168e-63 3.959695665250000107e-04 3.418765415219999770e-01 6.207768224140000407e-04 3.127482260099999929e-16 2.264847270329999854e-16 4.329003673740000153e-275 3.286055928959999983e-01
4.340423391300000100e-01 2.699533580239999883e-38 1.522623838730000068e-01 4.136950964500000216e-01 6.086228125269999515e-16 1.774232601760000032e-07 1.329114455560000097e-40 2.339264818479999942e-45 1.749252244570000142e-11 3.106311687380000204e-09
5.361474463380000444e-01 1.309814808120000032e-65 4.279345931620000369e-15 2.358103705969999964e-01 5.711641012409999725e-18 2.319697132340000032e-22 1.585128230139999975e-13 9.826630934540000720e-68 8.255335617020000127e-02 1.454888268950000063e-01
4.814667795009999999e-28 8.973158046330000067e-11 5.317378446009999905e-11 5.843719209760000338e-02 9.374565187000000276e-34 6.190243028580000306e-01 2.439317608429999751e-13 3.171976161019999796e-01 5.340888799600000160e-03 7.303598406089999505e-30
2.254330263219999839e-02 1.788376621070000005e-01 9.393352766930000838e-16 5.921231139030000111e-20 2.094281663950000039e-01 2.875455283559999920e-30 1.805655208910000031e-01 2.200008957240000007e-01 1.886244522509999966e-01 2.465079511049999996e-22
3.285422454790000169e-01 3.586185219180000047e-77 1.568527043340000063e-19 6.531660973849999774e-01 7.215841507950000490e-13 3.061978278649999869e-25 4.904079555889999980e-21 1.768318984599999883e-35 2.234714574199999831e-16 1.829165713549999947e-02
1.518108641699999971e-33 1.157463909369999994e-43 1.052694707120000075e-15 4.678358841060000217e-01 8.528877676960000542e-02 6.330942576850000043e-59 4.060745500369999927e-01 6.167944588569999615e-12 4.080078908109999875e-02 5.641692469840000417e-31
3.722820741959999811e-31 3.440673381969999716e-49 2.115979758989999951e-30 3.197870600250000121e-34 1.744050316730000031e-06 1.382900250590000054e-45 5.953131332959999966e-01 1.330716003520000009e-28 4.046851226539999735e-01 8.133617130550000160e-69
1.052231198690000008e-01 5.516936860410000371e-51 2.945789593030000153e-02 3.469959893990000044e-01 1.078393652869999997e-45 1.926480566090000017e-04 1.310456123160000075e-66 4.376672494069999655e-27 5.181303467450000255e-01 8.889143262569999968e-38
5.357089161000000432e-03 1.699463299270000032e-41 3.516891610360000230e-30 2.859835719670000150e-29 6.165828502580000108e-111 5.702823652620000322e-02 4.723493167470000197e-16 8.915268774909999682e-16 6.348331689209999462e-01 3.027815053910000165e-01
6.291664764929999958e-12 1.061095928549999951e-11 2.765163720120000043e-10 3.942202282769999844e-01 2.315029383570000118e-36 9.526874081779999892e-02 2.068251215659999941e-06 1.691900949139999859e-11 1.920622091380000118e-01 3.184467532060000217e-01
4.328046030839999836e-01 4.154368209300000154e-04 6.600568809550000360e-02 2.034138342229999989e-16 2.004899077750000120e-19 5.007742719990000424e-01 4.116007884550000070e-116 1.741634012720000029e-37 1.003092485139999954e-40 1.419686644320000073e-34
7.918443914650000540e-03 3.752278206560000147e-05 1.514114944049999919e-16 1.480483634699999972e-07 5.521532770249999722e-02 1.763818307260000194e-46 5.901817692519999853e-02 5.683124761750000253e-01 3.094979042680000014e-01 1.837707115289999985e-10
3.111070614250000161e-05 2.955048558330000130e-01 5.351019371340000053e-01 2.771062840499999785e-19 1.338620512300000057e-42 4.558590069409999918e-41 7.125026302999999553e-66 4.736377529830000088e-08 1.693620489619999947e-01 3.831875586770000013e-34
4.062879252759999961e-35 5.974799288069999761e-21 7.320834676349999848e-01 7.118148842120000652e-02 1.967350439439999876e-01 5.574283200359999528e-29 3.899135831820000234e-44 1.026369531559999941e-33 1.364462415419999933e-27 1.127573332869999939e-34
3.014220879080000137e-01 1.402730920140000048e-10 2.282968467170000001e-06 3.051928587719999870e-30 9.693330729249999330e-12 1.165660383340000075e-67 9.885290837519999390e-17 1.807124873869999926e-37 3.300069154460000265e-01 3.685687135269999914e-01
3.749008051500000160e-01 3.242971863490000080e-04 6.458982107120000479e-16 3.925781633879999822e-38 6.247177603639999521e-01 1.953367774029999894e-20 5.686201633430000015e-05 2.752684729190000083e-07 1.478032883620000087e-11 4.157036987449999973e-15
8.006165978199999658e-07 9.983344071340000546e-28 1.620349408369999966e-05 1.397124787270000069e-35 7.103673150160000338e-01 7.057680935139999656e-05 3.162524188600000091e-03 1.557168802139999943e-07 2.863824241590000041e-01 4.327916556230000050e-31
1.152124010950000089e-43 2.440630746940000009e-36 1.697721219970000034e-43 2.702270474490000018e-01 7.297605655909999989e-01 1.238695945770000067e-05 1.061787799340000020e-37 5.263403931990000101e-51 1.809875604800000019e-106 2.821808932139999847e-33
2.259977076050000169e-05 7.194801519650000402e-11 3.449179086180000168e-15 5.861687451570000151e-01 2.881872510809999896e-08 1.131512192860000042e-04 1.012062777230000044e-01 2.532090157010000132e-41 3.124887672710000008e-01 4.299687548849999927e-07
5.948749719949999880e-19 6.623197153200000020e-01 3.242183164679999785e-01 1.201229017749999993e-23 8.026603253520000504e-05 5.332988935160000399e-22 7.446146815889999394e-36 2.309182879360000016e-21 1.338170217950000046e-02 1.189230697919999928e-86
4.099125811660000340e-27 3.050566752109999831e-46 1.299000268070000008e-18 5.024630473210000003e-01 4.473997880899999936e-44 1.237440475880000057e-02 1.835368695600000047e-39 4.851625479200000202e-01 1.477813471329999901e-26 3.352697585019999746e-29
3.464814762690000057e-06 5.316406711820000021e-30 3.312830187870000034e-18 3.209542991420000213e-01 1.251864456829999972e-02 2.749292728780000084e-01 2.916355223550000098e-01 1.794538625220000151e-14 9.995879624150000309e-02 2.688977509599999918e-32
2.814680987709999915e-29 8.747942904180000419e-17 1.796643084220000046e-27 3.412370282299999905e-68 6.312033086590000553e-60 1.850077389909999922e-18 3.895136823520000124e-01 1.616255943010000098e-09 6.104863160319999871e-01 9.675372058149999839e-20
1.069439429419999952e-37 8.831953907259999792e-02 3.200573993759999875e-39 6.623222608610000223e-13 1.578930655359999910e-15 5.607254617870000362e-56 4.034328728830000044e-01 4.486671906849999947e-01 3.210071964450000010e-33 5.958039735920000329e-02
1.545367852009999973e-02 1.277018277560000094e-40 3.125998422020000167e-02 2.121063828509999984e-25 3.362451005410000058e-17 2.009523355689999965e-08 3.513818028839999921e-06 5.648598168539999964e-01 2.718269393480000073e-01 1.165960471450000063e-01
5.004916836590000313e-08 1.583894999690000018e-11 4.479616676120000140e-01 3.470121316770000121e-31 2.191304209699999894e-01 1.236202099849999986e-05 1.312782446659999970e-04 9.650639498429999420e-16 3.327642210869999895e-01 2.629419940139999950e-20
1.817101034659999898e-38 8.901870344930000392e-45 7.343980827020000153e-23 5.578308067399999626e-01 4.421691932599999819e-01 2.481324880459999867e-13 9.043761209769999595e-48 7.716083476879999485e-30 1.859312281309999879e-76 1.727152966950000100e-31
1.196613827159999986e-30 1.588880672109999897e-09 4.883446302380000232e-08 1.502986179860000063e-02 4.036450708409999866e-01 6.373914673190000069e-28 1.375738240459999963e-02 1.315465035199999955e-21 5.675676345319999871e-01 7.844821462450000241e-26
6.241453131930000398e-01 2.461302044769999801e-07 2.229122158909999790e-03 2.919612429539999998e-01 6.839060865090000444e-42 8.349889752930000285e-13 2.891798495799999780e-54 3.122512383819999952e-09 8.166407244060000514e-02 2.237225400920000074e-24
4.643144861130000245e-01 5.356836703639999975e-01 5.161790023480000188e-08 6.907803953599999820e-82 3.605845832999999964e-44 1.707152601439999995e-06 1.210340563130000017e-23 4.594794405269999559e-13 8.273215939720000400e-08 2.019735568719999845e-09
2.709226975289999858e-11 1.242418768009999985e-76 5.124640325620000159e-01 4.871160556960000276e-01 3.567554635470000118e-20 4.199116235810000132e-04 2.665254299830000043e-92 9.074718017840000470e-11 5.847298848649999748e-35 3.230767339989999827e-46
5.622845755070000392e-13 1.849269754480000015e-06 5.368883717559999958e-14 2.916020375360000028e-01 1.840034855419999895e-27 2.671496527259999976e-01 2.350489854430000136e-01 5.608169629320000166e-16 2.092915055379999945e-02 1.852683244710000010e-01
2.474333785479999921e-54 5.608338276109999798e-01 1.810427680029999992e-33 1.039481695339999993e-04 1.509439334179999922e-04 1.629098973979999992e-40 1.050480222089999940e-04 4.388062322640000068e-01 1.201913223110000029e-42 9.123383682689999991e-17
1.682121188609999873e-01 6.991207486859999356e-52 4.805249168570000339e-27 8.657736437810000568e-21 1.168213376999999958e-23 3.175772785159999834e-01 2.576243783000000120e-01 5.140989026480000182e-10 7.221155310349999684e-12 2.565862238020000241e-01
1.778133276669999986e-05 4.453031477480000153e-42 1.642003193659999916e-01 1.179930099280000072e-13 4.888671397930000051e-01 1.531301530289999924e-17 1.434959308609999911e-09 1.199505264179999940e-02 3.349197054310000254e-01 1.758825593490000091e-19
1.298714290490000083e-36 2.338113336709999878e-40 6.746447748740000169e-23 2.942510800320000119e-03 2.088512757720000119e-14 6.038402228410000294e-01 8.798519184459999565e-33 3.932172663579999727e-01 5.636084176170000381e-66 7.246967908100000451e-20
5.154850605549999778e-09 3.113761295080000029e-38 5.124527241699999847e-01 4.871128231060000147e-01 1.232531521560000010e-23 4.344475692610000155e-04 2.648616078700000025e-96 9.665240541670000558e-51 8.757533561620000832e-34 2.924033901540000006e-28
5.005273358330000061e-02 3.907433753030000179e-01 1.002847928600000024e-05 6.769189158199999390e-02 5.232005944369999758e-14 4.617271355050000337e-53 1.648799699879999990e-25 1.694104600179999977e-20 4.901592658810000058e-01 1.342705171059999959e-03
2.404658844249999983e-01 1.839841517489999878e-41 1.130560322170000082e-21 3.447054216820000195e-08 4.452558978669999834e-01 2.843717953650000130e-01 2.990638787080000111e-02 1.807723743660000134e-21 4.302501113819999948e-13 1.789373106289999972e-12
2.271507569410000009e-59 1.622941226959999900e-34 1.533546209130000060e-01 7.149769836629999986e-01 1.315157030140000072e-01 3.546927604529999878e-59 3.759091775700000062e-25 1.526486359059999961e-04 4.377347738819999817e-08 1.448542071599999885e-69
9.271249782440000463e-13 4.045650743879999900e-01 2.030695426829999903e-41 6.986958657770000374e-65 6.019607028590000127e-52 6.959975705579999421e-51 2.189909199879999935e-01 3.720481295009999963e-40 1.893380463680000014e-01 1.871059592540000038e-01
9.814399753899999412e-02 1.331692195880000050e-139 1.001272969170000098e-37 3.638306047259999843e-01 1.856536307489999973e-41 1.630852974650000012e-39 8.156296740819999830e-15 4.156169106269999808e-22 5.380253977329999548e-01 2.022062509780000132e-12
3.280379780009999958e-06 1.432906266439999904e-03 2.132974302399999933e-45 7.800668185880000343e-103 1.873963596410000003e-54 4.240371565230000269e-33 6.562708444220000104e-01 3.421761602749999742e-01 1.168086451470000013e-04 1.126391670710000063e-11
4.325915830950000096e-01 2.062198020340000033e-04 1.550067951899999907e-01 4.121953458770000189e-01 1.496683479910000023e-43 1.618903465730000065e-10 8.661864091209999515e-79 1.317983389949999943e-11 5.586043643310000153e-08 5.447866588250000233e-29
1.247674256319999941e-34 3.749034683549999907e-05 1.845904547769999919e-16 2.885963572949999945e-01 5.314335369259999598e-09 6.216250062220000094e-01 4.828782211449999739e-21 1.018471163829999961e-16 7.122732841969999769e-54 8.974114082259999903e-02
3.066689544569999870e-01 5.595049783560000073e-02 5.536512590239999913e-05 2.792932578129999908e-12 2.870722378469999989e-02 6.086179587940000468e-01 5.197164398020000026e-74 3.614333987679999852e-40 3.409384958010000180e-39 1.072675288259999904e-34
1.173973823149999959e-32 1.913683539290000069e-01 2.889290766379999947e-09 7.278442716949999675e-37 1.209258816210000084e-24 3.595570395609999973e-05 1.340349387969999861e-01 2.141731263159999954e-01 4.603876223650000266e-01 7.118649686430000066e-29
6.667670164710000069e-01 9.949343384729998976e-04 4.500996190729999808e-07 6.882632881690000239e-15 2.013430244360000035e-13 3.322375990840000237e-01 1.833411416610000041e-39 5.651701743539999993e-19 1.057779296640000013e-27 6.151969014629999694e-12
9.949470804899999370e-35 1.829834377929999978e-01 4.299255229020000198e-09 6.862071639840000045e-37 7.437039135909999537e-22 2.942141655819999757e-01 2.682674087590000006e-02 9.529699533259999725e-04 4.950226814970000166e-01 1.556195514209999908e-37
3.472196311819999992e-01 6.526121619400000462e-01 2.800660859240000010e-20 1.974883751809999945e-105 3.775745961709999794e-34 2.080273905070000136e-08 1.585711124420000030e-04 7.950739856819999381e-18 2.689450454260000036e-06 6.925511861339999609e-06
1.183012374280000001e-01 1.815111531289999997e-02 4.428961310320000011e-09 1.844807178419999912e-23 6.822717042920000551e-54 6.455131130519999871e-01 9.968377564529999909e-88 1.337591410650000069e-03 2.320769083030000110e-47 2.166969383669999916e-01
1.694069771010000090e-15 2.295905160399999863e-05 1.349140584230000047e-46 5.735411597790000249e-23 2.434788725169999976e-07 5.081994005990000396e-01 4.388271018910000314e-03 7.553993823700000387e-02 9.313790219250000205e-58 4.118491876150000008e-01
5.446443344510000007e-26 2.843300629949999912e-13 2.242242330769999833e-16 7.066097288090000448e-05 5.117380644240000498e-01 4.881912746029999917e-01 4.828356333499999620e-44 8.616259229250000164e-69 2.118934040260000072e-48 5.742364417610000157e-33
1.558214228030000035e-26 4.125760756619999658e-55 3.169058885930000193e-05 2.284760837370000131e-01 9.083687716290000516e-09 3.032668488099999965e-41 1.190335468020000058e-21 2.035522921469999913e-01 5.679399244430000104e-01 8.863870460919999652e-53
2.578172535500000140e-01 2.030449765499999903e-03 1.260210302020000031e-19 3.644782261040000019e-06 4.676764274540000099e-01 2.724722240099999859e-01 4.037766451509999694e-45 4.370449310120000194e-10 1.573726061410000069e-62 9.149038424759999542e-13
4.336914712189999799e-01 2.715047276819999873e-40 1.529628576429999942e-01 4.133455820499999933e-01 1.116405212969999931e-16 8.899368833269999901e-08 5.817207511980000394e-42 8.236797801370000325e-47 8.586067982889999698e-11 7.887323771689999740e-12
1.806166745619999878e-05 8.802772382169999641e-40 3.109069205839999898e-22 6.626133235820000299e-08 1.147499565989999988e-11 6.004497840850000490e-01 9.042552415740000293e-02 2.408796567940000091e-02 9.611651749139999400e-18 2.850185981380000122e-01
3.413506020950000108e-01 6.823077710370000298e-77 5.352321609960000197e-19 6.569732140149999733e-01 1.141544515209999975e-12 1.677854981410000078e-25 2.700818977620000211e-23 1.413853213389999922e-35 1.132091604130000021e-17 1.676183888220000081e-03
8.070214661579999683e-35 2.121671684839999839e-31 4.758234938820000148e-01 1.112386420140000017e-18 5.241756330660000129e-01 6.597847750979999569e-10 8.968324013439999729e-42 8.723922083289999922e-07 1.249359073830000054e-27 1.909523217700000038e-75
4.218146681029999992e-30 2.520210206779999933e-18 3.559326484270000066e-29 1.006279493560000062e-62 1.756614792780000149e-14 2.673991907220000067e-28 3.895136639540000001e-01 9.097352272080000132e-53 6.104863360459999999e-01 7.771770048729999273e-65
4.861139133379999851e-34 1.736306377109999902e-21 5.441919650159999873e-16 4.751660430199999841e-01 1.241265515910000006e-01 4.007072831190000017e-01 9.731602180790000225e-16 1.222701894180000058e-07 4.927576460220000304e-17 2.152015139939999998e-74
4.565632344350000127e-12 8.722395757330000149e-16 5.845803840600000001e-52 6.078402798649999994e-01 1.737351146929999969e-10 7.260451886020000153e-52 7.326848679860000282e-03 3.786142538709999934e-29 3.300140613980000267e-26 3.848328712769999993e-01
7.504905268480000127e-28 8.900856615559999737e-47 7.891897773889999729e-19 5.024225979919999530e-01 7.941598352679999687e-44 1.246756528910000078e-02 2.169845083769999955e-38 4.851098367189999871e-01 8.938260207200000146e-27 1.545719794699999864e-29
4.843274728870000088e-39 7.340115431849999483e-01 3.562105657729999962e-59 1.287160987600000044e-63 1.149392091309999968e-34 3.908295321330000077e-49 2.659884568149999962e-01 3.727223316360000128e-44 1.077675417879999962e-27 2.338157375400000080e-14
4.041414113180000212e-02 4.557276600569999947e-01 2.604298781750000109e-13 9.484071501959999880e-09 1.508295495580000004e-58 5.038581640999999500e-01 3.467296857199999962e-42 2.407992382720000150e-08 1.146557793289999938e-09 5.226344606180000403e-13
2.576091683440000021e-42 2.682305751479999723e-01 2.928848012379999915e-19 4.772762517999999954e-01 2.337075952009999902e-20 2.544930618069999873e-01 1.112342675669999947e-07 1.113109718710000010e-11 2.026090721509999991e-25 1.402838877739999999e-13
3.101197090430000039e-41 2.695618211520000029e-01 4.654943058879999970e-19 4.773062439419999969e-01 1.115310368629999994e-20 2.531318927449999756e-01 4.207973441679999686e-08 8.080385609640000127e-11 1.427805358980000014e-24 8.041127623899999965e-13
2.199843338869999821e-59 9.999997155980000496e-01 6.707421523379999367e-36 4.609067391480000030e-58 2.844022965089999879e-07 6.084146462060000376e-21 1.357666780260000034e-35 6.655757843159999956e-39 2.909758128449999907e-109 1.053119707829999937e-23
4.917614901740000218e-03 4.343171204410000043e-47 9.624390020949999403e-02 1.534693619810000020e-01 4.424471991469999810e-01 2.270175377269999934e-37 3.298145657630000192e-10 2.829103760189999955e-11 3.002740615169999794e-01 2.647861885009999798e-03
1.288684132039999986e-01 1.591782081019999885e-75 2.802234232280000037e-36 2.770857518140000253e-01 1.517812007790000031e-23 2.801543122930000232e-20 2.542770062790000174e-01 5.663321510920000337e-20 3.397688285389999785e-01 1.630965238520000121e-10
6.546836459689999930e-25 3.515345005709999947e-22 4.588209306570000027e-26 1.053841057060000025e-27 5.175344543440000247e-47 5.200809743029999806e-38 3.397813933200000136e-01 5.820712154290000218e-21 5.761893160590000340e-01 8.402929062090000456e-02
8.581105646290000666e-02 2.620381710590000148e-25 6.185000887700000049e-31 1.662943385110000102e-04 1.048050953569999996e-58 1.213252670559999971e-18 2.893623374120000146e-20 6.090482162300000502e-01 5.134534855560000052e-11 3.049744329169999935e-01
3.714899220840000165e-21 7.741931095719999369e-39 2.707641913449999876e-17 3.641683098459999902e-22 6.520034696580000274e-11 3.387678793809999893e-27 5.901744938640000049e-01 3.557339155839999948e-09 2.978465332279999899e-19 4.098255025140000174e-01
1.521837494399999949e-03 6.316566709629999789e-16 4.578856928639999935e-01 5.571392716639999640e-09 1.724773272460000051e-07 1.085509095859999984e-36 4.737694856370000000e-70 5.405922915930000405e-01 1.610216247180000076e-32 1.217450818790000059e-18
5.930482321119999466e-32 8.890084687759999621e-26 1.046574061910000026e-10 9.288559670559999625e-10 4.354723007290000059e-01 1.169454944210000070e-21 9.978985469010000111e-05 5.608441413949999746e-03 5.588194669689999783e-01 5.304727414260000326e-58
2.349267938200000072e-01 7.629206508570000716e-74 4.627689066139999816e-17 6.297400240770000268e-01 2.681662155849999870e-11 2.334055356040000165e-24 8.874290100589999866e-22 7.369340674489999675e-34 1.530243188110000040e-19 1.353331820760000082e-01
1.469006356680000011e-25 3.649742231020000170e-18 2.340679609419999829e-25 1.438319883429999937e-36 1.412953891700000030e-44 2.200494102260000123e-33 5.953143702709999818e-01 2.690272480260000071e-26 4.046856193500000254e-01 1.037892305740000006e-08
2.305186689810000134e-01 5.597214773479999675e-06 4.956308997410000204e-51 2.504936293000000156e-21 4.967431749109999656e-02 2.106741138770000101e-120 7.194373799059999852e-01 1.492608377980000101e-56 7.872928123770000469e-11 3.640363286040000038e-04
2.824224192239999888e-31 1.910850163910000066e-01 2.947369629030000092e-07 1.226542366079999950e-36 1.615812583699999931e-25 3.095910622779999882e-04 1.341011714179999870e-01 2.142251216180000029e-01 4.602788047740000166e-01 3.655674710609999877e-28
3.036092349139999924e-01 3.209631727269999981e-03 3.569702193930000358e-52 1.389456065809999946e-104 9.299425593790000402e-57 4.513428266080000140e-01 1.645255802269999966e-11 6.045692515010000264e-41 1.116157288449999944e-27 2.418383067340000026e-01
4.325950651200000108e-01 1.960923781700000135e-04 1.550075113590000109e-01 4.122013133369999971e-01 2.014910443500000047e-44 1.278143017020000009e-10 6.873345026030000218e-79 2.610313427410000135e-10 1.741792147580000134e-08 1.901320812770000027e-28
6.667588981550000016e-01 8.943368837659999675e-04 3.102450789610000141e-07 4.169953485009999768e-13 1.376293284799999949e-11 3.323464546759999916e-01 7.874550077419999815e-38 1.322244387240000007e-20 6.430761270770000307e-24 2.619656946979999877e-11
1.054982962739999947e-01 5.585641820229999733e-49 3.067451032590000001e-02 3.459966743899999808e-01 9.685543226220000110e-45 5.645741612529999722e-04 1.364740266240000060e-63 4.503717763400000195e-25 5.172659448490000145e-01 3.609460453179999759e-35
1.808840155579999887e-01 4.502950227699999956e-13 3.690347355109999800e-29 9.619917640809999212e-03 4.366149526140000181e-01 3.049536191940000167e-18 5.398987824099999826e-25 5.615803233939999949e-38 4.879890081609999846e-44 3.728811141869999846e-01
1.281141588120000068e-10 9.893935577929999824e-36 3.844662418770000210e-18 1.849983116490000102e-16 2.186080490569999936e-24 2.232408198309999980e-01 1.180775574810000034e-01 1.065754197480000028e-36 6.365497362900000078e-08 6.586815589050000197e-01
2.342709997419999968e-01 1.208444869590000076e-13 4.644210833350000426e-22 9.081484117570000308e-09 4.488359989490000035e-01 2.836332450260000138e-01 1.813980415740000171e-02 5.128352251049999705e-72 8.619263627129999876e-16 1.511994304419999983e-02
1.097725466360000067e-04 2.728814944979999937e-04 1.416101594059999900e-17 3.202007446319999895e-01 1.368343736559999961e-02 2.744985903209999911e-01 2.912243578579999936e-01 2.880328540560000133e-60 1.000102157820000059e-01 5.877713380289999936e-14
5.764126925419999872e-18 4.937515413210000204e-01 6.346048463579999702e-32 1.285408455759999916e-02 9.374503151929999410e-36 7.645011754059999690e-16 2.909537113049999973e-08 9.249683649310000070e-17 2.162977210889999978e-16 4.933943450259999919e-01
2.117700649979999961e-01 1.277915135280000003e-01 1.871265308950000039e-01 1.806433183210000015e-22 5.621680496800000144e-40 2.334727846070000101e-35 5.948602915950000247e-57 4.176322709640000227e-10 4.733118901610000040e-01 4.410240282149999704e-25
3.968757343889999789e-01 5.475971792700000048e-45 2.358056772800000156e-08 2.180376950879999998e-01 2.960447023109999964e-01 8.901074698230000692e-02 8.220923761709999575e-06 2.285043268049999991e-05 2.619845510399999916e-08 9.318446450149999866e-11
2.209730378479999806e-09 7.963672103470000589e-06 1.431171957940000072e-01 4.053028281640000118e-47 6.883447514459999908e-20 4.852989269610000211e-01 5.276078462310000196e-03 2.865100639190000173e-02 3.376468968460000220e-01 1.929661961889999860e-06
1.243038071980000108e-13 4.372196613790000134e-13 2.395644801119999929e-27 3.605707486180000114e-19 2.112385295039999906e-44 6.125869745459999738e-01 6.324417570779999800e-04 2.348421268229999846e-18 3.867805836970000244e-01 4.630374521180000147e-16
2.818877550189999998e-02 1.221496382109999978e-30 2.907196782440000183e-66 5.487982275390000256e-17 3.891166073260000080e-01 3.852876360000000253e-40 1.323338881320000084e-02 5.201888576249999740e-80 2.325417859609999888e-36 5.694612283590000379e-01
2.008306804190000128e-01 5.444346752760000208e-32 1.761153906019999903e-11 7.469272654159999298e-27 2.742847984449999845e-41 6.542723414040000351e-01 1.991344985269999893e-15 1.123449974339999950e-12 5.064581449589999649e-06 1.448919135760000088e-01
1.532726417750000102e-37 3.552139753219999974e-01 6.401669175459999694e-01 1.386389957220000066e-05 5.917718236149999817e-05 6.426095229419999649e-05 5.716807370259999779e-14 2.164675889360000106e-04 2.752219897120000155e-30 4.265337509399999734e-03
5.066589625900000331e-40 2.894603210899999774e-44 3.506271242630000229e-01 2.741307635210000204e-01 3.752421122090000005e-01 3.016759575880000104e-37 3.055120597220000166e-48 6.851152233400000153e-12 1.268083630840000096e-32 3.843931622140000246e-45
1.141659530629999945e-13 4.045651239709999736e-01 8.263202360869999282e-43 1.471826976460000019e-64 2.511413601070000113e-51 2.136332078689999857e-52 2.189909045220000128e-01 3.377824927680000315e-39 1.893381875780000001e-01 1.871057839290000135e-01
1.625743509779999867e-20 6.147028057389999630e-14 1.329271849789999966e-20 2.023877752540000075e-01 3.956415306820000060e-19 1.648766314379999964e-11 9.888603703880000866e-44 2.135153096589999938e-02 5.593073776239999930e-71 7.762606937639999760e-01
5.097102139289999556e-01 1.852282854129999905e-09 4.124303403839999799e-19 4.900177904560000242e-01 1.552184843549999961e-35 4.226102202530000257e-35 6.816847047629999623e-33 4.553139980620000304e-37 1.979565100029999892e-06 2.700141978930000082e-04
1.449044716179999903e-26 1.742746876939999957e-06 3.582909123310000222e-19 2.194026848049999978e-01 3.230464419649999999e-16 2.845749270850000025e-06 8.758559544570000203e-58 2.986025925149999871e-01 5.452991462239999605e-102 4.819901341839999964e-01
1.537046612450000099e-05 5.187896467730000031e-85 3.529586342259999864e-38 7.928674092099999848e-01 1.226380023399999938e-29 3.181526056649999886e-55 7.263945966429999779e-06 4.932478189339999705e-39 2.071022639450000036e-01 7.692432089280000368e-06
7.864727602839999434e-30 2.199403968069999846e-21 1.466647063109999901e-31 5.733847304989999949e-33 1.151707157779999969e-06 1.297413929360000054e-45 5.953135499210000514e-01 1.543664454399999998e-86 4.046852983720000130e-01 4.396187569709999902e-43
1.366581104120000091e-09 2.328612346239999908e-01 2.674747244419999907e-27 1.351025724789999912e-25 1.738658679159999991e-28 2.198020399939999980e-01 5.188827309129999716e-38 6.719391942539999950e-41 1.840641472879999877e-49 5.473367240149999979e-01
4.064754648430000323e-08 2.658260913919999746e-01 1.988401617380000097e-01 2.392636763719999930e-29 3.919147887590000051e-26 9.852869682399999928e-23 7.429832930559999608e-28 3.140562775560000256e-08 4.820685316310000293e-11 5.353336747689999564e-01
4.495997145280000024e-02 2.091554253320000178e-74 3.534054595130000209e-29 3.272674716539999973e-01 3.308065420969999969e-03 1.193549022139999981e-29 1.732865388840000020e-01 1.217688757069999989e-45 5.400552614040000414e-13 4.511779525879999753e-01
1.375589830699999991e-49 2.525767403449999914e-03 4.458421516270000273e-01 2.515158924009999944e-09 2.150844479740000037e-01 1.975161533599999910e-10 7.347439039199999433e-12 9.234410233279999672e-03 3.273132200430000083e-01 5.074938710120000038e-80
2.395904616779999941e-01 4.642397174870000081e-59 3.014648720500000138e-35 1.507018701950000039e-01 1.378909062390000060e-14 4.018718771739999886e-13 3.374556633329999777e-01 5.714426495850000051e-30 2.722520047929999909e-01 2.148817576939999949e-18
5.983846308119999887e-05 6.208674674270000337e-31 5.712096412669999557e-22 1.874027669899999970e-01 1.156704005160000039e-27 3.614098053900000052e-01 3.059157434329999870e-01 8.316956451430000674e-02 6.204221882940000321e-02 6.238050257870000474e-08
7.626006699089999761e-07 1.095639840500000032e-40 5.426118590390000158e-43 4.001410180440000131e-02 6.783674694819999962e-01 3.234373202500000017e-09 2.162776332960000131e-02 9.176133326569999503e-56 8.622363325239999245e-34 2.599898995489999809e-01
7.945331634330000167e-28 3.376920333899999793e-01 3.610290163510000351e-18 4.399479203480000100e-01 9.991976187649999341e-02 8.782195257539999989e-68 8.988421682950000496e-18 1.224402843860000062e-01 1.189078369480000039e-25 5.342030481490000147e-15
3.368349797150000253e-05 2.403116860699999824e-12 4.667353932260000197e-15 5.861145107080000249e-01 9.015591356789999474e-08 2.338172973909999970e-04 1.011803312350000039e-01 2.244647558530000019e-41 3.124374054110000132e-01 1.616926444570000001e-07
2.060858897780000129e-02 5.923487176080000216e-41 6.371989802650000062e-03 3.003462478930000055e-26 4.174998136670000012e-17 5.495391975340000051e-08 1.014285442149999895e-06 5.791852505119999828e-01 2.807883410240000210e-01 1.130447604439999976e-01
2.475124098290000140e-06 3.587419822410000125e-01 6.412555425449999458e-01 1.844630977139999896e-42 6.602041775190000271e-15 9.005667652989999534e-11 1.691052912589999995e-83 3.100460075070000095e-29 5.550898984829999498e-26 7.902762181110000437e-48
3.994929905669999656e-37 1.569964253459999907e-12 5.097392247369999518e-01 4.495245601049999914e-10 4.902607748119999775e-01 1.788313972809999940e-16 4.433548455050000204e-38 2.631715938260000051e-28 9.880607826630000171e-27 1.066598651179999983e-38
3.912071614789999910e-26 9.231070738750000269e-87 6.663114459449999823e-27 8.540453404939999819e-60 3.220754229509999900e-78 2.505565734190000145e-70 1.082492992529999966e-52 8.464388729400000002e-54 1.000000000000000000e+00 9.139274135899999896e-67
1.759339629380000103e-01 5.910547223390000271e-02 4.522368728849999742e-01 2.043908730219999908e-10 2.288532474689999862e-06 2.261786773019999900e-42 3.385134818389999719e-26 3.750090968510000217e-26 1.340288504519999951e-07 3.127212691769999942e-01
1.629633468979999888e-01 1.942372422720000125e-39 4.568521026780000117e-28 2.255294026809999963e-01 4.813959571020000050e-01 7.704585051009999201e-12 1.463733497619999942e-03 1.351680254919999942e-46 5.645432530799999707e-18 1.286475598140000010e-01
2.548705125060000050e-37 6.755271224860000230e-46 1.071856378379999961e-23 5.578308067399999626e-01 4.421691932599999819e-01 4.110150950120000187e-14 4.870896113499999707e-49 1.337637843549999972e-29 6.728490234700000033e-76 1.184534900489999974e-31
1.668761073649999898e-10 5.687115570490000049e-01 1.110235413959999988e-35 5.433413342389999979e-10 3.328468846690000096e-39 1.463122384469999949e-12 1.737529406859999962e-10 6.771051977960000058e-30 1.017312771419999971e-15 4.312884420649999995e-01
1.081975953460000073e-43 5.159231303140000050e-36 2.454740022169999807e-43 2.702295791259999858e-01 7.297616602869999580e-01 8.760586909949999413e-06 1.744791115039999929e-38 1.214196879689999931e-51 1.013400405530000010e-106 3.628209596100000028e-33
3.942331844009999952e-27 4.810266124650000275e-18 2.830822867980000086e-29 5.492314583240000371e-72 1.220606822889999974e-96 5.203320234960000285e-15 1.405662894830000120e-01 6.654060968019999411e-02 7.928911550120000262e-01 1.945824347509999790e-06
4.476697496839999735e-01 3.295360675570000224e-10 6.864248784659999900e-23 5.240772240090000084e-50 2.521781185449999962e-01 8.554698634860000158e-30 3.001521313939999880e-01 1.200444979880000085e-16 4.649819273080000038e-11 1.263817403940000071e-12
5.440353244699999947e-24 7.382395720970000454e-11 7.164980319319999956e-28 6.334561420360000010e-46 1.929913213279999922e-39 4.020151892110000116e-26 6.000016150650000490e-01 1.193347956330000062e-40 3.999983848609999781e-01 1.897556539079999904e-13
9.984650091539999951e-86 5.343469534679999855e-01 5.179663508829999833e-60 1.037148266449999954e-33 4.656530464090000154e-01 7.681772333209999977e-35 6.136893244219999672e-11 6.135798051959999547e-11 6.021039520920000302e-153 7.469083145870000250e-19
4.231320240509999978e-23 5.086533849609999880e-01 2.072038254280000158e-43 3.336067708120000138e-21 2.764672914459999870e-49 4.913466150390000120e-01 2.120269537800000030e-32 2.866890789990000108e-21 3.863848946299999834e-39 2.640681670479999869e-25
8.257028305879999860e-07 1.181202203080000059e-88 1.481138746109999910e-40 7.928678821650000375e-01 1.409918067870000037e-30 1.827697426189999976e-56 1.119834969949999929e-06 1.027450713439999993e-41 2.071301205720000038e-01 5.172572874500000238e-08
1.649860085559999909e-21 3.985126319889999991e-01 2.988502478329999873e-50 3.939702539439999984e-118 1.632953000979999969e-30 1.186912139960000010e-36 2.298382179719999918e-01 1.552759221920000063e-57 3.159459888890000092e-30 3.716491500390000091e-01
3.671154598479999809e-01 2.900313884199999803e-01 5.010905871230000169e-02 7.222694983029999471e-14 2.285013523989999906e-01 9.815193959510000656e-33 5.131981589680000241e-14 3.916285426580000084e-23 6.844774494699999995e-06 6.423589584609999681e-02
5.916190942710000122e-01 4.836781297100000020e-40 9.010127429249999519e-45 8.411411247309999450e-02 1.205795607580000034e-23 1.715235215440000099e-44 3.240378209309999757e-01 2.943128676819999946e-12 1.793761646830000097e-04 4.959615692439999906e-05
1.059663748169999975e-01 1.226168264290000004e-01 3.702500593650000138e-10 4.216894281779999809e-01 4.618704244990000325e-06 1.482057228610000055e-01 1.575714950249999957e-29 2.015170286400000121e-01 3.413628890139999957e-18 4.911711345260000212e-29
7.754944101880000156e-31 1.025872082150000066e-02 6.017755371779999485e-38 2.812211337689999908e-07 3.727352057350000160e-19 4.828209959940000240e-01 5.069200019209999519e-01 1.729161218349999940e-39 6.019230777100000149e-25 4.230559029189999970e-11
