2.331347706030000100e-60 1.540024682460000109e-28 1.445163109899999902e-78 1.135615477730000054e-64 1.000000000000000000e+00 4.112029699459999877e-20 1.787137265400000059e-92 1.467571452779999892e-35 3.523303423920000112e-113 2.575357371899999858e-60
6.192161452850000237e-17 6.632186451840000461e-35 5.622312990640000452e-01 6.354186027900000113e-45 3.490629209950000039e-40 6.426629224849999965e-54 4.398225255599999897e-03 1.409741713650000117e-01 2.923963043150000218e-01 6.637820908999999913e-56
9.072817349170000586e-03 3.961863561190000029e-15 3.801780267700000160e-06 1.011320171230000031e-19 2.870372308660000119e-08 4.672435578579999792e-32 3.761702889629999769e-01 6.147530632040000276e-01 4.004416599970000001e-23 1.686976128789999964e-40
2.438499295129999904e-18 1.519021205669999935e-46 1.022305438299999954e-39 9.358572503739999769e-21 2.821091602370000007e-01 1.419882779570000105e-28 4.821130745469999757e-01 2.354321499260000061e-01 3.456152901650000092e-04 9.813755945229999776e-15
1.480367734080000099e-17 8.359943683240000489e-04 6.541646480460000523e-01 4.778466514379999921e-85 8.762783673849999788e-03 4.991898550109999556e-07 3.119887114239999759e-01 2.424736329770000101e-02 1.107109440999999982e-18 1.358642391960000043e-41
1.298091339329999970e-20 5.683496178990000286e-02 1.116092694739999991e-15 2.050315244169999919e-13 2.636787642799999776e-01 8.546005449270000431e-10 6.794862724279999711e-01 1.542230237090000069e-16 3.418710552490000191e-15 6.473213308270000019e-10
7.765504522929999519e-06 1.119850487239999952e-35 2.616890368250000010e-33 1.548603834610000063e-01 3.110033778399999838e-01 2.470532508729999911e-25 5.034679977590000257e-11 1.551428645459999867e-01 3.789856085980000122e-01 1.083772416720000030e-14
6.773400653000000160e-01 5.674102554199999855e-59 1.448070353780000001e-15 5.551173578529999795e-29 2.088260852399999934e-38 1.101365718210000012e-84 3.235047717969999689e-08 2.920451554599999833e-01 3.061474688880000058e-02 1.030212944549999923e-68
1.514631279139999930e-31 5.204501613580000408e-01 1.259043553970000067e-21 1.738884197839999918e-31 1.927668081160000106e-07 3.481459069329999912e-06 4.795461644169999871e-01 1.309617748219999993e-31 4.379223557579999827e-29 1.895537814270000145e-20
4.514354847270000137e-01 6.285157987660000175e-06 4.758946801969999496e-10 2.338327750310000036e-17 4.310231894900000138e-01 4.085214893259999942e-22 7.439021221050000322e-27 1.175350401500000058e-01 1.218564425090000066e-48 3.558014081550000203e-70
1.142321165890000035e-06 2.860168472300000164e-09 5.061885255269999995e-01 9.122993714770000814e-06 3.068588421119999820e-71 2.092180124070000057e-17 4.938011315349999930e-01 5.445603366689999933e-47 1.943913244390000043e-10 7.456837027660000048e-08
5.492187498080000063e-01 2.146407778430000080e-01 1.589054122939999972e-13 1.329331324949999918e-08 7.155425820350000500e-11 4.911143810329999853e-08 2.361404098730000012e-01 1.327936704089999927e-22 2.384041976509999902e-39 6.959490557850000335e-14
1.013087808640000038e-16 1.795553281320000087e-35 7.176789725750000182e-01 1.202840601889999875e-97 5.978575731929999661e-41 6.269156356249999950e-50 8.278717514390000262e-19 2.823210274240000039e-01 7.988418212310000068e-13 6.508762409209999939e-108
3.473033147670000020e-26 9.239992433860000619e-06 2.102971957110000008e-04 4.563678917040000232e-26 3.022123736309999947e-02 2.497743196099999896e-01 1.010513995490000005e-17 3.830798477710000149e-01 3.367050578879999811e-01 1.806580461789999936e-10
3.427944283670000258e-01 2.930702504459999913e-01 1.459520095040000021e-01 8.701732510800000152e-08 1.580881177489999930e-23 2.242965391880000035e-07 3.445477175180000201e-06 6.156084239489999430e-23 1.799148600210000131e-08 2.181795368999999984e-01
3.839400615519999930e-60 4.160091145250000011e-01 5.352909998289999900e-38 1.597332551580000069e-11 3.868086983049999761e-01 2.016746377140000045e-12 1.971820969320000061e-01 1.228234231209999909e-37 7.803925681770000055e-31 9.021892324249999467e-08
1.724596483680000030e-03 3.317359553269999940e-39 7.203017258649999425e-33 2.895310761200000188e-14 4.223532361949999814e-01 4.031574652590000019e-27 1.352235574259999975e-13 3.236149579579999935e-01 2.523072092759999774e-01 8.736466345590000610e-11
3.035535479470000122e-10 4.674583884749999863e-01 1.842862132070000047e-01 1.408972127060000089e-21 3.275294096789999835e-03 7.836175546289999930e-13 6.320326639410000151e-29 3.449801039170000139e-01 2.831762071179999944e-15 8.984527171550000299e-37
1.242299455019999928e-21 2.737571778469999884e-01 7.257564734589999622e-01 1.213113179040000087e-74 4.025345581349999816e-32 4.863486938039999824e-04 6.006178231449999758e-22 5.253930566270000178e-30 5.963882992860000173e-48 3.111211289239999740e-33
1.281127119120000041e-14 5.170107838990000463e-35 2.614957975639999876e-01 3.393467019299999865e-79 1.246757726250000109e-32 3.597495068109999916e-24 4.823392440110000447e-25 2.700768564359999901e-01 4.684273460000000222e-01 1.882374844559999863e-45
1.600956348769999871e-01 3.302740121540000304e-11 5.146038874050000229e-10 2.743901494149999978e-03 3.293923038600000130e-01 1.982325894960000018e-33 1.604880543009999938e-01 3.472801049199999990e-01 7.711015862489999734e-19 2.321470011739999806e-28
2.730352154399999953e-17 1.852358232350000119e-08 4.124406048260000220e-04 7.546095398360000412e-17 3.585665612239999735e-08 2.263334568950000070e-01 1.312833618889999901e-35 8.156585356410000156e-06 6.615069272399999698e-05 7.731797408420000295e-01
2.523367527749999922e-02 2.423417604900000022e-01 6.742377122230000346e-03 2.484341148539999933e-01 1.386641867909999931e-11 4.159774647639999635e-15 5.718185923080000085e-08 5.506943551639999694e-11 4.772480150060000037e-01 7.604938840840000360e-14
3.616146336680000073e-01 2.748711600050000037e-01 4.687297630259999726e-05 3.634673325069999739e-01 1.611439526310000055e-17 8.430594966489999643e-10 1.448814320429999974e-16 7.780949929749999861e-18 7.380770951519999602e-36 5.898756608040000236e-24
2.275060203069999999e-17 5.999122224230000189e-01 1.030795501500000022e-05 4.000774687320000078e-01 1.239643756820000068e-33 7.590409770190000142e-10 4.075577683009999639e-21 6.113140566540000406e-37 1.755236361290000004e-19 1.309225778750000078e-10
2.548339052869999852e-08 1.805864267819999863e-29 2.984903536679999893e-24 6.216475537229999571e-01 4.463912368019999845e-06 2.539793378139999901e-48 1.198868960569999975e-19 3.783479567029999768e-01 1.782213576120000009e-10 3.324192432829999987e-34
9.844874175790000067e-14 1.619098674600000094e-13 3.075353450569999758e-01 4.208025220070000338e-37 5.362224873219999929e-24 4.017002824589999826e-02 9.980360128450000629e-07 1.501741120339999930e-12 1.333167831250000046e-01 5.189768455350000087e-01
3.538482650320000147e-40 3.907784580990000219e-40 3.145736859979999993e-27 1.898512799240000150e-33 2.526956080589999984e-58 2.729858032379999786e-23 4.711854214949999786e-01 1.360598447920000040e-45 1.750311735900000063e-03 5.270642667689999783e-01
3.450491972000000020e-10 1.686951509880000036e-09 6.989078867450000399e-01 3.010847637010000133e-01 1.740052745239999990e-21 5.692839577870000150e-18 8.014921212080000567e-23 4.496364898590000213e-09 7.313782066260000283e-06 2.924293613760000132e-08
6.189117587270000034e-09 1.034245333589999993e-05 3.710634048420000108e-01 5.414457318879999786e-02 4.860648215530000144e-06 2.086432799589999863e-23 3.597644347820000009e-05 2.874657565700000084e-01 2.872750796660000216e-01 1.872386782750000107e-15
5.016163904929999973e-01 4.983346908579999734e-01 1.136106579060000060e-06 8.354822979929999692e-33 4.422457570660000068e-07 4.734005196580000086e-05 5.946855041720000429e-23 2.445432528830000071e-10 2.695623249839999995e-70 1.204253969170000049e-45
2.553603930829999854e-08 3.349471601189999997e-18 7.516724162720000429e-31 6.776660806919999613e-01 3.591253945029999894e-02 2.859628412860000246e-01 3.167985481690000037e-47 6.346882256949999980e-12 5.104507010650000209e-19 4.585130294739999746e-04
2.871097629960000064e-26 1.460218481939999934e-37 5.314853561829999823e-02 3.088041123790000225e-82 1.034492063040000076e-33 1.661541842230000060e-27 3.447986690790000076e-22 5.782848523119999973e-01 3.685666120700000215e-01 2.483786479369999815e-43
1.987525310060000099e-08 1.062837017069999902e-09 8.246192514800000393e-13 4.201506150770000225e-01 5.421574116720000447e-01 3.393677950739999727e-02 2.029625109459999913e-64 3.755172804060000202e-03 1.011159296100000016e-28 5.760145833870000143e-13
7.663864969309999543e-06 3.725502144370000095e-28 1.000238007650000036e-29 3.045123961149999725e-01 6.447222507790000279e-01 1.547965166069999955e-21 1.570709239380000127e-29 5.075767680479999905e-02 1.243550323519999941e-08 4.093852934160000091e-19
4.584606699200000079e-01 1.893463034890000042e-39 3.742912845800000065e-03 3.151398401309999958e-68 1.559598578660000058e-45 4.911345550150000049e-64 5.510010012989999774e-43 5.377964172350000460e-01 6.418109911990000072e-41 1.291791160700000012e-182
4.503465533480000005e-01 2.180308914860000067e-07 1.442715246330000103e-09 1.046614145759999915e-31 4.303138255019999803e-01 1.054273661829999982e-23 2.915207766600000130e-26 1.193394016760000037e-01 2.910763404050000019e-46 6.821254562680000386e-59
4.959709785379999847e-01 5.930392791630000049e-02 3.252447131630000274e-05 1.370321761109999925e-01 2.878065490519999825e-01 1.603793642760000014e-08 7.458280593529999423e-11 1.985313965730000144e-02 5.189388333909999560e-22 6.881412999430000003e-07
3.086763840320000179e-04 2.622287474119999855e-34 6.248274415119999814e-01 1.038300172630000036e-16 3.656524602509999877e-149 6.566222244020000221e-52 7.345600548519999774e-06 8.620003140969999579e-47 3.748565365040000263e-01 1.843661178720000008e-20
1.133328859149999994e-06 1.319400688459999917e-15 9.168914918779999817e-15 5.007360324739999757e-02 4.587829970449999739e-01 9.623502860199999483e-10 5.941871868980000415e-03 2.889752248549999902e-01 1.962251683490000009e-01 3.433209152769999895e-10
6.687020568979999968e-01 8.026595704789999883e-03 2.404919626860000173e-02 2.992221511120000121e-01 1.708853266720000090e-20 1.611537954359999867e-11 3.293196758309999921e-30 4.553046458280000169e-16 2.528158990889999757e-29 1.983837901099999885e-21
1.527379295470000048e-21 1.921183897320000167e-02 6.862440501090000256e-01 2.895624919520000118e-01 2.833095258729999952e-31 1.527472204070000043e-12 1.643191582379999985e-10 7.307402802930000172e-24 7.383274258929999935e-09 4.981611416369999615e-03
4.053604720539999795e-17 1.983760767420000015e-01 4.710108603160000074e-02 2.750086268540000156e-01 1.746647157819999907e-02 2.459838595259999774e-13 2.990941020300000185e-06 1.469044894309999919e-02 4.473542988740000226e-01 3.667274961839999799e-11
1.447521706109999953e-21 2.357093267849999877e-07 1.472580040130000038e-17 2.032964338250000060e-13 5.837728161740000179e-06 4.009246085500000056e-01 5.736067457769999933e-02 1.368315303550000063e-17 5.396617901519999982e-01 2.046853282479999848e-03
1.019969456880000081e-15 1.191255631189999930e-05 2.217238309269999839e-08 1.537162028109999951e-21 9.066076999000000081e-03 5.612769776570000202e-01 3.660283476960000156e-05 6.562359492370000156e-06 4.296018454200000170e-01 5.557983493110000211e-13
1.737519874649999991e-12 6.656494515259999604e-10 1.592592937940000009e-01 3.105113482000000086e-15 4.778965396820000108e-25 3.127585286690000022e-01 5.889920863060000081e-03 3.092135957689999800e-14 4.370438565609999770e-01 8.504839944540000529e-02
3.472340573659999929e-01 1.348134766480000024e-01 2.747197617640000067e-04 4.076536999859999844e-01 5.882510180889999676e-03 1.776285599180000058e-09 5.717153417619999492e-23 1.041415342800000032e-01 1.230412893999999995e-35 4.401612518989999903e-26
3.816868920490000261e-01 5.028504159570000055e-03 1.215512897610000025e-06 6.132833361959999507e-01 8.973566017669999778e-30 8.125896279739999819e-11 5.200127714829999999e-08 4.655009706710000342e-30 3.093852076239999803e-29 1.422874053759999953e-17
2.539019588520000092e-01 5.713948917109999915e-14 8.407313588120000208e-04 1.759609151539999921e-54 6.173760812099999899e-09 3.751993970199999917e-01 4.035714625679999718e-43 3.700579065960000191e-01 1.838592485510000017e-37 5.403209118179999750e-31
5.907336224799999806e-03 1.164855649519999966e-26 3.356670315810000066e-21 9.768910571189999951e-11 2.541577899219999923e-02 3.433102438440000066e-17 2.797740142630000260e-01 6.875291029650000274e-01 1.373767457990000005e-03 1.771328631149999881e-16
3.005791585980000123e-20 3.497825848250000202e-01 1.721869643950000112e-33 1.556798979309999990e-20 6.502174151749999798e-01 5.960577280849999725e-22 5.360466510189999818e-40 1.352009758539999903e-29 3.564622577740000165e-118 6.874527103430000352e-67
6.433172068559999656e-47 1.598625059230000064e-37 8.463456034999999746e-60 2.057102997120000076e-11 6.153116453389999574e-01 3.240523407800000286e-23 3.828425464060000172e-01 1.025178161320000027e-19 8.281020192530000382e-10 1.845807406090000042e-03
2.754124428610000221e-26 1.249741667999999974e-09 3.822602210049999886e-04 2.105290523929999982e-78 8.252650500119999497e-03 6.134293417520000347e-01 9.813467395010000506e-17 3.779106797060000078e-01 2.506657068390000164e-05 1.586807026329999974e-24
1.570448265559999907e-11 7.500089092020000292e-01 2.499910906599999982e-01 8.855219932919999414e-21 7.778715834459999740e-32 1.217571402149999883e-10 1.362907090630000034e-69 3.770243013270000208e-26 8.881344540420000336e-54 1.478096492539999982e-47
1.103487609229999911e-18 3.417618975220000100e-12 2.914872213549999924e-01 2.470748391169999974e-20 3.375646562470000176e-15 4.199196719189999816e-01 7.228641681630000007e-05 3.043133358640000113e-06 2.871281288049999936e-01 1.389648367739999965e-03
3.092349807159999742e-05 3.026615791360000030e-01 2.183193608440000064e-11 5.748326987320000470e-01 1.224747348840000000e-01 2.791996159690000243e-10 1.337211340480000055e-56 6.344886440610000475e-08 2.024964243119999836e-64 4.767516525430000148e-40
8.453532516280000131e-01 1.084641486399999938e-26 7.320607610239999970e-14 1.546467483719999869e-01 7.532693025639999811e-32 1.411392475579999992e-37 5.129528893699999729e-38 3.228904588210000010e-14 6.435335387350000183e-21 3.287280443849999856e-28
7.815101178709999569e-03 3.588621388239999765e-01 1.888252413149999961e-02 7.289351192720000538e-02 1.558493883520000003e-34 2.844987754219999918e-12 3.525389995030000184e-12 9.930117971929999956e-34 4.870349142100000162e-10 5.415467234449999889e-01
3.001872846059999959e-18 9.764420106019999547e-33 7.176716433299999975e-01 8.295812478279999975e-101 1.072000218970000031e-33 2.684936296760000000e-05 2.044184137730000012e-66 2.823014941490000207e-01 1.315843988150000042e-08 2.576271741739999873e-31
1.875609935279999897e-05 3.814548882169999687e-08 1.002543607500000006e-08 1.164952691939999940e-19 2.807200273670000246e-01 2.283275364390000020e-20 4.823136495440000227e-01 2.369475188190000026e-01 3.119299644430000103e-36 1.240452006539999960e-45
1.350667872390000035e-07 1.137815301339999950e-41 1.178242768779999901e-28 2.335142280040000129e-01 1.711399588769999879e-16 1.389308621810000000e-25 1.013181761160000061e-13 9.392462960730000127e-09 1.459713917629999920e-02 7.518884883599999958e-01
4.974841471810000107e-10 1.372237621949999997e-08 3.077432176059999792e-06 1.087603361510000012e-44 2.143622261900000048e-01 2.183844398720000135e-01 9.259537984179999432e-14 8.021867344249999920e-02 4.870315677450000047e-01 1.098376896710000090e-09
3.425064883270000271e-24 5.042861263189999670e-07 1.467852162110000079e-03 9.043965614420000418e-48 1.445543475740000000e-02 6.094800939040000420e-01 1.446993256270000066e-15 3.745959802030000008e-01 1.346867934080000051e-07 1.844676880949999946e-31
1.601444396490000089e-17 1.465182114179999917e-13 2.246245149249999906e-01 8.552134797289999922e-89 2.106876882159999856e-23 7.753754850740000037e-01 6.689797593110000187e-19 3.751114672130000162e-13 1.749730017409999880e-24 2.188976001710000006e-29
1.818497578269999938e-19 2.100332578350000042e-33 8.149462274919999638e-01 1.139225111289999925e-18 3.551208060600000083e-75 6.539469815320000225e-48 9.569158933689999609e-06 5.694113365160000288e-21 1.850442033490000138e-01 2.389229056010000131e-23
1.283583993149999942e-05 6.778090174320000025e-24 1.712229896659999940e-07 4.661172500619999992e-01 3.345144595939999748e-17 6.010741053380000230e-43 4.445801323129999760e-02 4.809488577359999906e-01 8.462871907800000384e-03 2.148895239239999957e-29
2.197219474340000034e-01 7.544185209899999390e-09 6.024711569940000011e-03 7.934987699460000249e-08 1.618038375440000001e-18 4.784016144559999906e-01 1.196455682409999919e-18 2.085356036440000048e-10 2.666967247759999826e-01 2.915491466170000087e-02
2.545402399170000000e-03 3.984808768940000218e-10 1.858808922779999970e-03 2.397694420600000043e-01 1.787500953139999936e-07 1.601606378040000001e-01 6.980524467049999792e-39 5.955244682570000059e-01 2.217110967000000040e-13 1.410614079740000115e-04
1.519084257630000062e-27 3.014308601320000019e-40 1.212254148119999999e-57 5.728158838269999942e-01 9.304006471680000001e-02 2.798076491279999917e-52 2.462932781490000111e-01 3.959274711550000278e-12 8.785077048139999789e-02 2.822091944240000103e-09
1.521035487020000015e-15 3.939723693029999807e-50 1.076399554660000046e-32 1.389652367159999937e-53 1.642691778500000096e-09 2.139793049399999911e-39 5.348966157169999833e-105 9.999999983570000417e-01 1.218145374450000087e-41 1.317882282259999934e-79
1.258464254260000007e-55 8.490976937389999986e-46 3.297057811700000111e-122 3.509363952240000112e-02 6.556964944390000216e-01 9.722602571790000148e-32 6.941595239680000051e-15 1.146051023590000068e-49 8.736473054299999575e-23 3.092098660379999919e-01
9.999989537729999656e-01 1.940526061199999955e-43 1.038433455799999962e-06 6.785899320169999414e-14 1.254090178559999956e-75 6.079457554569999561e-57 2.990986635279999723e-17 4.633247267469999950e-19 7.793714908669999576e-09 5.758013101850000065e-37
1.975523022270000037e-22 3.587543655050000058e-01 2.465314542760000116e-01 1.617603962159999919e-28 5.707362551740000300e-30 1.532662537840000059e-05 3.946988535939999765e-01 5.736436954949999954e-28 1.066685177529999998e-26 2.869255320440000025e-13
9.729412379410000457e-07 5.402654966539999827e-10 5.061873356810000502e-01 1.269638209050000031e-05 3.923917667540000152e-70 6.492976244920000318e-17 4.937989460630000105e-01 6.882008485020000156e-47 1.974643105910000062e-11 4.837249768849999858e-08
3.772681035640000209e-12 6.741595969329999827e-01 5.001545812609999719e-35 1.762415198169999917e-10 3.258404027269999892e-01 1.599454935650000081e-10 6.624395287060000301e-78 9.626585765530000483e-32 6.562079828940000143e-205 3.028245900039999780e-48
3.637112832289999773e-07 2.449069281600000092e-01 4.376107758930000147e-01 3.170209318080000060e-01 8.074362441119999941e-28 7.392350617069999761e-08 4.510816661249999809e-04 1.509452235349999933e-24 1.128757657900000076e-08 9.833551243560000185e-06
4.707540415029999870e-01 2.132945636360000159e-05 5.344644920449999730e-11 3.193732086540000175e-06 3.424284251899999965e-01 2.015048548490000065e-15 1.867866894730000060e-01 6.320592062159999755e-06 3.097585641649999805e-13 3.971811243119999903e-18
6.756563064899999723e-37 3.138142666809999870e-01 2.486262398490000076e-29 4.302109135840000310e-21 4.900261819490000303e-14 7.480365247889999776e-07 6.861849852510000236e-01 2.419415439290000126e-51 1.795571543299999904e-29 3.204567340999999832e-11
9.494116747039999363e-16 3.586808333539999727e-01 2.465440703150000024e-01 1.692075507850000136e-29 4.920401268460000112e-42 7.604269587220000633e-05 3.946990536350000189e-01 3.017678511610000052e-40 1.266649698860000104e-25 6.773876079380000070e-14
1.437488523959999995e-22 1.375752308269999931e-17 3.863596539120000258e-17 1.470283841819999978e-55 1.330241431750000044e-08 2.937367961860000154e-01 5.974444200630000257e-01 1.397140465500000012e-12 1.088187699050000012e-01 5.420674117869999591e-10
6.568007102820000418e-11 2.137172246689999832e-09 5.061925050690000427e-01 2.876867747550000130e-07 9.623220961199999823e-57 7.174961153749999350e-18 4.938072007909999894e-01 1.244646710720000092e-34 4.568040705879999805e-11 4.204860895520000320e-09
3.552790164310000165e-01 9.162807515349999468e-09 4.405812480429999908e-10 5.746891368859999768e-14 2.976295380810000113e-01 1.483116561449999982e-01 1.254091090350000067e-156 1.987797797389999899e-01 2.054252333980000116e-45 1.139495493510000013e-29
6.970770091899999673e-07 1.903586102249999909e-10 1.599084347120000027e-01 3.969775741880000162e-17 1.994102071129999908e-33 3.120586081250000254e-01 6.082682633439999952e-03 3.235840731739999858e-22 4.361448553600000277e-01 8.580472190259999521e-02
3.028241146870000045e-17 1.512776897040000007e-36 5.586057860359999738e-01 5.937391981910000019e-44 9.024905438109999285e-40 3.686404322349999943e-54 1.116103054059999940e-02 1.467292531699999902e-01 2.835039302530000249e-01 6.302255415009999860e-55
1.568074451769999889e-11 5.598827655120000061e-11 1.660471488230000001e-02 2.135406992039999971e-69 1.638052161819999928e-06 3.531535403309999932e-01 2.852895512030000080e-02 1.636755396050000033e-01 4.380356119370000245e-01 3.407895789900000232e-16
6.965859139519999620e-26 9.490309549559999045e-38 5.316644829799999777e-02 3.791201173089999685e-80 5.482628530790000217e-33 1.790132172469999917e-27 5.090570250929999867e-22 5.782742556130000544e-01 3.685592960890000103e-01 1.513888007559999922e-43
1.624445683120000043e-05 4.536417975839999959e-09 3.518552703060000009e-01 1.037262981290000013e-13 1.371707992399999978e-27 3.097306095280000227e-01 1.700524782639999930e-28 1.282958915529999989e-15 1.958238654879999874e-01 1.425740056839999992e-01
1.167062887299999963e-01 2.199932644100000010e-06 2.208679758140000138e-17 4.179454158759999816e-01 4.653460687170000165e-01 1.253193769470000004e-21 3.812206372689999812e-22 2.674428738190000119e-08 6.999432944020000241e-34 1.981916241079999853e-40
6.301924941059999785e-01 2.167351839230000042e-18 1.345055083049999963e-14 2.227159430310000019e-07 5.989638825479999768e-05 3.247145937800000048e-01 8.824049794459999887e-12 4.126021957889999814e-02 5.169370742200000198e-04 3.255636347830000166e-03
6.606264672470000151e-21 4.270920737330000174e-44 1.174697754290000060e-36 1.721253642550000000e-06 3.207237001640000137e-03 6.441450974639999828e-31 3.454208473509999822e-01 5.879520726970000055e-01 6.341812169640000107e-02 5.874885352639999880e-15
2.486782979209999911e-01 1.689954479809999970e-12 4.035274421889999651e-03 4.616817034280000181e-51 8.489546884449999744e-10 3.748574811540000273e-01 1.524640631709999955e-44 3.724289456529999987e-01 1.415790568120000037e-37 8.954185725959999738e-30
2.244833119360000081e-68 5.340960728969999781e-17 2.814976297669999843e-104 7.400961338160000347e-01 3.442241420050000189e-18 1.522100411650000064e-23 2.191878555900000013e-16 1.498901027989999967e-106 3.218180149230000110e-71 2.599038661840000208e-01
6.807465741649999513e-01 3.536274811769999636e-18 6.031466819919999594e-16 8.055258981030000370e-07 1.968923904240000064e-32 3.204619122519999727e-23 3.192513730279999962e-01 1.767503012969999945e-27 4.017203345630000163e-15 1.247281493390000014e-06
3.687539990800000056e-01 2.369735700939999967e-01 3.715386702179999874e-05 3.735510105300000102e-04 7.542903787629999524e-02 6.956271149510000289e-06 3.168408936150000077e-01 1.584838186390000094e-03 3.048361255129999889e-31 3.036538322019999972e-15
3.660309378550000159e-01 2.299699132520000022e-01 3.065471821959999906e-04 3.245648904650000268e-04 8.709001701040000598e-02 3.766076080719999902e-06 3.147812043909999913e-01 1.493049342970000038e-03 1.502399378719999929e-31 3.086482018040000183e-15
1.679992090989999969e-47 1.087877062919999973e-05 6.631022274340000337e-29 7.105663822760000664e-05 5.377028913800000236e-62 8.921656971020000095e-21 5.602192671769999910e-01 5.141746287489999973e-121 1.272910454440000047e-39 4.396987974150000089e-01
2.692835258400000045e-11 1.241185532140000098e-07 1.564421710510000008e-01 1.747397506060000038e-03 1.834569878910000083e-06 1.740328274069999903e-01 1.228233842220000044e-47 2.363129018740000031e-01 1.026451070390000005e-02 4.211982327420000227e-01
3.197530422350000186e-14 5.488315494630000247e-28 2.910558237430000129e-26 1.126869963040000008e-39 4.318805766659999934e-01 3.340096008510000142e-20 4.955190408819999961e-55 5.681194233340000066e-01 2.108277268529999974e-42 1.241484873430000051e-60
8.424705440559999980e-02 2.885699653669999750e-07 9.746744332979999474e-08 2.105745003529999881e-01 5.831710832340000206e-01 1.173231931469999936e-30 8.177651791149999902e-13 1.220069759689999950e-01 2.360530942940000142e-20 2.100372929859999897e-28
5.345948457720000088e-12 9.726648102890000443e-31 1.610340475320000029e-23 9.179589146390000495e-31 6.322464429379999473e-02 5.103488179480000278e-18 2.519311584350000244e-01 6.587503120879999452e-01 2.609388517590000012e-02 1.618165664560000097e-12
1.419546104080000060e-102 1.926915230489999978e-10 3.613104649549999973e-47 2.469995824440000090e-40 6.995107895080000526e-01 1.768326653139999927e-01 6.214379793390000036e-13 5.001880745490000081e-42 1.069969178210000071e-22 1.236565449850000054e-01
1.063195055040000086e-12 1.312393828460000015e-10 3.659995003809999869e-01 1.442589981869999945e-14 3.223005475569999973e-24 2.914280934879999729e-01 5.721274599120000192e-28 4.525001726970000065e-14 1.746093746769999955e-01 1.679630313219999949e-01
4.661012353619999743e-02 2.302125664209999786e-22 5.200262524889999929e-20 8.780225778040000317e-02 1.678993429990000008e-01 1.792849661049999893e-16 3.041017164469999955e-19 5.347712923020000453e-01 1.629169833440000104e-01 3.959601593569999887e-11
3.138584894429999891e-09 4.872998079250000305e-12 3.186379265350000045e-01 2.435514246949999906e-09 4.542301002360000161e-11 5.705907243500000191e-03 3.459169409439999903e-39 3.266113960550000028e-01 1.007410076890000034e-01 2.483037568529999906e-01
3.387057081670000126e-28 1.183719771920000025e-01 2.953652058359999746e-35 1.469597416250000010e-01 7.346682811750000486e-01 5.713693646009999756e-27 7.933631192589999223e-12 3.747035697859999696e-33 4.514681125260000315e-68 1.517084813130000078e-32
4.988408244049999702e-58 2.036996740350000111e-77 2.259334966549999909e-119 5.304763980890000452e-01 2.572145600010000144e-01 7.344644559829999480e-49 3.064673422029999961e-16 2.214481527150000177e-21 2.122354673530000013e-01 7.357455659959999839e-05
2.351061908219999940e-10 6.741595958580000048e-01 9.390192194640000256e-34 6.732665264519999887e-09 3.258403966960000120e-01 4.789153041810000063e-10 1.869066657889999979e-75 1.110856740730000044e-30 2.416585110289999899e-204 2.169740643080000049e-47
3.547805239649999813e-13 3.233920001160000002e-01 3.612036999679999964e-18 1.051364112829999988e-08 9.946157404100000599e-03 5.933815297420000392e-07 6.666610248250000037e-01 6.237359409909999888e-23 8.265409354330000151e-13 2.137593147889999963e-07
9.999993039379999615e-01 4.433744075100000184e-44 6.893638395519999662e-07 4.446199553080000165e-13 1.506483929489999879e-75 1.457405638949999969e-56 3.118937748030000206e-16 2.465316660689999793e-19 6.698165051370000017e-09 2.645538938769999823e-35
2.675119483709999921e-12 3.654329888500000046e-09 5.061920467580000027e-01 1.485963890379999939e-33 1.158041186400000048e-19 1.690923643959999908e-16 4.938079187989999896e-01 3.059006022279999674e-08 1.953351603269999980e-10 9.829364269479999919e-40
9.999999713799999634e-01 4.787516418489999723e-16 7.239616137379999747e-09 4.469730044329999806e-30 6.439713132129999598e-22 1.941587014650000104e-25 5.160114840059999810e-109 2.138013564750000006e-08 9.054216308949999476e-71 3.596410785140000214e-75
2.728660632080000133e-15 3.260632579549999997e-40 1.241247174489999965e-15 7.396929004480000359e-04 1.353542071410000009e-63 5.091816018219999586e-32 5.330271701730000301e-36 3.325889855899999749e-32 6.149727603789999497e-01 3.842875467210000173e-01
6.251299244030000133e-20 2.697661127839999784e-01 1.668429949130000004e-05 1.961099078469999900e-27 2.655506236569999956e-01 1.184378835279999934e-08 4.646660242580000211e-01 5.431573358119999511e-07 3.390164092300000113e-18 2.778303640309999827e-22
1.119332015129999997e-09 3.395009485230000151e-02 3.531286542479999957e-01 4.786152750820000246e-01 9.495166263080000240e-29 1.497831351649999918e-09 1.325107121349999861e-01 5.611164320730000309e-23 2.407204344900000237e-07 1.795020344810000033e-03
3.994877900909999946e-01 2.105125499910000048e-13 4.771133086469999867e-10 6.005122093160000230e-01 2.357102275770000009e-18 8.015567305399999958e-23 2.809739638689999972e-16 1.165677095130000000e-10 1.937710944000000091e-26 2.588620267449999976e-24
1.964152807730000033e-07 9.643658115159999073e-22 2.564373545090000155e-21 3.077001397179999901e-09 1.882560532639999951e-01 1.345612171600000066e-31 6.768792561109999717e-01 1.348644911319999973e-01 1.361306293360000004e-27 4.168758328520000189e-37
2.434629977720000060e-01 4.568996900589999895e-09 7.294883574709999480e-07 3.198038581379999967e-01 1.032938521440000075e-03 3.746900866159999821e-22 3.216642142590000163e-04 4.353776708350000080e-01 1.364621701239999880e-07 4.925761990490000266e-26
9.495961620239999710e-07 1.875706206259999847e-09 3.434782458699999763e-01 7.003669968409999700e-31 1.248753669289999929e-09 6.054014988849999446e-01 9.650340014969999550e-48 5.111930252389999818e-02 7.000864660380000206e-18 2.211971419079999991e-23
2.405058902379999974e-54 9.999989782549999484e-01 4.371468681630000316e-37 1.341330574860000047e-46 2.926729905300000127e-24 1.021744947059999990e-06 1.664715473459999986e-66 5.053851221629999864e-75 2.574484028929999949e-132 1.490381289979999972e-38
5.448853438999999854e-01 4.073693073920000222e-19 8.200061607409999606e-14 1.857468663509999947e-28 7.898535848320000020e-06 3.205265080270000015e-26 3.438263228810000127e-01 1.112804346819999957e-01 2.642439559860000146e-15 1.119557626770000063e-33
1.693217520209999984e-55 1.633433473279999969e-44 3.387857189240000233e-64 7.166748455009999478e-07 4.555745768259999724e-12 7.212194645270000300e-33 2.245768872799999982e-01 1.591522991449999928e-33 7.072120756390000151e-01 6.821032040230000371e-02
6.090483091390000563e-11 7.499614623060000262e-01 2.499998527650000024e-01 2.446486502780000015e-46 1.851228750579999902e-23 3.868486808799999983e-05 1.455237838080000049e-24 1.094703268310000068e-20 4.640960478009999661e-46 5.563292583280000197e-36
1.424256990860000060e-22 3.526532336809999890e-01 3.445334632140000242e-01 9.892271339049999728e-12 1.094041272210000038e-23 1.999184317480000047e-07 7.447431506770000112e-03 6.200375552329999862e-24 3.935217460150000193e-13 2.953656716690000184e-01
7.780327577099999634e-19 3.952376104810000204e-10 3.728159297590000198e-01 4.611575679229999846e-15 1.544227089690000112e-13 2.828106495900000183e-01 1.106256946229999984e-29 3.779753713550000263e-05 1.646366693699999884e-01 1.796989533489999902e-01
3.383404865660000170e-26 1.561100310129999915e-42 1.200688084810000064e-56 6.033121372219999445e-01 1.075927257040000008e-02 1.839170558069999862e-54 3.101266759299999842e-01 5.072978300220000282e-11 7.580191422500000276e-02 1.822619507479999881e-12
4.193497915660000243e-12 1.646795942219999980e-11 1.923524989239999983e-01 8.997147249879999471e-23 2.853978084580000235e-10 5.516861915679999867e-02 8.610170777729999501e-20 4.010732251850000415e-03 8.154317405329999935e-02 6.669249753079999898e-01
2.258723700530000100e-01 2.243206064550000169e-52 9.600665237179999730e-11 1.654924288189999908e-06 8.028184480870000284e-41 8.293258015109999751e-90 2.047193747440000100e-01 4.023110920110000155e-01 1.670955081709999956e-01 1.998773866400000044e-49
3.496280352780000285e-20 3.110467661769999894e-14 3.104767271639999882e-01 1.284284550959999999e-38 1.735224060449999845e-21 3.688142748190000042e-02 1.761045111739999968e-06 8.581445126020000417e-11 1.299835658269999916e-01 5.226565183950000471e-01
1.197805484780000013e-01 8.697755431359999600e-28 1.987096091210000108e-10 1.937682210080000078e-01 4.327694639189999928e-13 8.348728985910000224e-16 1.205795870069999918e-55 6.864511870349999656e-01 5.854682379509999541e-13 4.327860654160000017e-08
4.473754527870000363e-15 1.050990671890000044e-18 8.845218491110000412e-30 6.198231960940000507e-01 3.801756455859999773e-01 6.985997757119999906e-35 7.006358833540000428e-16 1.158319952329999956e-06 3.751065450319999881e-25 2.192706826960000098e-36
2.757863792199999994e-33 6.445458758740000361e-62 9.256369787549999448e-25 8.951107978680000159e-39 5.925788031839999889e-85 1.186398874079999889e-81 6.940683665210000131e-01 4.516733782920000186e-37 3.059316334789999869e-01 4.130331865350000270e-31
2.861213944199999790e-19 2.549381959149999988e-01 8.617839763640000594e-02 3.265726897009999920e-15 1.558855078369999989e-06 4.109489392329999965e-08 4.560788096180000140e-01 6.092141208530000099e-05 2.027420206949999970e-01 5.477394603560000132e-08
5.483856139920000382e-26 1.381968072519999926e-08 2.052320753730000127e-06 1.349714488760000040e-26 3.840836300339999787e-01 3.240140938200000015e-02 5.874341802940000362e-07 1.876578246900000024e-01 3.958544820459999891e-01 2.731387166399999879e-10
5.016173703659999594e-01 4.983826235189999787e-01 5.758319163839999884e-09 7.013772791829999807e-13 1.953719318849999845e-11 3.360586985459999878e-10 4.060425438469999936e-53 1.458828753270000098e-13 3.444693664559999746e-83 4.752978433379999701e-55
1.190831617199999970e-02 3.834726173349999895e-54 4.410875960590000325e-36 2.388479889819999848e-05 1.823379239019999930e-09 8.321719235180000034e-44 4.236657461660000045e-31 7.271602184650000078e-01 2.609075787410000125e-01 1.818349950780000132e-20
3.564137347509999825e-04 3.121249432840000082e-30 5.386462771989999773e-23 9.718839594890000043e-29 7.163130196339999312e-02 7.150052282020000501e-18 2.441050560960000004e-01 6.504014246129999899e-01 3.350580357539999915e-02 1.741821751089999949e-11
2.128520988310000018e-06 2.918136658059999953e-07 1.009922308099999999e-01 5.632642701059999781e-05 2.778965957979999782e-10 2.624213646140000078e-01 6.639585507000000137e-15 1.341372310249999917e-03 3.616244913589999888e-01 2.735617938670000249e-01
1.084116558160000001e-08 7.100891989270000089e-12 3.826894144579999917e-08 5.105548326529999459e-01 1.038919129790000028e-04 2.895247459559999736e-01 6.059197239680000063e-12 1.755635313030000089e-01 8.422820193329999739e-06 2.424452623040000004e-02
3.921258635670000214e-01 1.156433233050000037e-01 1.556564581489999950e-04 3.960036950979999859e-01 4.253799822019999760e-02 1.867454270619999988e-09 5.945358479800000382e-22 5.353346148489999956e-02 3.198048960709999737e-35 5.085721684559999876e-26
1.261198504659999967e-26 1.867450999389999903e-09 5.814227488989999471e-04 9.809974635100000375e-79 9.800201399659999243e-03 6.124716511559999965e-01 3.002055927530000240e-16 3.771311605580000004e-01 1.556227016810000013e-05 1.006137305709999988e-23
8.404707432319999452e-08 3.172757519060000045e-08 5.269233453499999609e-01 4.137637494409999728e-01 2.064219912699999912e-66 8.764092101340000350e-19 4.151728094290000243e-05 8.883210799610000389e-44 7.494382772470000245e-03 5.177688938109999833e-02
1.209157986060000013e-22 3.881573684569999960e-01 3.273848060310000085e-01 2.584462422129999992e-01 7.455739795809999729e-32 1.436930307769999915e-09 2.598129536849999935e-02 3.077166272769999942e-28 4.274958991269999752e-13 3.028649270220000020e-05
4.508708998150000036e-01 1.263416203290000021e-04 1.052126757329999955e-09 2.391359171550000113e-09 4.306094602839999896e-01 1.843816900099999884e-24 2.029182778340000164e-55 1.183932948369999932e-01 8.000351997320000152e-50 5.936937710390000219e-62
6.992838919529999874e-16 1.690071908659999955e-01 1.991382638020000040e-01 5.836081529139999780e-02 3.004629601949999759e-11 1.882155685289999890e-14 9.641900933489999659e-02 4.122707317780000035e-09 4.770747163299999816e-01 2.237884082870000027e-10
4.313502836250000063e-16 1.064130718820000084e-40 7.402093483349999779e-04 3.706940592980000230e-64 4.127598113580000040e-34 1.878878405939999951e-32 2.735892980349999831e-21 2.977972471990000258e-01 7.014625434529999648e-01 6.836137131379999415e-42
1.730251726309999930e-19 7.264032588949999365e-11 2.916316865799999936e-01 3.397951934299999897e-21 3.394806358090000117e-16 4.198238631249999742e-01 2.738014989299999857e-05 2.279840501310000059e-07 2.870235862989999887e-01 1.493255789379999924e-03
2.119503268110000116e-01 6.885378363830000011e-32 1.547311251029999871e-17 5.047184790119999542e-01 2.188997917119999915e-32 7.964959401940000358e-40 2.830819572100000125e-01 6.406967032510000339e-17 2.321868690610000058e-04 1.705009916890000128e-05
2.020812755689999861e-12 6.391964218529999654e-11 1.531000763789999997e-01 1.039162272869999917e-15 6.975430241849999887e-25 3.179725536190000090e-01 9.303029001529999203e-03 8.060140673599999651e-14 4.436184501830000015e-01 7.600589075209999990e-02
3.199080277560000241e-01 5.676590722870000078e-02 4.532263385569999722e-09 1.667118961069999933e-19 6.232883829169999501e-01 8.827309924789999871e-21 4.821082664149999613e-41 3.767756629240000201e-05 5.166960109630000077e-54 7.277616334380000129e-56
2.656203383700000121e-19 9.021060188499999222e-06 7.058105813250000286e-20 1.724337983020000084e-03 2.738196326180000195e-01 1.593450233969999907e-01 2.431592102930000002e-10 1.448770422310000085e-15 4.933235098570000199e-01 7.177847484190000293e-02
1.200788925050000103e-06 1.373287638500000096e-19 4.614422269140000295e-22 4.849258153830000029e-01 4.243952652999999908e-01 4.296378058070000147e-35 1.833965704660000063e-07 9.067709108259999762e-02 4.440492700519999959e-07 2.937174221039999989e-16
7.025203185870000235e-69 6.108034858160000190e-29 6.759467802400000265e-43 2.614456243989999937e-30 2.702425504920000040e-52 5.903681507669999590e-20 3.542673007869999880e-03 5.734799325029999823e-76 4.939373896449999811e-19 9.964573269919999587e-01
4.888186437120000116e-01 1.416579595219999974e-04 9.519265960740000144e-15 4.324628372490000282e-03 3.692743570150000217e-19 3.490387087580000031e-09 5.067150595060000429e-01 4.117146481010000302e-31 4.877975376630000415e-35 6.959089018890000115e-09
2.276707956050000173e-24 6.239919600940000118e-88 5.305488492849999981e-30 3.430098340289999928e-42 3.042269090410000191e-32 1.707753191029999882e-70 1.031133289799999947e-29 9.999969201959999499e-01 3.079803528319999964e-06 2.580405896909999929e-52
9.501128670970000640e-90 1.288376008159999914e-18 4.642797072620000202e-90 1.759789659980000032e-01 8.697226271240000806e-12 2.701481395109999951e-32 5.890770061690000503e-01 3.046913637530000135e-80 2.842713212889999838e-29 2.349440278240000068e-01
1.779470683259999896e-28 4.013769609180000142e-01 4.332589422459999970e-07 5.974046251879999714e-01 3.998470260219999824e-32 4.283345805490000129e-08 3.782936206839999967e-12 2.737945483350000165e-38 1.655203238159999976e-18 1.217937797890000047e-03
1.835082381299999906e-07 5.180055252839999796e-33 2.782462009559999941e-29 5.070058763770000226e-02 3.914110418449999740e-01 1.800422674500000049e-24 4.851012664790000311e-10 3.512658666160000109e-01 2.066223199080000072e-01 7.250855126889999243e-15
6.261597537619999487e-01 5.553866580929999801e-65 2.576636585490000130e-19 1.948095570959999966e-17 1.350317927170000082e-44 9.006631657340000348e-38 2.684443816009999845e-34 4.915993396500000002e-08 3.738401970779999806e-01 6.020301465959999902e-19
2.765077988669999848e-02 3.940429673020000007e-21 1.342382242699999988e-21 1.584762063529999975e-09 1.914973298859999895e-01 1.331196687440000022e-31 6.717738408890000512e-01 1.090780477539999987e-01 1.649675672510000036e-26 2.029000403749999928e-36
