3.668979382179999860e-01 2.823897670410000016e-28 4.437430173220000275e-47 3.219571872899999970e-27 1.144548777640000007e-27 5.112648900920000220e-30 5.390169986930000556e-26 9.928875515030000877e-28 8.811334070199999904e-16 6.331020617820000140e-01
1.013259311140000029e-19 2.391133649849999957e-22 6.161168392479999811e-01 5.467202461120000368e-18 1.480491609020000073e-36 3.744015173179999767e-01 3.314869956879999999e-46 9.481551787040000401e-03 9.164619451139999443e-08 6.303133511069999731e-45
3.821718918420000111e-01 3.726551643560000215e-38 2.237326478979999866e-01 2.119211604979999894e-16 2.792345715069999971e-10 1.841115856330000137e-20 3.253684170989999837e-21 2.573947394600000216e-01 1.428234783830000126e-10 1.367007203779999902e-01
3.561579666559999951e-03 4.188286414889999944e-10 2.834519988370000076e-01 3.210563692680000068e-09 1.504758797180000025e-11 2.792700786919999997e-30 3.829328073969999681e-08 1.389957480449999965e-26 1.468768234060000153e-11 7.129863795440000152e-01
9.473808702940000370e-07 9.168398762100000159e-30 4.568098888520000234e-01 4.735449853290000189e-14 1.600641183489999978e-36 1.332778927810000032e-37 3.903601331429999816e-37 1.705075741530000010e-35 5.431891637669999939e-01 8.978638454250000296e-40
2.088064674230000049e-19 2.745074496200000050e-07 3.398399048180000270e-01 9.551728653610000805e-16 1.255582164490000084e-58 8.552443855920000606e-06 1.703816569859999963e-01 2.693507699930000167e-40 8.490815137319999747e-12 4.897696112370000243e-01
1.146880176889999992e-14 3.525184130769999924e-01 3.028796953930000265e-26 4.530287508950000020e-23 4.549554254209999815e-01 4.159407979370000166e-62 3.592144386820000055e-06 8.952082439650000331e-48 4.002287600569999842e-44 1.925225693569999896e-01
3.843642578590000108e-03 2.624728525070000090e-33 7.410195554209999536e-01 3.977331331609999824e-66 2.551366568760000120e-01 9.403560489609999925e-58 1.766133309629999948e-84 1.451245996289999950e-07 2.213487804259999899e-33 4.574907079159999799e-21
6.644693072030000181e-25 7.328072984089999475e-15 5.037666963450000424e-01 8.641154518729999454e-36 5.960869353439999699e-23 7.787324857030000242e-09 2.949178017190000056e-01 6.315894724789999798e-40 3.755184798739999854e-10 2.013154937730000094e-01
2.318853376230000096e-01 4.223354514589999775e-01 3.691279851729999811e-02 3.774736255350000226e-53 2.948074387420000147e-20 1.789205748870000120e-04 2.657105799310000075e-39 1.741809380259999899e-03 6.197508559209999852e-18 3.069456824460000122e-01
1.630326596610000041e-56 7.170775340189999847e-01 2.829224659810000153e-01 5.366938893799999893e-37 3.538662130620000010e-28 2.992173840779999742e-29 2.356702967259999863e-23 2.629361830990000136e-57 1.498254502069999948e-32 2.762597320849999751e-63
4.467268648030000011e-01 1.510778046310000122e-01 1.978941870049999996e-01 6.936188299419999856e-29 1.747384031600000102e-19 2.058363577229999939e-12 3.081390626220000143e-18 3.541088956470000100e-19 3.775622492230000312e-09 2.043011397829999909e-01
6.444100008490000030e-13 3.992313454380000206e-14 7.480580424110000459e-01 6.540209282659999857e-25 2.977690372229999762e-48 4.370090299029999892e-16 2.727976257140000071e-89 1.083391809330000030e-15 2.519419575879999762e-01 4.832325735909999974e-91
7.961308762990000359e-21 4.846738657920000163e-29 1.356936966389999943e-01 1.637190218870000137e-05 1.208218672969999935e-01 1.960021031410000003e-01 1.744454839969999949e-01 3.576579117490000237e-01 1.536235694360000084e-02 2.083306649429999934e-07
1.145060329350000017e-01 7.589735131290000669e-18 3.129544524960000129e-01 2.166789783729999883e-08 2.595332689309999999e-27 1.546435714060000011e-23 5.495568256289999724e-07 1.616499778150000055e-29 5.723851028440000155e-01 1.538405003670000081e-04
7.314968780899999770e-38 4.224426487840000413e-34 1.102086732779999914e-28 5.914840385010000185e-27 1.297880318850000058e-53 4.887187521399999901e-01 4.516854484349999699e-02 6.408620155899999891e-31 1.511147122400000037e-21 4.661127030159999962e-01
5.574303519929999506e-01 2.618890176179999900e-43 1.808125975919999955e-06 2.446716361260000013e-21 1.338938129940000013e-02 4.719572008980000014e-111 6.039462189539999671e-18 6.041348058460000060e-48 4.936282096559999874e-19 4.291784585819999887e-01
3.861725236869999691e-06 1.947667610939999939e-16 4.561642941040000010e-01 1.081093809120000080e-18 9.598407510920000223e-09 2.585191228450000045e-01 2.046606775110000135e-12 2.249997552580000060e-01 3.634918313160000192e-02 2.396377333559999989e-02
2.215493453669999819e-09 2.448637810339999915e-32 9.061473218329999600e-14 1.316991316029999964e-20 6.347254679390000225e-71 5.227823222689999655e-31 8.803173337369999880e-89 5.084429699390000215e-30 9.999999977839999499e-01 4.383296433110000188e-91
1.526860929690000082e-19 3.051799472100000243e-01 3.990478194739999762e-01 2.825736741930000018e-01 1.319854400669999948e-02 3.623319165150000102e-43 4.620186094949999604e-22 2.555547917270000113e-33 1.511677521819999853e-08 1.779684899969999898e-63
5.721863410959999729e-01 7.777448568349999611e-41 7.310635129789999641e-10 6.089803097680000251e-21 6.971396241969999461e-20 8.196146405189999771e-20 1.814550320239999973e-26 5.015984924999999928e-02 5.000829888179999821e-17 3.776538089229999895e-01
1.432166514169999966e-25 2.047662637309999980e-46 7.146364474590000327e-74 7.301443034560000100e-01 4.591081685810000286e-19 1.283737376279999903e-09 2.698556366909999893e-01 5.856428992400000253e-08 4.606829799479999792e-21 5.025905496089999806e-12
1.246792057399999904e-37 9.008136876909999608e-07 2.768694121390000151e-01 9.581852982539999891e-19 5.457474487300000288e-01 1.166232875139999880e-19 1.773822383170000072e-01 5.776398057140000220e-27 3.394507633540000000e-23 1.745553577899999937e-22
8.871229881830000168e-18 6.271714485799999572e-01 6.786910269090000529e-35 1.789520467100000000e-34 4.378205687950000036e-02 4.886165995859999755e-04 8.975555263629999322e-30 3.285578779409999983e-01 1.163957062760000077e-30 8.142012289089999893e-25
9.859711583320000527e-35 5.901530317580000462e-01 9.221598039589999640e-41 1.520976207439999938e-18 1.574159019340000138e-26 4.098469681829999822e-01 5.878051898210000407e-11 1.253810359210000048e-20 1.961977917890000054e-24 3.162873471279999954e-30
1.291608619070000091e-38 4.691622421159999729e-54 1.688527745870000091e-03 4.268106468249999882e-76 1.610558546660000034e-01 4.754466834750000147e-17 1.545052286730000025e-25 4.143225785899999902e-01 2.163630913449999930e-52 4.229330389970000215e-01
2.445678863459999789e-10 1.604732546230000084e-36 2.845218870740000017e-01 5.361481713389999459e-01 2.111838489619999926e-17 3.670832986580000029e-15 1.398163161210000003e-03 8.747063912319999563e-15 1.463069845720000040e-01 3.162479360949999735e-02
3.032828458250000121e-31 3.355105328320000246e-02 8.242181068840000402e-26 5.069906181179999471e-01 3.098178341469999835e-33 3.183956794239999989e-19 4.594583285989999877e-01 2.867894417859999876e-48 2.387508904449999915e-19 1.881057957199999964e-26
1.109087204230000001e-06 4.105240746299999966e-16 4.173658512320000380e-06 5.199894782840000175e-13 2.367576693819999829e-55 3.187230741450000071e-01 4.774225430459999734e-55 2.652666740180000260e-01 4.160049690900000097e-01 3.426265440569999704e-45
1.019889012590000066e-04 5.298788646800000046e-16 4.717180339659999833e-01 2.011795818210000037e-10 3.852158445070000283e-27 2.744427670490000026e-01 4.545868598430000452e-16 2.537177988859999900e-01 1.283405637689999941e-05 6.576941129350000038e-06
6.732515047489999738e-01 2.946097103900000014e-01 2.852614100369999848e-26 1.824383399030000135e-32 1.538363746540000061e-58 3.213878098499999697e-02 4.692223519879999738e-40 2.598502019139999897e-18 3.876414168530000399e-09 8.519003980339999894e-16
1.693528905560000112e-10 3.490423296190000024e-01 5.248866534669999903e-51 6.724054714630000583e-14 4.576691887600000119e-01 1.886129120039999886e-14 9.816517649660000194e-05 3.544858056950000171e-11 7.165243475129999824e-28 1.931903162389999873e-01
3.494588862189999733e-14 8.888272302709999714e-19 5.033783542269999467e-01 4.363449140049999730e-01 4.402571825639999763e-09 3.448203059779999906e-03 2.219523409800000109e-07 5.587183511899999899e-02 9.564650951110000065e-04 2.139396732670000037e-09
1.091200477129999992e-14 3.008808193300000044e-29 6.480531811490000117e-77 2.930027467149999888e-32 6.619184987979999691e-34 2.101828591340000052e-01 4.329736823800000185e-26 4.424679563650000258e-01 1.187340520510000045e-29 3.473491845009999968e-01
1.190903913650000018e-15 2.986764609930000018e-06 5.022361322669999587e-04 1.641665181210000150e-61 4.347513054739999827e-01 5.337234005900000256e-20 9.526646735769999534e-22 2.713172968689999992e-17 5.298529098480000213e-27 5.647434716300000490e-01
3.163965833999999866e-01 9.043341001769999663e-22 5.726159127240000313e-01 5.248603083939999644e-44 4.136489241339999789e-15 3.254241081000000211e-30 7.787837388630000383e-102 1.109875038759999960e-01 1.437918317460000069e-14 2.140875727520000146e-45
7.620856059280000094e-01 3.733107167209999847e-36 1.836448859629999930e-01 5.246597468870000417e-35 1.049231510729999955e-10 2.697713627110000000e-42 7.879144872599999848e-29 3.416347976159999963e-18 3.381721452749999822e-17 5.426950800420000248e-02
6.691984649569999721e-01 1.380611952280000083e-50 4.067875469410000061e-43 3.387350818299999902e-17 4.756716934139999912e-53 3.869610689179999811e-14 2.867912848929999964e-39 3.308015146450000166e-01 5.548218915819999912e-17 2.039768892680000020e-08
6.022603106689999509e-26 4.489026568999999744e-01 5.507376348600000471e-01 3.597066048970000039e-04 8.779734919889999740e-16 6.297095729410000648e-36 1.709502577819999921e-45 5.973505319929999715e-29 1.634534732119999926e-09 6.969830384150000525e-122
3.465722866510000267e-14 3.974942195200000250e-01 2.010558105729999982e-37 4.444687808740000235e-19 6.025054299119999568e-01 1.391435791230000011e-10 2.601498483369999900e-10 9.700146996739999443e-10 2.393122134769999816e-24 3.491981265340000185e-07
5.148342076579999950e-06 2.076420863310000087e-01 1.163158276770000016e-15 3.696668424909999885e-10 3.297713519680000038e-01 6.372885893210000220e-21 2.286827898859999994e-59 4.625813521139999773e-01 6.087551672800000262e-08 5.373343255610000089e-83
2.216590062640000204e-31 1.135649095530000082e-37 1.347579717939999928e-06 8.183059358959999653e-26 5.010541039399999727e-34 5.296378191039999850e-01 4.305912516899999882e-57 4.703608227220000271e-01 1.059441408970000004e-08 1.914558586979999837e-67
2.288053957190000102e-32 3.303441977310000247e-11 1.646041628470000071e-07 6.721590159330000092e-03 3.294900387859999724e-01 4.224617033029999802e-01 1.887197456209999957e-01 5.260675749379999794e-02 2.274533474590000003e-17 1.885277754819999992e-23
4.036530368709999924e-64 1.213090013929999933e-01 1.405670208260000097e-03 7.396450883889999952e-30 4.817253158650000033e-01 8.126018071410000065e-25 3.955600125329999939e-01 2.189741356060000021e-51 2.704613443540000030e-32 3.061054704710000175e-32
1.185839712670000026e-34 1.556837827359999976e-06 5.451793594480000005e-01 1.436340006509999984e-39 1.391469189180000035e-07 6.163155784399999701e-06 4.496852878509999818e-01 1.157584581500000020e-29 3.271183419559999728e-17 5.127493560950000320e-03
1.105811249959999906e-12 2.003252677139999993e-01 2.308519948609999983e-01 1.550638800159999907e-03 1.606664380799999947e-20 3.389918562409999780e-01 2.150332712580000083e-01 5.708548428560000215e-16 1.300613160829999955e-02 2.408395176999999913e-04
3.528573260549999757e-01 4.679265537840000094e-07 6.179636581970000367e-35 6.411027730230000387e-40 1.662422681920000040e-59 5.045433277299999908e-01 1.685690562820000091e-55 1.425988779909999893e-01 1.109966618260000022e-24 2.973145859209999894e-10
6.980681876100000056e-25 4.695564060440000076e-01 3.516507320580000056e-22 7.592467350140000388e-43 5.298779390029999536e-01 6.158186932629999767e-05 2.289275147529999904e-22 5.040730835550000059e-04 5.472693722139999740e-36 2.116475589609999972e-16
9.999999954899999599e-01 1.499562553330000110e-51 2.174586524499999887e-38 1.865728494380000038e-18 6.264547831399999782e-44 7.042133157459999996e-65 1.061339829629999912e-86 5.667667851030000109e-29 4.510029055510000290e-09 2.277836805260000064e-61
3.592611757769999855e-05 7.713900489349999334e-02 4.352291164439999749e-01 9.892910638259999346e-36 1.785359758260000040e-01 2.493169701980000225e-32 2.764230202180000157e-20 5.900757932949999842e-24 4.636159631380000175e-21 3.090599767189999847e-01
4.044788393970000229e-01 1.033267321420000042e-12 5.533545068529999987e-17 4.399072289919999929e-41 4.771185413620000327e-24 4.284264251419999704e-03 9.308617906089999348e-27 8.020580540160000340e-08 7.090954232019999744e-11 5.912368160740000267e-01
5.204896632230000316e-10 9.717015823319999874e-11 2.737203662859999834e-51 2.113069551500000032e-01 9.783785032210000343e-02 4.899206025520000118e-08 3.689290473599999842e-01 7.581501641189999918e-02 3.280560822119999766e-20 2.461110811470000048e-01
4.335300269160000259e-11 3.565232064080000066e-44 6.460049033360000352e-03 3.890841659579999850e-11 2.070409135859999916e-01 7.057112661830000276e-25 9.742419764819999772e-02 4.216969692279999830e-20 6.886642021700000171e-01 4.106374799729999763e-04
1.295366526710000002e-10 2.317611573870000108e-01 2.101425180380000127e-14 1.376767971520000014e-34 5.185970105880000044e-49 7.167426630009999799e-01 2.633886293989999962e-42 2.707320804200000112e-20 5.149617948259999772e-02 8.138645441500000505e-33
1.074420498039999935e-09 1.605881341000000018e-01 2.314995073999999843e-19 2.734515212299999942e-01 4.379153056470000124e-43 5.401511543729999865e-01 5.525274200220000345e-19 6.527863122239999793e-17 2.580918922230000107e-02 1.123262369430000024e-24
3.364392034269999901e-26 3.510719719310000021e-38 8.674456363210000134e-70 3.784613786610000038e-77 4.000307028020000117e-44 5.000338865929999654e-01 1.824619938299999996e-45 4.913559040270000233e-01 2.484366246869999938e-54 8.610209379289999326e-03
4.858252198069999972e-01 4.758008359429999889e-01 7.712950103199999741e-25 1.856731314799999953e-08 6.267358605129999753e-09 9.411099354349999551e-28 7.995061523650000188e-56 3.837391941510000237e-02 1.228458629280000043e-16 1.514496918960000067e-55
1.875378991740000102e-09 1.351415819760000003e-05 2.089498537979999834e-02 6.773407091170000061e-02 1.847633664180000079e-01 8.614591626119999558e-08 2.932653309270000230e-01 1.455875756800000055e-08 4.333286296250000169e-01 6.434111303749999904e-15
9.332799589070000658e-13 1.275508122150000061e-05 2.937943160390000252e-01 2.362997594319999906e-14 1.429055485460000012e-27 2.826361929729999977e-14 5.639365659650000537e-79 1.341932178520000103e-07 7.061927946860000471e-01 8.037715950119999201e-96
3.187862327170000176e-01 7.552913481300000245e-07 1.058942369819999979e-01 1.802103086759999967e-19 1.073152155889999961e-21 2.012889965250000135e-01 5.442006443399999954e-19 5.162545200119999936e-04 5.829572248459999860e-09 3.735135181359999779e-01
1.542065327489999839e-11 6.810423978720000268e-47 5.078099111240000295e-51 4.818606964800000170e-01 5.181342794869999713e-01 7.281194353069999675e-31 1.119628528780000012e-06 3.624091111159999761e-07 1.801324770119999971e-22 3.541979202709999825e-06
5.354895632259999705e-02 2.791911476829999846e-31 3.245134557239999773e-01 1.382406820139999945e-04 1.987002366490000144e-17 1.291782452610000046e-58 1.791595211789999975e-01 1.936707412199999918e-54 3.600651556089999872e-01 8.257467048369999951e-02
1.753238717649999911e-14 1.772092046890000050e-01 2.266803378789999934e-01 1.194425098490000022e-17 2.553809774140000080e-05 3.372003750529999899e-01 2.131103684450000035e-01 5.268480745940000131e-17 4.554625265219999775e-02 2.279231841520000111e-04
1.101695178579999938e-07 3.265410595200000099e-01 1.157659440379999992e-36 3.640079481019999998e-09 3.118767547150000150e-80 3.239622931760000033e-06 4.676800033250000019e-11 9.266613980239999785e-48 6.734555870009999445e-01 3.277874021770000009e-14
1.629717402530000043e-15 3.583436033659999839e-18 2.437374745760000072e-01 1.323892938049999968e-18 1.939795297110000061e-53 3.746297733980000211e-01 8.320534274700000373e-78 1.858087731660000019e-01 1.958239788599999975e-01 1.001919391050000044e-80
6.629547894049999743e-38 1.540119256270000011e-23 3.216354413229999936e-19 1.737439313379999881e-29 4.640031470739999775e-01 5.701914930440000555e-14 4.099202957749999933e-31 5.359968529259999670e-01 2.864112364379999975e-41 6.091268258569999849e-36
3.249589216000000038e-06 5.527100494050000146e-01 3.649953817400000168e-03 3.487866310990000012e-16 3.162898456889999823e-33 6.730142538370000178e-06 3.716113782000000161e-08 1.286695488909999937e-25 1.450206455439999875e-01 2.986093343410000100e-01
7.145454209569999677e-04 4.094464783050000102e-43 1.968340735369999942e-42 1.596163816789999946e-04 5.756945521999999940e-03 4.766495478809999745e-23 1.015989432299999975e-17 9.933683883299999628e-01 7.533168880670000008e-08 4.290141142870000107e-07
9.873438250699999367e-34 2.400584468070000031e-50 9.959532587810000245e-32 4.710214720490000007e-26 4.362948118919999785e-01 4.783071882689999964e-38 1.843258342210000100e-03 1.726443547340000007e-18 2.535270829220000227e-50 5.618619297660000234e-01
5.994110436630000205e-01 5.227561642320000271e-15 9.834445719289999777e-02 1.556146488880000101e-28 3.022378586469999795e-01 2.065263197330000055e-26 1.672289174530000087e-31 3.828606019449999794e-06 9.456740963339999736e-16 2.811890269810000122e-06
1.971115417739999910e-10 9.025654923379999519e-13 2.695175089949999753e-44 7.501877915360000094e-19 3.677152565219999891e-01 3.826524386659999924e-84 2.824664717279999904e-01 1.946909978339999928e-72 1.486972744260000018e-33 3.498182715520000152e-01
2.718221984049999929e-01 5.740785019420000523e-01 1.129466473489999930e-09 1.062085839299999976e-08 4.095294054429999897e-05 2.027118726230000024e-34 3.764993705180000046e-88 1.540583341929999961e-01 7.691322968780000480e-10 2.609747495840000023e-103
9.053136354459999769e-10 1.085217361369999982e-12 6.477243661169999991e-24 3.972091304399999858e-04 4.084464865259999752e-82 5.485398719970000503e-01 7.645672296600000604e-18 8.434204223609999810e-25 4.510629179660000099e-01 1.260370006729999877e-16
4.297572809830000244e-56 7.164373421669999464e-01 2.835626578329999981e-01 4.119074164460000038e-35 1.300588213850000054e-27 2.462167850310000065e-28 8.168568555720000564e-23 3.962889131279999654e-58 1.718227933219999919e-32 5.150872872649999835e-62
5.352630970889999951e-01 9.600528934079999761e-20 4.681372486639999886e-46 5.584921644439999713e-36 4.153272732739999876e-41 2.493612404320000031e-01 2.769832280360000073e-30 1.525013651740000042e-06 2.303199745340000045e-12 2.153741374629999927e-01
6.977325968160000337e-25 9.999999989529999578e-01 6.933766911299999938e-43 1.529190130880000018e-18 2.521990740710000100e-74 1.047486077879999969e-09 1.537016451230000043e-39 1.794143919140000075e-32 2.538621235919999997e-19 1.375645308969999935e-56
8.424299336570000019e-02 8.670617286839999286e-56 3.231456596400000270e-01 1.469656253650000009e-35 2.993131114879999943e-01 8.952624623549999588e-41 5.405203265830000348e-25 5.747171341959999486e-14 1.368918063369999932e-11 2.932982354929999924e-01
3.790862957249999959e-38 2.265916087649999869e-02 3.331537263800000148e-01 4.561066579719999661e-24 1.667293632060000140e-05 4.506737009879999902e-23 6.441704398069999504e-01 5.539403892840000199e-49 2.226013775179999918e-20 1.097433784840000029e-24
4.188825313599999879e-11 6.965994743650000265e-01 9.521919218390000410e-31 9.709353641420000181e-02 5.234824027489999952e-65 2.044717330569999987e-17 6.538288029539999932e-24 1.193723900190000056e-44 2.063069891790000054e-01 2.819059851360000103e-50
6.143174977329999744e-23 4.114444275240000115e-01 1.745256094979999932e-07 3.480419972229999880e-05 2.036257250300000086e-16 1.459066530039999975e-68 5.885205937499999873e-01 8.569154513040000167e-111 4.782384192690000161e-15 6.764551277460000534e-29
1.386244093599999949e-41 5.504432027820000285e-04 4.191170701640000162e-01 6.433976210250000303e-35 3.447953499950000140e-47 5.803324866329999665e-01 3.135148215219999954e-24 5.532592851670000333e-27 7.409968159240000433e-23 3.373296548169999752e-30
4.665730557019999725e-01 3.851628745630000118e-31 1.282243138369999995e-33 2.884052736340000012e-22 2.875486808179999931e-08 1.528617897139999996e-19 1.317820785479999992e-34 5.334269154299999816e-01 4.034455515880000046e-11 7.320540308540000130e-11
8.613439883169999681e-38 8.004564254570000204e-01 2.812552343940000020e-11 2.906174789449999899e-09 4.669637080909999782e-11 1.113157697280000088e-43 1.995435715620000050e-01 6.876435954560000285e-68 1.592826901070000087e-22 2.490696264040000208e-32
7.174950011780000051e-20 6.709367990100000164e-22 6.077773036329999767e-01 1.661277092300000061e-17 3.589986722810000175e-37 3.151960115569999998e-01 1.178061269199999933e-45 7.702655723119999909e-02 1.275794215170000050e-07 4.630060730169999818e-45
1.295589092710000042e-05 3.170281328530000107e-38 5.472189759629999539e-01 4.051098188549999771e-03 5.089213410610000375e-12 3.279810393140000223e-76 3.500549550369999943e-03 3.039195012470000266e-64 4.452164075839999957e-01 1.281827117289999956e-08
1.976834962349999960e-13 1.892595635899999916e-18 5.027840364660000061e-01 4.352385814590000179e-01 8.853445256539999704e-10 3.531567821319999854e-04 3.690282906429999757e-07 6.064089582659999700e-02 9.829591839980000422e-04 3.686415404480000019e-10
7.279941794660000350e-19 2.157539946049999955e-19 2.103083202369999960e-01 7.785633777570000006e-10 3.780974642280000020e-01 4.501277713179999834e-09 1.374197947000000064e-11 1.926614155480000127e-07 4.115940175800000267e-01 1.071310474420000012e-20
9.026952082730000000e-22 8.971035519710000749e-06 3.775733139390000104e-01 6.120055949499999890e-93 8.796469491120000256e-04 2.907371622329999868e-08 4.638332400779999867e-28 2.188836403479999866e-08 3.049033638620000212e-36 6.215380171140000298e-01
1.891734255370000062e-01 4.250876611959999996e-01 2.041347431489999864e-01 2.713736175210000012e-30 1.323006360599999999e-03 1.600709567040000080e-16 9.597005049129999632e-22 4.075250992149999917e-10 3.612148163399999958e-14 1.802811633489999898e-01
2.500446081170000036e-13 5.578675740520000481e-01 2.525744240980000195e-29 8.164086934290000594e-05 1.393214239920000097e-01 5.856925626439999654e-09 1.568127099279999909e-02 2.100033783579999952e-02 1.839668309690000171e-30 2.660477464009999848e-01
9.999999969130000110e-01 7.816817288320000082e-51 9.021363906600000615e-39 8.448622111229999606e-19 5.136920226599999779e-44 2.524536433279999833e-66 9.210847443310000431e-87 4.834769901110000194e-29 3.086769732660000180e-09 2.030838499800000099e-61
1.539134808840000063e-14 3.846179957239999857e-03 1.293974922380000060e-56 4.572422402210000110e-08 3.006821396529999800e-07 7.739910338569999659e-02 3.745108165150000112e-01 1.889546321289999886e-01 2.844212033469999937e-31 3.552889216060000077e-01
5.485085321329999930e-01 9.479918742609999907e-04 5.163630850360000080e-02 2.260758546920000125e-02 3.762995645519999766e-01 3.540726798909999955e-47 4.372204780820000245e-27 1.544123515439999963e-21 1.746815426479999991e-08 3.275672009229999941e-42
5.337978433819999813e-01 6.868160733439999682e-18 6.637881641569999551e-33 2.252791557150000101e-20 2.797240633279999921e-46 4.656369688440000210e-01 5.421260446879999985e-28 4.725069528029999968e-04 1.042122005499999951e-13 9.268082118579999684e-05
5.338104015129999658e-01 9.537149849519999991e-18 2.199248621759999995e-32 2.687623719760000001e-20 2.181592997759999912e-48 4.656569515710000107e-01 2.309455052630000109e-29 4.425656838460000249e-04 5.206785318590000196e-14 9.008123164759999414e-05
1.331934286920000068e-39 3.517766001949999702e-05 7.040187772599999880e-17 5.712842846190000113e-08 7.730666183299999820e-19 4.101467559929999895e-01 5.898180092189999613e-01 5.039910962419999955e-21 4.867159420070000295e-18 5.325042084709999987e-27
3.897153249619999838e-13 5.303381888930000190e-33 6.307655657289999585e-28 3.019413300170000203e-01 6.668859240090000037e-19 2.391642094210000014e-01 3.372704681440000005e-08 4.578861855670000036e-01 1.007799419109999938e-03 4.418483999089999902e-07
2.278689394410000069e-01 3.992458469469999938e-01 3.299982614129999922e-12 4.677450542749999861e-35 1.263575117489999936e-17 1.189434973160000095e-12 4.708603628940000095e-29 4.027068605770000121e-10 3.625462240729999692e-17 3.728852132050000101e-01
3.588657882270000164e-06 5.599112696389999932e-73 3.691801523879999951e-25 3.871976988610000054e-27 3.390921611420000208e-16 3.308571578819999885e-24 2.951425437880000003e-27 4.979799481569999742e-01 5.695837182250000103e-19 5.020164631850000392e-01
3.747024404700000089e-01 2.682434095249999719e-23 1.431113289230000024e-23 2.115450844829999955e-01 4.137524750470000234e-01 1.649555610870000049e-94 5.476704761239999856e-25 8.517527325219999613e-41 1.116745062750000034e-15 3.399449642809999940e-32
8.121280072280000424e-25 3.771159686079999926e-34 8.885131029600000693e-47 1.190451966759999970e-09 1.439006620380000131e-57 2.901163986299999942e-01 3.460959475179999911e-01 1.525843892619999968e-27 1.198950981359999908e-10 3.637876525420000173e-01
7.187277643089999471e-24 3.575902546799999970e-01 3.833249065900000160e-10 2.020623569760000016e-01 3.771690445020000060e-01 1.189444537979999963e-03 1.423160308269999899e-22 3.733260423049999943e-03 5.825563849789999749e-02 2.001030149839999894e-66
1.143262423170000025e-06 1.340389325490000056e-49 2.681812286390000133e-01 6.367943822959999917e-50 7.318154914729999572e-01 1.504187248150000043e-35 1.295189212399999932e-39 4.240017829129999697e-08 6.090651686450000506e-14 2.094224716010000153e-06
1.587932609219999984e-04 5.830316672149999626e-17 4.581438263729999684e-16 5.078700683739999500e-01 6.943941654209999960e-31 1.362791151730000094e-01 1.167270865520000066e-22 2.430118842519999878e-01 1.126801389390000019e-01 2.739107982919999944e-18
6.440082779019999684e-16 8.997298539170000457e-41 3.626692068970000181e-48 8.106540425979999419e-48 2.230217130309999961e-45 2.685617483730000088e-01 4.758221427589999781e-33 5.380937702489999898e-03 1.275621347819999911e-28 7.260573139239999696e-01
7.916202443710000026e-81 3.340397943509999923e-17 1.690292564460000043e-48 9.789695549260000533e-60 3.761927866090000183e-01 4.422641556650000019e-20 2.759414930569999980e-01 2.568274125049999868e-25 4.029291460569999702e-117 3.478657203339999837e-01
5.352632561300000313e-01 1.349332149029999882e-19 5.122259641859999622e-46 1.544326497460000127e-35 8.277486878280000630e-40 2.493619282189999953e-01 9.904773169799999586e-30 1.149512662430000030e-06 2.328600278789999951e-13 2.153736661379999917e-01
1.495980948889999994e-19 4.187479956929999747e-01 5.760082815970000102e-08 3.291621837620000273e-14 2.008885112089999992e-27 1.570588184010000112e-41 5.812519467060000000e-01 2.229858568500000081e-77 1.232813007430000075e-19 3.513244795850000184e-14
2.717971218499999897e-01 5.740604249609999599e-01 1.081414998750000054e-09 2.246454541100000032e-08 9.379251427020000539e-05 2.745987164419999865e-34 3.879356695610000028e-87 1.540486361420000117e-01 9.869351094400000057e-10 6.973619485449999725e-105
2.715411940519999896e-48 7.150306728090000119e-01 2.849693271909999881e-01 6.052719475139999852e-35 2.801506500319999856e-23 1.837707275249999836e-24 1.689799269789999923e-22 4.465183847530000167e-49 1.766636558179999961e-29 1.134109746970000094e-49
6.693851196729999620e-01 2.756862879120000129e-14 1.364810280290000029e-12 2.671348982249999989e-41 6.021291703010000056e-44 1.078618536040000055e-16 3.691330438150000155e-123 3.306148801320000219e-01 1.940711368619999968e-10 1.071272341229999928e-58
2.231682513339999932e-26 1.133183984829999949e-02 4.363767729410000101e-02 6.636882765329999989e-01 2.492674724510000051e-01 2.741112231700000156e-08 3.207441295720000335e-02 2.935057005730000060e-07 1.398698929380000054e-18 5.013253018759999770e-22
1.168492754280000065e-04 4.745314808089999906e-03 5.027465274550000266e-06 2.120434249529999995e-03 1.068479975519999962e-58 2.154806738789999954e-01 2.258834870990000104e-03 5.105841678889999856e-28 3.599871480169999916e-01 4.152857174340000013e-01
3.179789085929999949e-31 2.673407929310000000e-02 2.912902662269999943e-01 1.647789517940000079e-30 9.767323507630000280e-39 5.716356486139999582e-01 4.856112068899999740e-05 1.965314518580000047e-25 6.247353674549999915e-24 1.102914447449999946e-01
2.114035637610000093e-05 2.955063376629999961e-01 5.706675258420000190e-07 6.970633711760000250e-38 6.159142254439999660e-28 7.632687973450000274e-02 1.029725654230000001e-32 1.891304243209999958e-01 4.178766357180000276e-24 4.390146472579999903e-01
8.046692291329999441e-03 4.399272596759999931e-01 3.211189731800000063e-18 1.363573874579999956e-01 4.788634601290000186e-05 2.378717625789999964e-07 2.522936259610000093e-02 6.368371057399999959e-04 1.266595537200000076e-17 3.897543366539999998e-01
2.452915486979999869e-07 1.392286618050000025e-03 4.251952259270000165e-07 9.258577945139999527e-17 6.979932421390000474e-01 7.620919013730000548e-20 2.749051845010000192e-54 3.006137989139999744e-01 1.842788345730000097e-09 2.107913563409999950e-59
6.070082348069999988e-03 5.719313016870000155e-01 1.639901723690000106e-29 7.191442111959999731e-10 8.748455984590000012e-62 4.112389363630000044e-02 7.855718180929999790e-22 7.603772501569999769e-23 3.808747216100000221e-01 5.539976170400000248e-14
7.601071300430000148e-04 4.329235641889999611e-15 2.922302187529999939e-35 2.485460206800000019e-14 3.780115731019999875e-53 4.785040290920000161e-01 1.128970341820000033e-08 5.489127001100000437e-25 5.126171697429999785e-01 8.118682745270000556e-03
4.088347165649999782e-01 3.697777497309999954e-45 5.911338983339999853e-01 5.077303188500000032e-35 3.136108711959999988e-05 5.699476399679999979e-74 3.044300471399999732e-32 7.335010511430000093e-29 9.025337969790000766e-19 2.401331641109999914e-08
3.348374651710000088e-59 3.277592623380000125e-01 3.821963405360000003e-18 8.639614536040000569e-24 8.429941118809999641e-20 6.424482603230000061e-23 6.722407376619999875e-01 3.191905712950000052e-47 4.583233346179999796e-52 5.994985686880000038e-18
4.649504425280000242e-02 1.365622660190000115e-01 3.204505269289999991e-31 3.076298506970000012e-12 8.976161437130000001e-97 1.883718055249999912e-01 1.932928846590000007e-17 4.319314500239999980e-38 6.285708841880000008e-01 1.178858356879999967e-11
7.055103838579999783e-15 5.460691755399999631e-50 5.947586556460000151e-18 1.154567689260000075e-06 1.464504718579999934e-28 3.371544598330000198e-01 2.397959869720000017e-14 2.265874285339999905e-01 4.362569570650000061e-01 9.410849489049999230e-16
6.259823460720000201e-19 2.622631672839999839e-29 6.498192637880000320e-16 2.057026673979999998e-01 2.475363002520000200e-10 2.713610989649999916e-01 6.314684541169999745e-12 4.630188298290000004e-01 5.991740355459999889e-02 1.366383170009999986e-21
2.201723206080000009e-33 2.185659556139999994e-49 1.351635901450000097e-31 2.560205221300000012e-25 4.362139778149999869e-01 4.323519188890000284e-37 2.089808277539999953e-03 4.164469941789999811e-19 2.506508994549999849e-50 5.616962139069999749e-01
3.298218412960000057e-22 1.982531256869999917e-36 9.342842558760000585e-68 1.000000000000000000e+00 4.004515606559999839e-50 1.114440731380000055e-30 7.882540456720000377e-16 9.993553263199999154e-31 4.829945961720000111e-22 2.766164683589999954e-30
3.984088972900000312e-09 1.871872168229999911e-01 1.824150119060000130e-01 1.358514631819999914e-06 2.394239065400000088e-01 1.161169260530000059e-20 2.258064399289999838e-33 3.909725022319999743e-01 3.498626617949999792e-19 2.435919440889999912e-39
3.180057328200000000e-27 2.699517881690000083e-30 1.793023552410000021e-38 1.000000000000000000e+00 2.252169137389999906e-35 6.583466790329999993e-28 3.516584261529999746e-23 7.182076104060000238e-26 4.171185749189999810e-16 1.662532451739999957e-54
4.665208738309999936e-01 7.632421849219999565e-31 6.375271861329999777e-39 1.138136909910000032e-12 2.416228105199999927e-29 1.936328237740000142e-17 2.794199385019999865e-37 5.334791261650000394e-01 1.021158001679999970e-15 3.101062626589999885e-12
3.126175736980000130e-65 2.040308147410000052e-22 5.099808972819999686e-07 2.325169726730000020e-131 1.977624427239999852e-08 2.733993506280000263e-01 3.490267423269999918e-26 1.895722932799999969e-04 1.220418633889999918e-83 7.264105473220000553e-01
9.449889855240000193e-31 1.351201626239999939e-18 4.400308046420000063e-01 3.055095734109999905e-01 4.734867590810000097e-08 5.721933327220000447e-38 2.544595745989999824e-01 1.339383561720000067e-35 6.444732865850000155e-20 1.358640021129999944e-30
7.265468855029999634e-24 4.656064073899999829e-20 5.106104285719999941e-02 3.903271375610000149e-01 7.425546593769999371e-02 1.739261938280000086e-01 3.075860869900000072e-01 2.842389526780000116e-03 1.683298827230000069e-06 1.407187745339999969e-21
5.532603986820000054e-11 3.592973365900000160e-01 2.275107199570000035e-09 5.629801620200000303e-05 5.227026785749999699e-34 2.294731486980000068e-01 3.561771152660000300e-02 3.053641307440000214e-20 4.453405642869999855e-07 3.755550574980000000e-01
4.023801303959999992e-02 2.921304634749999907e-01 6.067636550710000271e-12 1.065480207200000070e-52 3.156685525660000055e-21 2.792265877499999771e-01 2.994858258789999999e-61 3.884049317719999728e-01 3.957837266619999905e-09 2.032428926269999920e-23
2.490651609910000119e-01 7.938844726949999847e-21 2.726068875309999862e-01 7.351000259899999650e-28 3.776652633720000152e-01 4.934188214339999961e-49 5.875616984720000366e-24 2.914583809979999809e-18 1.978832462519999897e-19 1.006626881060000006e-01
4.570632152599999887e-01 6.993920351610000118e-44 2.906260609669999995e-01 2.926665173999999940e-20 2.522611098599999990e-01 9.295825676859999642e-94 5.068905473679999925e-18 2.232077120479999870e-43 3.287020200899999949e-12 4.961390998180000310e-05
1.140879557320000055e-13 3.533338141249999786e-01 1.518861335740000033e-09 6.448654019449999751e-06 6.778588599819999467e-35 2.316394631719999875e-01 6.211602533740000209e-02 5.233990135060000045e-21 3.022940156529999949e-08 3.529042169639999837e-01
4.512997407719999683e-19 3.093085712790000219e-01 1.296237535810000043e-68 2.049274858310000077e-04 7.908268107679999881e-02 8.680369731499999741e-02 1.189153499179999990e-01 4.056836581189999791e-01 1.798631609439999881e-30 1.114806553180000064e-06
3.528515692559999750e-01 5.987725096750000295e-07 3.766015028030000001e-35 1.660738268149999958e-40 7.349170540700000282e-59 5.045336491849999883e-01 1.663853093380000175e-55 1.426141826750000063e-01 1.568594783169999937e-25 1.113548983909999962e-10
3.479643706049999828e-12 2.353352101759999834e-43 4.762603006089999834e-03 6.841978967680000018e-11 2.173421348540000020e-01 8.883091545730000658e-25 8.285487383249999505e-02 5.364100505670000104e-20 6.899679957180000489e-01 5.072392517840000267e-03
1.304805600599999888e-32 3.407501203450000182e-01 2.165989036069999873e-01 3.620592230719999697e-05 4.426142502820000213e-01 2.506962838609999957e-07 6.854642857780000147e-18 6.393037139739999720e-10 2.685080973470000095e-07 2.125613952560000001e-65
3.426912418060000134e-61 2.289062714509999928e-31 6.350031095300000529e-32 4.614922984389999964e-57 1.066111252119999936e-65 1.000000000000000000e+00 8.329517207560000254e-55 9.021843242559999826e-20 2.268957992299999852e-33 3.344577987279999751e-57
1.128601822780000014e-01 9.814211914460000285e-25 4.738415188640000136e-02 2.913207617040000054e-44 3.488332279140000103e-01 2.638543444719999880e-18 6.681794382670000212e-34 4.848483380429999823e-01 1.029236822709999976e-14 6.074099879479999582e-03
1.155681820660000036e-44 3.706663373549999886e-08 1.469626316260000051e-02 6.706464926740000150e-04 4.572695015820000264e-01 5.273141579650000299e-01 1.368705598539999920e-08 4.938004442229999732e-05 2.053320358729999998e-16 2.287750851090000113e-48
4.038279667470000276e-21 2.429073697789999981e-27 6.881325855490000309e-01 5.698929099620000244e-02 1.539545642289999953e-06 1.341270358210000013e-21 2.548764557900000116e-01 1.436463475020000031e-16 1.632254434720000122e-13 1.281188718689999982e-07
8.002328553929999575e-10 1.574435939509999938e-01 8.794034085419999614e-19 2.750696307759999959e-01 3.331611147970000212e-42 5.413907932489999686e-01 1.374121626790000031e-18 5.719850687299999869e-17 2.609598122320000088e-02 6.506259596830000101e-24
2.182116389569999926e-01 9.535258916530000036e-11 1.865504996429999963e-14 4.521459162890000272e-01 5.807171922260000174e-02 1.953250491479999981e-18 4.637523347199999819e-04 1.110950131130000046e-02 2.247061566379999895e-19 2.599974717890000120e-01
8.793174922090000616e-12 1.870066763799999865e-01 2.340967469490000119e-01 3.274947046719999671e-02 2.688534054119999798e-22 3.378778425849999767e-01 2.018807663839999877e-01 1.627405493549999922e-16 5.937792623599999660e-03 4.507046022929999925e-04
5.715808126060000216e-01 2.638877596220000056e-43 4.733083674580000214e-06 1.662254990220000031e-34 8.358413676289999997e-03 3.011471040279999956e-21 1.254753344389999915e-27 4.721448411769999659e-02 1.392712949109999984e-11 3.728415565029999934e-01
1.577159241479999911e-54 3.156104847649999767e-01 3.173330994810000186e-12 2.760508222250000080e-38 2.031617490220000155e-02 2.006814064900000120e-27 6.640733403290000059e-01 1.177780839470000092e-49 7.736962253909999935e-41 1.195928487409999970e-18
3.364320841579999937e-13 5.891138798640000118e-82 9.808502657510001065e-04 4.159524163209999796e-38 9.524209592529999518e-03 1.770644395780000037e-30 1.050722613649999978e-27 2.580495254449999831e-01 5.263553993629999836e-23 7.314454146959999958e-01
9.676176732569999514e-35 4.447811410409999767e-10 2.001563256849999882e-36 2.807917030050000040e-01 4.822756730649999732e-22 1.536910869180000083e-05 7.191929274410000517e-01 5.908707285720000228e-24 1.150074797910000096e-15 2.563448823729999856e-27
2.275868102860000020e-01 5.010458467759999479e-01 1.218808735520000079e-14 1.539514209979999889e-10 1.146528407430000007e-01 8.367978899500000100e-37 2.363749372319999889e-02 2.152244650769999982e-31 8.698441341150000171e-20 1.330770083180000118e-01
1.660695126929999932e-01 1.155127325869999903e-22 2.244577827819999871e-01 2.918736624759999898e-12 1.591335104250000132e-01 1.306622774489999960e-21 7.699804034130000095e-22 4.502786270119999990e-01 4.498329959440000114e-10 6.056663454280000037e-05
1.100707794049999956e-72 1.589964634349999922e-16 8.330715084809999800e-16 2.094595002069999998e-48 4.999406638650000253e-25 3.864325106400000320e-02 9.613567422140000263e-01 1.612832623840000049e-31 2.777991205599999712e-54 6.722003881750000330e-09
8.716739312639999495e-67 1.850202680699999935e-01 3.199685165300000124e-66 2.034243504270000000e-13 2.270810978250000018e-25 6.973463027740000042e-01 1.176334291560000023e-01 2.059308631170000074e-23 4.133985193310000153e-51 5.256353525530000247e-35
2.038232731560000142e-03 6.067874942840000285e-01 4.584230092459999876e-38 8.968024541379999446e-15 2.379174486829999935e-01 1.150417974629999955e-40 3.915089426340000223e-11 6.605322523120000009e-22 6.237407379719999928e-32 1.532568242619999910e-01
1.234819697840000008e-01 2.841695715820000134e-01 1.478192868539999920e-08 1.096865602080000085e-02 5.813797870360000175e-01 2.845164369320000147e-52 6.025950761909999843e-46 3.395959238290000170e-18 7.960782538539999780e-10 9.110719109289999971e-61
4.266975131820000178e-07 1.215493855560000051e-11 3.781501566789999824e-01 8.103075433599999534e-26 9.474485538330000275e-21 2.178661841040000000e-16 7.010358086129999698e-18 5.274280961960000019e-17 1.901205318570000157e-18 6.218494166110000165e-01
