1.409520571569999870e-04 1.243371983339999999e-39 5.870132647200000240e-31 2.898491041950000046e-07 7.078060262520000361e-28 4.147088068730000090e-13 4.526957424229999752e-09 3.115075002039999763e-01 4.673820430760000259e-10 6.883512528949999876e-01
2.993426913779999947e-21 9.794875676910000196e-40 3.213516375370000233e-01 1.486894370909999913e-07 6.786482137739999754e-01 4.573100579200000010e-43 9.440475076879999736e-62 3.632611344720000359e-15 7.996994968580000443e-56 4.091337423100000203e-53
3.461674759810000057e-01 2.619628264400000194e-38 9.800894677599999569e-19 7.362762753029999772e-09 2.245485186550000012e-01 3.076229504370000136e-58 9.283505700960000609e-46 4.292839980009999779e-01 1.927559091259999917e-32 1.898368509110000075e-40
6.598461135669999722e-10 1.606876513839999938e-21 2.521317489589999934e-61 1.020333815119999953e-31 3.713454698490000205e-01 4.091783887310000231e-27 2.393616425629999783e-22 6.285662179930000537e-01 2.711971290719999894e-06 8.559952628449999355e-05
3.482962739400000118e-01 2.474021425959999961e-64 2.860179600380000076e-01 9.900811090399999626e-02 2.666776551180000121e-01 2.935369319880000193e-32 1.116432745629999991e-70 1.346716469000000115e-13 4.213718308139999925e-32 6.431303237500000200e-53
2.242573271649999853e-02 2.040641191879999841e-33 2.954241423430000189e-19 6.238058250229999713e-01 6.891858657699999986e-04 1.173252465700000071e-26 6.133123170559999711e-15 3.530789535569999749e-01 3.438408046509999800e-10 3.024935286580000126e-07
1.165096886810000061e-23 1.250571383239999975e-10 5.035442397630000342e-44 3.403673784269999801e-13 1.567443713069999998e-13 3.813521569910000209e-37 2.120576116030000061e-08 3.258909029380000272e-33 2.910839924210000262e-01 7.089159862470000295e-01
5.086499373970000404e-01 4.259043202869999919e-15 2.345559409980000135e-02 5.539218934339999862e-36 2.264931121390000024e-01 1.981832277459999911e-25 2.088861796960000038e-45 9.685314844280000610e-05 1.157226420509999998e-74 2.413045032159999992e-01
6.038289434359999969e-13 4.568824715180000464e-19 1.367765604200000054e-02 4.384664734170000256e-06 4.426473782220000435e-19 3.566981615400000027e-01 4.405004077569999704e-20 6.296197977520000544e-01 4.218448842810000197e-33 6.388241719920000366e-15
3.538234581210000229e-01 4.545236572360000033e-23 4.944362207849999774e-02 1.544410796889999937e-06 1.577655754899999886e-07 1.213021515619999934e-26 1.119135685419999928e-20 3.078241758259999819e-06 1.790730658199999900e-38 5.967281393819999780e-01
1.248443478060000051e-12 4.935316568329999876e-01 5.019558660180000187e-01 1.930861112780000044e-14 9.034808708710000229e-15 1.308360996499999972e-12 3.121757723169999935e-12 1.295561259470000115e-38 4.512477143860000282e-03 3.491945095370000085e-42
7.323991471009999588e-01 2.454075806469999954e-01 1.839506126049999840e-24 1.417967675749999941e-52 4.838264646850000039e-56 1.125773560770000022e-24 1.991270302930000089e-07 2.219307312520000033e-02 9.951626002439999510e-44 2.159769397479999883e-33
9.732562885440000763e-22 1.654245792889999883e-79 6.482811357290000354e-01 1.259788142429999967e-25 3.517188642710000201e-01 7.451578059759999827e-34 3.040115818259999828e-122 5.258308006379999673e-37 3.806018798320000053e-74 2.658497004590000125e-41
2.316639791810000124e-71 2.037041254500000115e-36 5.991705949129999669e-19 1.971563572970000029e-25 7.449191757259999713e-01 2.550770913129999928e-01 2.678481812720000138e-54 1.132490480750000020e-13 2.075784419400000153e-52 3.732960818689999861e-06
6.744634358490000370e-01 2.371354660229999946e-45 4.065564395879999599e-03 4.836544003059999954e-09 7.648051046350000188e-30 3.047180512679999941e-22 1.597982319890000144e-20 3.973583664729999844e-48 3.214709949180000192e-01 1.043629165790000037e-39
5.679298714649999467e-26 6.827910834660000333e-42 2.160510021630000089e-15 5.350494979119999606e-01 3.159901471369999906e-16 5.749522577789999471e-14 2.907323992770000116e-21 4.649504999349999834e-01 2.635909619619999998e-33 2.152930802580000087e-09
4.709904079550000233e-01 3.578012706970000298e-67 5.569868874960000013e-51 9.060323055550000856e-19 1.979749009990000108e-10 1.937636030709999863e-46 1.091353684439999927e-31 7.469426299750000035e-23 4.759925239859999946e-04 5.285335993230000362e-01
7.049862205409999321e-27 2.683147586059999865e-58 4.834283637380000220e-01 1.414713478100000088e-01 6.760496627819999619e-11 7.628128090509999870e-16 1.120411692349999962e-40 3.547407261040000051e-28 2.683255749450000026e-40 3.751002883849999803e-01
4.235622690899999987e-01 9.417232669839999962e-61 5.764377309099999458e-01 7.269134811839999565e-29 1.954348486769999930e-28 1.396208954209999993e-27 1.890423624459999931e-63 2.365938294999999854e-49 1.716943222169999897e-21 1.127292337899999993e-116
2.586929370999999865e-23 1.651416846719999958e-25 2.355351374050000113e-01 3.947021481380000012e-07 5.249457646749999817e-01 2.339298842920000201e-06 2.582627001490000069e-41 6.742963577820000168e-65 2.395163639189999971e-01 1.509403360229999991e-24
4.705673072689999792e-01 5.984410742139999900e-45 5.442203170979999663e-30 4.164704042810000173e-01 8.413031154559999686e-08 3.234431448390000036e-67 1.959626361690000003e-24 1.129622042829999951e-01 2.408106171170000161e-22 3.730339888829999929e-11
8.546754772579999744e-49 4.737480698330000093e-15 3.056859966960000225e-25 1.572056281700000002e-01 3.199274074279999925e-29 1.107312953799999972e-02 1.406548413310000079e-01 5.338272945639999729e-20 6.910664009620000048e-01 4.694848976219999760e-15
8.396706072910000679e-25 3.482049650520000237e-13 4.754923833159999808e-02 5.490196597269999534e-01 2.825449695269999851e-20 4.204944463080000027e-13 5.371273319800000461e-13 2.180219812329999909e-34 6.626672383669999864e-21 4.034311019399999809e-01
1.995937798830000047e-18 7.151174796479999873e-01 2.848746940879999801e-01 6.621471041200000484e-44 8.244476880550000088e-47 7.826264437410000783e-06 3.651129169649999909e-14 2.259509944379999896e-21 5.481132254040000230e-56 2.198110116379999941e-21
2.131430994970000140e-40 2.083495959189999811e-09 3.616800315979999958e-01 3.114455286160000124e-03 3.253049885379999671e-36 1.951768518729999902e-01 4.400286591429999894e-01 5.497748951949999937e-43 1.606926161030000073e-11 4.699278598949999675e-15
3.966963701410000014e-05 5.176247574210000202e-12 3.759242503159999929e-06 1.843438499579999890e-01 1.041594801510000060e-13 7.106518081529999873e-44 5.015611976480000176e-08 2.479674959410000101e-01 3.650119435829999903e-37 5.676451750600000068e-01
6.122277367259999770e-02 9.042562352199999698e-18 8.271232715969999686e-12 7.487151096809999572e-34 4.339709389659999750e-01 1.264776313170000086e-04 4.444073697629999694e-27 4.705351452769999915e-14 5.046798097210000167e-01 4.120037999649999641e-34
1.640800573640000058e-30 3.341690780020000195e-01 5.157548460790000074e-28 3.351520447179999945e-24 1.551740377649999890e-07 8.816479679819999916e-08 1.877848810939999951e-16 5.032089728449999710e-11 6.658306786090000262e-01 7.510877454930000157e-54
3.483384326960000139e-12 7.770597105109999487e-37 5.853545988730000094e-01 1.337620779070000099e-01 2.984334825979999967e-02 7.679882349859999648e-24 3.630674888400000070e-20 1.646537483230000159e-39 2.510399749569999783e-01 1.971646170429999906e-22
1.304944413589999956e-17 7.797729993799999670e-63 3.914228222030000093e-02 4.175508639630000074e-01 5.433068538169999462e-01 8.241806338699999625e-36 1.075446596009999991e-44 1.017413768679999990e-33 7.619683012600000067e-25 1.000647889909999954e-16
7.182812643060000335e-01 4.688082593850000090e-03 5.431988323880000200e-09 5.222997860459999998e-39 5.109988826519999682e-41 1.299846593069999994e-12 3.855947581409999955e-11 2.770306476289999820e-01 1.528087969839999927e-40 6.339195311089999916e-39
2.710374566649999843e-37 1.812459276040000091e-03 2.840070294030000085e-33 1.051636629279999982e-58 1.888152600880000079e-54 2.750834077730000132e-03 4.454571056659999972e-01 8.471260222729999845e-58 4.251553607769999765e-13 5.499796009790000051e-01
6.886115016749999691e-60 4.734727803219999684e-98 3.049704683319999795e-28 4.579905061170000275e-51 1.000000000000000000e+00 2.101693003159999895e-30 8.912459615949999950e-155 2.359151652929999953e-61 1.341244976070000036e-48 1.008241147259999993e-47
4.307688047809999727e-25 1.207412195170000108e-03 2.041353191869999955e-18 4.702515506370000024e-28 5.851022800350000202e-18 3.012341561099999843e-01 3.348892959159999738e-01 4.238395118780000119e-14 1.540233257270000041e-07 3.626689817559999862e-01
4.032660146409999658e-58 2.935613628099999988e-43 8.233610674150000108e-66 4.957414700620000140e-71 5.991795136330000115e-53 1.016316869229999963e-29 3.353756886129999908e-37 1.460835967270000090e-34 7.150277258650000271e-75 1.000000000000000000e+00
4.147016258899999808e-01 1.543501456129999925e-30 2.407582682730000090e-01 1.103821076489999946e-33 3.444894947050000100e-01 6.817787061970000356e-32 9.913092532899999716e-62 1.025289317160000047e-05 7.271058230949999583e-87 4.035823814010000153e-05
7.521642343550000165e-01 6.394668592760000469e-73 1.854066781370000046e-24 2.474631193940000085e-01 1.110855729299999939e-10 3.998240389249999993e-61 1.038521074160000033e-40 4.320879250079999782e-09 1.570801900680000020e-34 3.726418195479999922e-04
7.314489818020000200e-01 1.532786982570000079e-18 7.734169444799999643e-23 1.721520504650000116e-01 3.665676274160000089e-19 2.644453544389999926e-54 3.503823357520000070e-02 6.613571259590000497e-08 6.136066802199999920e-02 4.143903088859999939e-33
3.936236964930000161e-08 2.318277124839999981e-01 5.854174057759999883e-01 1.881773804750000032e-15 5.960384429489999574e-17 7.763073522850000138e-21 2.138818284909999950e-13 5.042742821919999664e-47 1.827548423779999931e-01 3.230911657170000031e-46
4.237915035280000220e-38 3.427297336669999916e-01 2.641078018049999888e-17 7.003855534480000241e-16 5.841111779879999948e-04 1.984551991369999935e-01 2.341287036439999928e-20 1.746296360939999940e-06 7.717805234799999617e-28 4.582292097219999860e-01
3.800580357340000170e-06 4.898247588829999777e-01 5.101714405360000537e-01 4.380889397920000081e-32 1.276192319290000054e-37 4.669940009859999977e-16 8.112418866420000067e-13 1.491094166809999983e-24 5.962549281529999951e-35 8.712575312419999686e-23
8.220868557599999530e-34 5.152400597210000238e-02 7.165969383850000485e-01 2.009868717119999940e-06 1.362378991769999936e-01 1.816636306060000138e-05 1.026539836949999966e-14 9.562098023430000426e-02 4.024690891770000195e-22 7.056477206380000221e-29
5.735387175540000502e-63 1.242103795379999964e-20 8.778422728939999642e-02 7.788283840230000310e-01 1.211309676470000013e-01 2.074414066439999994e-10 5.033163270739999919e-28 4.215131049239999746e-32 1.856703754900000026e-33 1.225642083389999991e-02
5.235492680799999805e-73 2.291587692479999938e-01 5.685659619050000476e-29 5.492011239939999928e-02 1.079523589870000008e-02 4.476801780499999883e-01 3.345767277459999732e-14 1.336341669229999957e-11 5.615020906790000288e-14 2.574457043910000076e-01
1.665704919609999908e-59 1.061224418460000099e-28 1.749727428190000067e-25 9.840279246910000819e-37 4.641528282359999764e-05 6.327593457289999446e-01 1.836447366349999907e-52 1.991850155499999992e-11 4.895039666410000237e-60 3.671942389680000196e-01
4.039987043269999774e-21 1.402844135340000076e-01 3.487621693670000014e-18 3.539435696449999892e-35 4.722783479189999745e-01 3.806322054690000067e-01 2.035200295960000030e-12 1.401868099569999857e-17 6.805033075229999576e-03 4.200288195739999917e-14
1.683311977910000035e-01 4.757028288189999593e-03 3.544239433199999900e-01 5.207291829940000248e-09 4.200595962589999573e-03 8.314566553919999290e-15 4.438707073659999836e-01 1.449322902980000076e-06 2.704495061249999850e-07 2.441480229249999925e-02
1.658790342789999889e-13 8.260745733319999617e-01 7.456956929970000314e-02 2.532577092839999893e-69 1.579217056470000077e-66 9.935521903730000493e-02 2.180443979889999985e-13 1.842336766759999886e-30 1.331747981070000059e-66 6.383301534060000423e-07
7.439184712059999649e-01 3.888799155739999895e-51 2.985953211709999984e-18 1.784767077780000073e-70 6.120179807210000128e-02 1.948160153210000134e-01 2.573189479660000111e-61 3.335181399700000164e-43 6.371540053500000572e-05 6.517758244220000120e-21
1.439829535699999985e-05 4.079825868700000075e-11 1.026680442829999952e-14 4.170730245800000142e-66 3.615053517310000131e-01 1.781452817699999948e-05 8.285187956350000574e-40 1.825593156879999990e-06 1.142933521930000017e-44 6.384606098109999461e-01
9.430668398579999945e-02 9.613860510400000127e-30 2.883358482799999765e-17 8.407918460779999995e-05 2.044326760500000179e-46 6.319863026249999847e-25 4.709140721970000174e-04 5.154310906719999918e-01 5.760181962490000158e-37 3.897072320850000215e-01
3.004948937169999925e-58 2.092127555619999982e-04 1.120475539270000077e-64 7.690458340710000451e-08 1.441099546100000012e-03 4.789368583900000311e-10 4.893327772730000061e-08 7.194686173580000510e-01 2.787900051639999877e-01 9.093885963419999388e-05
8.966975960110000476e-02 1.099155526480000021e-47 1.586346430439999927e-07 7.439743557389999484e-02 2.992717246680000054e-01 3.976911944859999881e-01 8.551160131350000138e-35 1.389697024809999903e-01 2.455364336009999837e-08 1.413016717960000000e-12
5.415974219889999894e-23 5.433714209620000306e-22 3.772771682350000155e-01 2.409632979659999858e-08 2.275219921649999946e-43 3.490052186609999829e-01 1.650315406629999926e-01 6.126361080760000038e-29 2.223340007280000101e-20 1.086860483440000025e-01
1.890299341399999967e-30 5.759878218890000252e-21 8.893170853300000629e-11 1.410179408480000093e-37 5.371139205739999811e-01 4.628860788420000039e-01 1.293300303870000065e-35 1.479237956910000015e-31 4.954241117129999952e-10 4.195983682040000247e-39
1.051950647730000059e-13 8.214393208940000413e-02 2.228673400850000041e-01 1.153640587940000038e-19 1.900535568010000019e-21 2.514216234570000128e-05 5.013525950649999618e-01 3.529959890130000139e-03 1.460864179089999947e-34 1.900810307080000039e-01
3.734472216329999816e-01 1.331827416070000122e-04 3.360620153139999844e-01 3.207984611709999752e-10 7.537393392989999988e-24 1.915355224520000172e-30 1.351875524579999877e-01 3.449954574309999837e-54 1.551700275310000099e-01 1.661222485149999959e-12
4.969908206850000287e-02 1.727131285030000122e-16 1.721718395390000045e-01 1.098727419159999941e-01 8.228164629230000360e-51 9.075511825910000254e-15 3.766433491080000140e-01 4.610856442099999703e-39 2.916129873689999874e-01 1.993155592470000025e-30
1.464127961519999978e-20 1.889505596630000058e-85 5.719664293980000203e-01 5.331146172789999943e-85 2.531193319119999785e-01 1.749142386900000012e-01 8.997554868489999798e-130 2.716863305440000164e-115 9.842028486819999920e-20 4.085443961070000340e-46
1.371751571020000116e-01 3.495320560560000130e-31 1.096265368880000003e-18 9.556193596600000466e-12 1.127171267370000035e-01 5.498892384369999676e-49 5.745573036330000231e-39 7.501077161510000257e-01 4.165071346269999957e-28 1.624221546089999889e-42
1.573904546029999917e-09 5.279431145470000475e-01 9.303597891909999338e-36 2.268029564030000193e-31 7.479910423769999563e-18 5.337808741070000382e-13 2.314812154150000146e-05 1.497996926729999953e-07 4.720335859559999792e-01 7.606856464990000385e-13
7.423902492080000637e-02 3.742244626189999881e-81 6.593555955879999933e-22 9.871093876979999380e-07 9.623969474110000144e-02 4.856753061340000164e-21 2.303821262349999947e-39 1.047481261880000061e-24 4.689497892460000039e-01 3.605705039820000235e-01
5.886636402270000000e-64 2.369626322839999814e-44 7.842115979690000172e-19 2.682907680059999854e-29 1.739761601569999871e-01 7.060210230550000299e-01 1.874173716119999843e-70 5.895340399180000297e-12 1.106501489870000037e-69 1.200028167820000047e-01
2.370600884269999931e-01 6.404694277139999784e-37 4.269072455120000060e-06 6.214074550470000318e-28 3.858721326729999879e-08 6.114277344430000261e-01 4.132329738880000316e-37 2.288721585909999989e-23 1.515078694710000062e-01 1.653916391179999972e-48
8.451610972670000015e-19 3.836347957839999991e-22 6.483231712350000508e-01 7.150671909270000044e-17 3.516768287650000047e-01 7.665174921959999494e-23 3.405899820000000061e-38 1.078545457870000060e-24 2.138698333070000029e-17 4.842813925599999827e-64
4.881817762360000362e-21 4.959408233229999907e-01 6.523450134649999782e-04 2.167248636340000090e-01 2.106461911120000030e-01 2.585335510999999904e-25 1.671928158509999936e-17 7.603577648779999421e-02 2.200298132590000001e-34 4.290047372009999833e-10
2.725240811450000147e-11 9.370618865709999661e-32 6.788110730490000327e-11 2.429567160499999984e-36 8.407026253570000685e-12 4.931122782360000123e-01 2.648558851729999952e-21 5.845777756939999805e-55 3.390369426170000144e-01 1.678507790429999980e-01
1.438071206999999921e-02 3.021404400209999896e-01 7.395211540280000268e-04 1.633278162090000054e-44 3.828380388179999927e-01 2.414700152519999865e-01 1.032142001330000040e-15 1.836457206450000079e-05 1.089374302159999887e-19 5.841290811259999827e-02
1.757523507969999945e-17 3.327600841380000176e-14 1.984974466219999983e-60 5.530474781899999970e-01 1.535378810859999889e-38 5.404338900019999595e-87 4.460830843859999728e-01 8.694247409130000494e-04 1.233439089730000114e-22 1.268274242669999960e-08
9.613922651659999319e-02 8.483240996249999165e-81 3.021098006629999808e-12 1.065763452669999968e-35 2.707051881809999783e-01 5.206355334940000213e-27 2.220429000499999945e-65 5.440068249660000070e-57 4.036677647299999823e-18 6.331555853000000456e-01
5.689714900929999495e-45 1.832027393759999855e-21 9.511152647800000568e-109 5.387477332299999821e-13 2.698017300069999954e-56 7.015246013920000267e-46 4.475989547440000216e-01 2.139197736670000106e-12 1.260518796270000006e-13 5.524010452530000448e-01
2.641174213490000144e-01 3.012778963150000155e-01 4.346046823049999897e-01 4.479486800050000232e-21 2.662879379999999855e-20 1.430440905730000023e-30 2.699226368229999896e-16 4.208576672679999818e-41 3.162447673970000265e-11 4.800737204549999906e-45
1.559488885359999917e-02 1.538663405920000076e-07 4.348896973979999858e-01 3.995763722220000216e-03 2.020548962170000059e-07 1.649504251760000101e-10 2.818915946609999996e-10 4.220226852410000062e-01 1.234966084169999978e-01 1.278954056159999971e-65
2.762068511879999972e-12 4.915768549239999952e-01 4.978669963390000008e-01 1.530962958040000013e-14 5.290101257759999763e-15 3.432742456640000085e-12 1.049408852249999980e-11 1.535957002930000008e-37 1.055614872029999977e-02 1.769612013309999895e-45
5.203034147670000387e-01 6.786800074409999633e-15 1.097151600810000066e-06 6.633291568119999658e-24 2.397140332909999944e-54 1.328671789830000013e-05 4.796014887160000018e-01 8.063624517860000247e-05 3.589244348750000066e-36 7.640244289769999658e-08
1.073083330969999966e-20 1.813267091919999985e-07 5.351076605129999608e-01 6.324593543569999657e-03 7.748660934369999576e-28 3.916532985049999841e-10 2.631512065159999914e-01 1.499846512889999970e-45 1.954163577090000103e-01 3.599498561769999934e-23
4.432927169579999882e-01 9.841522242879999663e-21 7.219653433400000219e-16 1.458622444950000082e-29 3.335210582439999864e-29 5.172259841939999553e-26 4.658014444920000190e-28 5.567066213920000006e-01 5.035388709689999495e-63 6.616501336009999506e-07
9.867328997959999497e-10 1.262066660600000001e-01 1.118707021920000017e-01 3.499824210190000118e-01 5.665743050259999909e-28 1.167651225979999957e-01 1.880651407129999934e-06 2.951732064929999955e-01 4.095604293050000350e-24 2.226262412779999936e-16
6.638538497500000302e-02 2.083461131000000077e-01 4.008824183420000020e-01 3.312446851379999974e-02 3.662989553150000211e-29 1.062992789030000084e-12 1.020820845949999911e-03 2.077140451030000126e-14 2.902407942219999981e-01 1.657898472179999998e-80
4.885992905420000144e-09 3.189965658299999943e-05 2.704589267289999954e-18 1.906612334320000090e-03 1.126074275119999940e-01 2.119123073999999995e-01 2.199380856100000161e-12 1.909014166390000100e-01 4.686039242489999923e-01 1.403640732050000055e-02
5.800529353530000283e-12 4.599966278240000261e-01 2.690211574510000259e-01 4.545287118240000073e-18 2.709711207989999870e-01 9.612851240349999996e-06 7.073072644850000351e-12 1.481062415750000057e-06 1.421258378039999864e-14 1.973057772760000165e-24
7.181149600059999472e-02 1.229319737689999940e-32 1.511596933029999978e-01 6.561485970289999428e-51 9.056960813869999142e-25 1.478163414449999991e-01 1.389734909899999894e-22 1.434077602870000109e-56 3.782483752850000312e-12 6.292124692470000280e-01
2.214106307110000110e-22 9.490549261569999895e-02 2.702950587660000242e-10 1.855464232199999904e-33 5.049219167009999801e-08 5.463231580080000205e-01 3.243454813489999950e-18 7.573454831150000582e-43 3.587712986139999782e-01 4.268187656169999912e-24
1.288129704039999962e-20 1.360012355360000072e-39 3.213511841630000143e-01 6.856652651609999471e-07 6.786481301710000080e-01 5.218042340229999698e-42 2.868267784389999773e-63 3.680525213990000031e-14 1.681570956200000123e-54 1.950546282299999852e-51
4.097246850290000020e-01 5.965330638080000181e-36 4.881834760690000012e-23 7.642952425980000753e-15 5.801245097399999606e-01 3.513627160750000198e-11 3.844624433469999976e-32 1.736666511220000078e-10 1.015080344220000048e-02 1.579564216789999957e-09
3.880140140160000129e-58 3.297219990359999893e-98 2.092895342879999902e-28 6.689069790970000063e-52 1.000000000000000000e+00 9.866674289370000811e-32 7.370498054800000192e-155 3.960779428670000030e-62 1.740274140110000046e-49 1.928683118479999949e-48
2.823687011010000077e-12 5.975610192760000161e-29 1.707184151379999943e-03 1.888751869829999979e-57 1.161965389709999999e-11 9.982928158070000224e-01 1.394434784159999980e-44 2.922629865479999855e-50 4.166998669060000201e-21 2.673229929909999872e-11
7.576856784980000512e-10 2.091997296279999847e-06 5.304681856329999868e-12 4.350894866209999586e-19 3.189610997469999986e-61 2.123462200889999866e-33 1.724633387570000120e-02 2.549054463159999839e-01 6.801463554880000090e-89 7.278461270470000244e-01
3.344173751819999874e-01 3.129721649669999894e-03 4.617132757720000254e-14 4.629046017020000205e-85 4.745578362700000159e-11 5.205654381069999559e-01 9.583855307700000590e-22 2.054926921979999933e-21 1.689081642639999945e-22 1.418874650140000138e-01
2.863012729320000224e-38 4.353182621830000154e-01 7.470262161679999247e-46 1.038476367430000002e-14 5.645652065199999736e-01 7.103183232730000120e-28 1.023370931869999983e-12 1.156896831190000024e-04 9.364083176749999488e-15 8.416134170280000349e-07
7.450847780560000411e-01 1.546739593400000032e-46 2.156412932590000089e-15 1.238086545670000039e-69 5.019395860849999724e-02 2.040560915129999986e-01 3.047168861289999933e-60 3.825184950619999827e-40 6.651718218869999638e-04 1.459118126739999952e-21
7.623737301689999781e-57 3.058017622739999861e-14 1.910266593499999989e-108 1.731272254700000053e-34 1.424462575489999954e-154 7.302564674660000185e-93 1.000000000000000000e+00 2.521203308749999879e-25 3.623556255249999624e-43 2.528116013120000199e-53
7.373950930999999542e-01 2.625899024339999888e-01 9.028717843550000269e-26 7.222832159339999562e-22 9.081032695779999968e-52 3.544641946509999835e-56 1.496839282429999952e-05 1.042723642410000087e-30 3.607319114590000191e-08 4.306928101690000254e-71
4.680316439020000274e-01 4.958879862290000275e-04 2.010813541249999895e-12 1.176547483820000029e-22 9.988684325500000565e-22 2.552798736380000086e-24 2.880537658830000256e-10 5.314724678209999942e-01 6.145574161939999992e-18 3.848465649410000270e-54
4.680468644390000099e-01 4.350399588549999771e-04 1.220590372580000083e-12 8.069668034119999977e-23 1.429055213960000052e-22 5.904433395170000321e-24 4.916382415040000427e-10 5.315180951100000328e-01 1.522784990519999948e-18 1.197762717559999903e-53
4.888222374050000034e-37 5.630914505970000539e-01 2.352748735430000057e-17 3.210595552580000067e-01 5.063968124770000502e-35 1.281302949259999993e-12 1.158483210570000060e-01 1.097156063009999938e-10 6.729768256149999763e-07 3.737952412219999951e-75
7.802079230999999800e-36 1.691681299529999944e-39 5.267006163950000267e-09 1.310362269769999906e-12 2.122336101370000117e-01 4.007517517120000039e-01 1.497049262710000060e-22 1.747822123439999936e-40 3.353067312810000256e-01 5.170790160150000314e-02
1.612476125069999990e-06 2.577496353529999974e-53 2.926063782120000152e-16 3.558954367709999858e-31 2.318640397299999989e-01 5.474751582390000282e-19 3.743044642610000113e-44 1.877317441340000131e-35 3.810361067399999884e-17 7.681343477940000275e-01
9.277021250309999689e-02 1.676353877029999908e-35 8.090500632419999576e-20 4.330026235330000084e-01 2.098120529839999987e-19 5.751977682139999930e-41 1.474544868090000121e-13 4.708151929270000258e-01 1.871968642090000008e-25 3.411971036129999788e-03
4.025828335359999954e-01 1.652625048119999851e-08 2.184444429189999987e-28 9.681467679830000478e-03 3.165328834689999926e-01 4.134964979269999769e-29 7.990120283910000224e-17 7.023532628259999662e-04 2.705004452190000186e-01 3.075457513119999869e-10
3.636009572359999761e-44 3.670959440789999973e-42 7.349552101380000165e-36 5.021632123260000302e-01 9.794110473080000490e-02 2.522436344219999849e-02 4.016232684869999910e-20 2.177811981529999968e-02 3.926452693699999713e-05 3.528539351589999873e-01
4.323689518520000043e-36 4.990158085269999726e-09 1.123733588670000061e-01 4.327300740599999802e-18 2.278573325439999956e-10 6.160406478230000538e-01 7.123778265690000051e-26 4.753275666470000028e-60 2.715859880920000191e-01 8.642239849860000665e-36
2.656733617950000234e-10 7.822025332810000468e-19 5.867110373349999892e-07 1.959367443480000188e-71 1.478790783260000019e-01 1.175103919439999950e-01 2.052092085560000024e-60 5.746285345279999873e-11 2.962003746110000006e-66 7.346099426959999956e-01
2.474748270649999966e-20 1.042771020739999981e-62 2.797466449109999812e-03 2.185335286129999894e-30 5.455908937890000532e-01 2.338576502120000126e-04 1.419978507319999933e-45 1.386277855659999876e-76 4.513777821109999921e-01 3.015973672839999945e-15
1.757694386779999902e-20 7.014522087799999756e-32 3.274884536979999928e-46 2.213599516929999900e-01 1.956119675980000027e-45 1.534491907579999930e-47 2.126059288360000049e-02 7.292045446039999712e-01 1.436025269509999904e-31 2.817491081910000056e-02
1.964699027920000122e-124 7.404276181970000408e-06 8.160943904479999518e-131 1.527437786690000084e-12 4.406572472600000144e-36 1.217939992560000110e-53 4.344982803599999888e-01 4.749608678749999924e-16 6.146240009319999996e-22 5.654943153629999886e-01
5.202730207469999923e-01 4.080238784419999915e-15 1.186412104819999947e-05 6.775559986690000259e-23 6.010562475719999746e-55 4.511779338669999626e-06 4.795581063520000242e-01 1.524892999380000110e-04 1.666002358790000044e-36 7.700900675889999975e-09
2.242232569339999981e-01 2.181591112600000005e-14 5.263671302999999920e-17 6.339073074180000544e-01 3.444856763830000054e-34 4.057067156639999989e-23 1.418676697700000100e-01 3.992410496880000339e-18 1.765842479500000089e-06 3.575512496580000238e-11
2.641174147770000147e-01 3.012778965380000229e-01 4.346046886809999954e-01 3.817006384389999820e-23 4.667061665449999960e-21 7.574537749029999995e-32 3.720128063560000084e-17 1.723142074700000080e-41 4.140616966070000093e-12 2.391200412330000102e-45
4.115447477619999814e-29 1.693209027360000063e-01 4.673219596429999956e-01 2.664399800939999952e-01 9.691109999220000326e-02 5.124330225620000228e-06 1.705126657829999962e-19 9.332052144280000105e-07 1.993330909409999836e-30 2.056524349450000079e-22
6.518266322500000376e-01 3.361940940879999897e-37 3.308012784389999794e-01 4.666431139379999968e-32 1.167656821630000055e-26 8.561213600899999623e-25 2.378994875580000036e-22 3.348927575180000156e-61 2.515563598909999937e-20 1.737208931080000060e-02
1.247502570350000032e-48 6.292779586410000504e-20 7.623807151049999942e-15 2.484734311789999910e-30 2.296752504129999928e-01 7.451768807900000263e-09 4.086590453980000073e-25 3.574970616770000154e-84 7.703223729760000360e-01 2.369160189860000192e-06
8.446523531209999868e-04 9.360480967930000668e-49 1.517958213449999909e-07 5.957352987399999744e-01 1.387025408329999876e-01 5.532993215400000028e-19 1.451820624630000105e-28 2.647173562780000267e-01 3.002836898640000171e-20 1.340734611179999987e-15
6.270286930070000097e-11 1.555464038069999952e-05 4.037159947819999872e-01 7.196676293919999771e-05 5.939814455700000162e-02 2.937934697719999858e-06 4.223365031760000221e-01 1.972329875430000094e-12 1.119852091700000024e-01 2.473688912590000025e-03
3.581714648489999764e-01 3.653582950579999933e-01 2.091454088059999949e-05 2.429367938789999900e-22 1.635200934480000050e-07 1.391734537050000063e-18 2.059822507859999929e-01 3.506266515310000162e-13 2.592442216529999905e-11 7.046691121949999470e-02
5.390603025299999657e-02 2.219555851829999950e-07 1.542050632239999942e-23 3.991848099729999877e-01 6.423463734610000459e-05 1.878119881739999899e-60 4.398231566399999898e-17 5.468447028680000210e-01 3.128222734280000242e-10 1.832788392569999955e-56
3.171717124579999868e-11 3.070044191230000274e-01 3.163537800930000254e-01 1.008747552929999958e-01 5.198437111570000180e-05 1.703485780719999906e-19 1.175165655539999909e-16 2.293556128259999910e-02 3.117829996409999956e-38 2.527794998049999742e-01
1.690898000530000113e-14 2.678998405800000029e-57 1.099439144749999979e-02 3.024009676199999803e-28 1.527012938599999894e-06 6.437945780220000191e-01 3.902503604690000157e-35 1.265780861459999973e-70 3.452021953359999951e-01 7.308181156839999619e-06
5.366818831069999907e-03 2.886275893060000228e-26 3.187974146179999857e-01 5.281938709859999685e-03 4.915939646699999789e-43 2.396404744460000069e-01 4.309133532719999771e-01 3.049814545129999900e-13 1.233587025139999915e-10 2.884926696490000167e-18
6.955868624769999675e-01 2.026846423829999912e-37 6.538053478220000526e-26 1.411674566369999923e-20 8.839957567749999949e-10 1.840591514549999923e-53 8.837414366319999567e-49 3.044131366389999926e-01 5.643947277309999776e-54 1.241589795730000013e-15
4.041334085490000034e-81 7.009578325210000204e-17 5.291515390339999544e-54 1.494881649120000100e-01 2.339693413189999904e-01 9.437596695949999948e-23 3.215323023290000180e-12 1.410736206349999996e-26 3.569624128760000015e-01 2.595800808889999756e-01
3.491925276060000027e-01 1.365710854770000065e-21 3.443130828800000098e-01 1.754203503420000143e-02 1.430641387770000034e-30 6.914861930480000264e-06 2.151383139939999911e-01 1.984081820369999928e-17 7.380712562360000617e-02 7.815436739839999691e-28
1.156503105359999929e-05 3.684238496819999700e-11 5.522867054890000515e-01 9.376198838009999759e-02 1.007556067050000080e-15 1.342485208980000016e-09 2.886387023190000172e-10 3.539392882180000255e-01 4.512144771599999870e-07 1.547112610739999955e-56
4.129490341789999808e-39 1.864249188659999854e-30 3.907768977550000012e-08 6.411731476369999804e-35 4.760999833799999803e-01 5.238999775429999950e-01 1.770430470890000115e-46 4.044539455989999580e-34 3.204703647119999846e-19 7.039012531560000274e-30
2.829032951849999817e-16 1.518069749919999919e-14 1.622865471159999872e-57 5.530464690780000359e-01 1.121729597959999987e-36 2.338498853899999949e-83 4.460797079150000122e-01 8.738097281460000063e-04 1.145697802719999972e-23 1.327882354370000071e-08
1.860273420759999846e-42 5.352636854169999885e-70 3.946215182679999928e-43 6.981711713029999535e-21 1.919137961380000069e-28 4.112171123269999820e-50 1.908218962729999841e-46 7.961766629189999432e-83 1.000000000000000000e+00 8.047753079930000159e-80
4.799018702589999581e-03 4.023457409839999999e-01 8.496848659790000333e-08 1.043600510460000047e-01 4.871809837750000205e-01 1.491199991229999934e-52 7.860932823909999781e-17 1.314120523379999931e-03 5.447367083660000223e-25 2.022054323329999999e-23
3.004433458370000042e-16 4.128222630650000093e-19 4.658327525960000030e-08 9.877207665140000377e-24 2.958829914189999855e-01 3.523261694210000109e-12 4.819446491809999754e-44 3.837315927100000036e-29 7.041169619939999791e-01 6.431906405349999755e-102
2.743862276080000218e-01 8.344513997849999908e-26 1.000493855449999953e-07 5.165157986070000079e-39 3.678251188339999866e-01 2.446513149800000067e-10 4.709846260299999859e-21 1.601902212830000094e-38 1.959310657359999985e-01 1.618574875279999992e-01
2.617185854809999841e-40 1.277251835889999929e-09 3.306380615639999695e-42 3.061986151300000160e-16 8.328926691400000068e-47 1.411403111929999948e-49 1.774259158700000009e-03 5.101876312899999988e-01 1.350634615749999873e-69 4.880381082740000154e-01
2.097752412450000033e-07 1.553516180400000071e-05 6.440364391590000028e-15 7.091717769509999769e-01 2.605939720050000075e-01 4.225821643019999994e-39 1.092524680649999992e-21 3.021850486910000050e-02 1.237809275280000085e-09 3.146522087640000060e-59
5.741409904580000068e-25 1.694596280130000018e-12 8.717743187570000350e-04 7.271187890879999838e-01 2.037310089870000146e-02 6.718618770519999621e-18 9.228953599939999627e-36 2.516363356929999795e-01 3.394080071900000127e-29 9.192302953820000482e-63
1.941159410179999922e-54 1.791507892189999918e-51 8.449485202550000036e-35 2.644449759449999954e-03 6.830952469280000550e-01 2.113478298860000037e-16 1.451351520520000127e-26 1.318145359690000058e-28 3.313238664190000275e-08 3.142602701800000231e-01
6.193310340090000094e-07 4.074827078270000236e-01 3.397352496030000002e-01 7.362903637479999861e-68 4.868697163789999846e-44 2.445244572199999911e-01 5.074991527059999752e-14 8.236390819300000790e-03 8.692139712210000395e-89 2.057520008349999883e-05
1.546990048150000130e-01 1.336658079600000005e-68 1.817769869050000110e-22 4.433327663209999809e-42 9.210818755959999937e-02 1.595045424089999862e-36 3.213559482740000272e-58 5.657617849129999841e-58 6.127542753350000532e-14 7.531928076249999604e-01
5.230272634170000101e-01 3.089749975740000294e-33 8.440689431720000819e-37 2.097024529799999851e-36 2.387979720120000093e-01 1.210353677609999996e-22 3.869435885599999946e-41 1.447905812589999990e-04 5.750591762339999984e-19 2.380299739900000044e-01
5.762344728339999867e-29 2.332968486820000209e-19 6.542108629109999850e-17 9.704542688660000046e-28 1.179123189449999970e-01 3.348302230110000166e-01 4.001182987339999998e-15 1.621983696219999971e-30 4.651522827630000245e-01 8.210517528079999683e-02
8.213858963289999641e-50 6.870540776879999756e-01 6.844703639449999953e-31 7.650527437789999668e-36 4.499878008290000205e-11 3.129459214509999754e-01 1.082778340120000060e-13 2.573811582349999846e-18 4.691922610800000214e-13 8.161175048890000351e-10
1.642189733780000105e-01 9.126241441909999693e-04 3.016598932410000100e-01 5.028801060420000141e-10 7.311742796619999374e-02 3.517222839929999904e-15 4.373310496050000218e-01 1.467178978770000050e-06 1.511540998629999880e-07 2.275841282899999929e-02
8.935902736180000028e-02 2.990776935470000268e-48 3.826991362430000229e-08 7.539862269600000610e-02 2.988831683070000134e-01 3.979778646229999994e-01 2.533671886139999786e-35 1.383812736189999892e-01 5.123411318299999787e-09 8.974099805679999846e-13
4.828525356230000110e-23 4.540055168989999834e-01 5.459942824839999487e-01 1.981624498520000158e-18 8.781287194919999588e-30 2.005660085590000024e-07 5.094003412309999859e-11 1.276156429979999998e-37 2.964104147500000126e-17 1.489303937620000138e-29
2.289321963019999878e-40 3.317467570079999928e-01 2.833523232049999785e-01 3.142385348500000136e-15 1.733829814729999957e-12 3.022839227899999925e-01 8.033880814650000394e-14 8.261699699539999664e-02 1.831111749150000023e-36 1.047905726669999958e-31
2.647981506850000111e-02 3.576507002919999917e-29 2.975806988999999958e-01 6.632377519109999899e-10 3.184047412489999977e-25 4.790289528340000050e-34 3.230530426080000023e-22 1.221116407229999966e-09 2.291387792509999888e-59 6.759394841470000026e-01
8.980002691829999494e-54 3.086913028039999993e-02 2.007576468979999917e-01 5.240985723929999507e-01 2.437663663970000005e-01 7.340557592949999809e-09 1.492402627089999994e-25 5.082766906110000246e-04 6.208826618480000019e-44 7.912932218909999823e-22
3.728275117710000132e-34 4.324343164099999751e-25 2.457213194189999974e-38 3.245740259530000021e-36 9.999648832030000323e-01 2.037336517319999891e-21 2.303341790429999885e-40 1.240705791599999991e-21 4.018766902469999823e-23 3.511679742370000271e-05
1.243997508799999984e-29 2.600209551639999874e-18 4.107863970980000186e-09 5.787934256879999673e-38 5.371139193549999691e-01 4.628860758019999744e-01 5.698602489600000227e-33 3.843411206139999757e-30 7.344740549989999574e-10 3.105357098869999900e-38
2.237064764460000021e-01 1.702269127510000102e-14 5.426843278020000180e-41 2.621940187200000207e-09 1.381122896560000076e-45 1.383480511980000037e-99 4.718953824350000104e-01 5.627993271210000555e-29 3.043981384969999815e-01 2.210746498230000137e-51
3.607176853950000226e-21 1.376860422450000010e-01 1.671721500699999972e-19 1.236215828640000105e-34 4.708346069770000253e-01 3.826758658430000071e-01 5.137891518479999746e-12 7.340418564549999554e-16 8.803484929260000855e-03 7.911531505580000593e-14
4.472454189710000083e-01 5.480415259270000198e-36 7.978944127079999455e-14 6.800523685400000629e-02 3.666640900609999813e-30 3.440464620329999984e-31 1.246909313609999974e-14 1.413308381970000138e-01 7.616950416069999799e-37 3.434185059770000215e-01
9.361191004619999576e-83 5.026584766250000250e-15 5.694772424819999734e-30 2.676822911280000161e-01 1.455636218439999963e-14 1.240479437149999975e-01 7.018017533289999926e-10 7.547884889170000063e-42 2.001315101750000131e-02 5.882566134379999534e-01
5.729789991590000103e-02 7.349394850589999715e-24 8.942094780989999398e-36 3.454496295939999961e-01 1.351141307829999870e-29 1.099320380109999998e-57 7.150113244739999575e-03 4.659086553569999900e-01 3.251141795639999893e-20 1.241937018879999965e-01
1.524418090639999958e-55 4.356663683290000200e-01 8.726864282070000488e-43 1.869655661359999835e-15 7.054883646179999510e-23 1.275001795659999881e-01 7.058230982859999524e-04 1.873626551030000013e-08 4.361276102700000212e-01 9.443052519589999723e-32
5.282522537079999969e-01 4.711706179669999939e-01 1.656671934580000062e-29 6.577561422880000510e-29 8.290755125910000020e-60 5.363071449880000257e-45 5.771283246820000301e-04 6.553359910139999561e-19 1.493713548690000098e-16 1.987405770899999979e-60
1.418759728239999988e-05 1.337180869720000138e-23 2.756575982970000099e-29 3.246473101390000222e-56 7.957350294530000090e-01 5.272131103729999745e-34 1.712311730419999885e-44 2.038254376120000133e-06 4.494728291189999643e-49 2.042487446950000118e-01
5.190455361609999659e-84 8.914471788699999778e-16 2.923492556369999988e-92 6.543866601419999762e-01 1.346509620619999947e-66 1.642358371330000066e-63 3.456132300340000185e-01 1.098242158099999954e-07 6.426032951029999903e-34 1.311785578920000008e-27
2.031452049519999971e-57 1.037712415180000042e-01 1.090626196110000001e-01 2.245284827229999947e-01 3.015506712840000200e-17 1.697380985380000096e-01 3.928995576020000158e-01 5.642575280499999734e-30 8.212548232120000707e-12 1.890409698490000015e-16
3.215150035880000032e-19 2.554694730610000146e-15 9.643916153250000254e-23 2.138862094420000167e-05 2.829301114479999910e-03 2.524817546610000026e-22 1.037075047010000004e-12 3.327496061800000105e-28 3.142995201189999754e-01 6.828497901450000240e-01
2.741027997780000058e-01 2.931860073020000068e-01 1.934470735730000208e-06 6.465230700240000204e-55 3.839630008580000031e-02 1.283544241819999931e-01 6.505995487479999808e-23 3.251503311270000190e-46 2.609553911770000068e-01 5.003143004500000025e-03
2.178341857870000065e-01 5.673529701419999749e-23 2.480103162200000139e-36 1.368990986559999917e-18 2.649869464099999851e-09 5.830855568229999523e-66 5.596894283260000071e-28 7.821658115630000241e-01 1.276098998469999983e-25 1.851266251069999904e-35
