2.445654604230000256e-38 3.404528953040000250e-01 1.103456410810000065e-23 4.876568721329999948e-60 3.589801235499999743e-01 2.337910674450000132e-29 2.122907722239999979e-05 3.005457520690000273e-01 7.015443300069999530e-35 3.624963327919999761e-32
2.023797202919999927e-01 1.299360544729999884e-35 3.000419763059999890e-04 5.988728313529999570e-01 6.460012520269999879e-35 1.984474063789999909e-01 3.561573947250000137e-62 5.427860997289999749e-31 2.152826071609999996e-25 1.238120463280000115e-19
1.231554136829999950e-18 1.487454258279999871e-14 2.481719110120000071e-01 2.490005915659999902e-01 2.273867231440000140e-03 3.969396615810000251e-01 9.241307086580000107e-02 6.900410695560000272e-03 1.213935825640000051e-04 4.179093465499999702e-03
8.208676236030000368e-47 4.758835911460000278e-16 1.279068013430000032e-43 3.680242542020000109e-05 1.387055022240000048e-46 3.324603943019999730e-01 6.668748092590000009e-01 1.753507896260000015e-20 2.030908528849999885e-24 6.279940137349999995e-04
2.812328530830000006e-01 1.926387256830000005e-01 3.527309858540000204e-02 1.879424218129999991e-01 2.436794849339999973e-14 3.014039567569999911e-01 5.650476775669999884e-30 7.962715147700000238e-36 1.508921177739999892e-03 2.290121624100000164e-08
2.429892276809999845e-50 5.500128873519999946e-44 2.102282513900000058e-17 2.020128904290000120e-21 1.895075425760000011e-51 4.012881447250000178e-01 4.111207698520000231e-01 7.286881441739999825e-09 1.218176852850000033e-05 1.875788963679999866e-01
1.818360669620000065e-48 5.647055080349999745e-24 4.097442578629999955e-12 1.193024718660000040e-11 3.862534935899999966e-01 9.408987158510000412e-68 6.134679429470000223e-01 8.953011882560000472e-61 2.785634471939999932e-04 1.239532104870000037e-41
9.172534889830000107e-08 2.615619847230000090e-23 3.389679605499999683e-05 2.908859722559999916e-01 2.928876569359999834e-12 2.926153013350000038e-31 3.523457957949999788e-34 2.811020646250000039e-56 7.090800392189999801e-01 6.867491321539999718e-15
1.339117014039999942e-01 2.874379103820000059e-01 4.538302583470000190e-25 2.545899525609999906e-46 3.609987375630000093e-32 5.447658186570000057e-17 2.493925821139999806e-40 3.736979805810000156e-22 7.966731745379999866e-11 5.786503881340000488e-01
4.132277119179999975e-28 7.241310978330000420e-08 7.136177864230000001e-01 1.230396375880000056e-19 1.066520984129999986e-03 6.655988475480000396e-08 2.853135461379999738e-01 2.007221071320000065e-06 6.672745694779999508e-17 2.608505946499999760e-10
1.214737746809999991e-01 2.975446037920000001e-09 4.529884972120000308e-09 1.011683062590000050e-02 3.463383523639999680e-36 8.544972874570000432e-02 1.668539242079999979e-22 6.352455485670000170e-38 4.552411632960000065e-01 3.277184951470000218e-01
1.152766289689999935e-23 1.067232598539999956e-22 3.450430897759999805e-17 3.894683515479999973e-54 5.271762495159999933e-62 4.209778205349999913e-01 2.255085457500000088e-19 5.608125254349999801e-11 5.790221773789999693e-01 2.030340791929999979e-09
5.290260768069999786e-01 1.426069865819999950e-15 7.605197213269999923e-02 3.949219510599999983e-01 8.847189487219999926e-15 5.252066824769999772e-22 9.464003011389999293e-62 1.038766663740000015e-67 4.432045102490000004e-15 8.976759133260000178e-31
3.483340368989999991e-01 1.678943536669999905e-03 8.156125520930000065e-36 6.468361752100000306e-01 3.150844353660000024e-03 1.828025657990000056e-26 1.177109320139999985e-45 1.277648844820000040e-25 5.039146179760000097e-69 1.205138736030000051e-21
1.028902308659999936e-06 3.602653656200000132e-31 3.081076860460000227e-11 1.500211646229999924e-36 7.227710007099999927e-60 1.268747663229999878e-01 3.930900824869999725e-45 4.832345172109999853e-24 8.731242047439999876e-01 8.446002356210000462e-17
7.514135934869999780e-18 5.080253456269999906e-05 6.652272544139999757e-32 2.712479844440000066e-25 6.214292101669999728e-20 1.274175718590000008e-03 8.496162266479999752e-20 5.867599595369999976e-01 1.295075816740000018e-53 4.119150622089999825e-01
4.771828235449999603e-41 1.809455772719999951e-17 8.592840362740000443e-10 1.369500590330000051e-16 1.243080447739999955e-01 2.099807196229999887e-41 3.963623909519999877e-01 5.675299605209999774e-32 4.793295634140000150e-01 7.402284633949999685e-42
5.649449302119999849e-01 2.961542193559999858e-21 6.305614576040000172e-04 2.212820565339999819e-28 4.344245083300000143e-01 2.546428218430000189e-35 7.672466548220000455e-47 7.371393580000000055e-21 1.918206147330000051e-18 2.701355192379999791e-23
4.840032936679999898e-01 5.702976680690000123e-21 2.084639258919999960e-02 6.635689153259999800e-34 6.974969171389999659e-45 4.951471867600000243e-01 1.384575674140000094e-66 1.985728764839999936e-30 3.126983369720000033e-06 6.574720115569999705e-39
1.426317470129999927e-06 4.703369930359999757e-02 7.423892234379999719e-11 7.292476171049999678e-01 2.237172571999999915e-01 2.310541832780000015e-48 3.478194733559999759e-60 3.073145324270000049e-125 1.806909843820000078e-22 6.708242410869999876e-61
4.088965680110000048e-29 3.465498288320000198e-29 4.454841365400000197e-01 9.690372414660000243e-09 9.712630486089999820e-08 1.309153520970000005e-02 3.248099822900000211e-01 2.166142112339999870e-01 2.764666242000000059e-08 2.634598469300000050e-10
6.798607069359999863e-04 1.581721081989999889e-01 6.784751307940000018e-20 3.134321153149999817e-01 1.348036134760000060e-01 9.597772470170000586e-08 1.356672432139999996e-05 3.928986394319999853e-01 5.469251913740000157e-21 1.682911698459999965e-10
6.629906593940000648e-02 3.411344569720000141e-19 1.415117933829999947e-17 1.438474969840000014e-09 4.370134258189999898e-01 1.119296582629999957e-64 1.158853361110000059e-22 2.361020058729999963e-45 1.670186744569999993e-01 3.296688323459999737e-01
3.753805447670000017e-01 1.932378937650000017e-01 1.434648250640000046e-07 9.489595601279999646e-24 2.117163604249999997e-01 1.282165855710000006e-13 8.112855216989999261e-12 2.194991572670000057e-01 8.917751385679999630e-14 1.659003026829999959e-04
3.753817596440000015e-01 1.931414864690000066e-01 5.040297837700000241e-06 1.214305085069999971e-24 2.117099673160000028e-01 1.544806467410000062e-13 8.730631590039999633e-11 2.194865597100000010e-01 8.377089995319999505e-14 2.751864748959999838e-04
7.551986370749999963e-10 5.247547449500000360e-54 1.298223533000000081e-03 1.083004012020000028e-07 3.455509980259999780e-01 7.033322826429999758e-31 6.494656407189999944e-05 2.124366238990000044e-01 2.775347455400000163e-01 1.631143533820000047e-01
7.343164530080000431e-18 6.068305964409999901e-19 2.552778459259999817e-25 4.014124331689999936e-01 8.177401636079999981e-47 3.935471706309999762e-01 2.274358992700000073e-09 6.107725420159999523e-23 2.050403936519999970e-01 2.736807343559999781e-10
7.252621537029999981e-39 2.509512266840000004e-09 4.091628750799999746e-61 2.109758724009999989e-02 1.268206378350000053e-65 4.369786085799999831e-01 4.363003150199999958e-01 7.147791145409999873e-32 5.040409151069999734e-23 1.056234866500000008e-01
9.651937283290000901e-07 1.084908654169999937e-60 6.000009420270000504e-01 2.483807512419999995e-06 9.380056147250000385e-35 3.999956089710000051e-01 2.087235478110000057e-45 1.371906243150000015e-15 5.214402089860000151e-20 1.116940699949999996e-33
3.899214705370000031e-14 2.860953537489999747e-38 4.761453955100000135e-01 5.228926576119999892e-01 4.544601551450000074e-17 9.619468778679999546e-04 6.275289077829999921e-23 1.268249392549999913e-13 1.919319636270000114e-17 1.594672557660000032e-14
2.919641573960000081e-11 4.826029109339999695e-12 4.000001766649999846e-01 6.038585118970000221e-67 1.219370272700000006e-32 5.999990249340000359e-01 9.375266895469999770e-37 7.021146521519999754e-07 9.625261293480000360e-08 9.295217209119999433e-34
1.037380654160000064e-09 6.596990436020000300e-10 1.518122864230000035e-08 7.396038883350000180e-38 4.231856076039999803e-01 3.941054513479999859e-32 2.614078083749999948e-01 9.347982650439999597e-02 2.219267406379999974e-01 9.650538564069999969e-21
2.349908881349999871e-03 2.190363294350000116e-20 2.593541150720000251e-07 9.976497573799999463e-01 3.554819298799999760e-19 7.438454027480000028e-08 6.313506108699999363e-64 4.290096050569999955e-37 1.027646453999999984e-39 2.137639901339999826e-55
1.972078483240000054e-18 7.837233877129999756e-20 1.768703584099999988e-10 2.249247285699999938e-17 3.550413797649999981e-01 3.250133581169999962e-18 9.523323542450000124e-13 6.449586200569999983e-01 3.440957252450000003e-42 1.157904838820000113e-50
3.469539165029999857e-12 8.302878048369999547e-08 2.314509326100000056e-07 2.430344234379999946e-31 6.101547681619999830e-01 1.738389242039999996e-26 3.009980439480000047e-01 7.540190434860000179e-02 1.344496832479999925e-02 7.340539511380000156e-10
4.785428330580000084e-02 7.846086295199999534e-10 6.296310500049999703e-01 3.220072917410000124e-01 5.073739029489999488e-04 2.013010592760000148e-18 8.972259665689999673e-38 2.845967814960000006e-42 2.606052032709999773e-10 1.630822076869999966e-18
5.862956632429999765e-26 2.079452067699999922e-06 6.959400692030000002e-01 1.440817827220000095e-25 2.622185915449999974e-02 1.661791590839999931e-06 2.717190486730000076e-01 3.700687017669999825e-03 2.414594346969999982e-03 3.610606081970000232e-10
4.446018666570000050e-32 3.235587042729999711e-70 4.938240647989999843e-01 9.448656623419999319e-40 4.112841408689999873e-38 2.690603765989999993e-02 1.016312362010000057e-21 4.792697832860000062e-01 1.142556637680000047e-07 6.092465895429999652e-44
2.019837867740000015e-01 1.597464782830000039e-27 1.793322364240000131e-14 2.312958056920000061e-01 4.546121770260000170e-35 1.390554124670000010e-29 1.706234286740000145e-51 4.234710475599999921e-82 5.667204075339999925e-01 6.275477656169999833e-16
2.284936359569999991e-29 4.717932683630000068e-01 5.751550518350000337e-41 7.309639771429999601e-17 5.282067316370000487e-01 1.521180602959999946e-47 1.077466550839999961e-14 1.018334594680000014e-32 6.853207435549999793e-52 2.594607768460000094e-23
6.006785106790000217e-01 1.767535044060000021e-20 6.359314584120000441e-04 3.762859109710000099e-29 3.986853779349999738e-01 1.497729895060000133e-32 6.226383331270000340e-31 8.797268806589999962e-14 1.799279996230000032e-07 1.443008108370000078e-23
7.499262617849999923e-01 6.691056493670000581e-42 3.519876453849999999e-26 4.911511130760000141e-06 3.961655806120000173e-41 2.500685331770000075e-01 1.097260005500000039e-53 2.935231955270000173e-07 2.805781599149999952e-50 3.466553608299999802e-12
8.420756892069999888e-02 3.233248674359999829e-25 1.590952119430000034e-06 1.791334000550000027e-01 4.347612334520000177e-01 8.526437349680000393e-15 1.754610525709999922e-19 2.868262620910000000e-05 5.473616746229999718e-21 3.018675239940000199e-01
8.771861157079999708e-16 4.543794134640000149e-01 9.212872533800000739e-52 2.676577368240000143e-01 4.011931775130000055e-04 7.941737093430000284e-78 5.196650763400000165e-11 2.739848263479999917e-71 1.464259140599999956e-19 2.775616564819999854e-01
2.164580710179999923e-01 4.424953012730000190e-01 3.052124960570000132e-25 9.959426723089999378e-02 1.253394093310000083e-06 2.614345847650000012e-37 1.655809167440000001e-14 4.699673837079999617e-40 2.185098803320000088e-09 2.414511048990000130e-01
1.055590871719999958e-17 2.047422560830000037e-26 1.089609224560000088e-21 5.364561606590000364e-01 9.340388525679999986e-54 4.635179090400000090e-01 8.075043106290000511e-10 1.944516890160000175e-24 2.590467018269999985e-05 2.482299732219999980e-08
5.712828540279999704e-36 8.420972161060000017e-69 4.925575470460000216e-01 6.906866619590000281e-33 1.739372343790000085e-37 3.291470544330000331e-02 3.335646934659999976e-21 4.745277475110000198e-01 1.357385938090000114e-22 9.444224677170000494e-44
1.699284540740000071e-01 4.176935234170000090e-08 9.763312348110000858e-10 9.400841265409999779e-28 2.333280237849999971e-04 1.308515811100000064e-24 8.638596442370000039e-09 4.785824539519999794e-04 4.375761576309999956e-01 3.917834264330000149e-01
1.604288667489999964e-09 3.911631478800000061e-01 5.587215269209999668e-01 2.216261655319999872e-10 6.642882477900000434e-08 4.979286152419999667e-02 2.941702179489999904e-15 2.151289302770000044e-16 3.223954192989999861e-04 4.656533043909999911e-49
1.874553208610000140e-14 2.067986149999999912e-01 2.005498474609999828e-03 2.087170725780000125e-01 2.512105534579999995e-04 6.310733061859999945e-10 2.537719004160000069e-01 6.707386164450000268e-21 3.284557023460000225e-01 1.158582458189999909e-13
1.817607817189999948e-18 1.400129278489999907e-01 5.337489571950000010e-10 2.984715863909999817e-62 2.516704002940000073e-01 1.513172318000000066e-23 1.734146993850000015e-13 6.083166712909999774e-01 7.692371163149999729e-17 3.179933477219999756e-11
1.548971359259999951e-51 5.606249026959999604e-01 1.453385459200000115e-79 2.698790925270000217e-16 1.419577311660000029e-16 1.004484474999999975e-20 4.393267913700000249e-01 1.890010391360000024e-07 2.741293308040000081e-87 4.811693253269999724e-05
3.010277621570000006e-01 6.979261908499999612e-01 2.661032259400000292e-23 5.877109154800000160e-17 1.046046993019999908e-03 6.260741559989999500e-36 7.761890471259999921e-54 3.580469113289999826e-42 3.509462640309999852e-32 8.494662126159999608e-35
5.957369931370000149e-01 2.952387117519999955e-16 7.523097430819999758e-03 5.306524967490000079e-60 4.520602945320000239e-17 9.826270633539999093e-13 1.376490718100000058e-43 3.967399094310000152e-01 4.344323460389999654e-25 5.275166177659999896e-31
1.169137803689999938e-08 6.984441205260000480e-13 5.274852063260000248e-14 4.162258887609999736e-01 8.998632299949999577e-30 5.837740995469999916e-01 3.567173337259999857e-40 6.090825399420000561e-26 2.921587855749999924e-46 8.072137628579999996e-50
1.537908149139999986e-04 6.710760321640000240e-52 2.499151535380000066e-01 1.632841726119999897e-32 1.510728656430000032e-10 1.069504626829999952e-20 3.123322509890000017e-43 7.499310554960000319e-01 1.936231442609999877e-30 8.638463658200000742e-40
8.241354157530000705e-27 2.543624048279999809e-34 7.221607239459999494e-01 2.601458006309999848e-18 2.378796936889999991e-01 4.444559303629999875e-41 9.316374951360000042e-11 1.529331070920000037e-30 3.995958227190000295e-02 5.950070766089999856e-37
6.654343713070000332e-02 6.239351193579999945e-10 7.972617145119999864e-20 1.227297921869999882e-41 9.196089909309999482e-09 5.745932868460000386e-35 5.401572100750000300e-18 7.700128102359999493e-08 5.850005695540000383e-01 3.484559064939999895e-01
5.288861510490000528e-01 1.267124043820000005e-08 7.623384384030000571e-02 3.948799924270000039e-01 1.229223489549999976e-11 2.801886368030000219e-22 2.533100722320000065e-61 1.033682614290000060e-68 1.019929091789999983e-23 7.682313144790000306e-101
2.484215531680000063e-45 1.892618039869999996e-15 5.816173279209999842e-21 7.009745610240000482e-14 1.018974539700000044e-21 6.663321760160000329e-01 3.332592783880000131e-01 1.204691765400000002e-04 7.599789987700000426e-27 2.880764196349999912e-04
1.888344522500000067e-01 2.479284611380000135e-05 9.687570238610000289e-24 7.018549694879999690e-02 1.247680535860000125e-04 5.417595852309999810e-18 3.805853223210000080e-01 5.008443265640000197e-02 1.053921116529999980e-01 2.047686232710000109e-01
8.005647505189999553e-22 1.880450061149999963e-01 6.186078828920000299e-14 1.554388075029999872e-01 1.530975931570000134e-04 1.150142283290000084e-21 1.944059227490000097e-01 3.986992452860000136e-35 4.619571660399999780e-01 1.792468391910000147e-18
3.006330468230000164e-01 6.977270898190000015e-01 1.901567414020000048e-22 6.870332613789999745e-09 1.639856488019999928e-03 2.098376011569999873e-33 1.270521206960000083e-53 1.937762794389999942e-44 1.883454475860000129e-54 6.429853340930000101e-36
2.780649737129999871e-13 4.930361621620000245e-01 1.100960390639999989e-11 3.511647206209999779e-23 2.182171710249999886e-33 5.069638378270000523e-01 7.338102317280000020e-39 1.105671271739999994e-31 2.380775736990000096e-23 4.052037440799999945e-55
4.225191640000000026e-01 2.354623917430000122e-57 6.546674086000000246e-03 1.444121760189999992e-01 1.190459682840000033e-47 4.265219858950000109e-01 2.684817930940000128e-75 4.576120295980000117e-34 7.536465201950000010e-24 1.147808658599999968e-42
8.413725937280000511e-02 4.181945490659999777e-22 5.855776672010000158e-10 1.790712028339999928e-01 4.348290693260000173e-01 1.131787491240000059e-14 6.124885372810000327e-20 2.665516827330000105e-06 2.143092390639999999e-20 3.019598023660000075e-01
1.127912327489999928e-08 2.440930447830000072e-01 6.048679041180000243e-02 3.486142027280000194e-02 3.120553797959999983e-13 3.195308646730000285e-02 9.604179981850000103e-02 7.535363019919999926e-16 5.325638469669999875e-01 9.260324576770000583e-20
3.304835707659999899e-01 2.326027243430000108e-15 2.994954920539999923e-09 2.313314807340000057e-01 2.000852461429999951e-01 3.759821631920000323e-09 1.056964341129999983e-20 2.380996956020000055e-01 1.430320731129999926e-29 1.410118503100000067e-33
1.822578280419999882e-27 1.576745444179999875e-41 9.412371123600000242e-22 1.099676905730000023e-25 2.179820572729999906e-01 4.163093841450000221e-53 2.645301684799999942e-01 3.657527913960000099e-06 1.215707850300000031e-01 3.959133316880000253e-01
1.430355668979999952e-40 5.280425334309999577e-32 4.340986754060000008e-01 2.361830431040000074e-10 5.659013243570000240e-01 2.237792201280000163e-40 7.852862449860000088e-17 2.382174970480000017e-48 1.347131633819999930e-15 3.476148980550000185e-92
2.195312854319999981e-44 1.564811730550000057e-01 1.266424488789999992e-47 4.344490646810000040e-65 2.636180254959999969e-01 1.880070114319999961e-83 5.799008014490000251e-01 4.783127056619999868e-22 1.602740331409999938e-17 5.330619527550000210e-14
9.329658796829999601e-02 2.477453618860000056e-11 5.766716636930000472e-01 2.755754683630000090e-01 4.430672148499999787e-05 5.062601143510000182e-20 1.828667564229999883e-24 6.552975318730000142e-37 5.441197322980000084e-02 4.742523893980000111e-20
6.967514914939999636e-29 2.726134614040000150e-38 1.482242618749999841e-39 1.984002900819999892e-43 3.638235174740000040e-117 1.000000000000000000e+00 8.446120212530000265e-70 4.796297571759999691e-28 8.390858641970000184e-55 9.371516425040000052e-33
1.215060206169999990e-01 1.312869365910000004e-09 1.952407876249999801e-09 1.007206985209999940e-02 5.867206865469999753e-37 8.542680236300000118e-02 4.710695021079999677e-21 2.919313542820000012e-36 4.552494476210000030e-01 3.277456562819999752e-01
2.344614848779999917e-04 2.594518148960000168e-10 2.498317411679999989e-01 3.744461333179999941e-159 7.000602978290000551e-14 7.597394905299999617e-24 6.062554708659999655e-48 7.499337970670000297e-01 1.977020705440000142e-11 8.263447453159999657e-45
1.802918761979999973e-08 2.780770141869999823e-01 5.464984157529999553e-01 1.177335156889999963e-02 1.462457150029999954e-08 1.220686832250000020e-01 4.129809812359999666e-02 2.824832635700000156e-13 1.895977643259999980e-06 2.825085108499999966e-04
1.050455347689999985e-01 3.153218394799999920e-06 1.062735186870000002e-13 3.761293412800000082e-31 2.882763287399999971e-02 6.928066844160000393e-33 2.109021340610000073e-20 2.290926354469999986e-11 4.669216677760000267e-01 3.992020113390000180e-01
2.591021691330000136e-14 2.901656765319999831e-01 6.522208392159999917e-46 1.097354272759999996e-43 1.268895471360000008e-27 4.386811282340000121e-45 9.344167992620000769e-34 5.797106004540000356e-49 2.216466237299999887e-17 7.098343234680000169e-01
8.784557917650000010e-08 4.285833995169999744e-01 3.698589698629999845e-10 5.389070610850000084e-18 3.580551636730000186e-30 5.714164077409999987e-01 3.458495628389999939e-23 1.096080003730000027e-26 1.014798806270000002e-07 3.046695291949999859e-09
4.472598238420000062e-46 5.524636806349999540e-01 6.220322631540000410e-54 4.695002836760000034e-03 1.070672256649999947e-40 1.438045669420000068e-22 4.326453083749999817e-01 1.352947261950000003e-80 7.987479281150000406e-13 1.019600815279999954e-02
1.717655350129999980e-06 3.339606762630000136e-52 1.009321391790000052e-10 1.031584261610000025e-01 9.328324310080000274e-66 6.043069470080000283e-01 3.936563654569999773e-32 2.428259014510000101e-29 2.632920208110000049e-01 2.924088826389999868e-02
5.908976763139999790e-04 1.032877516130000028e-29 4.336303468130000005e-01 3.930744893959999965e-58 5.657787510299999711e-01 2.880938929600000235e-42 1.995854452240000091e-53 4.480903603850000093e-09 1.951171153379999938e-21 5.612745274439999511e-97
1.913617380909999819e-06 3.732686159570000051e-01 9.922310138120000176e-13 2.862066316770000007e-01 1.409172140999999988e-27 3.732340238009999872e-05 3.267445582970000096e-08 1.708526635280000108e-31 3.404854826440000259e-01 2.646599092450000014e-11
2.290663100339999925e-01 5.149816815479999716e-35 9.208648192620000079e-04 6.012808454179999762e-01 1.197629548689999969e-35 1.687319797290000034e-01 9.048657597740000055e-61 5.646197942010000302e-29 1.088922820190000027e-24 5.872497315349999618e-18
2.158118309860000027e-15 3.411968531039999974e-01 2.158204772610000169e-22 3.443214426639999992e-01 6.878822502359999972e-23 8.152922078489999905e-15 1.794278891140000125e-13 5.894292675069999869e-49 3.144817041740000096e-01 5.785033349339999813e-11
1.220973862000000005e-03 5.389415817580000261e-19 2.099616577019999799e-06 9.987768074439999921e-01 7.084999558340000345e-19 1.190770823149999935e-07 4.644023255429999687e-64 7.163453539710000268e-36 1.872365624549999974e-39 1.097841183080000071e-54
5.944781322990000394e-01 2.901045176239999907e-05 4.434680352099999743e-29 2.379381649969999901e-01 6.572293065710000267e-06 1.177739468739999942e-54 8.032552364080000194e-17 7.175370057749999767e-53 1.675481199590000136e-01 5.326483646639999678e-16
4.566958697930000074e-10 3.793366468900000095e-17 9.123918331279999919e-04 6.775382582169999634e-40 3.456783793470000199e-01 2.201904476999999873e-31 6.430082236399999453e-05 2.126546827040000087e-01 2.778307089409999819e-01 1.628595358949999905e-01
1.733489971109999918e-09 2.605628881839999744e-01 3.487548963599999829e-02 3.020004641849999977e-02 1.725632999190000010e-11 2.122033401159999916e-02 8.398094395140000279e-02 6.949290711280000609e-14 5.691602960480000029e-01 3.901977957810000225e-22
4.144761509819999990e-39 1.660486299520000082e-04 9.375079726579999628e-22 5.862147652429999800e-01 1.210216692670000067e-04 8.375856261029999872e-08 4.134980806990000146e-01 1.396732904410000047e-13 7.870724641719999722e-52 1.171286391510000030e-26
1.943848251290000080e-09 3.911354166680000022e-01 5.586856947349999603e-01 4.202832365709999872e-10 1.157940709519999967e-07 4.983304263720000210e-02 9.028767744220000165e-15 3.992192146360000047e-16 3.457278014590000150e-04 6.231890619340000454e-48
8.177091728120000282e-56 1.381727004219999926e-53 3.619055404590000043e-49 2.537021413239999786e-66 8.157288614779999482e-54 2.043219829320000120e-27 2.668458368289999827e-01 5.499842657090000531e-01 4.421164475509999781e-16 1.831698974619999920e-01
2.807982303599999918e-12 4.572547548770000098e-11 1.497699780449999913e-27 1.482276148550000066e-12 9.178944670369999454e-42 6.191687124720000254e-09 9.118500419289999895e-20 5.279770636540000313e-36 8.629253158830000325e-01 1.370746778760000006e-01
7.240119733209999498e-42 5.945447919799999803e-48 3.996893327590000137e-14 8.014347826870000357e-56 8.667535902199999851e-58 6.667999783439999550e-01 4.673945077380000099e-25 3.332000216559999894e-01 8.702500440639999777e-26 2.738629649880000164e-36
3.373216327670000100e-42 3.842867758460000215e-48 6.383619551549999606e-14 2.571095837979999959e-54 8.349673059440000367e-56 6.667999783479999776e-01 1.654829498069999871e-24 3.332000216520000224e-01 2.580033159439999846e-25 6.697504693769999766e-37
4.348581172099999746e-09 1.210493832020000032e-24 4.356791310170000138e-41 1.946542596560000062e-41 1.790151181109999822e-80 2.495385683299999879e-01 2.783363138999999981e-33 1.303752737709999948e-04 1.648172456019999999e-21 7.503310520479999912e-01
3.304878029409999973e-01 4.234076683759999842e-17 1.590791313719999993e-07 2.313198711630000126e-01 2.000983975929999936e-01 1.956338844059999905e-08 2.233382927249999945e-20 2.380937496609999982e-01 1.528215129549999918e-32 2.649324828410000052e-33
3.082298954610000126e-32 1.055508611200000040e-03 3.581927219200000123e-01 3.677233951869999881e-16 3.436617538630000190e-01 1.987565785559999913e-10 2.970900153950000178e-01 1.202331970969999922e-11 3.993404073969999927e-23 1.177250409789999925e-41
1.960364343580000056e-15 8.228619449869999758e-25 2.901716759520000042e-10 1.916963683880000117e-19 3.550414876519999985e-01 2.083203363360000113e-20 2.559268803509999942e-12 6.449584575510000084e-01 3.059105816049999985e-15 5.450509185450000252e-08
1.736452121380000078e-30 2.515131236159999784e-01 2.407286531839999908e-09 2.660293619049999836e-01 2.999123170149999851e-01 6.907108515219999705e-15 1.821283955620000006e-01 1.905016035440000114e-35 4.167994959220000040e-04 1.555883704370000078e-29
2.407905013709999836e-33 5.330218907029999897e-01 1.859713963669999880e-45 5.093117200500000197e-13 4.659765753960000375e-13 6.647411824209999734e-08 5.876422542749999700e-02 4.082136449459999872e-01 7.562148321070000145e-65 1.724485480349999963e-07
5.230972841309999843e-01 2.333617158899999877e-01 1.714453777000000162e-30 6.652962269420000609e-08 2.435409334489999911e-01 8.556792386770000878e-56 1.074253068529999950e-51 7.224607808480000088e-66 1.740296584249999891e-41 8.014388137220000407e-50
1.491982356129999965e-01 7.049421809179999695e-05 4.478316574080000248e-26 1.211128895489999996e-01 5.076725391549999911e-01 9.012336874450000895e-47 1.525194346429999976e-13 2.100404272430000167e-40 2.120659319909999896e-01 9.879909474140000786e-03
5.711898544209999959e-13 9.354897502920000288e-30 4.759636243459999805e-01 5.226735960049999630e-01 8.050774421270000245e-13 1.362779630839999973e-03 2.916452132809999840e-22 1.595688530540000063e-11 5.351609782969999419e-23 1.083299868350000083e-58
1.104701327779999945e-50 4.722619923660000067e-15 2.443595706380000124e-41 8.803541070190000564e-36 2.382451229750000025e-14 5.799078110159999710e-21 7.395302574249999761e-02 7.875029517380000010e-01 8.681256513280000362e-55 1.385440225189999985e-01
8.276638650059999498e-46 1.360716939729999892e-26 1.930737876340000107e-52 1.612868244569999902e-11 3.864404049840000077e-01 1.040653617529999934e-77 6.135595949850000119e-01 4.672976732799999987e-25 1.609592348750000051e-41 1.478579973990000044e-11
1.564651960530000067e-04 2.433587167439999851e-10 2.499136994210000018e-01 4.554259137820000351e-158 8.946020351039999768e-14 5.320545441560000074e-24 2.859823021879999841e-46 7.499298350540000158e-01 8.513078182700000228e-11 5.922144688529999676e-43
1.254751941210000072e-36 2.314065503050000068e-09 4.804398162450000177e-20 5.004670429889999978e-21 3.164016175440000101e-27 1.716812580420000061e-16 2.859644266390000134e-01 1.640127558170000055e-32 3.165510119180000026e-01 3.974845591289999924e-01
9.421017059559999574e-02 6.614073128079999836e-12 5.727306694670000198e-01 2.742516240699999774e-01 7.205239369559999954e-05 1.718801184520000077e-18 4.397638965040000194e-26 1.327282411030000067e-37 5.873548346739999870e-02 2.439680441250000078e-20
1.427163520049999912e-01 2.774226720910000221e-01 3.399375842809999881e-02 3.423401417129999791e-01 1.313196219059999913e-16 1.299120373429999975e-01 9.655122780780000391e-26 7.564101660190000244e-32 2.433559815230000030e-12 7.361503841810000670e-02
3.997980664739999642e-27 3.259316586739999884e-89 1.000000000000000000e+00 5.252022364429999990e-72 8.431103629519999440e-34 1.232554322290000103e-38 4.891867082339999736e-74 2.526327747859999842e-31 3.380840881500000047e-16 4.819617211210000000e-122
6.481785255299999807e-28 3.200264466969999839e-48 5.615395933959999635e-07 5.364159917180000292e-01 3.796079975470000124e-14 7.297415766539999789e-25 8.064843651019999726e-02 2.535175292320000037e-22 3.829350102319999949e-01 1.551344643690000094e-35
4.143701605810000398e-40 2.949815948210000001e-17 2.634741780040000029e-14 1.056815388190000033e-14 8.499383706249999963e-19 6.660558002690000201e-01 3.331078205160000194e-01 7.689448754599999877e-04 9.860118745560000242e-26 6.743433905269999708e-05
1.532566218920000056e-17 4.507061314619999750e-60 1.679630409419999998e-02 1.488694788139999953e-05 1.411350480359999887e-41 4.880750148829999802e-01 7.724487646470000630e-11 3.782458015520000199e-09 4.951113766840000152e-01 2.413531145039999924e-06
2.320596534539999794e-37 5.478572995019999919e-83 8.902344583150000046e-02 3.293298916759999848e-18 4.322031262950000387e-43 2.404207580009999883e-03 7.356951962129999745e-02 3.778707494140000067e-01 4.571320775530000047e-01 4.852570960580000226e-15
1.325686819650000072e-46 8.479657951309999501e-11 1.675267526290000001e-27 6.827912465619999962e-09 1.019796540979999947e-22 4.405585798569999767e-01 4.435930273070000096e-01 1.315155035680000102e-09 8.245597556009999670e-33 1.158483846079999963e-01
4.006800557140000052e-01 3.142114330580000045e-11 8.106495296120000007e-16 1.814878212770000118e-13 5.993114657050000460e-01 2.044993513600000060e-35 1.082391543580000027e-32 2.590091299660000049e-30 8.749083848579999552e-16 8.478550103790000067e-06
7.199286084729999801e-13 3.915363634790000047e-01 5.592127134459999871e-01 1.519786004629999908e-06 3.319112186329999869e-07 4.924907134380000079e-02 3.353651712859999960e-11 5.297035442790000274e-16 1.159459376040000097e-22 1.420930246760000043e-49
3.999035493979999911e-01 8.092810473690000179e-05 2.943209339270000063e-12 4.853104061929999864e-78 7.621964715409999553e-30 1.004724516920000021e-04 3.968952646680000041e-46 5.999150500430000532e-01 2.761279081080000149e-23 1.017389937479999952e-20
1.996167983880000070e-17 8.180298054880000381e-10 4.716594864739999878e-17 6.044252176970000149e-06 8.690972602720000381e-22 1.126548003139999984e-13 1.013212875149999970e-13 1.108033663050000015e-35 7.228065750929999478e-01 2.771873798360000030e-01
1.741619253179999977e-66 1.114629029139999964e-35 2.280552694280000150e-44 4.166909386289999739e-01 2.025519293669999923e-28 4.628758878519999751e-37 5.833090613710000261e-01 1.184870668119999968e-49 2.320089708369999961e-33 1.675890908609999979e-17
1.180785699079999952e-14 5.555305950860000095e-18 3.999832405770000210e-01 6.035888359290000230e-71 7.737327519059999741e-36 5.999747440460000414e-01 2.693109805660000165e-34 4.201524000509999885e-05 1.375921773060000062e-10 7.360553285629999606e-35
4.961659192760000114e-01 1.954577738549999971e-19 1.266959080129999980e-32 5.370278302869999504e-29 7.112093942130000396e-43 4.883202792810000248e-01 1.492601403959999920e-54 1.551363597750000066e-02 1.008180863909999975e-39 1.654652353129999939e-07
5.837330912289999674e-01 1.123608395800000073e-11 1.027050832509999923e-28 4.162669086279999764e-01 1.039962938290000006e-14 1.314317605850000042e-10 5.087338086869999762e-42 2.907849058789999823e-14 1.515343713409999871e-57 4.709113887120000176e-33
1.701294655480000004e-26 3.315892403820000249e-42 1.385433603870000025e-20 6.884347496510000153e-25 2.208598050230000109e-01 1.416998449770000008e-52 2.639236998339999918e-01 8.154868947359999759e-06 1.183833254189999989e-01 3.968250148549999912e-01
1.175989383729999928e-16 1.463933300730000148e-11 1.139369424560000010e-01 3.622522419399999971e-01 1.076828483619999974e-04 2.488295196059999992e-01 2.744701075620000208e-01 4.028678839649999974e-04 6.376895207469999912e-07 5.524901217649999843e-33
1.072136119879999970e-16 1.645515153590000005e-32 3.441867523259999895e-01 6.558127066140000405e-01 1.873200073839999892e-07 1.977711837740000049e-10 1.297394918099999997e-10 7.847157029440000341e-12 1.091245406400000078e-08 3.424921209530000040e-07
5.861886580550000191e-17 4.580612811099999670e-06 1.823680080579999931e-22 5.862087099260000489e-01 8.618488268219999114e-25 4.137867094609999907e-01 1.759458820220000143e-17 4.716081122719999829e-22 3.988723885279999828e-22 1.727727455879999928e-25
7.395146785469999681e-33 5.654316331430000352e-41 6.555029673740000451e-01 3.286398590369999928e-01 4.433891829110000191e-04 6.330881305570000319e-10 1.519839420470000049e-02 2.153895681129999967e-04 5.016569585479999731e-22 2.907873577289999864e-67
1.357071237390000023e-12 4.025641249899999744e-43 4.861558400270000330e-02 4.186258586189999897e-10 2.152673254119999990e-01 4.447077041509999948e-28 7.934852839669999380e-02 3.772515769620000126e-01 9.522744256209999484e-04 2.785647103810000025e-01
2.811905118139999997e-33 1.199475948439999989e-38 2.869017727340000004e-32 4.217615360499999966e-01 3.564978556659999949e-57 3.708936703789999860e-13 3.495927000889999740e-17 2.247773570010000008e-48 1.038534310230000063e-05 5.782280786060000066e-01
1.608519983829999889e-01 7.892863774960000647e-03 6.761632063780000037e-26 2.454524360460000054e-01 2.739654904769999959e-07 3.127569758090000095e-12 2.055539608289999955e-31 1.794396210359999900e-16 1.574116095649999956e-35 5.858024278269999829e-01
4.541276737099999929e-26 8.063805634429999991e-13 1.577407414329999938e-02 4.398355245739999919e-01 7.325258617320000443e-02 2.328325219269999913e-01 2.381491292160000106e-01 1.561639659389999987e-04 6.844893022520000079e-30 1.206635111549999984e-29
5.999804893529999683e-01 7.288125576710000265e-14 4.045554757450000271e-05 1.057743601560000009e-55 2.393953860830000050e-17 8.483011685060000385e-11 3.726710764229999792e-43 3.999790550139999956e-01 2.413149278930000110e-24 1.133895723919999998e-28
8.665200498929999404e-45 1.129453295110000067e-36 7.647367313880000476e-06 8.545200723900000248e-05 4.940629685680000271e-01 6.537162680329999977e-57 1.594228422070000095e-02 1.381729931140000034e-55 4.899016478370000205e-01 6.311000129590000414e-54
4.022228627489999726e-23 1.881887384439999977e-01 1.005997501600000071e-17 1.553402969040000026e-01 8.889928153369999616e-07 3.050719879650000016e-19 1.944596153439999975e-01 1.474845057749999952e-34 4.620104603149999822e-01 4.823223692959999816e-15
6.110881251250000058e-18 2.661825666649999872e-33 7.501193347540000000e-02 2.018712664500000031e-01 2.132297947719999997e-23 2.779296485400000183e-01 3.071265078920000224e-01 7.302823720659999870e-07 1.380599133609999862e-01 6.256221667809999976e-22
6.922852029099999628e-06 1.562825142539999990e-01 1.382604052689999907e-20 3.164032800820000269e-01 1.327158380139999982e-01 1.531132260169999928e-08 1.073464980990000030e-06 3.945903560219999884e-01 2.281271125900000172e-37 5.164350403890000130e-14
7.159440733240000114e-36 9.020283248030000546e-70 4.922440631480000106e-01 3.764704264329999770e-33 1.560672137829999939e-37 3.444514524589999821e-02 1.086164514450000003e-20 4.733107916059999809e-01 2.802547576710000132e-23 1.795614819460000054e-44
3.001263976979999804e-01 6.974850019110000465e-01 3.097712275419999994e-24 1.490565914249999987e-15 2.388600391379999861e-03 2.357139912359999951e-35 2.458738416670000089e-52 1.841994728249999930e-41 1.411095677060000065e-31 7.495641949099999677e-34
6.087333143680000447e-01 8.353197503340000132e-18 1.816988793969999984e-31 6.974996842480000344e-07 7.597904484410000111e-13 1.477504002679999981e-62 4.527514112540000343e-27 5.482693254740000209e-61 1.062189708849999997e-01 2.850470172469999897e-01
4.991820507920000094e-01 8.166751722200000327e-19 1.479680744619999987e-32 2.698680797869999830e-24 2.834119024800000106e-42 4.979187701130000088e-01 2.837401309739999864e-55 2.899161721479999801e-03 3.807551502640000257e-64 1.737283677370000125e-08
1.060068698349999955e-03 1.388485569700000051e-31 4.332627630890000248e-01 1.200924176219999917e-50 5.656771627669999747e-01 1.007373357900000036e-40 1.711949331660000171e-49 5.446190379979999833e-09 1.241645373070000061e-14 1.010970450390000043e-28
2.816530828250000118e-01 2.234698999339999928e-12 1.137490245670000019e-30 4.560329604650000257e-01 2.624882835439999838e-08 2.658322828390000082e-27 3.844994447249999782e-43 3.941598230130000016e-27 1.986717613329999957e-45 2.623139304589999776e-01
1.227816796830000023e-11 2.465124019359999950e-39 4.823882591800000066e-15 9.999999999330000389e-01 5.940429062130000288e-37 2.343271085260000187e-16 6.473711254619999940e-40 1.679412964580000011e-46 5.479656430709999955e-11 3.727767296060000318e-27
5.631888175579999933e-09 8.076558799690000114e-13 5.380426776540000231e-14 4.162258917080000065e-01 4.844417440790000062e-26 5.837741026589999827e-01 7.531074857449999619e-39 4.183396655629999837e-26 8.664224166060000068e-46 2.697586790579999864e-49
3.053779087570000205e-50 4.917275783639999834e-80 1.675662854499999855e-17 2.920049383480000166e-27 1.001506678849999990e-48 2.276844310379999884e-09 4.030387635530000012e-01 6.832570340400000337e-04 5.962779771289999919e-01 7.290606868719999941e-12
3.846707433869999955e-16 1.400792607479999917e-26 1.697061023780000108e-21 5.364526898670000099e-01 8.840388263000000315e-55 4.635171640199999832e-01 2.972213613590000016e-09 3.876959248040000131e-23 3.004269418400000129e-05 1.004467441790000024e-07
8.248189945079999637e-07 1.425796600250000093e-12 7.960534642949999851e-02 1.081919458880000012e-52 4.967093148739999964e-01 1.900348336229999891e-22 1.438367731300000039e-24 4.236714781029999877e-01 1.303577224620000068e-05 2.254245477170000080e-15
6.084364384639999865e-21 1.407331044360000116e-01 6.759393556449999476e-39 3.997069708210000178e-05 4.700101589089999976e-01 8.047805173000000845e-62 9.922272222670000530e-02 6.095819443899999727e-46 1.040178166459999908e-15 2.899940437319999953e-01
1.766589239609999950e-22 5.064260792470000274e-39 5.350079589200000171e-14 2.492278575329999905e-22 3.789531504150000021e-03 1.591644767860000132e-35 7.500962361139999757e-02 3.464893162189999765e-01 3.079239735259999833e-01 2.667875551380000099e-01
1.374413309680000020e-12 3.212573992530000089e-01 3.315387679779999810e-48 1.329731379720000049e-09 1.412195901169999949e-37 1.529905205959999903e-01 2.479512729609999883e-02 1.535041747059999917e-04 2.194639283119999791e-22 5.008034473489999527e-01
7.866323306749999694e-31 1.662868303579999957e-11 8.386339940849999676e-22 2.083939816179999964e-32 4.087253077510000099e-46 7.530126579550000532e-02 1.866453710470000055e-02 8.421471638759999836e-13 5.870415053790000171e-01 3.189926917029999864e-01
2.711323616709999744e-20 3.118675134399999811e-25 2.436500320090000116e-01 7.074448565090000196e-01 4.890511147900000050e-02 3.423001598020000194e-12 1.174826847119999960e-16 1.547080878120000028e-15 1.237360230460000065e-22 2.416128391360000021e-48
3.418749380549999776e-66 4.355557680639999730e-37 9.028054700469999986e-55 4.385794895659999670e-47 2.501626931850000212e-32 1.526307027210000070e-39 2.548466726349999933e-01 7.790087231980000515e-09 6.675930011159999869e-32 7.451533195749999727e-01
2.217624439839999961e-01 5.151440876580000161e-11 7.812106376659999552e-11 7.154212971439999347e-02 3.243938669899999738e-02 6.334987175290000205e-09 1.320755877939999977e-08 4.392370721139999823e-01 1.537292825009999889e-25 2.350189478159999956e-01
2.014575776690000044e-45 6.469681180129999985e-11 6.658169040419999619e-04 6.116138316899999359e-11 5.835627548809999565e-01 1.356972583069999958e-24 4.157714280889999725e-01 3.719849986119999990e-31 3.892610528710000130e-20 3.048199829529999708e-51
5.060370014229999772e-17 3.370911488130000021e-18 1.558254156799999940e-10 3.789510201390000055e-01 4.562584798140000009e-03 8.244470858909999449e-48 1.061075792599999958e-14 8.137115904339999357e-61 6.164863949069999682e-01 1.084451980789999958e-46
5.739101145380000135e-56 1.349005071149999975e-41 3.308960365899999899e-22 1.792623847429999838e-21 3.648586392449999744e-54 4.012191966470000093e-01 4.110604792029999843e-01 6.285393468370000014e-11 3.339198616209999837e-05 1.876869321000000090e-01
