4.329412234929999900e-144 5.485868437510000221e-20 1.509888502510000106e-38 3.729459112190000140e-20 1.190222873099999946e-22 6.382041355630000412e-01 3.241760256340000311e-27 2.479814528779999842e-46 7.664323867830000155e-78 3.617958644370000143e-01
3.559166999949999981e-14 4.960473263729999831e-26 2.643539470929999930e-12 5.703157760390000012e-12 1.978018440919999900e-51 2.141201287109999923e-43 1.128256842219999947e-17 3.848481072389999769e-50 9.999999999919999549e-01 1.201611992989999994e-54
5.659310371150000117e-19 2.753309960030000057e-16 5.988428036730000237e-01 3.997300375599999733e-01 4.126011487850000197e-23 7.146118920710000132e-33 2.231877890090000020e-17 1.520745743140000020e-41 1.427158766269999912e-03 2.153903923300000016e-17
2.932898269899999807e-20 1.249992489090000040e-02 2.752423661060000026e-01 1.238507213020000053e-01 2.248896465050000126e-02 3.489833043490000249e-04 7.534199253949999312e-21 4.853732640219999738e-12 4.465948337820000049e-11 5.655690396970000089e-01
2.154078490380000086e-28 8.977650079610000023e-15 1.000000000000000000e+00 6.743238631430000121e-19 1.156384316689999987e-22 1.129521311149999933e-30 9.763189886600000034e-23 2.024922487550000089e-28 2.690098608579999887e-13 1.902911871109999976e-38
2.046463067729999974e-01 2.969704329489999734e-26 4.809006921790000123e-08 5.905035711750000083e-07 3.479237909950000001e-10 1.483352248940000057e-38 4.297400058399999945e-01 3.067286632219999885e-09 9.193690897509999849e-02 2.736761364029999810e-01
6.201807075210000487e-08 1.323503610899999938e-24 1.489853802010000034e-50 2.952165664899999834e-04 5.241747649229999695e-01 2.885812944300000238e-01 2.011244146330000116e-24 4.141133752469999991e-21 4.018879331639999895e-29 1.869486620620000039e-01
3.320442414049999957e-01 2.350587255790000045e-05 4.269053183889999770e-01 8.276903833739999300e-03 2.324937045169999938e-01 7.552119630709999859e-11 5.880909554050000027e-30 6.141893266530000125e-23 2.563259070749999741e-04 4.105342688690000168e-28
1.464650979139999973e-43 4.109094697319999878e-01 5.096256034309999667e-19 2.444619507579999940e-50 1.273137090509999957e-31 2.723749677860000118e-16 1.825057466250000012e-10 5.890905299609999757e-01 5.992953455660000142e-37 1.240988445630000062e-10
2.430150009990000010e-21 5.043211806940000042e-01 4.023627919289999915e-04 4.432776687400000193e-01 1.839254717130000168e-21 4.979616225140000296e-02 2.198747200889999975e-03 1.252117483479999973e-29 3.878322196889999793e-06 1.707537015559999984e-24
4.734785662200000078e-01 2.815567562980000301e-17 4.034782340469999700e-12 2.931446704189999898e-61 8.990113659389999448e-20 2.917295750770000010e-41 2.121034134929999975e-39 5.265214337760000252e-01 8.272698750779999441e-18 8.186167265309999721e-71
2.667619418279999989e-24 1.653936584260000120e-01 4.128821769880000048e-01 3.696507296499999848e-32 1.155119781759999936e-01 2.591094302170000171e-12 7.655201247359999753e-33 3.062121864069999866e-01 3.881353401269999892e-30 1.036037773910000058e-14
3.610883632940000178e-14 3.738195972870000135e-09 4.501461337980000033e-01 7.629786584439999771e-15 1.707408068330000006e-29 3.750712022069999812e-22 2.885232566030000265e-20 1.774975438860000023e-33 5.498538624630000538e-01 5.077962719750000029e-67
9.736556103819999082e-16 4.746681423829999821e-06 2.020648442870000152e-14 1.479633178920000125e-01 2.890165559289999935e-31 3.537364918390000224e-01 3.104029269600000127e-02 2.967391785280000224e-22 4.672551508919999819e-01 1.449324840819999925e-16
1.096511345979999941e-01 1.050760098859999908e-24 5.670934472869999521e-01 1.130021248309999953e-11 3.204302600960000080e-01 9.971144288979999811e-29 2.101566139430000102e-06 5.473875248180000177e-08 2.823001702670000206e-03 1.344273674299999990e-19
1.390108741730000071e-63 1.326074429419999939e-20 1.735020517639999982e-35 3.836606176459999832e-32 2.370811261460000177e-56 4.297133908069999971e-27 9.983283466169999842e-01 2.867838445470000181e-24 1.047036951410000054e-36 1.671653382970000054e-03
5.848427165909999774e-60 1.078975502490000022e-35 2.544316346230000034e-18 2.844051815879999889e-01 7.155948184110000332e-01 9.622080524560000935e-13 8.366487908140000549e-51 5.473772456329999737e-64 1.302472655489999951e-39 8.618818030060000470e-18
6.249686182909999540e-14 8.913569411510000040e-02 2.364150698019999997e-01 5.242178774489999592e-04 2.039432008830000031e-18 5.189626849949999926e-02 5.097544291419999762e-01 1.240159001990000041e-21 1.122743205650000020e-01 1.366891083169999899e-34
1.132023718579999954e-32 1.862350173820000101e-22 1.000000000000000000e+00 3.020133110679999988e-52 4.950851672420000165e-46 2.486353927530000046e-54 2.329203269219999975e-38 1.524862289059999991e-31 2.572884100310000154e-13 2.024213160669999948e-132
1.271885682960000041e-01 3.795397970739999859e-12 8.633214277749999555e-02 7.960944450729999511e-02 3.834958693700000198e-01 4.277501638169999758e-07 2.378661797470000206e-25 2.235488317070000061e-18 3.233735472950000078e-01 2.081851420669999934e-34
1.384041071860000073e-18 1.553091351599999928e-20 3.819160691469999924e-01 6.171393512220000321e-01 4.571457477479999933e-22 8.665335221979999327e-37 2.333708216499999993e-07 1.627006978650000042e-39 9.443462596340000507e-04 2.611462015789999853e-14
1.074363531910000058e-01 1.003897261870000077e-24 3.123010283569999812e-09 5.908229327460000346e-02 2.047002426669999875e-02 2.324762912600000246e-13 2.575899422140000006e-01 1.184805937149999954e-05 1.704356675650000041e-01 3.849738683060000000e-01
4.812019574990000215e-01 9.917001132079999768e-17 1.827670070499999906e-25 3.731822635549999813e-13 5.939858083530000221e-02 1.581121895079999976e-10 4.130132065419999823e-06 3.058778140200000273e-01 1.866008278359999889e-17 1.535175173549999939e-01
7.616471488859999348e-18 7.120078235860000104e-01 4.653025110020000169e-22 7.216284496599999872e-41 8.244249501069999786e-15 1.552539493499999914e-06 3.133363081990000213e-29 2.879906238739999846e-01 5.015617720149999869e-36 6.766560210980000106e-19
2.144136206980000038e-13 4.963659787969999619e-04 7.733931383860000300e-23 7.849761447029999593e-38 3.097897795450000019e-32 3.784738556249999707e-08 5.798392353169999902e-01 4.196643608569999850e-01 2.719289724109999861e-17 6.188636440149999875e-31
1.717308995500000102e-01 5.724807746169999710e-13 1.042083857210000034e-20 3.649952212540000240e-01 7.242190150259999602e-17 3.829758201519999736e-14 2.378234715839999958e-01 7.592760718440000410e-19 4.863361072739999860e-04 2.249640715039999961e-01
1.080268227689999971e-01 5.809979817770000345e-27 1.145090176359999934e-01 7.550241344669999873e-06 3.671016739629999748e-01 3.021244657470000159e-26 1.238975152460000014e-20 4.398965044379999916e-09 4.103549309289999947e-01 6.340871539509999431e-11
3.417295408900000164e-01 1.703088163669999900e-34 8.986745246090000542e-20 2.732909515549999970e-19 1.093186820690000005e-01 1.576976915740000064e-30 7.229249536719999809e-25 3.197115141010000161e-01 2.969763474569999935e-15 2.292402629399999947e-01
2.167926481979999900e-16 8.477907191680000287e-55 5.270947135910000341e-27 4.228492169159999895e-13 5.634734328619999880e-66 9.032566373119999638e-56 1.101339699529999913e-12 1.195682804000000017e-75 9.999999999980000442e-01 5.422180539319999792e-80
4.267988534809999799e-13 6.319031703120000212e-44 1.604429250120000023e-24 2.809125169450000237e-01 9.470869393310000281e-51 7.943386988589999936e-44 5.326337466720000347e-06 9.273457865200000107e-73 7.190821567170000428e-01 2.058435623630000086e-42
7.157202328029999695e-56 4.221544199080000115e-01 5.778455799289999861e-01 7.802684094859999721e-28 1.431113808439999983e-20 1.631118281159999977e-10 4.513455630420000112e-32 7.655502716279999553e-25 4.281713450419999756e-30 2.873289215949999881e-37
5.247387931620000490e-13 7.173355384479999834e-20 2.477852852420000106e-51 4.737899122160000255e-28 8.423117649960000508e-02 4.774700315220000157e-01 8.280052401509999791e-26 9.160037620449999751e-02 1.702984564919999956e-46 3.466984157740000128e-01
1.676064742509999993e-15 2.088936900900000074e-26 2.629922110980000143e-11 4.187074374120000053e-01 1.168845118479999940e-27 9.687122452869999796e-21 2.317020411829999977e-25 6.418889475159999765e-48 5.812925625620000147e-01 7.116802041610000415e-44
5.418446918469999723e-42 5.108015687160000180e-23 1.741985046399999903e-52 1.745457748729999925e-01 2.403418984930000101e-52 5.311755181599999709e-01 2.942787066909999805e-01 4.357777539970000353e-55 1.749468117120000069e-19 2.758819814959999919e-10
1.041938209840000052e-37 1.078520179460000007e-20 3.908258953770000138e-56 7.333178675869999908e-20 1.899106226540000087e-11 6.361223799920000532e-01 5.579270408050000393e-26 1.789951916799999951e-23 1.309711455860000038e-54 3.638776199889999785e-01
1.108377213010000032e-22 7.735274805899999882e-07 6.012831608519999538e-01 3.987158985150000001e-01 3.410685690590000211e-17 2.524395739479999914e-08 2.534258463029999931e-32 7.143615608760000490e-51 1.418613724100000000e-07 9.258222464960000630e-53
9.262721395119999886e-42 1.410723621230000072e-16 5.995039329019999919e-01 4.004464889129999983e-01 4.957818464620000092e-05 2.946931713920000242e-13 5.528178696639999721e-24 3.605503712779999808e-47 6.426913867499999871e-20 7.236780899420000407e-20
3.840511261530000231e-18 2.785382158930000018e-23 4.858420855380000125e-01 4.680141610379999761e-01 3.019209115229999923e-19 3.485823247550000161e-31 2.426612781069999932e-10 4.594613394820000473e-41 4.614375318080000260e-02 2.017165918019999893e-22
7.135286669639999690e-01 5.046761538299999664e-22 7.502395190119999502e-02 2.624052172749999904e-74 9.577677760659999456e-09 1.111354627379999993e-50 1.066698814049999993e-72 2.114473715569999968e-01 2.168544234049999891e-22 1.499577884340000026e-102
2.212295009880000049e-22 4.309289835329999854e-06 1.362358499480000093e-35 6.470804618900000499e-33 9.195067042779999885e-05 7.589558321329999968e-01 3.364138054620000069e-37 5.581210990260000032e-02 9.863964722179999347e-52 1.851357980040000129e-01
2.834599224270000217e-01 5.864857087110000311e-01 5.196359469540000331e-02 2.624924168680000119e-21 6.460835210889999403e-02 1.652900489390000063e-10 4.634251566260000171e-30 1.348242185670000051e-02 3.582705507290000269e-11 1.582118399310000037e-31
1.011245550649999916e-15 4.674476855870000197e-02 6.962034499500000323e-10 8.293780270159999748e-45 3.519971275059999859e-90 6.387431517039999814e-29 2.468240285190000105e-01 2.685676617040000165e-13 7.064312022259999768e-01 2.650445914490000013e-75
4.325217016199999764e-01 6.437138702449999882e-31 2.936922442580000198e-34 4.097867181720000370e-09 5.414755728140000166e-31 2.722920893149999811e-31 5.674764934520000192e-01 4.369262657690000197e-23 1.779655251770000033e-06 2.117486377840000037e-08
3.119302705040000305e-14 3.274815130369999827e-14 6.892808406810000583e-49 1.030482143700000062e-27 5.562793041009999890e-08 3.936887351469999796e-01 1.401499060180000031e-24 5.176831622440000169e-01 4.477327285969999748e-39 8.862804698039999929e-02
4.919348251030000073e-18 1.845344103140000131e-04 1.771656013560000020e-28 7.540821010560000295e-25 3.999942324070000180e-20 6.452241023410000276e-01 3.001656171859999827e-09 3.545913593280000109e-01 7.432386880870000316e-23 9.188961557700000319e-10
4.831577601179999903e-01 7.920302631670000180e-11 5.989101164349999934e-15 6.182787543879999766e-04 9.374990406479999683e-12 3.832499321810000081e-01 1.607259943929999907e-03 1.590934473770000022e-03 1.297747689200000054e-01 1.065519503020000061e-06
2.994105006689999988e-18 2.476658753589999979e-07 2.926050694299999815e-11 4.298891692419999910e-01 3.340698604820000024e-37 4.355378725669999946e-07 4.856606167310000277e-01 2.989748636240000206e-34 8.444953079399999951e-02 1.141161993230000105e-25
1.597169672029999963e-15 3.696622580589999929e-01 3.524243655430000141e-29 8.311917326160000202e-37 2.602158565680000161e-04 7.788114443690000166e-02 4.308906858739999961e-38 5.521950615770000459e-01 9.913798008110000427e-46 1.320070777639999937e-06
3.021920613070000005e-66 1.531134476949999963e-19 6.754956544110000127e-01 3.772318488609999881e-02 2.757333084670000045e-01 1.104785223569999981e-02 1.340549955640000011e-64 9.177141545660000344e-61 2.986667498290000085e-30 4.310897064459999712e-42
5.801378962050000017e-16 1.791240570730000072e-05 1.966911806210000069e-09 1.285245475009999960e-07 3.724247599909999984e-01 6.275571971119999759e-01 7.865141083649999652e-35 7.048792104780000087e-19 8.053218643310000087e-19 9.517160086530000138e-18
2.029365550890000044e-68 6.212027855439999913e-01 5.552332765450000362e-17 2.016241125730000064e-19 2.860152549899999921e-25 4.602348139649999753e-02 1.371737861769999900e-01 2.976937209229999833e-19 1.895559700200000044e-38 1.955999468819999976e-01
6.936812217819999719e-44 3.111204365849999931e-01 1.059868363529999967e-19 5.078396333980000255e-20 3.114975591119999928e-24 2.341363385020000035e-02 3.050807647589999905e-17 5.523744850859999608e-16 1.436070639870000087e-31 6.654659295649999473e-01
2.635174551060000094e-29 7.217097910479999996e-03 5.520936286140000204e-01 5.375079195749999868e-08 7.017891676439999526e-08 4.406891490729999972e-01 3.904204983959999979e-10 4.370915014969999748e-11 2.221453310660000022e-12 3.613488990020000087e-11
4.556859446659999702e-36 3.575374287079999824e-01 2.171180462230000006e-16 3.832847833980000242e-42 7.730711297299999628e-58 2.451131049380000155e-06 6.424601201599999811e-01 5.592992932390000344e-13 1.383558650360000115e-16 4.895287760950000235e-64
9.963082333280000514e-17 1.224494458739999978e-08 2.278563974350000030e-13 9.298299497940000317e-05 2.016329919649999917e-32 3.877441092619999807e-01 1.903156328380000090e-03 2.168472092279999967e-22 6.102597391690000039e-01 4.300464040049999869e-28
2.619231995620000171e-38 1.889665513439999982e-06 2.538785164739999907e-28 1.546044946459999945e-04 1.131837909970000055e-45 3.036404136049999924e-01 6.962030922349999873e-01 9.512050981610000122e-42 1.274023711259999911e-16 3.662772702220000037e-14
2.268316201779999874e-01 3.082324495729999990e-15 2.581153694600000215e-01 2.561449561670000041e-01 2.566036235829999845e-01 3.230891954459999792e-11 1.025077619470000018e-22 9.575788025560000090e-27 2.304430579020000022e-03 1.918483748290000114e-36
4.542701018889999665e-02 2.093412769680000082e-31 8.003161864169999642e-18 1.648489866800000077e-23 3.486779481949999759e-01 6.523302178470000546e-30 5.399600325970000115e-10 6.058929347270000099e-01 2.885926628839999715e-17 2.106349556559999993e-06
6.041858935830000318e-16 6.039695567800000071e-17 4.882788615629999884e-01 2.597475992630000063e-01 1.343670214350000053e-11 1.405514497990000000e-02 4.088277624509999782e-33 2.619233719869999804e-40 2.379183941799999924e-01 2.632658932779999982e-73
1.185962033000000058e-23 3.627161860020000073e-01 2.833805642619999787e-01 2.121714903420000020e-01 7.171724780689999963e-24 1.883420487810000015e-12 3.600560096409999994e-02 7.470423303269999720e-23 3.610604674940000162e-05 1.056900523810000020e-01
1.181879009030000066e-01 1.212076819650000033e-17 7.686424339109999533e-14 2.334533681929999944e-17 3.504861945709999982e-01 2.280525980310000136e-20 1.340968665679999937e-29 1.810621472189999914e-01 3.669800523909999824e-15 3.502637573069999899e-01
8.276088726679999599e-10 4.854077397999999693e-21 1.516112048769999998e-01 3.447974694770000043e-02 6.560670292710000240e-01 7.548593147610000227e-16 1.906119328330000088e-06 1.447888003609999875e-13 1.578401119570000122e-01 8.687538766760000332e-16
4.689208092379999817e-32 2.883256092720000163e-01 4.023336303910000235e-20 6.831708341770000320e-28 1.304417880569999914e-46 6.297002723069999863e-01 8.197411841500000518e-02 5.855935933959999652e-12 1.147688832159999975e-14 1.158748076439999998e-33
1.101455172710000029e-33 4.068434564899999829e-04 6.206969641870000443e-01 9.791765917219999800e-20 1.298082017420000115e-13 3.788961538649999738e-01 4.244936513360000347e-12 3.848661546190000207e-08 8.411959287870000429e-14 9.179787388910000333e-27
5.068921386580000198e-17 9.733091403009999948e-35 2.194371415209999910e-11 3.135986534899999904e-40 3.658360110259999809e-84 2.223861261409999900e-69 3.318043173019999836e-29 8.686335587539999349e-52 9.999999999780000426e-01 1.356191434100000009e-168
3.740824328160000101e-01 3.908918613469999914e-01 7.106673416190000061e-10 1.670266352099999962e-01 3.410029002440000124e-15 4.121662830370000209e-07 3.423355709239999767e-07 5.372287651410000015e-13 1.990902352499999799e-03 6.600741306169999323e-02
3.307194444279999979e-01 5.384199450359999973e-13 1.521163167959999941e-09 4.800456035729999996e-06 1.110731089169999936e-01 5.320356038529999720e-01 1.811986999960000025e-02 4.238078826060000075e-03 3.809091998239999902e-03 4.631552057969999695e-16
1.199024536910000023e-17 6.673496769650000043e-05 2.693409186880000066e-08 2.623209566620000044e-01 3.258390932890000094e-29 4.913998257589999863e-01 1.444784981329999994e-11 1.613956811930000123e-30 2.462124556630000127e-01 1.304388898130000017e-27
3.164302261299999919e-01 1.696258223639999901e-34 1.289179816559999932e-18 2.755523226330000126e-16 3.634246158040000086e-06 3.328286185729999822e-51 1.311645059869999934e-21 1.995392520770000156e-14 2.018116071590000097e-16 6.835661396240000354e-01
6.531169606800000409e-50 8.457547294469999665e-19 3.788835223419999867e-05 7.438742133560000136e-01 1.705204099259999967e-02 2.390358572999999875e-01 2.050751511819999819e-52 7.739814749419999879e-69 4.043205896480000228e-26 6.603398358769999459e-57
1.329586921419999950e-95 1.409518764460000068e-20 1.302222930109999975e-54 4.750949068100000165e-63 2.822296437530000257e-01 4.734074492789999786e-04 1.252510155589999982e-65 4.450885303889999739e-12 6.803428978310000213e-180 7.172969487929999888e-01
3.516220665079999863e-01 2.386185869299999934e-11 5.316163949969999747e-01 2.125716960050000099e-17 1.167615384710000009e-01 5.171113304730000278e-20 7.700654577979999643e-51 5.566269150459999897e-21 4.044255734150000145e-13 8.702696454790000405e-52
1.445651076530000100e-17 1.879593223300000068e-06 4.707797169899999856e-01 2.833651956469999954e-30 3.579096918019999713e-49 6.056608735160000327e-31 3.952358493540000239e-01 4.039295433059999798e-10 1.339825536579999921e-01 1.965335012659999870e-34
4.734785662139999740e-01 1.242444106860000061e-17 1.502282328639999870e-11 6.247070681920000193e-61 7.841573995969999791e-20 1.623287678539999938e-42 3.938019814639999715e-40 5.265214337710000247e-01 1.216637935480000019e-17 1.341096526800000114e-69
1.834105395229999998e-57 5.814938824209999746e-01 7.035753226569999785e-10 3.788376980680000104e-22 1.424050024730000021e-22 8.230717555640000571e-02 3.361971227559999997e-01 5.092686810379999865e-13 5.955414918209999805e-32 1.818562358659999897e-06
2.392136704700000005e-01 8.410895342449999611e-04 1.111068486820000062e-01 8.169376129909999629e-14 2.459184479599999901e-08 2.173196680540000019e-04 3.522404595840000208e-01 2.313191114550000038e-01 6.506147601469999819e-02 2.807854429490000129e-30
6.866543278509999850e-22 5.427226598719999684e-01 7.905214798909999951e-02 2.317194875649999849e-24 3.743561723869999747e-01 1.725441507640000105e-14 4.057295947229999820e-29 3.868596697060000186e-03 6.751309126970000186e-26 4.230549892909999808e-07
2.470785484490000132e-40 1.419164010509999981e-17 2.668076199959999833e-44 2.576660264580000043e-76 1.739938766929999889e-26 1.362947679329999964e-34 1.413026476820000076e-33 9.998886923909999780e-01 2.309301490969999834e-71 1.113076090569999939e-04
2.156414706849999923e-16 8.148148299130000081e-09 4.748742626579999793e-01 1.962976071359999947e-49 4.524056372559999643e-22 1.023003427889999948e-32 4.059285713889999965e-23 5.251257291940000238e-01 5.207556423770000199e-16 2.015851175529999866e-45
1.040861094289999998e-18 4.341427295130000007e-25 2.906242140940000115e-24 3.265209154160000254e-35 4.864969776329999829e-01 1.352528917799999947e-23 5.454212097460000408e-37 5.130615560439999445e-01 5.539488515000000335e-40 4.414663230909999765e-04
3.281472580009999751e-01 2.963214469340000012e-06 7.430071592619999870e-14 1.812584666009999946e-35 1.203473090980000046e-48 3.599576908590000168e-28 1.409979214319999896e-01 1.613360544580000056e-01 3.695158028950000229e-01 5.302506602080000345e-37
8.993095229489999555e-28 1.106318757640000051e-17 4.683815317750000058e-07 3.578072330320000161e-01 1.955754044979999934e-13 6.421922981950000109e-01 7.953835252419999584e-25 4.614698361930000418e-47 3.920404807699999853e-10 1.473827090019999964e-50
3.439815995180000030e-01 1.522309972039999907e-15 4.707696578749999717e-22 1.410927398599999911e-21 2.594139309469999932e-01 3.470047647409999907e-05 4.691338399079999985e-29 3.965697690580000101e-01 1.097836243800000012e-17 2.733461063550000155e-25
2.935493847819999924e-14 4.784955594419999948e-26 3.424651707920000037e-12 4.271758597879999871e-12 1.334035923850000052e-50 4.299647356619999935e-44 1.338994553680000073e-17 1.255410779550000019e-50 9.999999999919999549e-01 3.910183343710000154e-55
4.402757491050000312e-09 4.202181772749999917e-20 5.164997711419999638e-01 2.479766177359999963e-13 4.835001653609999894e-01 2.276403365290000054e-21 8.942994629440000550e-25 5.780930168709999783e-09 5.331325345959999803e-08 5.053394116290000156e-21
1.332004231289999998e-14 3.275793301769999779e-26 9.859720089790000540e-11 4.187074374809999777e-01 3.571156313260000139e-28 4.201328176719999662e-21 1.837284117059999998e-24 1.126034630979999937e-47 5.812925624210000253e-01 2.669251042309999873e-45
3.057913140790000095e-01 1.328111210620000102e-04 4.991124544819999787e-02 1.063998418879999921e-11 7.433665720530000139e-03 4.882262559130000068e-01 1.443813541889999970e-17 1.331771918770000007e-01 1.532751582979999944e-02 1.085483618600000037e-32
2.647667189949999867e-14 4.513594876440000236e-01 1.759521524969999925e-25 6.931157464310000068e-19 8.876811053219999838e-15 1.839851901089999964e-01 3.375032453509999725e-02 2.720825984009999851e-03 1.634144741970000077e-24 3.281841717280000181e-01
2.321974225250000139e-09 1.266477162870000049e-03 1.100555801630000033e-03 2.271445850209999879e-14 3.579301238640000271e-01 6.397028400690000227e-01 1.490837125760000017e-33 7.800661759009999646e-10 1.518469538989999899e-13 4.191027926340000292e-30
1.832222846880000033e-01 1.060852199529999963e-02 9.634873153889999652e-10 3.245582446940000199e-01 9.427991894799999382e-05 2.737451240300000088e-01 3.566814119889999799e-17 5.565895404299999900e-08 3.614553153260000131e-08 2.077714519059999931e-01
2.965823147800000044e-63 1.827972831060000109e-19 6.744576640739999851e-01 3.411020333180000280e-02 2.745436657190000185e-01 1.688846687500000082e-02 1.238656623099999970e-64 6.864526721889999886e-61 1.332205790740000131e-29 1.195230792220000118e-41
3.223967601620000183e-14 4.742037181989999576e-22 3.657208933269999815e-38 7.384179074430000137e-42 2.358761854569999866e-29 2.042503042210000127e-33 1.026264549699999956e-06 3.997762553420000087e-01 7.898783048449999566e-30 6.002227183930000098e-01
1.623734311759999919e-03 3.257207232089999799e-22 3.193871300259999990e-01 1.734419231909999954e-59 5.285702722180000146e-01 1.406550074359999980e-60 5.829773985480000436e-69 1.504188634430000115e-01 1.127322093239999935e-27 1.327185027839999965e-42
4.505694963110000181e-19 2.490699001109999977e-01 4.282320599419999763e-01 4.874213860909999696e-02 4.226852025369999897e-23 4.626952846850000079e-10 1.752379463900000101e-01 9.938776059739999167e-19 9.807078356949999742e-02 6.471709156569999555e-04
7.058078066469999749e-19 2.216529067069999970e-01 4.581866543099999967e-01 5.731256556730000146e-02 3.467903117720000017e-24 3.844860689289999933e-10 2.071968171280000048e-01 1.899805518000000063e-19 5.555891634920000210e-02 9.213955462910000498e-05
9.446890685239999613e-03 9.438011637259999782e-36 3.705344343320000208e-54 5.216888602049999707e-53 1.653185635760000089e-59 2.385576590309999872e-70 1.056239018179999933e-01 7.815804934679999594e-01 5.620085606650000007e-18 1.033487140279999994e-01
4.167369610699999694e-18 1.204058260499999944e-27 4.262556670809999934e-27 4.300052814009999724e-01 1.011161204769999971e-35 7.015564268660000224e-06 4.859767856180000067e-01 4.274076491110000090e-40 8.401091741600000273e-02 1.260145405130000028e-28
6.310007083930000336e-52 3.381788959370000078e-21 1.956663693760000083e-22 4.635676012070000240e-01 3.151485753129999933e-15 5.364323987929999760e-01 2.781738867699999990e-31 2.236313183880000137e-65 3.891949076579999888e-29 1.098338870790000073e-30
3.969139378470000032e-29 2.947189905549999922e-07 5.290370139910000047e-02 3.666655641909999930e-01 8.711036873610000133e-19 3.013268674079999878e-14 4.231081768400000165e-01 4.994377855429999857e-27 4.475630762760000048e-09 1.573222583760000015e-01
2.866423927130000089e-44 1.505654083240000119e-16 3.244386122860000166e-01 3.996823997799999785e-03 6.715645601719999469e-01 3.544558197999999965e-09 2.024455751579999830e-52 1.165770369790000012e-46 8.788528538289999585e-27 1.465394285690000084e-26
5.748960863979999821e-74 2.413001117750000053e-25 1.912055529499999946e-45 1.936711295959999953e-08 2.282696959020000116e-48 2.809580202859999739e-04 6.368288894379999787e-01 1.175019961439999896e-44 8.469660014479999645e-32 3.628901331739999847e-01
3.193490924290000033e-01 2.099381916809999924e-04 5.459905092089999828e-02 1.281098251089999999e-13 5.562915122079999629e-03 4.941908237489999745e-01 5.598564248349999475e-17 1.257134745540000043e-01 3.747050326479999969e-04 9.593796903860000677e-33
6.621561018579999561e-16 3.042574043459999987e-05 3.507096501579999899e-11 1.437609147979999984e-08 3.699667421849999749e-01 6.300028176630000365e-01 6.677845884519999513e-35 1.918388284529999988e-16 1.307407886230000082e-19 1.218412053129999936e-16
9.091418807980000060e-17 9.238961809829999472e-57 7.306305809230000649e-27 5.056598320609999586e-01 1.638131662299999937e-39 8.997263023829999836e-31 4.713329265100000121e-17 1.112333704389999975e-72 4.943401679389999859e-01 1.031986233779999980e-58
6.637028096089999840e-73 1.835523532620000022e-06 3.165321335120000148e-26 1.208597384600000041e-09 5.188620499670000188e-45 2.410200377930000050e-04 6.367270098430000136e-01 3.343362729530000129e-41 3.281804183490000195e-31 3.630301333870000202e-01
1.018267375489999987e-01 4.213881988739999804e-27 3.646751788129999844e-105 1.584770213070000114e-02 5.746081814369999882e-30 5.906953088789999862e-02 1.569689132170000049e-05 1.344369403809999915e-30 1.070883787430000013e-17 8.232403325410000416e-01
1.237767811499999998e-57 5.817845819610000246e-01 4.804167352139999737e-09 5.477996409719999665e-22 1.247898702769999966e-21 8.194675290229999631e-02 3.362660757379999921e-01 2.022951968239999889e-13 2.360410014640000186e-31 2.584594751289999848e-06
4.402630742040000017e-02 7.836730595139999653e-28 2.225600895389999866e-16 8.827852774559999474e-23 3.604706240489999880e-01 3.835107010880000374e-37 8.253978892929999968e-13 4.986409402329999851e-01 1.907716565550000083e-18 9.686212829649999689e-02
3.516220666439999754e-01 2.183275175969999893e-11 5.316163954250000545e-01 4.523049218969999868e-17 1.167615379070000015e-01 1.911083447169999958e-19 9.075189105139999548e-51 1.924385456250000069e-21 2.177245136139999818e-12 2.998658729910000184e-51
4.019926592520000064e-01 5.178798943229999674e-01 1.239132534319999958e-02 2.384261844629999869e-17 2.043543841770000039e-14 3.918094433909999847e-14 7.836060414139999979e-09 5.606674686000000241e-02 1.166936638540000057e-02 7.073550730339999999e-26
2.492433824759999947e-17 1.434788039320000120e-13 4.870032201619999834e-01 4.659404495119999767e-01 9.848259699740000386e-17 1.706517474749999950e-10 7.956013752379999731e-22 3.258516787759999766e-50 4.705633015610000136e-02 2.044616218650000002e-67
6.786164546830000255e-01 2.096619049269999888e-101 7.968439763039999515e-59 1.909903812859999883e-01 1.303930342329999992e-01 8.162130140809999957e-35 1.899613721859999960e-38 3.120090774910000231e-41 6.588610916749999620e-20 1.297987434659999973e-07
1.149776001800000016e-17 1.081323379589999995e-22 1.907428539430000014e-01 5.976543002790000308e-02 9.981084542220000516e-17 4.618775459889999782e-32 7.110731204789999538e-01 1.051548771750000050e-24 3.841118957129999872e-02 7.405979190189999668e-06
4.618776754339999902e-01 5.919307721260000486e-29 2.064064367879999939e-26 4.708342093720000199e-19 9.954785562009999569e-37 1.300971612069999992e-33 5.285779729709999541e-01 8.269607767889999514e-16 9.544351594850000384e-03 2.548538513040000162e-24
3.020594809689999827e-01 1.088167592890000019e-08 2.689889309079999941e-14 2.860754266009999935e-01 2.654650368639999912e-10 1.886752515470000048e-05 3.261357511060000158e-01 1.164271105870000051e-12 3.147608440129999810e-04 8.539570180689999568e-02
6.717919780849999608e-04 7.752411252049999646e-03 4.812592669569999981e-01 1.725447884229999881e-08 1.086283627370000050e-12 6.414311233260000140e-21 4.736134903809999969e-07 1.977284377720000111e-06 2.064438226069999997e-03 5.082496234340000418e-01
1.855294337689999962e-01 6.505947889049999988e-01 1.186408694380000048e-04 3.552777425709999817e-13 1.637568127210000113e-01 5.774324925640000279e-08 6.003920429269999977e-25 2.659887125609999807e-07 3.619196957780000019e-12 2.760135779480000138e-15
4.831384669629999879e-17 2.343450608030000007e-12 8.591780683400000054e-07 1.266178894840000024e-04 6.963657043619999783e-19 6.293816608379999566e-01 2.881261710440000210e-03 2.196002183569999990e-22 3.676096003820000235e-01 4.453632215000000170e-41
1.088532637389999948e-52 3.647254894770000089e-01 1.369581304750000060e-07 2.095699600969999925e-44 1.242302447849999921e-31 2.277299332319999852e-08 6.321565912419999655e-01 3.117759550340000029e-03 1.219560427400000017e-28 9.769956223689999858e-25
1.203155471429999993e-21 8.248278672609999865e-14 5.846508728060000326e-01 3.128657174010000085e-20 4.153491271940000229e-01 1.632632108400000097e-28 1.624879413179999911e-47 2.884012827760000160e-20 6.604714028380000225e-25 5.323340989310000321e-21
4.847769801899999842e-01 4.058540176580000065e-58 1.315493632239999896e-63 1.757792373849999943e-07 7.997317952549999560e-17 4.957700497749999757e-29 3.036402096980000204e-13 4.404905244540000333e-25 1.415210240099999934e-17 5.152228440299999601e-01
5.406763540730000251e-30 2.278943235050000070e-06 5.531066338919999881e-01 2.408773130939999902e-20 1.442412906760000051e-20 3.904441691899999946e-10 4.468910867520000108e-01 1.946211795370000100e-11 2.508374454609999821e-12 8.118659261580000028e-28
1.560425982710000028e-16 3.465271573539999720e-05 4.701289984459999793e-01 2.959725246059999900e-34 5.496986463069999583e-54 2.550093428439999854e-33 3.948627307259999775e-01 2.038428507890000130e-09 1.349736160739999913e-01 2.691936081730000118e-40
1.300697845490000120e-16 3.806366823269999746e-08 7.711749776419999300e-15 4.038079592949999811e-05 2.817555335059999897e-34 3.890367785689999858e-01 1.351340608710000077e-03 2.393573396239999972e-23 6.095714619630000497e-01 1.769376347270000002e-28
3.164311207470000276e-01 5.062039821860000250e-34 1.150459902140000054e-19 1.997479248329999908e-16 1.691279185210000004e-06 2.232795831029999867e-51 6.048138759740000350e-22 1.028926639530000056e-14 8.296888395079999422e-17 6.835671879739999568e-01
2.003462632209999927e-01 1.365985841609999941e-39 2.785828898279999954e-06 2.186303801470000086e-01 3.877665044040000120e-01 1.665288192909999973e-28 2.513448602389999878e-08 3.040665447989999788e-13 1.931939145980000050e-01 6.012666582449999967e-05
5.337408878410000446e-01 4.178060539379999757e-12 1.484569394720000081e-02 4.354291165779999861e-01 5.605913266410000179e-10 2.366171440039999927e-23 3.146545160330000015e-26 2.332961995899999986e-27 1.598430106860000005e-02 2.961047416949999825e-20
1.711228127299999902e-01 6.520779404009999556e-27 1.725073063229999870e-01 4.232506438280000428e-03 3.308243473970000070e-01 1.749289371079999880e-23 2.183827230580000162e-19 1.471161312280000066e-10 3.213130262180000085e-01 7.458082032850000241e-10
3.729274434080000025e-20 1.019381405760000036e-41 1.438189511459999908e-17 9.977998655890000235e-01 5.097153637739999731e-32 4.397823930990000335e-24 2.200639561740000009e-27 2.187931105829999876e-74 2.200134410600000038e-03 1.143690586990000078e-67
1.200414278949999988e-17 7.696957153890000525e-12 4.007560962460000223e-42 2.212717463619999968e-10 1.236385857060000016e-35 3.400909903339999684e-08 5.601447248219999508e-01 1.493524204909999990e-23 4.107126882110000127e-19 4.398552409400000029e-01
7.284133539510000421e-01 9.562321861290000152e-37 4.975984739540000019e-08 3.474163436759999745e-29 1.533791562069999892e-01 4.591239170079999794e-75 2.423470967150000024e-34 1.029561331269999991e-01 1.059990875360000072e-17 1.525130695490000028e-02
1.700971341889999933e-01 1.282645287629999989e-07 1.697761976269999973e-01 8.387878721289999705e-13 2.605563491350000192e-16 1.261297408919999912e-27 1.525509688739999925e-01 2.322207322339999991e-01 1.518489671029999988e-01 1.235058717079999951e-01
3.974447284650000144e-25 3.338601972040000161e-32 1.011025815679999911e-37 5.602323255890000464e-01 2.019179224139999897e-44 1.018683630419999994e-13 4.397673738399999754e-01 2.301714659769999861e-47 3.005706537460000059e-07 1.418658891949999983e-20
2.033276213240000130e-57 9.999999998769999454e-01 1.467633363079999889e-19 2.963584315559999881e-48 9.533312331060000084e-64 1.228096789880000028e-10 1.770820561180000010e-25 1.056694379200000074e-30 1.722757862430000136e-32 1.130955560579999923e-70
4.941332648150000290e-27 6.296098215739999870e-34 4.606125442739999969e-23 5.379024960599999572e-01 4.620975038790000045e-01 6.149890363419999696e-11 7.025220065159999580e-50 4.157724401359999814e-56 7.032198260300000620e-27 4.327368505459999682e-31
8.222466277430000244e-49 2.283287163629999889e-14 3.247942729330000056e-01 3.424941237850000035e-03 6.717793397939999522e-01 1.446035472670000027e-06 2.740675653100000073e-52 1.269169785580000066e-48 2.058770465979999983e-25 8.414697765360000713e-27
3.022956564459999829e-01 7.714776256979999706e-30 2.566026003240000002e-32 2.863934883839999723e-01 1.244857243669999996e-11 7.231606414939999588e-07 3.265605410329999736e-01 8.672638536279999932e-12 3.960037709629999902e-06 8.474563091730000219e-02
1.274273776450000062e-01 2.478501749669999830e-03 1.822512936499999934e-23 3.494659367400000178e-11 2.866965597480000168e-18 6.234538601569999949e-01 4.050987908800000024e-05 1.095840382580000067e-03 1.299709776479999930e-08 2.455038971540000059e-01
1.668890771329999959e-16 7.882198454080000147e-08 3.720722160769999949e-10 4.298974360530000149e-01 4.045947558639999832e-36 4.496407078229999940e-07 4.856710142330000202e-01 4.220805110410000021e-34 8.443102087919999998e-02 4.071593687150000276e-26
1.415607691219999957e-28 6.239463174120000316e-03 5.524138006550000091e-01 7.924551242950000731e-09 4.581420254559999971e-09 4.413467234730000244e-01 1.560351319159999890e-11 1.655579016499999904e-10 1.031107242720000053e-11 4.914732172469999681e-13
4.734276687130000161e-01 2.938746761720000239e-16 4.818787111140000424e-13 2.143758064869999907e-66 7.070292637610000520e-24 1.899952971280000032e-40 1.273041434970000007e-37 5.265723312869999839e-01 1.104787410179999991e-18 1.546888080500000060e-71
5.096721850879999770e-19 3.544394141700000223e-01 5.709068656839999663e-15 1.341385616920000075e-56 5.917455624170000077e-117 2.369820653419999851e-30 6.418592760500000383e-01 3.134609044940000046e-12 3.701309777260000135e-03 8.028331976669999644e-85
2.542125166670000041e-22 5.078870105099999588e-01 5.177646323700000176e-05 4.446035151469999724e-01 1.293530518329999949e-18 4.718444756649999711e-02 2.725706312390000093e-04 1.130591213220000051e-30 6.796828118629999830e-07 7.681033158759999804e-26
5.211529176000000430e-01 1.396826088880000032e-03 2.908615962199999779e-13 6.007374783029999850e-24 1.087217003310000074e-37 2.090541398999999948e-22 3.471516530629999986e-01 4.315522929430000215e-04 1.298670509550000074e-01 1.237242958440000087e-19
4.995522323409999910e-01 3.708024599930000076e-27 2.070835569329999977e-12 4.145270833190000115e-01 1.996175849470000016e-08 5.468940460899999946e-21 1.253874049480000053e-25 8.156514062440000115e-24 8.592066437669999834e-02 1.352851499100000060e-20
6.438747757610000157e-17 2.474219286530000185e-09 3.114284549780000184e-14 5.179396616810000330e-05 7.848355463620000224e-33 3.878563851549999830e-01 1.711180238940000027e-03 9.415198985099999903e-23 6.103806381659999669e-01 2.999722649050000134e-27
4.617573234519999903e-01 6.888083368959999751e-51 1.618809925310000010e-18 4.788195259739999605e-10 5.205353434680000113e-01 2.190764341259999856e-54 1.922996860049999902e-29 1.054607751560000020e-22 4.553308567409999957e-17 1.770733260149999835e-02
4.828814571899999741e-01 5.341797043410000322e-10 5.551147283419999942e-15 5.702991962609999877e-04 5.711891630829999833e-11 3.832303420709999853e-01 1.490648547750000105e-03 1.619956795359999953e-03 1.302062397880000000e-01 1.055820585059999941e-06
1.786415932080000130e-35 2.718384738710000192e-01 3.299641899260000177e-01 2.159264869420000066e-01 1.118679619109999990e-07 1.048932436000000051e-01 1.028963563930000019e-02 3.228175599000000171e-21 1.952028331750000053e-16 6.708785815480000636e-02
6.948816211229999333e-05 1.663936154750000038e-18 4.240369976310000114e-53 1.424132531800000095e-18 2.345449131430000223e-10 3.176274002430000132e-01 1.668062440579999941e-04 2.927202049670000195e-01 1.893612025070000178e-24 3.894161001490000218e-01
6.659611282459999665e-06 2.902134354629999992e-10 7.276362437000000183e-02 1.057461168080000014e-01 2.947418157530000139e-10 1.494088202779999908e-22 1.122895950610000027e-01 1.463536154779999922e-15 1.599700307860000004e-01 5.492239727790000359e-01
4.985790759999999968e-16 8.628104290929999904e-33 9.144596705070000123e-51 1.788899766380000072e-43 1.127013074110000043e-26 1.154802666930000015e-29 1.024073327359999972e-17 5.997779780890000190e-01 3.141604586210000170e-33 4.002220219109999810e-01
5.219034782720000021e-17 2.887602423690000083e-12 4.714293101020000160e-05 3.974230284210000167e-47 3.992380802280000029e-01 2.002575631690000130e-29 7.142067745360000321e-53 6.007147768380000086e-01 1.626318924540000143e-36 5.551993718309999749e-23
1.047243841759999975e-17 5.317568181529999718e-12 1.817639458929999896e-01 8.093243614370000394e-01 9.869778631990000775e-22 5.947922570020000457e-14 1.559554538729999975e-40 9.288883617610000005e-48 8.911692664939999467e-03 3.104613168740000209e-47
2.256705404709999961e-14 1.730448212029999887e-39 9.638628290919999443e-64 5.834872802009999833e-64 8.685509654480000704e-53 1.403475838580000108e-66 1.952783239910000079e-01 2.945067618950000243e-01 5.580715160370000029e-34 5.102149141139999955e-01
1.980447074599999968e-01 3.095750378330000222e-29 1.262303697349999967e-55 8.984649761930000447e-46 3.708264538000000096e-47 1.695824589500000021e-36 7.525229543100000473e-01 4.943233822959999801e-02 3.394492716189999885e-20 4.885293978520000132e-15
4.197098614169999897e-22 1.037094402169999943e-22 2.332675097710000035e-33 1.825808644309999951e-01 3.532753270610000107e-01 4.367547390159999821e-01 7.331044700510000187e-25 3.231442367690000322e-30 5.878169954390000049e-31 2.738906949189999843e-02
3.511988634620000216e-01 1.378150497750000064e-24 1.170012213789999923e-12 1.219164124229999931e-22 6.488011365370000005e-01 2.706379714759999829e-22 1.489602835920000037e-71 7.662018335600000521e-23 3.553556604289999890e-17 1.247962463199999995e-60
2.188044469270000125e-08 7.904470149240000812e-03 4.822842273469999941e-01 2.707782536659999859e-08 5.595730598020000397e-13 4.738104525360000073e-21 4.726603146140000215e-07 4.479095724640000175e-07 1.206831973029999895e-03 5.086035010020000247e-01
