1.113915573850000033e-05 7.468010351689999842e-46 2.417500029679999999e-32 3.127107743129999839e-01 3.482408319279999831e-01 4.080341004219999864e-52 7.998095647939999680e-32 1.663353867400000075e-01 2.120002467860000118e-10 1.727018676510000128e-01
6.049911115180000469e-26 1.634497482539999916e-14 4.571460377959999932e-01 7.134127434039999782e-26 6.957011190729999813e-22 5.428539622039999513e-01 5.788665893300000211e-15 5.912725522610000018e-61 1.073222277270000049e-18 3.523261630490000142e-34
1.125913887330000085e-34 4.664158220360000363e-24 1.949013383729999993e-01 6.445691487470000172e-45 2.641664856970000197e-01 1.000586884199999980e-13 1.246685256090000025e-11 6.009960903889999738e-25 5.409321759180000244e-01 1.547051005450000028e-22
3.483324157160000012e-29 1.939497444280000129e-11 4.092254174949999657e-02 2.235302912129999839e-55 5.234544661190000392e-01 3.050746493160000141e-43 6.569310616069999609e-02 7.692912837260000580e-02 2.807084800779999956e-09 2.930007547719999939e-01
2.501842430139999955e-11 3.994665059269999950e-07 4.499754976249999983e-01 4.937132740120000107e-23 3.402912198389999784e-16 5.499942763239999977e-01 6.098602451969999611e-22 1.368438057559999959e-34 2.982655940499999919e-05 3.259501974430000183e-18
8.973955992300000295e-25 9.606235613359999993e-09 1.182436866870000040e-07 3.559768753049999954e-28 1.417592008850000063e-30 1.658271476280000047e-22 4.771875313019999787e-01 5.206926534579999766e-01 2.119687389939999868e-03 2.038685038169999970e-18
3.182962583870000175e-51 9.099664082040000223e-41 3.672593308599999772e-98 4.564817255540000174e-01 6.579586697389999798e-20 4.672248958259999804e-32 1.465411778919999998e-02 8.300439085800000480e-21 1.375582048829999910e-63 5.288641566570000396e-01
2.731458521090000140e-22 3.583753755660000206e-01 5.391588558850000229e-23 8.087821893359999428e-26 1.432995471379999905e-18 2.464433610550000042e-01 4.020543627589999945e-16 1.668803826230000074e-36 7.086551939849999516e-29 3.951812633790000029e-01
3.356968794240000054e-01 1.790451119120000101e-01 7.867659847499999799e-25 5.372510863959999855e-02 1.794275988690000045e-01 1.924681618389999929e-08 1.822408984670000114e-10 2.521052817269999746e-01 3.953239355659999951e-44 1.595351794470000002e-18
1.946413063359999918e-01 1.756389204850000108e-08 9.527028897190000424e-20 2.853886727250000144e-01 4.276641532699999853e-23 5.197426742689999907e-02 1.248169428270000100e-25 7.309388008670000438e-10 1.768565619069999983e-01 2.911391733099999990e-01
2.134657447720000045e-01 4.710646377020000219e-01 4.396730172420000394e-37 6.233891878779999896e-02 1.624115892780000060e-19 2.531306965460000113e-01 1.775419296910000164e-21 2.192603906819999987e-09 8.150171638290000075e-58 1.727209800190000079e-29
4.000134305650000018e-04 5.111578496940000216e-01 1.164780723969999929e-15 2.774848717429999850e-45 9.680560029199999731e-14 1.774740210599999994e-22 4.931404801530000228e-39 4.883242129690000266e-01 8.104775435039999913e-13 1.179239064210000005e-04
3.891272402059999725e-08 3.332596043330000035e-01 1.550286892849999884e-04 2.698130058769999931e-27 9.922781965539999551e-50 6.665853280650000379e-01 4.101735603470000126e-46 6.019341361799999779e-74 1.504223302379999906e-21 1.445753768950000029e-22
1.582251790140000100e-02 2.688494989690000066e-15 5.525143507480000382e-01 3.626352044460000035e-01 6.898567499619999432e-02 4.225190787310000024e-05 6.083242697199999874e-15 1.059575467280000011e-43 9.908243495369999730e-29 1.621805375030000040e-20
7.548108369050000232e-31 5.912278900899999856e-01 6.579183444839999539e-19 3.039997434630000101e-45 6.769217528069999604e-86 1.232099540779999968e-28 1.496076957950000029e-12 1.591856040349999844e-05 3.965540447390000223e-01 1.220214660870000065e-02
3.246979024689999882e-02 2.995776226809999994e-34 6.245793807790000172e-04 3.739132505850000232e-01 2.436796648160000078e-02 4.799572160779999879e-18 2.141595835399999962e-17 5.121325787689999798e-01 5.649183453599999905e-02 1.780477243400000131e-51
1.467101774409999944e-86 1.680961576359999986e-41 4.570891069420000268e-36 2.559423857139999923e-44 7.665108769850000055e-27 8.903861087350000587e-51 3.190054066860000259e-01 3.603924465550000026e-22 1.930533002899999928e-13 6.809945933140000296e-01
1.627586143749999992e-01 1.971653494210000024e-01 1.352746129129999953e-10 4.564713674290000189e-01 2.252584239839999915e-46 1.313717537449999861e-01 5.639911179259999406e-20 4.985848344720000044e-21 5.211609715409999677e-02 1.168177410319999935e-04
1.652935745180000079e-03 4.355670641719999736e-01 5.537847317109999556e-01 1.933987203480000114e-41 1.231188508029999951e-47 8.995264951749999335e-03 3.758456016219999781e-64 3.180503995519999973e-46 3.419402791859999794e-09 2.283637477980000165e-33
1.348104250879999919e-43 1.357366653230000003e-30 3.750670064089999980e-19 5.069220730699999788e-02 7.038337355450000129e-09 7.712930353470000000e-01 1.780133213929999958e-01 1.706125233710000171e-173 1.346605852379999940e-56 1.428914808200000069e-06
1.259833595100000026e-55 5.335977033199999783e-47 1.845428176799999987e-17 3.881032405369999980e-25 2.752450368580000080e-05 9.196928669669999422e-23 1.996160943549999955e-01 2.238207969389999974e-20 8.003563811420000285e-01 7.648414537359999418e-17
5.314826090970000268e-17 1.914436172250000007e-33 1.331647923959999925e-05 2.327890343329999945e-01 1.211863781379999977e-01 7.864870127249999804e-18 3.306896308310000032e-01 1.769720133470000043e-05 3.153039430169999879e-01 7.538041285470000501e-27
6.944402344930000042e-21 3.173613990759999726e-01 1.713549729689999973e-45 5.143532390659999454e-01 3.196343671389999820e-45 5.359393741489999752e-02 1.146914104820000030e-01 8.787276942490000269e-11 2.083516197090000201e-31 1.387382656180000026e-08
6.912416061020000280e-01 1.819592527860000084e-26 3.926341045730000061e-46 7.259464068339999653e-03 3.014945017649999781e-01 4.428065053830000147e-06 8.577895251379999580e-65 3.949563052020000097e-19 4.641901499660000365e-46 2.561952907969999783e-38
4.667515548680000181e-01 4.287001828660000121e-19 4.971220800509999946e-43 5.332484451300000261e-01 4.274178791220000217e-48 1.684567267939999944e-12 1.073080648210000087e-52 2.451937769580000191e-13 8.054374535609999999e-29 2.549403620439999872e-43
2.880651261269999969e-12 1.386440605839999981e-04 2.009878105630000106e-18 7.172257620030000350e-07 1.771298951220000138e-17 7.512857805310000297e-11 8.927914253799999755e-02 5.273393849609999684e-01 2.872623396540000071e-09 3.832421082640000143e-01
1.205665032310000074e-43 1.115871949470000069e-01 6.959633969649999807e-01 8.685203181779999600e-88 8.564674220220000338e-37 3.457262758440000176e-42 1.922028008699999957e-01 1.356593785419999969e-13 1.206573881200000099e-13 2.466072177279999959e-04
1.472612177999999972e-13 4.040282484890000216e-05 3.296961247860000221e-01 9.985636899579999532e-26 2.155385200730000061e-01 3.647458047260000222e-18 3.595838746660000029e-01 9.514107765029999886e-02 3.402724438579999947e-20 4.958983830759999625e-22
1.013387686690000016e-14 3.678478805729999968e-01 6.587225001230000154e-02 4.394678907809999976e-28 1.242736799420000051e-86 8.045892959370000394e-07 1.144696528430000066e-24 1.481468172750000110e-35 5.662790648250000114e-01 5.453031812539999938e-20
3.434693986229999746e-21 5.491043991460000345e-06 1.026010994819999932e-02 1.279561692729999964e-10 2.433405161220000050e-42 4.487266689709999978e-01 8.380043148179999735e-02 1.721691794990000111e-32 4.572072984150000186e-01 1.193045086239999921e-11
5.147525926899999549e-01 2.446526136360000163e-06 1.277567775640000051e-04 2.266617707489999949e-34 9.582391236699999796e-06 3.964857461540000232e-12 7.513222911130000186e-46 2.012792048800000097e-08 4.851076014779999723e-01 5.800504894939999851e-12
5.083283880639999825e-15 7.732220598499999719e-25 2.630660408930000039e-79 4.396887172789999965e-01 2.772477586610000094e-23 1.290337475269999950e-40 3.500755043719999963e-23 1.903178774750000080e-01 1.216600210199999942e-53 3.699934052450000177e-01
1.208001198260000001e-29 7.427148124270000277e-18 6.155572117769999574e-01 9.999938028759999527e-12 9.052283219510000295e-11 3.371062817230000008e-01 4.733650637089999863e-02 2.869021193660000007e-86 3.882589460719999785e-25 2.842725112020000127e-11
1.449530275139999935e-01 4.427517200769999902e-31 5.013719946290000154e-09 1.759235482450000054e-01 1.470693961500000035e-01 1.122414639970000080e-40 1.130883976830000045e-20 3.482456859370000046e-01 3.696306475189999746e-02 1.468452723879999922e-01
7.507327764140000626e-14 1.408487909729999966e-34 2.038416123010000142e-83 4.371118574449999739e-01 9.008290903630000182e-17 2.712200907880000031e-67 5.767974216059999772e-29 5.787385651500000228e-02 1.751903559499999960e-59 5.050142860399999822e-01
4.639670442880000097e-05 1.507104361399999939e-02 1.086193132870000016e-05 2.376374633370000127e-23 1.790162776770000110e-13 6.364987168079999647e-01 3.017560726439999811e-38 1.609900750899999945e-35 1.094859119190000004e-06 3.483718860819999819e-01
6.824571707780000030e-21 4.762179914430000337e-19 3.358269271369999895e-19 7.335937664790000287e-05 1.152825922870000056e-10 2.713147116149999816e-01 1.255260544569999996e-09 8.679621877850000503e-23 6.073122496030000095e-01 1.212996780340000053e-01
2.762235688850000071e-47 1.589299301209999947e-37 2.556903377179999871e-17 1.650358312320000009e-80 2.347412548809999987e-48 6.133114216179999720e-51 1.674487631189999950e-39 1.126196357020000021e-20 1.000000000000000000e+00 1.222347401269999934e-30
4.678492690110000004e-32 6.246144279299999935e-01 5.623729567010000055e-32 7.985225218359999465e-33 5.464409563590000411e-63 3.753855720700000065e-01 4.788757168650000098e-20 1.247950143559999983e-51 9.742904510590000270e-49 5.794306414159999808e-27
5.371985043729999779e-11 1.419581312059999967e-42 2.146634105789999859e-57 4.963509465240000251e-01 5.036490534219999482e-01 7.558514918279999760e-15 9.838566856509999494e-55 7.296031752339999694e-62 3.426463850269999839e-92 4.199731556570000183e-32
3.668238053899999795e-01 1.495169278199999944e-11 6.223719118869999857e-22 6.197177005970000266e-10 1.846746180319999986e-01 4.485013234460000220e-01 1.266525585489999919e-41 5.142767531959999857e-16 4.992368286960000156e-14 2.524979028859999873e-07
5.614935189419999473e-01 1.044341581629999902e-12 4.385064810570000193e-01 5.526837367749999704e-36 3.652758659060000205e-31 4.136090655900000170e-16 2.347452189029999947e-63 1.773718019549999901e-30 2.026352367240000135e-20 8.457988441990000325e-67
5.098582158689999946e-15 3.639002766510000062e-23 5.461622342429999966e-06 4.448793032069999764e-01 2.525127877140000049e-08 2.504490090979999972e-01 1.779989711920000051e-01 1.436083622639999873e-07 1.266670860209999916e-01 3.800933163230000168e-43
1.780548494019999873e-08 2.641640789679999823e-01 8.120457073830000535e-42 6.645647427430000365e-01 7.103336920939999632e-02 4.347798977520000260e-09 2.377869010789999927e-04 1.240446897789999920e-18 1.910463005229999976e-186 2.492672932190000128e-11
1.826077238090000054e-01 3.059968903040000132e-01 4.170468629460000179e-29 4.846400865339999808e-01 3.492664323779999925e-06 8.075844957460000160e-20 1.029460833620000085e-09 1.387908903090000022e-14 3.495212824519999876e-83 2.675180565870000082e-02
1.698190804930000131e-01 3.507403402400000036e-01 3.239216104839999777e-01 4.915688896480000314e-11 5.725175617210000178e-02 9.387476548940000660e-27 4.960365230140000026e-02 3.955424093559999771e-02 1.594853886540000062e-25 9.109319324399999321e-03
3.306405536429999903e-01 2.036974950199999977e-12 2.730394622070000038e-13 5.124904762780000260e-12 1.120879925440000067e-23 1.289012236890000075e-20 8.859921717200000011e-30 2.414407160800000063e-02 6.452153732409999787e-01 1.500906327879999916e-09
4.075294947670000112e-01 7.035950921040000361e-02 1.587928827600000067e-56 1.661822975960000059e-01 8.461976243299999464e-04 2.758475883380000123e-05 4.225559988990000089e-21 3.550549160040000207e-01 7.339818571959999628e-63 3.949446458559999677e-11
3.121573742730000133e-09 1.746876836839999977e-11 5.914642579800000188e-01 8.699487569829999565e-33 2.829255810320000219e-07 1.326244204800000062e-10 4.039590801789999684e-37 1.535016064630000067e-37 1.589981705860000084e-04 4.083764576519999800e-01
6.814436651440000658e-02 1.657056476160000125e-02 3.112468969010000022e-24 1.926779820319999923e-07 2.853125949820000118e-01 1.835736187719999867e-08 1.950828291970000096e-19 1.120874277579999915e-27 2.996469400959999869e-58 6.299722627070000192e-01
6.729999415579999977e-02 1.330221689170000103e-38 1.362901078780000106e-34 3.749284092949999869e-01 8.579976289619999433e-03 1.041012536689999926e-28 4.806000716209999737e-43 5.491916184920000443e-01 1.767825916410000063e-09 6.130577676710000316e-15
2.800032691720000115e-66 1.114402387170000041e-160 2.461175926149999917e-67 1.202862050619999983e-36 1.000000000000000000e+00 2.169035985689999872e-77 1.331612865430000024e-43 6.006067239919999374e-42 1.713766543119999901e-67 5.565898702159999881e-87
9.610532703549999611e-02 1.725539336319999947e-08 4.701840561139999930e-01 2.497299359769999949e-01 1.328741155010000063e-01 5.105072897460000148e-02 1.101536310820000028e-15 3.277692975480000008e-38 5.312708643119999853e-16 5.581914229169999731e-05
7.364253922789999462e-01 3.973157975380000383e-18 1.335135200919999889e-41 2.630021932830000075e-01 1.277985678040000003e-74 1.982624792469999971e-31 1.437327515090000042e-45 5.724144373360000272e-04 1.436543765349999917e-12 9.795935544130000801e-16
3.897068796050000006e-01 9.728299681819999916e-15 6.098380173399999826e-01 3.670966357779999947e-07 4.547359578400000262e-04 2.822249585030000021e-18 1.139170963899999946e-19 1.020070073710000048e-26 7.370182912640000196e-24 1.561770511719999916e-16
4.255350575049999806e-01 3.181323860920000222e-33 7.233575885369999922e-19 8.432139940719999917e-11 7.307648743730000168e-16 1.722820681780000024e-33 2.182850745410000004e-45 5.729269222720000387e-01 1.538020139410000006e-03 7.573110494079999602e-25
3.808473827800000216e-17 5.084882847500000067e-11 9.130907422550000529e-27 8.596373028820000493e-07 3.536152493919999894e-39 4.733471122180000212e-01 3.893906224659999880e-21 5.398589870099999752e-21 3.238079050909999923e-01 2.028441230030000042e-01
1.633492749959999993e-12 2.062325609250000025e-01 1.162082912909999990e-25 4.500449763839999701e-02 1.339543431750000040e-30 1.606092908500000027e-01 1.906033245890000061e-01 3.975499865870000260e-01 1.932437059710000074e-10 3.392147141349999840e-07
4.500548571079999695e-08 3.598742768120000157e-01 4.476736893700000164e-01 3.630920627249999836e-18 9.437065842130000373e-37 9.824262476629999630e-02 5.282182059379999601e-31 2.642478248460000151e-94 6.226371763199999954e-22 9.420936404620000593e-02
4.899947993989999943e-11 2.811835830019999891e-19 3.237125300219999974e-02 1.913795997770000036e-36 4.914527539870000017e-01 1.965228012499999851e-20 5.190005279269999682e-30 3.826770290860000292e-05 4.761377252589999998e-01 2.226113725250000190e-31
7.045247585649999789e-25 6.984497150990000289e-07 1.675457670190000081e-01 6.621507955779999773e-46 3.860559541169999997e-01 7.076223495590000238e-22 1.995868506930000008e-01 2.463380060060000043e-01 8.408798417270000161e-07 4.718828363460000159e-04
4.088931655530000248e-36 3.710528491289999834e-07 5.297544668530000105e-14 3.007050715539999939e-25 1.663796020609999959e-49 5.868593249779999807e-18 5.637288595820000303e-01 1.011836197059999906e-31 1.311311622930000028e-12 4.362707693639999995e-01
4.950157813530000062e-01 6.972650843090000574e-24 1.444699965879999921e-19 5.047852038300000288e-01 1.990148175510000048e-04 2.127734542070000140e-15 1.895784320230000011e-41 6.378948811209999954e-58 5.445532987299999652e-62 3.825660132879999681e-24
3.999532249559999975e-01 1.601373139180000092e-09 5.985618526639999715e-01 3.491070581590000246e-08 1.086871417980000108e-03 3.020809829099999940e-11 5.762196218520000164e-19 7.878019222640000350e-28 3.345291491870000050e-13 3.980144196649999908e-04
1.510430729649999925e-12 4.275552877530000018e-01 5.724423185800000535e-01 2.263146013240000159e-56 2.987151038419999969e-77 2.393664895829999833e-06 2.831880071139999879e-68 5.999239127599999807e-73 1.436748691760000057e-21 1.398345546980000022e-52
2.479657630819999856e-11 1.020353176769999969e-19 7.399626921979999416e-12 4.717783044299999637e-13 5.107470355019999575e-01 4.892529644659999732e-01 3.629514482149999949e-22 1.077081360629999930e-22 1.154492813360000024e-15 8.820701888800000219e-36
2.002043769150000097e-01 9.122665113139999393e-02 1.297702576149999928e-29 1.269090247280000028e-01 3.810093032489999942e-45 1.015442268470000018e-29 1.894021737990000056e-16 5.256806962080000208e-07 4.080437689230000131e-32 5.816594215439999660e-01
2.295360723909999900e-01 3.477092854939999873e-12 3.397977533070000167e-01 9.961459534230000110e-17 2.417669495679999891e-01 1.972309087090000095e-19 4.485215304649999928e-27 1.505769887949999923e-18 1.427490908910000077e-08 1.888992104559999996e-01
4.620860013870000112e-57 1.575512980400000017e-47 2.178414375539999921e-42 4.178814450450000077e-24 2.814942567090000083e-06 5.584821858489999453e-32 4.562113015220000123e-01 5.437858835350000142e-01 3.248650894210000098e-14 7.047797589309999501e-27
3.409656751740000160e-19 6.106286766650000174e-29 2.517315829379999783e-10 2.187545894590000040e-01 4.914525065469999792e-18 5.573851529269999855e-02 2.448114736199999854e-19 1.668454767350000092e-68 2.644402304050000145e-03 7.228624926919999805e-01
4.707582357990000125e-57 1.246465178809999981e-71 2.860164473270000244e-116 3.831586192729999896e-01 2.370653316540000111e-01 1.250241070070000049e-60 5.220729465380000156e-02 2.819760110360000072e-01 1.090556651219999985e-56 4.559274338319999759e-02
4.048526741700000164e-08 1.288720119399999993e-05 5.620012014719999992e-14 2.452305100469999952e-26 3.676485921750000395e-12 7.478104301439999491e-01 2.035542108019999861e-40 3.778384624159999681e-21 5.506420361530000350e-06 2.521711357459999747e-01
3.201976495850000215e-01 5.298866330939999938e-23 6.642675280990000264e-01 1.131659850760000009e-37 3.465581336139999839e-09 4.547535644870000096e-30 1.095578622180000040e-49 1.553480191939999970e-02 1.693155263670000068e-08 5.085521393369999966e-68
2.102695648079999924e-01 4.737384493840000044e-01 1.993382862570000086e-37 6.590771927800000152e-02 5.362078256340000351e-19 2.500842656039999889e-01 7.020132063680000144e-21 9.265866802489999748e-10 2.547960693649999932e-57 2.786139903620000042e-30
4.264781022470000016e-01 1.487212692570000053e-37 3.681654397399999922e-39 2.327936363560000115e-09 4.064050118230000230e-20 1.377263094260000020e-38 3.216388288429999805e-67 5.735218953470000436e-01 7.804783882009999541e-11 5.692063610110000401e-19
2.317943160610000108e-01 1.817756937790000055e-02 5.226058243350000052e-19 3.602418409720000159e-01 2.636983416860000088e-54 3.897638625420000169e-01 3.245306704949999924e-25 2.853360628039999892e-11 2.241101813989999884e-05 2.877043168869999793e-14
1.170223493010000053e-05 4.232513512359999952e-01 5.426722564809999706e-17 1.546462267229999979e-17 2.874721649759999775e-01 1.190119632370000076e-09 3.850166729529999632e-15 2.404587549190000118e-01 2.467483469990000182e-15 4.880602544399999937e-02
8.185297714469999542e-02 1.181638508030000007e-01 1.157776473010000047e-32 2.091538899150000019e-01 2.318995471760000038e-01 1.348250143420000047e-01 3.116918775879999867e-09 2.241047175030000116e-01 1.162352402130000005e-57 4.267327430550000171e-29
3.043740575039999841e-01 6.056276380820000428e-11 2.006394229740000035e-01 6.303355343040000125e-15 9.596829294809999800e-02 3.975506131650000108e-01 9.918263030740000818e-25 1.805326312139999992e-04 1.287080717749999968e-03 9.306915516099999905e-40
3.274472976870000084e-11 8.142540656140000166e-02 6.912905886330000289e-22 1.529779005839999872e-01 2.311586636909999937e-01 1.253330984309999896e-01 4.090992185680000226e-01 7.669115692919999674e-22 4.448298631379999874e-52 5.712131908950000002e-06
4.674072477630000083e-02 6.315435047480000286e-01 2.957288318279999856e-02 3.878875907330000043e-35 7.836669294430000235e-22 1.921031482160000082e-23 8.231892092419999299e-27 2.921428872929999754e-01 3.873223959940000086e-20 7.613469997580000237e-39
2.670210303919999806e-01 1.067058291229999931e-23 1.162788956129999904e-19 1.044606180109999977e-01 1.716379082369999899e-20 1.359664532079999923e-21 8.813200164019999805e-40 4.842592631940000013e-21 6.358485871020000175e-09 6.285183452379999869e-01
2.664951357700000157e-09 5.708315149549999523e-01 9.014181492339999855e-21 4.274872702659999746e-01 5.124628237760000207e-09 1.028010022350000097e-03 3.368871664890000107e-04 1.170125267850000052e-27 6.552480322589999786e-57 3.163098003750000240e-04
2.490713771550000059e-26 2.763421562309999893e-14 4.571460377959999932e-01 1.981574340519999949e-25 3.067068711999999827e-22 5.428539622039999513e-01 2.682721100420000092e-14 5.971534910919999777e-60 3.681345174839999661e-18 1.818596233609999849e-33
5.546104968650000106e-24 4.280333653599999733e-01 9.739253964029999378e-02 4.130456926939999737e-26 1.292849709909999945e-09 1.269336112809999926e-04 4.415002959709999897e-01 1.210389112490000006e-39 4.133804169669999855e-24 3.294686412460000324e-02
3.259038473360000071e-30 4.049105783160000201e-18 6.158313927740000082e-01 6.044364132210000118e-12 3.431585722069999937e-10 3.372901843500000219e-01 4.687842250410000078e-02 1.643572827780000044e-86 1.382916054639999994e-24 2.297021745420000025e-11
3.224090796369999956e-01 3.701655369619999969e-01 7.224152805160000065e-16 2.952733176369999957e-08 1.331131022409999955e-18 2.589478042060000145e-19 9.210310540709999493e-19 6.933516129110000689e-27 1.422090897420000011e-49 3.074253538739999958e-01
2.026392490240000108e-02 1.514983304789999949e-09 3.917167187080000090e-69 3.122920739060000006e-01 1.820719813179999949e-32 3.049457474909999790e-26 5.987528118050000154e-34 4.768826749810000099e-01 3.304153238039999921e-42 1.905613246950000061e-01
3.316943533630000163e-01 4.279176717969999932e-02 2.132534991200000067e-23 5.112359881719999989e-23 1.958243669989999973e-13 1.485051651899999943e-25 2.670760144360000100e-36 3.266950253360000058e-19 2.764768330209999925e-45 6.255138794569999883e-01
3.129065386080000244e-26 6.324304064419999749e-23 4.375076246420000103e-12 7.218750052150000333e-10 6.757620370950000455e-01 3.242205529309999945e-01 1.740924738439999866e-05 4.810511225470000202e-54 1.114271085629999958e-26 3.160361325410000000e-13
5.390192690869999787e-09 2.769705947479999841e-11 5.910444615300000093e-01 1.427258195989999906e-32 3.453163386939999697e-08 4.348589632110000099e-10 2.860471635749999879e-36 7.776294116359999824e-38 8.647677142240000475e-04 4.080907303719999990e-01
8.632933006549999977e-57 3.440419981870000048e-78 1.002017010350000047e-78 4.037074994919999922e-17 1.404319574050000003e-05 1.259678399869999931e-43 8.732160551759999760e-12 9.999859567959999973e-01 9.580823945859999619e-43 1.346651182749999930e-57
7.584528997030000430e-25 3.294960186499999999e-01 1.666562157759999904e-10 4.092076255120000129e-37 5.240821065620000080e-02 2.725462256930000216e-01 1.178559202010000077e-02 2.285774804719999942e-01 4.409452416379999740e-02 6.109194817810000011e-02
2.719218214689999961e-03 3.289731663299999862e-21 3.223717442660000154e-01 5.354838834069999972e-47 8.469478972659999494e-02 5.393195901680000238e-29 1.193366947570000044e-52 2.556134424520000170e-01 3.346008053410000072e-01 2.590527214019999878e-35
2.014971803370000161e-02 1.806846761469999898e-19 2.646763274500000263e-01 2.239135293910000138e-46 1.251798128989999870e-01 1.648014553449999933e-28 1.066916007070000025e-54 1.974139390119999948e-01 3.925802026049999838e-01 8.033879231080000066e-38
2.884479764419999870e-01 6.543576791660000132e-06 3.854146517299999850e-07 3.115774202210000042e-18 2.344829332799999999e-01 4.884398068210000013e-05 1.183107150699999995e-15 4.770133173059999954e-01 1.547989961859999941e-34 2.726030156179999858e-74
1.716707971000000152e-02 1.603759488959999965e-14 4.922233623019999782e-01 4.047441692370000177e-01 1.399282051579999998e-15 4.681180856859999893e-23 1.628961897679999912e-08 3.120899636060000082e-09 8.465042768550000429e-02 1.214941654750000075e-03
3.644167339040000113e-10 6.122798923000000199e-29 2.683004910800000080e-23 4.630822913400000074e-01 5.189562789689999997e-13 3.632456078889999808e-18 9.136684480399999940e-28 1.214008830749999998e-32 4.291919269500000263e-14 5.369177082949999624e-01
3.103452576320000124e-25 6.327723826319999717e-46 7.752379048820000557e-18 1.175258307980000000e-12 2.944075229049999964e-01 9.798717830599999195e-31 1.454818911359999948e-12 8.985230373319999519e-02 6.157401733589999981e-01 8.308936239770000384e-23
5.670468812940000357e-48 1.197181839609999952e-28 3.692251100649999851e-13 1.614062362109999972e-19 4.908201490790000121e-01 4.409615962669999889e-01 3.321806105480000233e-04 1.720100545780000093e-64 5.157632815930000072e-14 6.788607404289999370e-02
8.020405671529999544e-11 4.399344215390000065e-38 1.245494895599999908e-04 4.227178410999999913e-01 2.466105608989999920e-01 2.504478479629999846e-40 1.110687665500000037e-04 3.075070393309999872e-01 2.292894033409999949e-02 3.363517096579999838e-21
2.503913463169999964e-01 2.529513375399999755e-10 1.867502237989999908e-06 3.389757514839999986e-01 3.619633738799999938e-09 4.106310308239999873e-01 4.472167811150000453e-25 6.784487295709999428e-54 2.741235674829999945e-33 3.557039274259999921e-14
7.197312389259999388e-02 9.330404871310000320e-03 2.966184014739999930e-23 6.627674579329999472e-07 2.843564047089999769e-01 2.458648794559999980e-09 3.027994561429999829e-20 5.763745562629999752e-27 2.649959035790000109e-56 6.343394013009999721e-01
2.596554965640000016e-24 3.839516031680000401e-09 5.822033377940000198e-01 1.357731345599999943e-15 2.237154626510000042e-52 7.113525153020000378e-12 7.635470145520000397e-05 1.989561311799999906e-45 3.871794670559999818e-02 3.790023569529999969e-01
6.758430300140000200e-13 5.270036775450000336e-64 5.568786154590000457e-22 2.821588051259999820e-13 3.676133276879999801e-01 1.071703826559999946e-42 9.102571543559999814e-37 6.297521969720000223e-01 2.634475339059999966e-03 1.345981805780000003e-40
4.285312428120000212e-42 2.744377018429999887e-62 1.102159846069999980e-85 3.946342028590000273e-01 2.228700287640000000e-01 1.145927164200000053e-57 1.010959127269999980e-01 2.813998555319999761e-01 3.076715908170000035e-58 1.174035935920000098e-10
4.264781010670000150e-01 4.856659997579999625e-38 3.020733805880000312e-39 3.036589843969999858e-09 2.835605284470000049e-20 1.778653043170000121e-39 3.377019836229999801e-67 5.735218942959999788e-01 1.600198539749999989e-09 4.520390109179999908e-19
1.707785611830000085e-17 3.253962788200000060e-03 2.520187612679999988e-34 2.335383917939999887e-01 7.147557722910000331e-27 1.809872258059999905e-01 4.015573902990000055e-01 1.806630288149999874e-01 1.277516781679999994e-17 4.984638505299999924e-10
3.294934222149999841e-07 7.819302940769999439e-06 5.694047928919999603e-14 8.350348965600000198e-28 5.181256969410000408e-13 7.478115818739999865e-01 6.742981262619999715e-41 8.750066564339999373e-21 1.499112088430000073e-05 2.521652782079999988e-01
2.579056900519999859e-03 2.503105284719999996e-20 1.502499481070000100e-31 2.714702236739999774e-01 1.845419764629999900e-14 7.259507194259999796e-01 2.213587694510000109e-44 3.292162072730000011e-43 2.211867373199999894e-57 3.102741386049999813e-57
1.461341807240000047e-02 6.895396392560000642e-02 6.704899537290000250e-14 9.351742498039999572e-17 1.350593964340000104e-65 1.767773635159999857e-02 1.168452264199999993e-49 4.891858544969999736e-37 4.880273557179999888e-01 4.107275259329999928e-01
2.115245747499999899e-33 3.219437490290000259e-01 8.373085828990000227e-08 1.183836608409999971e-29 4.633206938369999878e-60 8.006153334580000527e-15 6.764495993529999751e-01 2.287709696440000041e-25 9.857063239960000024e-08 1.606469317020000004e-03
5.381188066140000125e-09 7.748333644839999492e-23 4.851852018850000281e-02 2.598671888640000094e-01 4.748940548729999912e-03 1.119668524490000027e-10 1.273111892619999963e-01 9.509892526589999728e-02 4.644552303769999835e-01 6.741580153629999837e-32
2.024003948700000055e-15 5.092804040330000115e-01 5.036248560500000128e-09 7.215531984649999979e-29 2.401364448399999973e-59 2.212294951459999819e-25 1.886672799060000093e-10 4.906267518849999898e-01 9.283885725120000632e-05 5.532905664630000295e-14
3.554132938599999650e-21 7.768137741260000562e-02 2.235183947100000036e-15 3.508701064710000292e-39 1.264934736710000080e-49 3.060184023129999870e-28 1.101678850690000064e-15 5.894921743019999605e-01 5.916809587560000090e-03 3.269096386979999935e-01
3.715241279750000173e-27 9.482818216530000079e-20 5.451755368839999961e-05 1.818163576320000073e-30 6.341346257090000327e-01 1.454868653389999877e-01 1.709160623549999962e-12 6.506158112150000503e-14 2.203239913960000074e-01 2.289456195920000033e-41
8.252416174649999426e-05 9.289171905370000521e-21 7.788515623500000364e-35 6.278155767950000139e-03 3.399803049590000015e-01 6.536590151109999969e-01 1.856596918069999974e-43 6.527697885909999690e-29 6.740235587850000215e-34 5.700237991700000060e-22
3.228097789659999939e-01 1.987966156690000144e-06 4.859142065410000084e-08 2.665396676049999747e-01 1.018388080569999967e-39 5.564158480939999731e-08 2.999049301000000229e-20 8.003486997929999995e-30 3.552132277660000137e-08 4.106484257079999756e-01
6.118726157230000018e-01 6.253823908670000145e-28 2.630937116749999821e-27 1.646762869320000036e-07 2.402143682919999959e-35 6.824407655919999761e-32 1.839973130620000047e-47 3.881271688660000163e-01 5.073447669029999802e-08 3.029719278950000038e-30
3.707467938480000146e-22 4.755839455790000225e-01 9.039029362150000492e-05 5.431292860029999974e-38 2.216601062230000030e-01 1.720335630300000074e-05 3.543980863349999850e-04 5.514530939039999938e-05 1.253574784919999907e-01 1.768813326610000070e-01
1.462958944099999937e-30 3.578810383600000084e-34 5.160768650600000111e-46 3.842397047960000034e-01 1.510586541020000099e-14 6.760526421810000120e-32 6.157602951939999958e-01 1.017560639519999938e-11 2.362354988400000100e-49 1.240885188460000061e-21
4.979574828350000204e-01 5.312994218240000207e-07 3.561935106180000138e-14 3.496523284669999775e-11 1.696355158340000059e-42 2.330879848720000075e-13 5.560750167090000257e-31 7.726955081579999554e-07 5.020412131350000529e-01 1.037374744459999927e-14
3.325524907629999749e-01 4.499847054849999861e-29 6.674400481910000016e-01 8.457204034159999744e-39 4.391085068219999865e-08 2.099462999169999949e-33 3.451572496040000120e-59 7.416674931010000368e-06 4.594952299539999845e-10 1.227633123090000010e-79
3.897072036140000195e-01 3.676889164039999904e-18 6.098380120590000120e-01 1.607851468099999922e-08 4.547682481200000034e-04 7.872458659340000433e-19 9.234919546730000084e-26 1.539463545340000033e-33 3.556168830809999911e-25 1.765419818549999928e-22
1.966417496079999958e-57 1.347051689010000024e-48 2.083508476919999983e-42 4.366060264559999764e-24 4.451225963010000173e-06 1.317785731559999926e-32 4.562105940360000056e-01 5.437849547380000370e-01 2.782355619669999874e-15 7.507342532259999786e-27
8.671829343719999530e-43 9.414412409840000700e-38 6.642931082429999814e-03 6.784711707299999627e-19 8.253427386389999900e-16 1.082683996589999900e-12 5.940482616619999767e-01 1.722268485860000106e-36 3.993088072539999756e-01 1.078772486059999974e-27
6.275147151780000203e-36 6.973820388689999666e-22 1.225171895269999895e-04 4.278070814170000169e-30 3.430802299879999739e-01 6.566318559410000422e-01 6.752902315069999860e-06 1.265354225610000063e-29 1.586439786610000099e-04 2.120521761779999834e-21
6.798404537509999568e-45 2.347700154700000204e-34 7.322684505290000256e-01 5.792170612289999989e-26 2.150382495460000098e-02 6.876482815129999907e-05 2.461589596880000008e-01 1.129700587209999957e-49 8.784283374999999734e-14 7.842542930019999899e-40
5.586396327260000329e-28 1.384825389229999907e-20 2.284219061279999831e-03 7.175937130850000652e-27 3.706754761870000172e-31 2.595188354889999866e-23 1.014990420829999989e-13 1.376993070940000048e-37 5.137564733320000299e-01 4.839593076070000111e-01
5.986304631959999760e-07 5.648376100200000136e-11 2.100362214130000117e-38 2.557903712349999803e-01 6.744539459939999670e-16 1.547035594810000075e-20 4.895417165500000201e-11 7.432342184410000163e-01 3.849317345479999827e-29 9.748115882530000373e-04
3.544856600199999780e-32 9.757665337630000619e-05 3.453659034760000329e-02 2.209896126050000123e-47 4.603909435259999745e-12 3.694556228149999955e-01 5.959102101790000328e-01 4.822766459630000015e-14 3.333215499060000146e-14 6.179769019969999490e-45
9.769836380000000071e-15 7.230396489180000087e-25 1.024648798429999980e-01 3.432093728450000085e-16 4.677526483109999966e-01 4.297824718439999803e-01 4.377146985190000024e-17 1.281583570770000005e-20 2.795547024119999823e-12 2.940559249379999977e-80
1.320661734120000020e-09 1.999762116560000116e-17 3.844553453760000128e-01 5.368806753449999469e-01 2.676585719670000036e-10 1.328166346249999973e-18 6.969359379980000213e-02 1.546260729619999905e-16 8.927005987619999680e-03 4.337790290860000017e-05
9.999945143839999995e-01 4.094374278469999964e-32 6.751045676620000110e-47 2.831068257600000119e-28 5.471343377880000043e-06 6.071596531250000219e-40 4.292052734450000234e-121 1.427279798319999976e-08 7.420945941170000285e-29 6.318101232670000491e-17
1.145940387080000092e-71 2.494127966279999924e-30 2.276204364090000161e-58 1.163296633719999897e-34 1.880239437470000141e-64 3.951377015420000092e-35 1.293316050740000006e-14 1.741875419779999926e-64 3.378707706320000200e-45 1.000000000000000000e+00
9.142973287769999310e-25 3.548705223120000168e-02 4.801282827210000270e-02 5.612145698709999769e-49 2.874483195579999872e-01 1.007080671450000058e-07 5.493007439290000076e-10 8.668188089389999498e-37 7.691508694429999941e-22 6.290516986809999711e-01
3.206739467580000152e-06 1.648159299230000097e-01 7.681867133099999547e-04 7.976145350180000315e-11 7.039174065839999799e-28 1.826564858509999932e-27 2.236585577090000054e-01 2.980619608639999973e-01 4.603826642340000029e-11 3.126921579249999916e-01
3.405002079850000252e-01 8.337753868529999770e-24 7.343451090590000058e-17 1.212030650799999970e-06 6.594985799839999663e-01 1.569562482990000118e-16 6.257004600400000386e-34 6.319544275180000335e-19 1.031200131979999956e-30 9.201690750730000442e-26
3.304952013570000013e-01 4.780356285180000232e-12 4.814713354519999922e-13 2.894924557980000139e-12 4.798699326730000065e-24 1.633946760969999922e-19 2.183840654159999939e-30 2.450282937750000029e-02 6.450019692120000370e-01 4.571392566390000035e-11
8.564697499329999852e-02 1.677586084860000040e-08 4.825268906899999877e-01 2.713864813360000183e-01 1.200132913240000015e-01 4.042471094629999928e-02 4.334649696629999980e-19 3.936745720310000134e-37 1.125406552710000057e-16 1.633934992289999964e-06
2.205528222179999887e-01 4.652332429309999906e-01 2.478059766819999840e-37 5.432875667440000000e-02 2.216180287899999966e-20 2.598851781339999722e-01 3.349874859810000245e-23 4.234807346260000171e-11 4.815332169810000260e-58 3.005265782289999791e-31
7.850322261659999912e-01 2.783170132029999839e-30 2.149674078159999890e-01 4.000849171549999833e-34 2.455309041240000128e-09 1.961211273370000026e-36 1.066693544819999977e-52 3.635626454989999938e-07 6.976218768440000751e-18 3.358376109179999814e-97
1.461803661820000044e-01 3.746962676220000081e-08 2.298695000149999856e-20 3.457950860210000088e-01 6.324646977570000470e-22 6.046816253999999849e-03 3.172837839970000002e-25 4.341615978989999724e-12 2.746709806679999977e-01 2.273067134010000045e-01
1.150712991999999960e-06 4.072390607499999725e-23 1.341907324260000014e-05 4.268278413380000122e-05 3.436652053640000259e-01 6.562775420649999969e-01 1.526388933839999885e-19 9.109928602700000330e-25 4.381841945480000164e-24 1.753125032759999936e-71
1.615627069220000038e-31 4.358442490209999964e-01 1.103952321420000049e-01 4.057032391600000020e-37 4.744094835020000281e-28 9.048760820619999471e-12 4.535133349950000170e-01 4.212984629460000054e-50 6.551399292640000244e-30 2.471838327880000134e-04
3.897070935779999856e-01 6.528674719170000374e-15 6.098380039640000083e-01 1.276272628869999911e-07 4.547748304979999808e-04 2.248878432910000170e-18 1.204551078059999917e-19 7.947560319229999956e-27 1.934268091999999834e-24 4.593753187370000030e-16
1.586300585230000085e-62 2.135173481900000069e-17 4.511471900020000215e-22 1.337786206199999991e-56 2.617423798020000171e-35 1.533925162089999965e-25 3.587062796439999812e-01 1.269488983450000052e-01 5.143448220080000244e-01 1.973460229789999851e-12
1.512437548370000051e-01 3.602045602949999759e-01 3.234306557589999853e-01 6.122071452579999770e-12 6.978102405979999534e-02 1.357653772640000041e-26 3.189228939319999762e-02 4.412370526789999997e-02 1.625190558870000070e-25 1.932401038249999953e-02
1.083428971200000056e-04 8.670043116000000361e-19 2.342275356559999998e-21 3.779302116600000150e-01 7.028008326499999539e-05 2.058091892349999894e-12 3.574897315740000159e-21 1.256656633530000081e-02 6.051965341789999897e-01 4.128064842500000185e-03
4.231073450220000145e-37 7.601852129969999315e-21 1.174761748400000088e-102 7.943553786879999912e-01 2.980655475400000050e-37 2.558073836569999816e-40 2.055250845209999899e-01 7.772254095239999899e-11 6.125947812929999822e-109 1.195367140889999966e-04
2.266716761749999928e-45 3.258799288820000197e-26 1.282924333090000037e-18 1.134146447410000012e-35 8.735577663800000046e-15 6.385182596380000288e-35 2.513957385580000148e-01 6.421035894509999897e-01 1.064945775020000041e-01 6.094489856480000331e-06
2.058094099959999895e-02 6.161900900040000152e-05 1.502385057030000137e-01 4.343598104060000130e-09 3.824583637039999928e-01 4.323865492840000207e-13 1.987006622930000133e-01 2.479599039479999933e-01 8.321591872439999679e-35 1.871582728759999889e-36
6.713982433480000412e-09 2.856112129539999933e-01 6.442260528530000193e-22 9.140557241709999904e-17 1.370701688189999989e-01 1.864907137579999985e-01 3.058345073069999994e-13 3.908226173520000235e-01 6.580748217400000117e-20 5.280402191769999842e-06
5.728273998049999569e-26 6.201243785799999706e-19 3.588690642219999893e-01 1.507460465069999999e-19 2.717854107450000112e-01 3.737146708990000038e-06 1.440176011509999919e-05 9.250963954659999743e-55 6.118330773829999760e-12 3.693273861210000231e-01
7.905712844679999869e-33 1.613512032459999858e-48 1.322453818800000058e-44 1.042270404539999973e-01 4.191805488890000151e-04 1.402199749150000047e-24 3.804816082160000223e-01 5.148721707810000048e-01 9.993977989169999809e-37 1.735890348540000004e-63
2.166797396840000056e-01 4.004881426970000268e-24 3.255006103170000280e-08 4.499600831810000034e-01 1.074159003230000067e-11 1.270947744620000077e-08 2.075334534189999875e-21 3.333599302810000276e-01 2.015836211349999940e-07 1.053719507680000068e-60
2.630591817539999891e-42 2.389516011649999865e-40 1.902469650380000193e-40 6.489501148720000501e-01 2.595176193279999973e-11 9.046820067869999266e-09 2.530760704190000129e-07 1.695819589229999927e-48 1.259345026100000041e-22 3.510496229799999757e-01
1.169642615100000057e-27 3.632472868960000267e-02 2.421799690109999889e-21 2.030708497389999925e-25 1.345650292039999953e-16 3.406319814650000111e-01 2.032739787020000054e-10 1.890162864679999806e-46 6.517223213720000374e-44 6.230432896419999533e-01
2.103808138919999942e-23 3.341676602120000061e-02 1.940566189619999937e-01 1.113344402669999929e-47 2.159287628209999865e-01 1.394823652520000075e-16 6.759128480180000287e-02 4.889968444109999979e-01 9.596620491930000303e-06 1.263615847350000054e-07
