5.502675795309999527e-29 1.247937546660000105e-22 2.495968216889999852e-33 1.329877325129999934e-14 8.981171039230000357e-18 1.523574407719999884e-23 4.398315765829999835e-01 6.499328039170000139e-40 2.746312246590000032e-11 5.601684233899999477e-01
3.277106522099999743e-04 4.999115848080000202e-01 4.997607045399999892e-01 5.408120049879999915e-47 5.290482462299999767e-55 2.503506971540000161e-27 5.028486127020000056e-66 1.378773836269999980e-26 9.347943840719999956e-26 2.779576109840000087e-67
4.560294304749999972e-01 1.523006676770000123e-01 6.458503699639999831e-08 8.243942043739999998e-14 6.650614680780000235e-46 2.697377979469999798e-01 1.180297836330000056e-30 1.015051829420000017e-03 1.209169872969999976e-01 1.900902812380000121e-10
2.869636249020000029e-01 6.410410103720000492e-23 1.532090179250000051e-37 6.836175792519999935e-20 1.892632294139999906e-10 6.885301089839999814e-07 4.602216675320000006e-01 3.236751708390000039e-08 1.622277348070000000e-03 2.511917091309999739e-01
5.512372631190000252e-30 4.825057977719999553e-13 5.522605534419999795e-01 1.228182460399999967e-08 2.470315134570000004e-57 4.477393356079999998e-01 2.830477542949999908e-46 2.416996984280000161e-24 9.866761647330000512e-08 3.931284928529999676e-49
3.414892610240000126e-01 4.080738359330000185e-21 1.630959868240000048e-16 2.239758854930000149e-19 5.523066871530000338e-02 5.070924334419999645e-09 1.405453035959999936e-14 6.032800643010000075e-01 8.882317267099999515e-10 9.427937694509999382e-16
6.877987798650000099e-55 1.065697450329999961e-64 2.902880507979999986e-83 1.216572863540000085e-33 9.999993670360000086e-01 1.900621990369999966e-51 6.329643098889999739e-07 3.483280212399999846e-43 5.535171382850000431e-44 2.098221374809999994e-16
8.331315700810000408e-07 2.122548740089999972e-17 4.267368073400000239e-01 1.451870629940000066e-55 9.714050585500000334e-02 6.966770651280000670e-02 4.064538167330000173e-01 4.203691696580000174e-27 3.304279140679999952e-07 4.896611563030000022e-79
2.121546523349999878e-23 2.136811592960000118e-31 1.448084624680000064e-36 1.640725704040000073e-65 2.099481371719999867e-30 6.930226481219999846e-01 3.069773518780000154e-01 1.404784507290000007e-21 1.631337099400000016e-15 4.566111233470000019e-34
3.705432751239999822e-01 7.399747988770000164e-10 6.362788159289999963e-12 2.964824251499999990e-30 6.051389144000000053e-01 4.696963260220000269e-24 1.530311354679999907e-03 1.279266815610000111e-28 2.278749837529999919e-02 3.351172962389999737e-14
7.131441361050000218e-15 7.277325026029999560e-42 3.075616319389999909e-01 4.091365993039999935e-10 3.648098286709999805e-01 6.446145156740000493e-02 4.177468850249999909e-17 4.479920189930000143e-10 2.631670869659999967e-01 4.639464642290000079e-41
2.277664840210000173e-12 4.978730951149999732e-85 2.034230867880000077e-22 9.297767011130000205e-45 4.239212613810000238e-03 6.228761689639999814e-03 2.329920282240000029e-01 3.524744895699999909e-25 7.565399974709999809e-01 9.563073386269999583e-49
1.032391689699999930e-31 2.482393489520000052e-01 7.496355461060000280e-01 5.312227696739999794e-39 3.075800677890000138e-37 2.125104942210000181e-03 1.874043428050000172e-24 7.828780066150000371e-31 1.229146441529999913e-25 2.181004001730000204e-90
1.036236300029999969e-42 1.000000000000000000e+00 4.349437347030000275e-33 8.933381250960000511e-49 1.808748516240000001e-65 2.831456037200000197e-40 2.589082751379999996e-28 1.274489446730000085e-47 5.874212964809999934e-77 3.376896965309999795e-44
4.750340653559999820e-32 4.543355753629999932e-50 3.332313159340000164e-01 2.541546129849999724e-01 9.606864210160000195e-02 1.428680418809999964e-01 1.227989943940000044e-33 1.736773870989999913e-01 3.926193914219999965e-16 1.276194412779999968e-51
1.287502365969999951e-01 2.110271331789999871e-01 8.043639839610000494e-23 8.925742373930000464e-33 1.505960046630000042e-36 3.916648785950000033e-12 3.185357382990000018e-20 3.859077230499999844e-01 2.007068063500000124e-14 2.743149071700000108e-01
5.285569624989999744e-39 2.276709070270000108e-27 4.648340527909999946e-23 1.964336804619999932e-01 6.279616947270000304e-01 1.312813234820000008e-01 4.432330118260000007e-02 1.464897139440000076e-10 3.566706709709999772e-16 1.727160773840000060e-15
5.431806495389999977e-40 2.780610898990000246e-01 4.050932272300000192e-01 2.570053130969999968e-05 1.697690214879999868e-02 2.207859128159999837e-02 4.091052685169999789e-13 2.777644889090000180e-01 5.865681170399999791e-30 9.277468070140000204e-27
9.361169213840000502e-33 7.585776855029999607e-42 7.104819471809999953e-01 1.409202765850000039e-01 2.948869664509999860e-74 2.382572586730000164e-02 3.459224987120000176e-71 1.113823286299999973e-27 1.247720503669999953e-01 6.616150012669999941e-47
3.148194710960000063e-34 4.285085121209999959e-01 1.429164957400000102e-01 4.285749912060000111e-01 1.894556425039999992e-11 1.267742211069999925e-10 7.876885436920000056e-10 1.257939521969999998e-31 2.604491791280000006e-19 4.442140224530000232e-37
4.875018240210000076e-01 3.497950776409999873e-04 9.393348187309999834e-08 1.210385334979999922e-03 1.266690785970000056e-18 2.136848290949999940e-13 1.151147150639999980e-31 4.829848411950000142e-01 3.986048447539999808e-05 2.791319995290000161e-02
2.965723319480000070e-51 1.884588601359999958e-08 1.815685698000000042e-39 4.511924469490000145e-01 3.159956804609999951e-59 6.684256711159999849e-31 3.733125283580000182e-65 2.150428266590000137e-01 1.771244818399999955e-65 3.337647075469999947e-01
2.878470304930000048e-54 6.056541482980000204e-08 2.308420497760000206e-09 1.043563701840000042e-22 2.827209124460000056e-01 3.027923894260000082e-01 2.019197733160000002e-11 4.144866352339999782e-01 2.652748663290000172e-58 1.534959563960000065e-56
8.324343422230000289e-02 1.130799265760000024e-11 6.646765226540000114e-09 7.328892315679999994e-25 5.284218415650000069e-12 1.688599025270000113e-16 2.887267586150000231e-01 1.655958221650000042e-18 6.004863491859999680e-01 2.754345131320000070e-02
1.083891726280000082e-08 3.184331331040000112e-13 4.645334441069999820e-01 2.327095486959999959e-02 3.794336576219999729e-02 1.921147861360000083e-11 2.508990289130000150e-13 5.409810931279999957e-02 1.151700986239999900e-03 4.190024141040000205e-01
4.515662446109999784e-02 3.857872220909999705e-02 1.580798282170000057e-30 1.583350700569999912e-83 6.795699770930000057e-03 1.918418773620000122e-21 3.765560638029999962e-01 5.329128897560000411e-01 1.827882583010000040e-39 1.509157740179999960e-24
1.226899222010000012e-01 2.397950903970000047e-01 5.547494455080000109e-02 2.936717125130000050e-01 9.201519976530000335e-11 1.795851313709999897e-01 3.555834485310000137e-10 1.087831985189999934e-01 4.357954189169999780e-15 1.055134416159999949e-17
2.473585663860000117e-01 6.903313343469999803e-20 1.862116549139999819e-15 2.964998902570000205e-01 3.829826301940000063e-03 1.003812708740000059e-01 2.257997690410000133e-02 1.770507754719999882e-01 1.459282614430000048e-02 1.377068676609999875e-01
1.972911585630000020e-01 3.100340324300000035e-05 5.327030582620000398e-01 6.114092988059999928e-02 7.634386054949999407e-11 5.243766991219999801e-55 2.883168734219999852e-85 2.088338498150000000e-01 3.631619094669999841e-37 5.974066507799999761e-13
3.472367613739999869e-03 2.776699328489999896e-01 4.225796903840000063e-01 5.043604066610000021e-05 1.521501517170000049e-04 8.518747595080000279e-40 9.983183209559999943e-57 2.960754229600000009e-01 1.271044204349999947e-30 7.585984142920000298e-17
1.420446554579999954e-11 1.675464487240000010e-67 1.175513238890000056e-20 1.490060712179999875e-35 2.977434310630000224e-47 7.022478187169999581e-38 9.037122137930000363e-37 7.497650261470000346e-82 9.999999999859999766e-01 3.972126319740000076e-39
3.040012984539999885e-42 6.081263355460000472e-54 1.349481642729999894e-62 4.764244997869999917e-24 5.111140083849999849e-01 1.553795498469999937e-40 1.619501372790000115e-01 1.019328568429999990e-27 1.828237998540000069e-33 3.269358543370000092e-01
9.586907629499999417e-07 7.499951420089999710e-01 2.500038961800000181e-01 3.119771999849999986e-09 1.659378688970000085e-21 2.799648993200000131e-46 3.634185582669999695e-33 7.760689421160000188e-53 3.606845042000000138e-24 2.360262892120000009e-39
4.283019806860000056e-01 3.662878582519999847e-05 7.600186419659999975e-35 6.294877159459999710e-45 2.281160521059999953e-09 5.324412098259999605e-82 1.194539215330000029e-03 2.303568384429999916e-51 6.862877490420000181e-37 5.704668490319999563e-01
3.799518285839999853e-50 8.814391501420000352e-38 3.059735787520000163e-74 1.752995100150000071e-58 3.042246728629999786e-01 4.914540221320000262e-48 6.957753271369999659e-01 1.474360738000000042e-36 2.342339540290000066e-59 1.297777396670000021e-23
2.218995784749999874e-03 9.863055894239999843e-02 5.429565105910000300e-01 5.658102237130000205e-43 6.963035938439999750e-12 3.878982454629999738e-07 2.135411866180000062e-01 9.220672645539999190e-37 1.426523601580000078e-01 1.417862600110000064e-46
2.605627377990000059e-08 4.825072234019999769e-06 7.729603942819999844e-03 1.668928004330000048e-01 2.768735328470000034e-01 1.916490023459999914e-01 3.288791136590000001e-08 1.178583214599999984e-02 3.450642532439999743e-01 9.102477038840000529e-08
5.516086860459999963e-01 1.095853827089999898e-22 1.383815280760000038e-06 3.510551584919999746e-01 1.340655583150000005e-26 2.221462853630000072e-23 1.300151784800000078e-63 9.629251820249999649e-02 5.205526321930000296e-05 9.901981817469999048e-04
1.685083086540000137e-36 1.380101611780000028e-45 5.647980035959999645e-01 3.903551771199999937e-02 4.605914881389999715e-02 3.500506887539999723e-01 8.079661363679999543e-32 5.664112432549999734e-05 5.356016924280000312e-16 7.442328044269999633e-56
4.621830506529999978e-15 1.129954734709999981e-08 2.959170494799999836e-20 1.302560353329999996e-16 9.363827893669999431e-19 5.239298682280000195e-31 6.325079229100000200e-01 5.401867058809999680e-52 4.314498820079999702e-05 3.674489208019999786e-01
9.319750295409999484e-08 3.189751142090000140e-03 4.327501548870000270e-01 1.003386200770000072e-08 1.008937116439999957e-10 1.411620696939999975e-01 2.153742105409999982e-02 4.257384384199999929e-05 2.488540608439999968e-01 1.524638652030000097e-01
3.453897476219999893e-04 4.999126047779999804e-01 4.997420054749999729e-01 2.789172098029999831e-49 7.481563213649999671e-74 5.322657135229999813e-28 2.321720142159999929e-67 4.339243046390000088e-25 2.033544539630000042e-25 9.078019787769999514e-50
1.105275184419999964e-26 4.144015989459999827e-01 1.957630721879999957e-20 1.002271117410000053e-15 6.320923190420000214e-31 6.952343523849999622e-34 7.045603845310000399e-56 5.855984010529999839e-01 2.624828182939999895e-52 5.080396207319999797e-13
2.385387951560000169e-55 8.784953648869999350e-08 7.676786804340000193e-26 2.289329480429999963e-05 3.435389353840000021e-06 3.986231190990000006e-01 6.005685397400000181e-01 7.819246271439999566e-04 3.113594175150000093e-37 1.856052828519999999e-16
2.441088321250000149e-49 2.239117345449999907e-01 7.836253175010000254e-14 5.015139810649999800e-37 7.525415989450000667e-21 3.052298376200000135e-02 7.455652816929999593e-01 4.528353382700000432e-28 6.873394216179999462e-48 2.870808889519999879e-68
3.842067272560000246e-01 2.584172001749999725e-01 4.848412942800000257e-03 4.095007570380000213e-16 3.266729720520000213e-01 9.818505656680000254e-15 2.585468757500000020e-02 7.190053192639999264e-18 8.841374112700000063e-22 1.254410076330000001e-27
8.051803792809999472e-01 1.258933706929999933e-51 1.355724737060000077e-30 3.085942924440000164e-21 4.491052168109999770e-02 5.788262360279999696e-120 6.489898696960000186e-59 1.071207725339999976e-28 2.633375573569999997e-22 1.499090990380000099e-01
4.664102484039999926e-08 1.526045970219999956e-35 3.758322851209999999e-15 2.448092897659999878e-34 5.809860207770000014e-03 1.565451799509999867e-02 4.885553408109999940e-01 2.033647536599999981e-06 4.899782006980000215e-01 2.054323742350000071e-17
2.762163084239999802e-12 2.744324502169999856e-19 1.982253054620000121e-01 3.442590421480000162e-01 3.857920858469999860e-22 2.117562238280000046e-23 1.611484112550000001e-07 2.842660236149999750e-72 4.575154912380000050e-01 2.840600855920000165e-20
5.519486942899999967e-08 2.011761947910000035e-36 4.019344899909999900e-15 1.849071634809999948e-44 3.042292480689999801e-01 7.658890981180000127e-40 6.957704468909999829e-01 1.538156809120000073e-95 2.498456445199999899e-07 5.609301925209999971e-58
2.354924029590000209e-10 2.389649753410000095e-15 4.550838902740000006e-18 3.908291322890000108e-23 1.194515142159999997e-11 7.857193263940000227e-02 2.243444831699999975e-01 1.430955339269999928e-03 3.232222476280000034e-01 3.724303809760000084e-01
8.687665666820000079e-10 4.026747245529999769e-02 3.654758584139999630e-43 3.970638043679999749e-45 5.348308459499999705e-68 3.453393903669999917e-08 2.020167577879999898e-01 2.671570650640000106e-26 6.616160595709999707e-12 7.577157343479999918e-01
1.098774786829999955e-51 5.450903185530000528e-01 1.959339173499999985e-12 2.176405508470000139e-02 2.533491100290000006e-46 4.331456161560000018e-01 1.020497438840000076e-08 9.292931328529999727e-34 7.131261580319999498e-20 6.327661248120000097e-21
1.854064323470000020e-03 8.777525311510000084e-04 6.062010687559999944e-01 1.122854891729999988e-11 6.370735077820000036e-02 6.564964449420000253e-11 3.958884667289999730e-05 2.618767748429999881e-05 1.595300000749999959e-04 3.271344570099999904e-01
5.965986318549999501e-01 3.971967797350000051e-01 5.850620935140000110e-03 3.539674745299999916e-04 8.757106427389999535e-21 1.728765212959999943e-56 7.206955254509999562e-22 1.290926400030000134e-60 2.463161175529999974e-18 1.096892484939999937e-14
6.249420668259999534e-01 3.691283280159999868e-11 6.174691327830000424e-36 2.047330941349999926e-54 6.218716053410000088e-16 5.354444387910000246e-48 1.079215727350000063e-15 2.118709692489999950e-12 4.458809266930000080e-31 3.750579331350000212e-01
1.138189728519999982e-09 8.921999330789999913e-46 2.514499890390000103e-01 2.813562647130000149e-01 2.500813873509999952e-01 2.365182987050000016e-46 1.198885608150000048e-45 5.902708182440000203e-27 2.171123577559999906e-01 1.595212111289999991e-12
2.471145139260000002e-66 3.896805828840000170e-62 6.969247075100000400e-18 2.666347286030000263e-01 4.580127650639999904e-18 1.787965554900000087e-01 2.300061779420000042e-41 5.545687159069999650e-01 1.802717783870000168e-30 7.229182386610000050e-37
2.431439643079999921e-30 3.012698816690000139e-10 7.500069517059999580e-01 2.499930479930000116e-01 1.204814878149999974e-18 1.512419417009999958e-48 1.176117388320000032e-14 6.406894761749999647e-108 2.004932317940000012e-26 2.109420024509999848e-40
5.870920941649999669e-01 1.743238109160000031e-07 2.891890132329999994e-33 4.248309097220000057e-40 2.756603934330000067e-41 1.781320755430000069e-01 1.811570223350000033e-10 1.046135066589999917e-06 1.817429715520000044e-01 5.303163809929999778e-02
1.345263895819999905e-09 9.599016448280000456e-11 1.543304523130000072e-16 2.276337542730000164e-05 8.129997463869999387e-17 3.659951236449999756e-01 8.247458075229999576e-04 7.488435126720000001e-02 5.467464225940000278e-11 5.582730144090000124e-01
8.766313514819999730e-55 6.321621666970000149e-14 9.467360454319999525e-16 3.132959170480000277e-01 3.975759411650000019e-01 2.890056240130000065e-01 1.225176629730000046e-04 1.114142898779999985e-10 8.260384267109999418e-40 2.427929537200000242e-35
4.523917674489999896e-23 5.000181893620000428e-01 5.072401412820000485e-07 2.627223755220000180e-22 5.795837243149999576e-26 1.763176772889999955e-18 4.999813033980000099e-01 2.660076622050000260e-60 3.197153506149999904e-15 2.129066813419999873e-29
8.090208327229999323e-12 3.989409212729999909e-16 1.983796834229999972e-01 3.442346270059999935e-01 2.945020193119999762e-26 1.142295133510000004e-20 1.037056517569999933e-09 1.742483442179999987e-66 4.573856885259999783e-01 2.364615022730000007e-20
3.219533119799999898e-01 1.675416304779999907e-02 6.612925249719999732e-01 4.882523646179999666e-43 9.433589653520000629e-74 9.134024879099999672e-49 1.814172378900000114e-109 1.066080130310000011e-31 1.124750772009999936e-32 5.511658608849999662e-62
2.728763534559999759e-01 3.801082672439999866e-01 7.239121135300000024e-19 3.811688302109999813e-35 1.542751663009999955e-24 2.326398650359999895e-09 1.943760019529999965e-13 2.475652219320000069e-01 3.532753632519999910e-10 9.945015468829999927e-02
2.467116518120000004e-26 5.692717173549999923e-23 5.885965576169999852e-02 1.915666878579999990e-04 9.409487775499999485e-01 3.359181784540000214e-28 3.315776549410000065e-18 2.690990005440000260e-38 1.144145510239999986e-26 2.179744415340000123e-45
3.999896091999999848e-01 5.999994480720000078e-01 5.505378289179999921e-14 9.018699411219999633e-23 2.571000058340000053e-25 2.330194069140000021e-46 7.521132141940000207e-07 2.259033178589999905e-51 3.500144422929999828e-17 1.019061522500000080e-05
9.560150845900000268e-30 7.818405143179999731e-48 1.250396054619999957e-99 1.498110825019999930e-61 1.344115798509999933e-18 4.135136401029999999e-23 8.711519998339999752e-11 7.698503198330000075e-01 2.721955617820000023e-38 2.301496800800000020e-01
4.213313087699999945e-11 2.788414393540000202e-01 4.180846934369999990e-02 3.828339545009999678e-02 6.410653506329999640e-01 1.198515189599999913e-37 1.343318900410000019e-06 1.977183583770000028e-47 1.590050967419999975e-09 2.674178967580000013e-10
2.575573429950000188e-115 3.158080780520000091e-91 1.667642650310000039e-143 4.933187914129999615e-18 3.649903475650000159e-07 4.859782867829999918e-18 4.398333234869999941e-01 1.269205885589999988e-08 2.073076427520000001e-64 5.601662988309999980e-01
3.135734219550000197e-12 4.305715657169999846e-39 4.994670446419999799e-01 1.679582269979999938e-03 1.647025753380000126e-11 2.716832916370000111e-32 2.054498482359999987e-38 6.252795577770000179e-35 4.988533730690000167e-01 7.915871601400000171e-23
4.261800494899999903e-01 1.838516503819999940e-10 2.431430826980000015e-01 1.175713415239999955e-02 3.300902187449999812e-66 1.609256978629999943e-04 6.197188638409999705e-65 2.070338992900000105e-02 2.980554178470000148e-01 2.864271977229999971e-12
7.612886512639999908e-15 6.927132397160000332e-42 3.073058073170000237e-01 5.890180033690000136e-10 3.644834292099999873e-01 6.507947837409999714e-02 3.441000853549999871e-17 3.021651862370000168e-10 2.631312842080000269e-01 2.797921362000000200e-37
7.246305205519999414e-08 3.775558510869999917e-25 7.863882859150000104e-14 2.918889923739999887e-18 2.599086561449999892e-11 4.778189176250000150e-10 2.602105642700000055e-04 2.643863237140000189e-12 6.247540250499999948e-01 3.749856914160000221e-01
1.723946636889999944e-05 1.098360129339999946e-41 2.514654086349999984e-01 2.813949910549999878e-01 2.500383971740000044e-01 9.697146054529999211e-44 1.613329837460000075e-46 1.900223096169999848e-24 2.170839636699999908e-01 7.670888917370000545e-15
3.436946607630000058e-22 3.107876550529999974e-31 3.740297361660000035e-32 1.876193419829999832e-68 5.354261120049999602e-29 6.930040035100000217e-01 3.069959964569999866e-01 1.849840989000000023e-23 3.253621046750000087e-11 1.764524858630000049e-38
4.489538457739999694e-34 5.745022127210000242e-53 1.202037139809999956e-58 1.952250712780000151e-33 1.510298578370000064e-19 7.997899296839999783e-01 2.002023484140000031e-01 4.985815690070000215e-06 8.266122738839999409e-14 2.736085917680000164e-06
8.156794783979999554e-23 6.607487748620000117e-43 2.875564131470000062e-02 2.559502075680000210e-01 2.579791459449999940e-43 4.602253755409999755e-11 6.443761210580000032e-61 2.327622951970000100e-23 7.152941510710000284e-01 1.978269415960000103e-32
9.927698216370000229e-36 3.656236489299999960e-43 1.258613781829999914e-30 3.734333092609999905e-01 2.902678791849999939e-05 2.728421928940000241e-01 3.536954705800000043e-01 5.355410863829999989e-16 4.771852917689999703e-10 3.217630603930000028e-14
6.552637254440000225e-01 1.761844184830000062e-13 1.191554330420000057e-01 4.099869093480000262e-45 1.217544657630000027e-02 1.742121652399999943e-01 7.624976971610000476e-15 3.919322969760000164e-02 1.165897699260000080e-21 9.677194354980000669e-66
2.577966542790000047e-08 1.146000270210000005e-01 1.660377755920000031e-01 2.243870066180000122e-01 9.904672848829999821e-02 1.709581524410000017e-33 2.404613463780000127e-01 3.295197959859999937e-36 7.361317437190000190e-10 1.554670893869999904e-01
7.798000163300000284e-16 8.074681045150000345e-26 1.815043527899999898e-01 2.091776705170000084e-01 4.237794297729999826e-01 1.490400035710000049e-08 1.848496452610000063e-01 4.045044389299999811e-33 6.888867549460000192e-04 2.195249879129999990e-25
1.883225626019999912e-05 4.999887489600000068e-01 4.999924187840000256e-01 1.663265278130000064e-46 1.121466104079999974e-54 2.951306905490000041e-28 1.846079363260000058e-68 1.241574360600000068e-27 3.134367082070000053e-25 2.511803772319999979e-67
8.364752832309999580e-33 3.316823154759999827e-13 5.100452316250000256e-02 2.774584071810000108e-01 3.192666761480000009e-08 5.025044808980000388e-01 1.690325568319999971e-01 2.025535688420000136e-37 5.081876836690000336e-18 1.786582535600000027e-52
2.965029759209999844e-06 7.499952425220000052e-01 2.500017888519999731e-01 3.595519394729999874e-09 3.782951143769999819e-21 3.223762109619999972e-46 3.083110759719999994e-33 1.220845440690000015e-52 5.514281784899999949e-24 8.042535322039999719e-40
2.922487432309999884e-43 1.143597778760000044e-01 4.239562539980000211e-01 1.371454293029999944e-13 2.312267391730000015e-12 4.500522336969999676e-02 4.166787447540000189e-01 2.422225587970000026e-26 2.717001376590000161e-40 2.516062321600000053e-55
1.906843541930000087e-04 1.162541840419999912e-24 1.563823909300000059e-16 1.455243308390000019e-82 3.889421259070000025e-01 1.475664055009999996e-02 4.997854794869999728e-01 9.632506927839999677e-02 4.226437900229999936e-10 2.534155050660000036e-36
3.382227481919999890e-02 2.032163852899999998e-44 2.728797562989999973e-08 1.484581086129999931e-36 3.442940160399999838e-01 1.592847053479999996e-47 4.497070586849999940e-01 1.586058329839999919e-110 1.721766231669999980e-01 8.819187648020000008e-47
4.317213002409999723e-01 4.259150977389999926e-02 3.641233567060000055e-28 1.391893239050000092e-26 1.335439194069999931e-09 5.561507086749999532e-38 1.363081969590000109e-01 1.749720456819999833e-36 1.981367835900000083e-13 3.893789916909999871e-01
1.068351410649999972e-11 1.209626972090000074e-18 1.968285788040000095e-01 3.446189071679999771e-01 6.792492357380000483e-23 1.196448696620000038e-22 5.844966534889999634e-07 3.896026557290000340e-71 4.585519295209999902e-01 2.396996042359999918e-21
4.958535586010000242e-07 1.294839659400000092e-84 6.656332122649999584e-53 4.238444855150000354e-40 1.244471996420000112e-10 2.683115060969999915e-25 9.257505720730000173e-23 4.548714955129999904e-01 2.109676517359999886e-12 5.451280085070000503e-01
1.107677891360000013e-24 1.216828231510000108e-72 3.609729737670000296e-11 1.935153990929999951e-03 7.735730660480000175e-06 4.000093973200000153e-01 5.080174669019999618e-25 2.865728120159999983e-09 5.980477100569999704e-01 8.973214391949999829e-32
5.970153480369999599e-01 2.418671245750000182e-47 3.221837372309999904e-29 9.701330050200000283e-36 1.035529116639999944e-66 3.812257314730000236e-38 1.185873467019999981e-55 8.801525534660000735e-37 4.029846519599999954e-01 3.666650784849999662e-12
5.970153480380000488e-01 1.149772559060000043e-47 7.301558661009999739e-30 1.318947387540000039e-33 8.756512064530000549e-67 3.139773307209999917e-37 4.171102494159999794e-56 1.670559631249999840e-36 4.029846519590000176e-01 3.726833040449999826e-12
4.038634210989999751e-02 2.167794270099999836e-24 2.786813011669999821e-18 4.055559946899999967e-24 7.176274038259999553e-32 4.666180877130000210e-02 2.062404315480000083e-18 5.955729277860000170e-01 3.173280957919999978e-01 5.082554099659999822e-05
3.867557110780000071e-10 6.665197895840000442e-01 1.640894232830000038e-06 3.329500189169999902e-01 8.036429870409999869e-13 5.962288718069999823e-55 3.607716562030000104e-37 1.496977081910000011e-17 3.986548161429999897e-40 5.285502171809999903e-04
1.725676954139999941e-01 7.395940522109999853e-08 8.895768954399999829e-12 3.856820336079999996e-13 6.195741889750000508e-01 6.922239903960000119e-59 1.141581070399999981e-01 6.989700575430000010e-73 1.526460508539999924e-03 9.217347409329999797e-02
1.290048117610000100e-01 2.108098640470000007e-01 2.733363531980000130e-22 1.529843314989999996e-33 6.594429713559999881e-31 2.078722561350000155e-12 4.092362685520000060e-16 3.859992866759999752e-01 7.376333227849999584e-14 2.741860375140000028e-01
1.310913160160000057e-25 6.372914973590000164e-12 1.468995649710000102e-17 4.692373845530000143e-01 3.296534172560000290e-20 5.521364063820000112e-02 2.311109476930000017e-01 5.130565692229999996e-25 2.444146666620000130e-01 2.336044671510000001e-05
1.076171391170000083e-31 4.398453216309999858e-01 7.514286979849999957e-44 6.636603079180000404e-19 1.059551741609999951e-36 9.749741801449999782e-20 2.758470673060000005e-17 9.722795467620000666e-07 1.331337203820000051e-44 5.601537060889999475e-01
9.488845801480000829e-34 4.284971049529999743e-01 1.430125232639999910e-01 4.284903290709999868e-01 9.687430508479999909e-23 8.747495542819999970e-09 3.396459478640000254e-08 4.397439990730000133e-26 9.007585765190000047e-20 1.715340367310000056e-20
1.472086256769999939e-47 2.273073369520000053e-01 4.284437465129999934e-11 1.582925400010000010e-40 4.040741798639999802e-19 2.658830851580000140e-02 7.461043544900000102e-01 1.268469920160000074e-30 6.722392119840000074e-46 8.284447242559999669e-75
6.902319360229999812e-02 4.005518248350000143e-01 9.830992000480000270e-02 4.321150610519999824e-01 5.060000123759999537e-10 4.183673012009999763e-75 1.356656497790000110e-50 4.915392657160000385e-28 8.861774641670000444e-37 5.319032880109999797e-15
3.089877627250000036e-01 1.500057359599999904e-03 1.344187784530000018e-39 8.517204466759999816e-63 7.482495478319999891e-31 4.996923167320000297e-11 1.367751273499999963e-06 1.009135685839999963e-01 2.323919819569999916e-18 5.885972435299999805e-01
1.293733342650000070e-29 2.455027694289999965e-18 2.606578757030000127e-109 1.280665646040000024e-69 3.798943450390000059e-02 3.540988799679999982e-52 4.104007542929999919e-01 2.295695252459999908e-06 3.115125292010000221e-87 5.516075155080000236e-01
1.167570689099999932e-08 4.312893435540000408e-22 6.989335223690000419e-13 1.832801916339999959e-19 3.035645519350000317e-11 5.852617629290000056e-10 2.442773645849999863e-04 3.483448448610000104e-12 6.247654355230000123e-01 3.749902748169999800e-01
1.426767780209999991e-34 2.286340578920000004e-69 3.162871099749999732e-30 7.087958184750000126e-03 5.009329072270000127e-01 1.353746853030000086e-01 4.590148859649999921e-18 3.566039956959999868e-01 4.535886105410000104e-07 1.021368904780000030e-13
5.065414191939999693e-12 7.836029004910000450e-39 4.994670526630000107e-01 1.679556009110000098e-03 8.481204340889999741e-12 2.938316628560000041e-31 2.558163802889999905e-39 1.719628021539999869e-33 4.988533913140000275e-01 8.920170945129999701e-24
2.121588620339999982e-07 7.492875930200000589e-02 3.104263188249999916e-01 1.082459140360000037e-06 2.622887432909999997e-02 1.991401039950000118e-01 4.694925819840000108e-04 6.451151031570000116e-07 3.888045112330000275e-01 2.207174972940000105e-13
3.605157511620000338e-02 1.173682429529999899e-37 5.648822708890000044e-01 4.028604800989999851e-11 3.780273477700000218e-01 2.279351510869999953e-57 4.606719728729999902e-39 2.400679683729999853e-42 2.103880618500000160e-02 1.112350195389999987e-21
1.405985863620000070e-11 3.204749085630000105e-02 1.034496479359999948e-10 3.283146101080000046e-01 3.355279094740000190e-01 1.551044245230000058e-44 1.748447809509999959e-38 3.041099894420000171e-01 6.484487275209999608e-54 2.217475780290000098e-12
4.871456546010000110e-01 5.785749222259999871e-04 4.301111234680000255e-07 3.895984399480000200e-03 5.440808701999999594e-23 6.497944011600000605e-14 5.964011913120000267e-37 4.822614788169999889e-01 6.467660845869999825e-05 2.605320054080000058e-02
4.117980272569999878e-01 1.233310537209999959e-15 3.246864170299999797e-02 5.934982777529999895e-22 3.543067118359999879e-01 1.957802095180000091e-22 4.629000133850000257e-36 2.014266192040000125e-01 1.023822133410000053e-25 5.047262279780000343e-37
5.638371843020000274e-01 6.191441799109999793e-52 5.738131279810000293e-37 6.053869884029999507e-63 4.361628156979999726e-01 2.357724296179999897e-55 1.205738021649999998e-29 1.912117532800000149e-18 2.933118131919999871e-27 1.762709229740000085e-27
1.132068264820000059e-01 2.880775959889999943e-11 1.177436080890000041e-30 9.594892519409999994e-32 1.162198249380000051e-35 7.969305752669999989e-04 2.369767503949999861e-18 4.713380712799999928e-02 4.900782061789999977e-01 3.487842296070000070e-01
8.673424924069999945e-10 2.210152220840000126e-01 2.076972667449999976e-02 6.046271172269999638e-11 5.515519149020000389e-09 3.476980135809999983e-01 1.555835168359999965e-01 3.657587436970000202e-06 2.548983208080000118e-01 3.153598482389999687e-05
6.021476420019999899e-04 5.297692865669999696e-18 2.683977287389999744e-01 2.389718301990000071e-01 4.920251695930000224e-01 5.517816576289999809e-66 8.184998499700000293e-17 5.528514683950000165e-73 3.123825361089999839e-06 1.526656205810000005e-12
8.188035195089999716e-09 1.294509543099999974e-08 2.825846196099999763e-01 6.546029326020000316e-02 3.880736232780000019e-13 6.674428913549999842e-02 3.957854106650000281e-12 8.382510511870000514e-02 2.308264118159999989e-01 2.705592599219999728e-01
1.803955332869999991e-10 6.045415873020000077e-34 1.973415508259999992e-09 9.541038621070000495e-35 4.433410375980000208e-07 5.981143898270000481e-01 3.288385437060000176e-03 2.302822132239999870e-26 3.985967792410000099e-01 2.974335416370000148e-51
1.529989995659999989e-19 5.692620442310000056e-03 2.418275216640000096e-39 6.230941891389999779e-12 6.484725466720000497e-01 3.688631474869999963e-37 5.097399448330000061e-16 2.841591231380000138e-01 5.345274971749999594e-56 6.167570974119999938e-02
1.718494348150000126e-08 1.356686779850000029e-37 1.984325496469999950e-01 3.442193634860000184e-01 2.111906093470000172e-12 1.080713819669999930e-22 5.977171780090000165e-40 2.743159314090000092e-18 4.573480696800000245e-01 4.221302700150000300e-18
1.202130664260000044e-04 2.425075811609999910e-01 3.938526483809999812e-01 2.303185063080000085e-09 6.940644094399999675e-91 4.073866848899999893e-02 2.197442882839999951e-57 3.227696791060000181e-01 1.120748467609999960e-05 9.123227177220000169e-12
6.376815217799999870e-06 7.500117105489999547e-01 2.499819114110000129e-01 1.224207644630000053e-09 8.370986125330000230e-39 2.044207342429999857e-45 1.165313608420000098e-31 4.785907196470000045e-45 1.389178784809999931e-24 4.180877293170000087e-19
4.606204482039999846e-29 1.333627447869999954e-49 4.945551827679999957e-101 8.373925780139999370e-59 8.079559012909999841e-19 7.697365547119999748e-24 2.321592996659999905e-10 7.698503198989999907e-01 1.987632321299999945e-38 2.301496798690000067e-01
2.958506391009999825e-23 2.012099500479999958e-16 5.246169273120000209e-36 7.717430666989999466e-01 6.667701807570000546e-55 1.144330848050000047e-62 2.408773884090000191e-130 7.049535257879999794e-06 3.872545829859999683e-55 2.282498837660000002e-01
5.500831543699999937e-01 1.717422713300000015e-01 6.784399994479999745e-05 6.357045147770000226e-07 4.693946666610000075e-14 1.448237522430000002e-12 8.840307500960000129e-29 2.780591819900000150e-01 4.319416202849999894e-05 3.718442794990000105e-06
1.742081295440000080e-02 3.185908747780000216e-01 1.678531527750000046e-07 6.639878106580000550e-01 1.446570369939999953e-68 5.928963573849999963e-22 7.503941393099999931e-63 3.107477159879999902e-12 5.571038066829999854e-12 3.337476647979999873e-07
5.198119990480000174e-01 7.426298928100000252e-02 4.645010348800000013e-07 3.767707692330000135e-01 2.770065779839999895e-02 1.523060322209999956e-72 5.650007019610000425e-25 1.090639959279999975e-33 6.146748783139999753e-29 1.453120137949999967e-03
1.727251337709999890e-01 2.944979412449999903e-12 1.155878669849999964e-56 2.019745879440000072e-103 1.539488529559999985e-02 2.932783390440000156e-31 4.613065128339999821e-01 3.505734643730000211e-01 9.648409383949999416e-41 3.723373576709999914e-09
1.079740758909999943e-08 1.182234765589999936e-19 2.047598938269999946e-01 2.198195995990000120e-04 3.034450742980000206e-26 2.672587230299999783e-01 3.529140502200000253e-51 5.277615136219999670e-01 3.912422270280000306e-08 4.060271417519999743e-40
1.886715952769999989e-26 3.554802525640000099e-01 5.837651043999999997e-16 1.330966557729999906e-13 6.804595952260000016e-102 2.014663377229999885e-01 2.107647000580000031e-58 4.430534097130000015e-01 9.947592377009999437e-20 1.716832027320000112e-13
9.485353255700000596e-02 4.724862532440000096e-01 1.266552543499999952e-12 1.965159035179999918e-05 3.989555896840000226e-01 4.150471226350000170e-57 5.054488546949999883e-22 4.730915625990000118e-24 4.947468958800000054e-24 3.368497292360000256e-02
4.637629447609999955e-01 1.309604347259999942e-10 1.504988754939999960e-06 1.027214191059999977e-58 4.850809844370000144e-27 1.906169492969999962e-17 3.575656262629999804e-01 5.834970980439999781e-46 1.786699238560000014e-01 3.329216381720000348e-27
3.057199621570000073e-39 1.503543349660000099e-04 1.547208802069999905e-08 5.303621510599999613e-19 9.983421150229999652e-01 3.375018814760000022e-11 1.507515135779999944e-03 8.525180437159999800e-25 4.096815150149999981e-43 1.228918738320000111e-53
2.537498576260000051e-18 3.177423788889999921e-25 2.635123808110000098e-04 1.990672480750000084e-01 2.522185487820000072e-02 2.283432362910000069e-01 4.653101345360000085e-01 7.038012101780000331e-31 8.179401383959999938e-02 2.800092026279999902e-33
1.920736045529999880e-01 1.505131082929999919e-01 1.042152618580000065e-08 6.344751263619999883e-06 6.574027531060000484e-01 6.924726004190000178e-37 1.227842483739999984e-25 4.178680346160000260e-06 2.699466971419999812e-35 1.949819238029999908e-10
4.286777730060000180e-01 6.935577435760000229e-07 1.760172087870000153e-27 5.639781617489999960e-39 2.758527773310000094e-25 2.144439170119999966e-48 6.554751954980000397e-04 1.536212437109999923e-48 1.326536338129999985e-17 5.706660582410000293e-01
7.934388275349999464e-01 1.484821523559999986e-50 1.435885088920000049e-32 4.001398417569999997e-22 1.527468970280000116e-01 1.918525081620000070e-121 1.046005812209999986e-59 2.935844136889999835e-31 2.444911671459999905e-22 5.381427543620000142e-02
1.055803570770000003e-53 5.450901103459999675e-01 2.237610757609999913e-13 2.176469312429999900e-02 4.154705504619999961e-48 4.331451956740000053e-01 8.553247287189999562e-10 2.081041363560000131e-34 5.904210343299999926e-21 1.199245034139999987e-23
1.418105741680000070e-31 1.542613469079999961e-19 3.981875145780000014e-01 3.863016677020000222e-10 1.449037251169999927e-07 5.977975773620000099e-01 8.541533287700000378e-19 4.014762770589999641e-03 5.147428719900000060e-23 5.352950974980000197e-41
5.998813665409999940e-01 3.999291389260000162e-01 1.894945332180000125e-04 5.079413387049999965e-48 1.441073831879999950e-55 1.506577819979999955e-22 1.284800015839999920e-39 2.039287470829999916e-24 6.699189886000000534e-17 3.715809546359999837e-34
4.976040076900000021e-06 2.430962875430000003e-01 2.530126047710000159e-01 8.412452855510000166e-21 3.385120849150000111e-01 2.450993785300000210e-04 1.646253172180000002e-01 2.157778222569999872e-05 4.820523234309999848e-04 2.879684400989999867e-11
2.747146361989999948e-22 6.132962222719999801e-01 1.252646590140000005e-12 8.374344461890000230e-26 6.877072027600000455e-53 5.321543924660000251e-10 4.504396880039999856e-47 3.867037771940000090e-01 9.111372589989999868e-32 1.479567182659999996e-23
4.841309221480000005e-13 6.759834049709999571e-01 3.120525606909999765e-04 1.017622404730000004e-20 3.236983046560000243e-01 5.785005092260000292e-07 5.659311906770000340e-06 7.022029688899999390e-14 8.764804452360000165e-36 1.294382127049999941e-59
5.968879188119999846e-01 3.974717090750000126e-01 5.372899021339999637e-03 2.674730908379999964e-04 6.671193047890000004e-21 7.711193112810000469e-57 3.298036142569999829e-23 3.429741843199999842e-60 2.618815610419999961e-17 2.282835525820000096e-14
1.028250945390000032e-01 2.064237557709999906e-70 1.259885544039999909e-19 5.047373318000000081e-02 3.600918448530000121e-02 6.292799951749999575e-28 9.470606959979999509e-48 5.919456711110000491e-01 2.174059023330000007e-01 1.340414351540000076e-03
3.839614910920000068e-01 2.576138825240000263e-01 5.596411243150000055e-03 1.910791278730000010e-15 3.240967656370000172e-01 2.049142789290000074e-14 2.873144950469999973e-02 1.101679238789999907e-15 7.527860335209999891e-23 3.953453553509999888e-28
2.701152887319999930e-09 1.197765678660000013e-02 6.642302709350000499e-04 3.224396399199999723e-05 7.359750325239999735e-07 5.324127610969999758e-01 6.722669860489999694e-04 1.856097252320000092e-03 1.063260068110000039e-01 3.460579981549999906e-01
5.392827381590000190e-80 1.357701270880000124e-10 5.951736531709999789e-38 3.524504278130000018e-06 3.770296515839999807e-01 9.810074877239999930e-08 3.369561013049999776e-01 2.860106243700000217e-01 4.941879975500000229e-63 2.303690903159999789e-16
3.439157000219999778e-04 5.987222016479999525e-10 1.161990787009999919e-40 4.491953283990000062e-67 2.124987919949999899e-16 5.847097328799999623e-11 2.945759385860000079e-01 7.050801450500000511e-01 6.291674043390000039e-24 7.164061257720000305e-12
4.456204289509999902e-13 2.576392622709999943e-13 7.236831191460000155e-20 1.873330779610000047e-05 1.748268419740000110e-20 3.662568364939999821e-01 7.625884738400000578e-05 7.521476320250000680e-02 2.614879898409999984e-14 5.584334081470000433e-01
7.767705355080000283e-25 5.776538257720000268e-122 8.728300768000000488e-36 1.362147834000000086e-20 1.328619821529999911e-01 8.191316583320000511e-02 1.534595087240000032e-08 3.702000061759999835e-10 7.852248362979999952e-01 7.451831779480000121e-23
4.000029546919999790e-01 5.999968433300000292e-01 1.644307194429999902e-13 5.526392368849999965e-21 8.557040116460000079e-13 5.858358677090000302e-47 2.019765293359999920e-07 7.321638622330000504e-58 1.422533038650000105e-16 2.183827279939999955e-16
7.208869312589999695e-36 2.560942656640000189e-49 8.234142317820000543e-113 3.917835896079999900e-57 1.148356809090000065e-26 6.768795768869999644e-24 1.078025170160000090e-15 7.699202966120000102e-01 1.115102617819999937e-48 2.300797033879999898e-01
3.678194571549999736e-01 8.123524853589999704e-04 6.207615025329999694e-04 9.180790804269999733e-07 4.669646353680000315e-14 3.618817255939999888e-34 1.383362551309999966e-42 3.959964815140000205e-01 3.510544157079999935e-20 2.347500292639999875e-01
5.294131297600000264e-17 1.481919437909999948e-29 1.850014932799999884e-24 1.588526719819999887e-05 6.475688644029999885e-01 8.518546885659999515e-63 3.024008559929999975e-11 8.039741202289999379e-64 1.327370836749999925e-08 3.524152370259999723e-01
3.149330941640000276e-17 1.789102598489999907e-25 2.108622361439999870e-01 1.274876672799999944e-01 5.222093249089999611e-01 5.361227776890000391e-10 8.262935921649999793e-02 8.720336670550000006e-37 5.681141191490000214e-02 4.328839299070000024e-26
5.609934718369999906e-01 3.300570466259999996e-29 2.020826445059999937e-43 4.649963899970000278e-54 2.530160442990000160e-15 3.427751329070000130e-01 8.284356243279999976e-02 9.793745944940000780e-03 3.594086707070000015e-03 1.709001686369999952e-10
