6.367407808449999647e-40 2.095839703229999962e-01 4.664089900820000196e-43 3.718025744890000355e-52 7.170182281420000026e-01 4.721988771859999636e-52 1.100145660889999998e-59 7.339780153500000126e-02 4.977880415209999832e-36 9.875007095760000473e-27
5.000634067100000468e-01 2.866619258279999838e-39 4.999365932900000087e-01 3.046346103879999966e-25 2.299356495720000159e-42 1.241150990409999969e-20 3.892016173330000057e-44 2.290404982929999904e-18 8.365481366190000194e-38 1.215705768590000058e-25
5.708309398730000428e-01 4.480510367859999734e-23 3.219042144050000179e-17 1.332831125250000079e-14 4.321461117189999894e-07 9.624899615809999545e-19 3.257161083609999984e-43 4.291686279809999727e-01 5.272225696670000169e-38 1.478505879750000035e-17
7.205086368010000258e-10 8.268521636589999370e-14 1.620452303880000044e-24 8.768602415529999639e-02 5.415169898689999872e-01 3.977553546939999775e-20 9.105335143990000710e-31 1.457879864720000064e-03 3.693389256219999917e-01 1.797688021510000040e-07
3.782554866889999978e-01 8.651348331659999447e-55 3.783046480230000119e-01 3.324773221419999936e-23 1.343353127870000058e-56 7.509937899399999922e-55 2.160417916610000010e-91 2.434207843750000044e-01 2.700677168569999773e-50 1.908091241789999979e-05
7.900626893609999368e-02 3.388293551920000105e-11 8.140125782109999368e-15 4.732945578359999683e-02 1.971870326050000066e-01 4.150474469149999965e-53 2.510220475200000134e-01 1.014404417539999971e-03 1.638548657570000156e-36 4.244407907039999817e-01
9.860038681180000409e-102 1.272430934110000134e-01 1.352880590710000041e-74 3.167202399399999867e-27 1.840749129200000000e-01 4.482030941640000163e-73 7.748133214089999992e-17 1.660955391859999931e-19 5.685366001870000296e-01 1.201453934819999986e-01
2.927692663710000181e-15 3.543986361699999880e-10 3.597072861469999827e-01 3.700719878610000099e-16 4.533669869100000356e-25 1.308399687660000057e-20 7.333266335180000281e-25 1.830437288900000070e-01 2.305238641160000101e-01 2.267251204919999985e-01
2.225270648209999869e-01 6.035202575789999808e-03 9.333209440449999339e-02 5.342217322479999586e-01 1.589224549530000039e-04 9.342974103740000326e-41 2.801814457640000137e-06 2.550485732499999797e-03 2.041881120549999844e-09 1.411716939069999899e-01
1.468194378870000088e-09 6.197433534999999827e-01 1.043573383999999923e-02 4.108928766129999975e-16 6.118958740040000287e-09 1.027925612710000084e-55 1.185662814619999943e-10 1.647612713150000130e-01 4.682391552909999838e-35 2.050596336399999886e-01
3.167040712640000070e-39 3.567399493919999966e-32 2.679081734400000081e-01 1.040234414969999905e-12 7.339922184729999638e-96 1.837443049110000089e-53 1.403215554979999891e-01 3.555361491889999974e-54 5.917580873840000422e-01 1.218367624899999963e-05
1.764767397569999911e-11 2.084553071880000108e-01 1.798459117639999993e-01 1.044926371299999919e-05 5.211718450860000228e-17 4.602557890269999994e-32 1.060457469729999952e-07 5.116418791960000365e-03 3.409587551589999821e-01 2.656130517699999971e-01
1.876707559649999912e-01 4.310959605149999827e-42 7.431076660819999624e-01 2.593257116620000037e-21 6.456276893159999521e-39 3.095742568650000046e-42 1.109821191829999927e-76 6.910743350980000366e-02 4.017345327869999647e-34 1.141444435309999964e-04
4.675587546930000116e-01 1.036289975280000078e-42 1.926112362470000070e-25 2.640551511900000052e-24 6.759353612420000251e-14 5.324412453069999884e-01 1.720760746269999890e-53 5.122279011830000293e-27 3.872487215919999755e-41 2.322237447820000073e-54
3.982131353039999935e-23 3.433690480600000035e-10 4.077449048519999897e-01 5.286658877939999974e-32 3.621341819639999813e-44 2.916196927609999975e-44 7.713378576010000353e-11 2.276709355509999935e-03 1.415169547480000076e-26 5.899783853719999804e-01
5.120463320170000054e-01 1.897685052090000005e-32 1.171663539340000018e-36 6.400517487839999733e-09 4.879032263490000187e-01 1.518027544109999950e-51 5.043523352599999768e-05 1.630743626900000109e-25 8.663219738000000552e-104 1.542244123179999959e-28
7.885935664200000320e-60 7.483107952929999533e-08 3.387527441119999845e-53 2.857530224699999937e-30 8.531008953889999604e-09 8.508220366950000259e-45 9.691617472909999977e-41 7.327761782199999629e-01 1.241534636869999990e-05 2.672113230720000177e-01
3.104282941200000034e-01 1.681948147259999988e-04 3.100544250569999827e-01 8.046336638050000503e-17 3.454104264349999840e-06 3.788969764770000265e-15 1.329397704749999964e-01 2.463480291990000071e-01 2.268315717849999901e-36 5.783222917950000110e-05
5.485180314390000061e-02 3.338979540589999884e-46 7.640175143220000464e-01 1.682821692539999934e-31 4.729540950570000128e-60 4.046619292469999907e-47 1.496540875909999956e-76 1.811306824950000005e-01 1.968374173869999925e-54 3.871071468290000240e-11
2.004022411260000130e-07 1.049160597839999979e-26 3.313315141600000069e-01 6.135220040279999554e-13 1.585704833260000100e-23 3.132623758120000087e-07 2.204408668640000019e-66 2.339120403820000027e-01 3.178616208560000045e-01 1.168943109370000066e-01
3.262900163090000083e-01 5.473625945709999595e-22 1.753892138719999874e-23 4.713070687260000112e-14 5.843553797480000034e-02 4.913812238820000166e-32 8.452778143129999504e-20 6.152744427959999651e-01 4.089029292839999631e-68 2.920196018390000016e-09
1.994283281339999814e-03 2.698105084410000026e-20 1.277956773039999972e-23 1.791230590590000005e-01 2.809657740259999814e-01 4.211049496820000182e-01 1.162717077359999990e-01 4.343624077099999730e-08 6.387925201079999670e-25 5.401827791900000106e-04
1.568980450730000135e-17 6.885667215250000236e-44 7.439653796039999603e-11 1.880146263450000008e-04 5.253549583150000266e-43 1.780162349330000036e-17 3.744961425450000214e-01 8.462913176280000180e-34 9.330538931970000475e-14 6.253158427549999621e-01
7.645865675749999568e-16 6.688860681430000565e-02 1.695375675340000110e-01 2.534350391760000170e-12 5.631521572110000147e-16 1.813232202589999953e-01 2.487616774460000013e-01 3.255884495330000121e-25 3.334889279450000132e-01 2.692953907230000177e-23
5.242638152339999600e-25 1.356837360110000057e-01 2.301208811959999934e-01 8.298676072989999463e-26 6.055783294359999947e-24 9.425599446800000163e-20 6.341953827930000287e-01 8.295384119609999700e-23 3.580753340970000226e-13 2.076789699179999968e-16
3.000256210519999800e-01 2.427159542269999852e-17 2.457593668670000032e-17 4.276309017569999839e-06 1.896184245330000129e-01 8.908403113760000186e-03 5.014363526009999461e-01 4.379283982110000214e-06 2.887703275339999863e-24 2.543108082650000104e-06
4.726722833640000232e-01 1.586975771980000110e-19 5.844668726789999840e-04 1.153046544359999926e-05 2.500969635650000010e-20 8.434656577959999402e-02 1.312600043090000065e-20 3.176985590790000046e-03 4.391828717949999850e-01 2.529613275879999930e-05
3.169323449749999886e-16 2.295033645569999948e-22 7.539486942120000494e-26 4.711855036359999804e-01 1.267174054379999902e-10 3.452566893709999803e-12 1.480306275010000110e-07 9.314938444819999781e-28 5.288143482039999732e-01 4.411991560060000293e-14
2.721847628870000132e-04 2.053959997569999930e-05 6.410618939579999509e-01 7.874982101350000150e-35 8.878176997380000581e-17 5.770864941710000457e-07 3.586448045560000075e-01 3.598668549649999793e-11 7.447117251629999591e-51 2.994696728630000134e-28
3.104013340160000078e-01 1.493159993100000001e-04 3.100608602759999943e-01 9.851606318589999377e-18 5.121460180880000297e-06 1.692403613009999974e-18 1.329687297440000082e-01 2.464067140260000066e-01 4.389838956899999694e-37 7.924477704110000477e-06
2.108312564149999841e-06 3.483595266119999811e-01 4.021148999940000190e-01 5.615756553349999782e-20 3.674853078820000149e-16 3.057796256539999976e-36 6.519953707880000221e-26 2.495234650810000121e-01 5.120090926789999906e-21 1.353255874289999919e-15
2.503510382709999874e-95 1.389053023619999938e-01 3.200192022499999896e-67 4.207769091890000296e-39 4.556933879529999756e-08 1.293978877079999929e-19 3.790186366569999743e-01 2.510579475610000060e-49 4.820760154109999807e-01 6.750927457939999702e-40
2.533439710770000186e-01 8.676134158629999697e-14 2.532566548999999889e-01 5.936031842530000290e-26 4.854417008369999834e-15 3.248365247250000198e-01 3.043352321420000174e-59 1.685628492150000046e-01 8.312016895730000000e-11 1.306004789569999980e-22
2.557204500499999990e-37 3.827775085910000152e-01 7.155620329740000298e-47 6.266349358460000105e-60 3.410737639179999836e-01 2.760671814569999882e-01 8.154603371769999999e-05 4.404617299649999926e-55 4.491419956840000029e-43 5.515741433650000275e-145
8.106898432040000264e-47 2.637619261310000240e-01 6.752078890759999723e-44 3.193796823530000193e-20 4.247478912220000180e-01 5.778197877489999493e-26 1.160418723829999971e-01 1.771131593549999860e-24 1.954483102640000025e-01 1.179039117769999988e-17
2.077531700240000031e-16 2.942847630260000254e-07 5.708430656299999795e-01 7.868542866669999606e-31 2.943578985519999999e-21 1.453895625460000009e-17 5.890629404239999758e-46 4.291566400849999852e-01 1.661024090230000117e-13 2.100878617099999977e-15
4.450109415480000091e-21 1.457533496279999974e-21 4.337406879569999798e-20 1.835419598030000093e-34 3.766893479210000136e-24 5.942784002329999967e-73 2.515544203300000115e-42 9.999903345370000363e-01 9.331023208900000210e-64 9.665463149109999175e-06
2.299632557700000135e-01 1.687373176779999873e-01 7.906443705890000444e-07 2.621749623479999837e-21 9.788523679709999693e-05 4.795078454659999686e-08 1.585037213720000004e-01 4.426969813480000071e-01 2.254706371360000017e-42 1.875954015620000056e-19
3.623728445970000185e-41 3.660516923330000122e-63 4.750582392939999843e-01 3.034464113709999813e-18 5.374911356299999865e-211 2.319137429060000059e-36 8.878993393480000209e-20 1.046346440509999967e-50 3.662165891070000012e-01 1.587251715989999867e-01
5.223478275100000049e-22 7.981752439830000300e-06 7.197328197869999612e-21 1.883905947949999867e-17 4.504873656930000192e-01 2.534676703080000065e-02 1.449599331659999941e-27 7.070534981929999799e-21 5.241578855240000001e-01 1.283731826059999985e-29
3.024342964610000276e-14 3.758012554809999705e-17 3.553561680519999877e-01 1.530311805700000024e-06 1.582066526539999970e-29 4.305798601640000167e-01 8.267976343830000727e-03 3.498039750670000052e-21 2.057852613070000058e-01 9.203821711740000551e-06
3.170353972709999968e-01 1.383486862920000051e-49 3.108692610770000253e-01 1.927389205100000107e-36 2.128752068020000057e-64 3.720953416519999779e-01 5.480516715749999832e-19 8.017942267079999734e-57 5.226946900130000409e-57 4.858331404899999930e-78
4.996734245400000218e-01 5.594919967029999916e-34 6.759444281700000361e-13 2.224406450679999869e-02 7.230980632019999847e-13 2.086802115759999867e-05 4.780616221269999855e-01 1.350887452910000023e-21 3.230195202650000166e-33 2.080374138740000026e-08
4.521042783890000005e-22 5.800676020140000279e-33 9.665117113090000711e-35 4.699808534689999817e-01 1.835523255470000085e-12 1.856671510589999999e-13 1.113942660139999948e-09 3.820132751280000043e-45 5.300191454149999482e-01 6.268462837350000306e-21
3.589542571989999820e-01 6.212189560089999614e-07 3.207772843980000047e-06 1.910398102710000011e-03 9.008204374780000301e-02 6.740295877570000327e-05 5.814687114000000473e-07 6.212834656510000441e-16 5.489814875320000453e-01 4.710860195549999876e-20
3.093074548909999864e-09 1.542583998600000061e-02 1.118952021649999989e-01 1.201319758269999940e-16 3.733162154679999766e-16 1.540448178959999970e-01 3.053996174560000276e-01 5.379253818689999755e-30 4.132345194029999891e-01 2.408201287850000096e-39
4.730284130270000270e-13 6.096904165380000462e-01 7.091917215509999704e-07 1.117773052940000052e-38 8.777833983209999825e-15 8.987424129600000244e-17 3.903088742699999947e-01 2.134359806740000036e-23 1.476189428790000024e-48 4.573096533570000172e-49
1.942343259590000152e-30 1.031988462829999963e-24 7.035865342249999569e-13 9.871227170010000199e-11 2.610883464480000034e-43 1.244927027039999998e-17 4.177903508010000211e-01 3.067168416000000063e-50 5.822096490999999485e-01 1.628568047739999855e-20
9.576338883480000439e-22 8.040508663440000536e-02 3.208447670560000131e-01 5.611762105609999794e-59 1.338833651600000081e-33 4.330355659159999815e-02 9.148277010419999794e-81 5.554448929580000360e-01 1.696759230099999989e-06 5.648106596679999915e-40
6.626804878689999803e-21 1.214315513610000064e-01 1.312073617950000111e-16 2.864232807900000184e-20 5.010217432820000122e-02 1.448202306569999955e-28 7.915138591600000277e-44 2.278313812870000066e-01 6.006348930220000160e-01 1.723838795570000067e-12
1.285563811730000006e-01 2.349626930949999951e-08 7.219505467619999602e-12 1.345564058929999973e-05 4.734365391370000120e-01 6.200335671430000163e-60 4.551037076370000045e-02 3.516953086280000251e-01 1.345950160770000004e-57 7.879211554840000447e-04
1.359946073619999987e-10 9.906941268619999734e-44 3.854647819599999977e-52 3.416948607379999836e-01 6.580699456159999627e-01 2.351935106950000110e-04 1.905386287229999862e-39 9.456760521619999926e-35 7.059858375079999764e-15 7.015861320870000477e-38
5.664216891960000000e-01 7.248042883500000478e-24 4.794553856420000116e-17 6.573792714439999628e-22 2.556322755399999820e-07 5.638228521229999603e-03 2.896485904339999914e-79 4.279398266500000214e-01 3.902920185630000213e-21 3.572354747420000054e-26
1.386788310149999944e-09 2.306553482370000130e-01 2.898434815329999914e-01 3.906649182540000083e-37 3.005639856809999973e-18 4.397068278919999762e-17 4.795011688420000029e-01 6.261772106879999821e-24 1.421919339009999914e-43 4.679880905310000337e-44
5.430531077479999553e-10 3.434560218689999833e-01 2.790045186099999741e-01 1.473128239829999976e-33 4.912366317320000145e-16 3.775394589680000079e-01 8.530750753050000025e-16 1.174188331090000041e-32 9.557089694390000351e-12 7.513695452180000300e-65
6.512540410100000240e-08 2.683507094429999906e-01 3.189551601799999949e-17 9.900564413159999898e-43 1.693418043659999928e-01 3.604442141199999845e-03 5.587029789249999823e-01 5.893706290049999821e-31 2.183097218820000023e-69 1.114948740140000048e-90
8.188739501439999575e-45 4.130311849539999858e-01 2.413095869190000076e-01 1.429814398680000071e-33 5.219652208729999833e-41 6.291090567470000181e-18 5.636384586830000024e-08 4.772074832419999764e-12 1.137928593900000042e-02 3.342798858189999778e-01
6.877649199819999485e-14 4.219090256809999734e-45 5.419588269759999808e-15 1.163272784049999945e-04 5.283792000239999977e-43 3.518519502219999657e-21 3.745639207779999924e-01 2.745136634750000096e-26 1.838936282150000085e-24 6.253197519440000240e-01
1.363027311419999981e-38 9.558710150589999621e-02 7.254414310879999661e-01 6.266668992260000330e-103 2.090253422300000130e-45 1.757761606970000001e-01 1.082347923199999962e-98 5.189328087870000078e-10 3.195306189920000053e-03 4.916780384039999965e-56
4.182445732930000215e-01 3.533418649629999769e-02 4.295149148969999847e-06 2.559804062509999970e-06 3.185797140669999750e-01 1.020663119360000057e-31 1.562949895040000131e-20 2.278346711789999979e-01 1.712857122240000111e-20 1.204096776430000041e-11
1.377856459430000034e-26 2.181797831490000056e-33 7.656691815690000072e-59 3.879971612659999791e-01 2.555448815400000158e-07 5.072545481469999951e-01 4.622158643810000247e-14 4.851948272639999694e-27 1.047480350429999957e-01 2.475631988489999999e-14
2.497961978280000169e-32 9.035363715039999466e-16 4.986875266460000084e-30 6.216934122900000020e-26 3.395308069750000214e-16 8.634732301089999587e-38 1.392146276209999975e-43 5.497514047779999968e-01 3.532626029999999873e-11 4.502485951860000224e-01
2.142421773840000043e-01 2.169308901710000070e-01 2.587671025170000250e-01 7.281088221540000133e-16 2.511886260430000184e-01 5.716920056600000022e-02 3.324790270629999660e-27 4.310422510689999743e-10 1.702002888110000023e-03 3.534314250640000287e-30
4.485951386869999779e-06 3.475993331219999760e-01 4.011186569719999984e-01 1.512216277479999960e-26 3.685457801629999657e-12 3.010749795359999855e-17 5.960106607989999985e-46 2.512774151230000030e-01 1.088273992770000004e-07 2.356808889090000018e-24
2.490191282679999896e-01 3.388337394050000228e-42 7.489670292010000008e-01 2.063835469649999981e-35 1.434074645439999921e-55 2.013842530980000049e-03 1.965768883599999933e-24 1.064377703129999950e-42 1.892101040739999961e-49 4.344931674030000299e-64
1.188417264000000001e-01 1.232117481669999990e-34 2.897933336520000102e-18 3.442306036950000259e-01 6.828141213940000194e-10 5.369276691640000321e-01 5.775933459780000315e-11 8.805694148079999425e-24 6.367562299900000576e-23 1.877112567860000029e-17
5.370849970429999760e-36 5.050994970690000363e-01 1.624682405110000061e-01 3.618868691239999883e-32 1.316540693669999943e-40 2.515471387960000196e-32 1.222604339790000057e-05 7.463212001290000244e-21 3.324200363609999820e-01 1.500599123679999989e-11
1.110115743969999961e-26 1.360877738240000091e-22 5.014310386060000219e-31 5.057421814430000083e-70 3.156348632309999831e-27 1.000000000000000000e+00 2.677202395439999997e-47 1.304312343660000047e-40 2.596024730540000110e-45 1.652722916740000107e-119
1.920385830490000083e-29 6.236999393860000176e-48 1.947711722320000131e-85 3.491163636849999863e-01 2.575603382259999963e-01 5.443254963879999660e-38 7.778094230800000359e-04 3.998947445389999975e-24 7.207767909899999980e-44 3.925454886659999754e-01
3.057055690330000074e-36 3.671822225360000247e-01 2.131645022889999951e-13 3.943051545609999882e-66 6.501297553450000075e-18 1.185251997119999999e-16 1.512361417319999936e-58 6.328177774640000308e-01 1.058272079759999973e-16 2.004720904900000049e-22
4.712685412649999764e-81 3.897009499350000310e-18 5.126934112000000190e-103 6.492399761839999790e-09 5.553366185210000250e-01 6.008847167639999946e-59 1.431149880580000009e-13 1.036666784360000050e-27 1.300828071560000132e-01 3.145805678299999908e-01
4.441819531030000119e-36 1.205439516440000017e-07 5.682097623130000219e-01 1.590016564379999960e-35 7.870296499380000528e-43 9.132952603999999935e-12 1.355682364879999880e-26 2.227390201469999941e-13 4.317901171319999953e-01 1.448034491800000071e-12
5.016569856079999834e-01 2.501031741320000057e-01 2.478435967829999975e-01 1.364409710349999942e-12 1.457118169739999954e-08 2.626394667329999861e-25 3.962289048619999868e-04 1.068936662079999982e-15 5.518525407980000028e-24 1.467001943900000019e-27
3.868980099819999795e-40 2.524943914659999994e-32 2.679084838929999823e-01 4.528252959699999998e-13 7.049202010140000521e-95 1.456264953019999971e-53 1.403185238699999893e-01 9.725679870380000153e-55 5.917585392680000389e-01 1.445296787139999984e-05
2.633327249649999868e-02 3.393560055959999877e-01 1.099749321509999930e-09 1.285909953229999923e-14 2.884712682539999906e-01 1.464293807159999995e-30 2.452914210549999863e-01 1.005480314990000040e-01 1.666451413280000021e-52 1.647507823190000088e-15
2.109922966339999929e-48 2.567289384750000014e-01 3.071845617549999741e-01 2.453460810990000143e-26 5.012165129600000048e-42 3.482930475219999805e-43 3.387486154159999874e-01 2.054408006210000087e-24 6.888577629139999714e-02 2.845210806189999928e-02
2.360619558710000121e-01 1.151519373049999946e-23 2.539193119249999817e-18 3.054533066019999854e-01 4.546514026980000032e-07 5.128733322170000265e-17 6.290056570769999436e-20 3.550572189680000212e-01 3.031384747109999789e-16 1.034270639079999943e-01
9.103800211369999302e-27 1.119081638099999952e-31 1.474811751860000008e-27 7.508983987749999756e-01 1.728329010399999896e-25 1.070249647839999961e-65 1.922559187799999990e-14 2.454319236709999937e-29 4.416105099920000110e-09 2.491015968089999866e-01
1.365343987219999974e-09 3.253039250249999820e-02 4.247680901979999923e-01 2.213180867760000115e-01 4.856104542900000305e-11 1.721047701650000063e-32 1.230593920699999896e-04 3.328865383880000057e-10 1.686808208639999918e-01 1.525795485210000024e-01
1.435187110010000057e-29 9.984466183839999372e-28 3.243458136239999881e-43 2.603738480520000065e-02 5.909153008699999783e-08 8.410033441009999719e-54 1.877100660009999982e-40 1.122986236499999949e-16 5.154498984969999587e-01 4.585126576060000181e-01
5.706700298799999942e-15 3.615356977540000218e-20 4.503148783159999780e-01 1.006075047970000085e-12 1.581734682270000062e-43 3.803610623070000123e-18 5.496829432030000406e-01 3.653818018200000164e-44 2.178479772789999972e-06 7.603038826639999649e-30
2.842786850559999924e-26 5.296303889219999839e-01 3.319289600219999834e-14 1.484006408799999997e-66 1.194377619860000087e-18 4.703696109519999724e-01 1.472016843849999909e-29 1.251114957970000088e-10 7.017037089620000542e-29 7.727365893419999868e-43
1.024697594649999933e-55 5.566967804790000018e-30 2.765696810139999991e-12 2.326955227130000023e-37 1.160897238670000004e-85 8.047807064960000033e-38 2.500136219199999931e-27 1.327047552680000084e-57 9.999999999969999553e-01 4.760354326199999563e-28
5.000634067100000468e-01 1.123617134990000063e-38 4.999365932900000087e-01 1.170693121839999956e-26 3.404831856979999945e-43 4.081335041159999751e-20 2.931682828500000126e-45 6.062369059639999638e-17 3.497814797600000231e-36 9.281197963309999463e-25
2.038642913769999934e-05 4.951257884160000520e-35 7.702797952900000832e-06 7.546555452360000304e-09 4.256873712400000046e-32 2.939902072520000116e-17 2.057217386080000045e-67 4.577206962200000007e-01 2.258954095329999967e-01 3.163557974730000222e-01
2.533441694110000197e-01 1.019682263359999930e-14 2.532568538889999887e-01 1.235432592150000005e-25 5.165974427309999734e-14 3.248364118250000043e-01 4.170118789979999583e-59 1.685625648050000092e-01 7.022968672010000050e-11 3.757206272299999903e-22
1.296347061510000057e-12 3.679375749160000137e-29 2.810318434910000218e-01 6.292037814050000036e-15 2.104773260869999895e-48 4.044498541830000016e-01 3.205530670330000123e-14 3.475576264399999841e-27 3.145183023249999987e-01 1.032393517299999958e-18
4.140338288689999911e-21 2.215861606679999929e-01 3.438128629330000130e-19 4.958000963910000428e-10 1.878028801490000121e-01 1.382473818979999942e-40 4.195752822530000037e-01 7.143026589909999517e-07 9.961653772139999430e-13 1.710349621299999956e-01
1.295190414829999949e-54 3.734555693520000275e-01 2.157282580789999881e-12 1.251888983890000022e-65 5.657626288330000238e-44 9.037923812919999595e-24 2.195355920060000024e-38 1.648536157690000013e-28 6.265444306459999613e-01 3.998322629609999944e-52
5.695624510220000532e-20 6.010877059999999707e-06 4.212992887099999884e-20 1.032470519539999930e-18 4.504929050259999790e-01 2.533784239540000024e-02 1.512066867110000031e-28 3.658968428920000291e-20 5.241632417010000378e-01 2.134954726860000124e-32
1.549699434039999899e-22 7.568882822549999334e-02 3.063276665040000069e-01 3.524201270300000224e-61 1.919998975600000054e-32 6.609249937130000363e-02 1.201118374550000009e-80 5.518803123919999720e-01 1.069350647559999925e-05 3.711866768449999647e-40
2.953005855020000152e-36 9.446199654929999682e-37 1.753858812619999972e-97 1.588714087800000008e-01 2.186559221350000137e-01 4.404390345440000176e-49 6.224726690849999855e-01 3.734687304680000017e-37 8.673408941800000171e-39 6.821940984599999789e-15
5.885476660200000237e-30 3.052628876269999878e-22 4.224814655570000108e-04 4.279168828690000005e-19 1.908876784720000109e-59 5.059725137490000015e-23 1.085267271120000020e-23 1.483483064050000109e-13 4.963644401299999731e-01 5.032130784039999805e-01
5.006388186419999942e-01 4.993231484819999899e-01 9.892127060120000032e-06 1.153755481960000048e-13 2.812711252319999997e-05 1.967709040269999828e-15 2.217180314149999797e-09 1.141980503430000005e-08 2.874096293020000120e-24 1.642212251189999870e-26
5.005146189639999577e-01 4.991986864899999876e-01 4.450448212669999934e-05 9.383532270959999203e-13 2.421794289099999916e-04 3.025077232400000192e-16 5.673516883360000437e-10 1.006604473859999943e-08 6.788879299380000577e-24 6.589334729449999472e-26
2.733658767030000140e-14 6.684590573339999306e-58 4.437755935180000241e-24 6.934412884049999670e-01 5.838201607069999917e-43 3.181524148409999743e-20 3.065587115949999775e-01 2.296431422169999953e-70 8.771476386819999994e-23 6.690976315819999347e-30
5.771772780519999846e-09 1.506925358369999926e-02 1.614573360929999866e-14 2.998721127099999773e-39 1.528128189070000016e-03 6.891419005479999527e-01 2.942607119080000166e-01 6.768721228030000384e-15 6.710187575369999997e-50 2.479593432729999893e-41
7.582053148839999687e-45 7.586810190970000312e-01 8.008427329880000500e-40 3.247042255100000055e-51 2.412295527480000090e-01 1.641595961750000087e-51 1.205224928300000101e-62 8.942815472690000540e-05 1.155291268550000022e-24 2.329329976890000098e-24
5.120672966970000184e-01 1.025198374389999993e-32 9.755816382239999948e-37 4.953174887689999873e-17 4.879282526029999900e-01 3.111223811749999828e-27 3.411750553359999641e-21 4.450699778049999771e-06 7.093673477399999780e-96 2.554524517990000141e-19
8.836161159740000511e-23 8.352916272519999604e-25 8.932838829670000205e-27 1.928406129450000042e-14 1.645040375160000066e-13 8.230836389510000488e-17 1.449323909770000079e-86 6.506386121560000513e-01 3.394605477389999737e-01 9.900840104740000688e-03
2.597936219549999981e-01 1.131260441229999949e-32 1.735505325490000079e-36 1.442231468020000001e-16 7.402063780450000019e-01 6.006089981499999885e-26 9.793338591469999375e-24 7.936008175749999413e-23 1.662456993209999886e-70 1.977337570690000104e-41
3.997982061950000098e-21 4.436760890469999800e-29 2.542315641099999746e-01 5.104882220790000065e-24 2.528270443029999895e-54 5.050352452390000080e-01 8.431283637649999868e-33 3.179024367140000095e-28 2.407331906509999897e-01 1.196727528000000006e-20
1.240688102809999957e-02 4.780014624230000240e-17 1.667021449019999906e-14 2.551974904459999860e-02 1.213335260629999982e-02 3.712236026929999766e-01 4.267634808090000378e-25 2.650264365930000143e-01 3.136112744749999792e-01 7.870355912789999396e-05
2.227236941669999923e-10 3.434558984389999847e-01 2.790044886820000070e-01 2.805213900479999811e-41 2.903007620039999830e-15 3.775394613499999941e-01 3.447963728160000194e-13 1.513060639530000068e-07 2.357596375229999828e-28 1.480596294079999967e-29
2.596141458169999860e-01 4.881698075729999679e-31 3.500112128580000049e-36 2.170694839329999968e-09 7.401864507500000023e-01 8.558320788110000689e-53 1.994012623279999908e-04 2.452802697099999936e-21 2.547993853830000055e-115 6.460684260509999905e-29
9.939883022559999515e-73 3.292815174390000227e-25 3.054051085079999741e-113 9.883166048740000287e-13 5.050006691109999446e-01 1.069739717149999926e-20 4.448812152650000185e-01 6.430502616840000062e-72 5.011811562290000022e-02 8.217858669039999609e-35
4.385349801050000135e-02 3.516337270589999786e-01 1.486659474550000099e-10 3.873959388430000007e-15 2.837782852019999913e-01 3.424120107509999774e-32 2.321565892459999947e-01 8.857790033399999541e-02 2.392878108620000013e-51 1.991796739129999877e-14
2.786809648949999760e-60 3.220159591109999772e-10 1.785770902779999993e-52 4.941561723379999709e-08 1.020177791180000008e-07 6.869187120479999852e-156 1.852006031729999946e-01 3.875319686540000217e-30 1.434446377259999948e-12 8.147992450700000111e-01
1.468743129529999964e-35 2.126749557610000084e-07 5.682097353320000321e-01 9.362202898690000357e-35 6.555936761660000460e-44 5.546535050730000100e-12 4.535633997699999892e-27 6.580954426599999803e-15 4.317900519790000002e-01 7.968015551709999689e-12
2.698670407729999796e-09 1.872206666789999908e-03 4.794415604980000190e-01 3.199358604929999905e-01 1.552010287460000128e-04 1.346879948640000048e-34 1.821311418590000075e-08 2.443897861119999897e-12 1.412592156340000127e-01 5.733593476450000309e-02
5.084905833299999924e-36 4.999668314519999934e-01 5.000064132429999919e-01 8.717125425240000196e-74 1.506651380840000042e-44 3.251283896370000231e-30 3.652297963359999831e-28 2.675530490889999866e-05 2.881303079550000208e-34 5.769791346899999792e-21
1.223495514259999947e-23 1.970179472079999985e-20 8.804143424839999968e-11 2.969671343680000220e-13 4.752697019849999924e-30 1.147682624559999975e-01 3.376341949050000180e-01 7.114861427589999812e-19 3.395657206820000273e-01 2.080318218689999887e-01
3.637493612189999781e-01 2.509112840579999786e-04 4.415251857089999957e-07 1.239473171599999953e-06 3.330014842099999761e-01 1.035789911719999957e-58 5.156412619689999810e-03 2.319578892699999950e-01 1.253485408560000104e-41 6.588226039910000109e-02
4.995330713140000465e-32 6.604308497829999847e-02 1.887103680140000128e-01 1.270676948240000014e-34 8.772815352999999549e-39 4.028853269159999802e-38 7.452465470079999710e-01 7.148629512019999653e-23 4.711273792180000390e-15 1.734439068589999918e-18
2.069798261869999873e-45 3.907611993189999966e-01 4.879903945260000029e-17 1.741219900440000033e-39 4.141144094590000155e-30 1.581410240199999849e-36 6.092388006810000034e-01 8.385377066419999230e-28 4.825624992159999961e-17 5.664034305930000265e-27
9.137089747269999879e-05 2.249695529830000147e-05 3.556255256869999874e-06 5.210516188189999731e-01 2.011743703080000056e-01 4.267338659699999887e-21 9.489816071930000417e-22 2.439737045790000003e-01 7.565764242970000256e-06 3.367531642149999838e-02
2.077929594139999933e-02 1.710501807609999860e-11 1.203737088040000014e-01 7.613998862840000437e-02 7.587206369119999422e-09 4.558841775699999932e-01 5.845489694939999544e-16 3.290577151059999837e-03 5.871899381219999881e-03 3.176603449200000040e-01
4.568208015940000115e-35 7.499930726219999899e-01 2.500069273780000101e-01 1.574848458350000076e-70 6.916461791099999954e-43 1.439352159300000018e-27 3.250644034899999775e-32 2.491910427380000055e-22 9.885014014980000174e-21 2.883439907970000179e-41
3.718912801720000161e-01 3.578436586500000072e-01 4.905043345660000179e-03 1.903941172069999973e-16 9.425789032460000355e-06 3.999080551639999686e-33 2.463340595890000095e-01 1.901653245300000128e-02 2.501326689769999814e-43 6.163831744999999755e-13
1.200886513439999902e-03 9.089729519950000122e-31 2.166919854569999970e-01 2.064191896490000125e-04 2.753027903860000112e-34 3.510582252089999877e-26 1.524554927710000104e-48 3.573170994109999832e-01 8.105510760739999756e-07 4.245827988779999895e-01
5.352269589869999697e-31 1.792498427889999939e-15 2.063938502610000057e-38 8.795487145750000013e-02 1.358338028930000108e-01 3.158395957399999975e-28 2.993918963609999984e-01 4.377507960190000105e-25 2.979253854319999784e-01 1.788940438570000013e-01
1.161736501579999999e-07 3.386640282460000040e-01 3.867622111369999893e-01 4.506072765069999930e-19 2.431037149370000177e-15 2.988604863239999983e-64 2.329871017720000161e-06 2.733781193979999968e-01 3.561343586100000016e-40 1.193195174589999985e-03
7.531152930829999592e-01 2.141974771810000145e-37 2.404253965200000009e-01 1.588423526960000045e-31 6.620915149780000368e-52 6.459310397479999660e-03 4.476252615430000214e-18 2.111742754450000133e-37 1.406624924119999965e-55 1.306250214430000039e-61
1.077640408820000001e-06 1.990200153049999925e-44 3.574684401910000217e-10 7.787590459200000192e-47 4.504860487660000350e-49 9.999989220020000236e-01 4.678688316749999867e-44 4.551005608810000147e-45 6.596550802670000584e-51 7.329313579539999735e-87
2.620613509299999974e-30 3.240353403900000204e-48 6.197288075980000263e-87 3.495754767620000147e-01 2.575275588520000158e-01 7.585626515140000288e-38 5.966912400439999733e-04 1.486385976879999917e-24 3.236610280259999751e-44 3.923002731449999891e-01
1.189162747219999925e-09 3.079883981779999911e-04 2.175804257670000108e-11 1.284014050419999967e-09 9.954624140229999946e-03 4.311914152960000246e-01 1.793366735450000003e-06 1.308998517349999891e-01 1.739675311630000020e-08 4.276443071720000266e-01
1.508055757189999922e-02 1.011231116310000040e-11 1.197671984880000068e-01 7.495739347999999524e-02 4.522333560370000052e-07 4.614091500370000043e-01 1.673797677640000058e-15 1.038789649549999973e-03 3.924466411520000086e-03 3.238219921189999795e-01
1.048655622439999963e-01 1.593055154259999926e-22 8.827823023750000497e-03 1.254211407129999937e-03 7.193920394359999749e-19 5.092611057439999644e-01 6.798779610030000070e-36 7.441257250639999807e-03 6.938791404449999589e-02 2.989621262859999962e-01
3.774633128860000227e-25 5.296303883570000481e-01 3.369780441949999966e-14 1.667640525120000063e-65 1.614351386970000142e-17 4.703696107359999767e-01 4.181795609810000147e-29 9.068611970359999821e-10 7.243934316059999620e-30 2.665994538690000011e-44
5.774600404490000013e-18 2.463273997410000035e-20 3.544870696550000257e-45 7.749653194859999821e-14 3.789318071289999867e-01 9.871646726389998933e-35 6.210681928710000133e-01 1.128623575829999953e-32 2.195604468810000116e-44 1.572701958229999930e-34
4.716377953300000214e-10 2.319054640200000130e-105 1.929448347599999947e-22 5.574478298070000282e-01 5.158584787260000418e-63 2.852227083609999935e-42 2.967573504659999972e-42 6.134073646259999766e-30 4.146676101770000293e-30 4.425521697209999772e-01
6.266998552429999814e-01 3.310936325460000131e-119 3.839294093779999879e-36 3.733001447570000186e-01 2.385134749810000179e-34 1.615012646499999893e-26 3.198237369890000027e-41 2.814454685159999778e-38 1.292255862050000068e-62 1.643769175209999969e-19
1.811573458350000110e-01 4.348353538599999957e-01 7.430321836290000592e-02 7.208080157290000044e-16 3.097040682569999759e-01 8.180383040209999786e-09 3.824755293990000234e-09 1.680129240830000051e-09 4.439133863239999781e-17 5.532048165550000010e-21
7.562440617150000455e-05 3.141884711349999804e-01 3.057966200900000264e-01 4.357468707070000167e-21 7.645588165010000414e-11 2.392392656410000096e-01 1.407000186519999918e-01 4.741270776580000275e-28 2.532585245920000083e-20 6.205932234990000125e-54
3.480006687250000156e-43 1.097196777999999984e-01 2.623282603519999852e-21 3.627373476379999793e-33 3.611465016450000103e-15 2.770791772969999860e-26 6.697219231040000356e-27 5.580322351869999586e-01 2.909571443280000169e-01 4.129094268550000113e-02
5.144016805330000019e-24 5.294598460460000017e-25 4.934219948070000307e-28 5.016436548330000151e-15 9.748170835119999395e-19 4.427076388360000257e-27 7.526458016190000012e-66 6.506361869790000529e-01 3.394583642069999851e-01 9.905448813969999766e-03
3.130983159679999932e-23 4.375103179209999804e-01 4.718880777050000123e-08 1.065350642500000070e-24 5.104883295090000298e-18 1.862957698350000123e-09 5.605447369620000231e-01 3.546844975900000171e-24 1.944896065499999950e-03 5.638210253610000247e-28
4.106027713730000074e-49 2.915294442219999846e-05 1.115338648119999889e-50 1.089225154809999939e-22 6.639114827469999591e-02 6.256015848910000399e-01 7.854620978540000076e-02 1.272109244319999881e-69 2.294319041039999951e-01 1.623285842289999990e-71
4.514408592900000070e-13 6.096903270889999504e-01 8.603693143480000127e-07 4.061994511400000035e-39 6.901782937239999895e-15 6.957940412670000007e-17 3.903088125410000275e-01 5.000978764369999857e-25 1.842829170800000106e-49 1.002051909489999932e-49
5.663066950930000232e-01 6.979283615069999569e-25 9.740528797199999554e-17 4.846226666299999772e-21 1.363361812330000022e-07 5.841851865279999896e-03 8.213889187319999586e-78 4.278513167060000177e-01 7.758621017950000151e-22 2.589979737140000160e-27
1.534298471270000023e-16 6.565648032549999408e-61 4.082756139150000019e-01 2.696608023409999833e-01 2.561783643629999836e-89 1.688454698050000041e-07 1.522706593020000110e-01 2.314920842160000138e-51 1.697791153950000131e-01 1.364020147130000066e-05
1.956003496000000008e-01 2.577633743700000137e-11 1.767046871409999886e-01 1.942575527499999889e-28 4.158545619090000083e-21 1.752396826959999876e-01 4.524552805379999931e-01 1.293113364349999946e-51 3.325050347579999706e-36 2.323130358180000117e-91
2.429988695439999902e-01 1.762082684469999938e-01 8.582459863609999406e-02 1.789266278680000095e-16 2.322816178890000152e-02 1.868109684820000091e-04 9.267452352499999657e-02 3.788787668999999969e-01 4.024643376650000281e-27 1.907426888839999907e-10
3.697323982579999724e-01 5.421418402610000290e-63 1.007070826000000073e-05 3.309490894220000201e-01 6.318085919739999675e-43 2.993084387320000261e-01 2.879174016400000181e-09 1.319742520479999940e-48 2.146233080959999803e-22 3.239463902870000013e-21
4.732493557210000201e-01 3.542936264690000187e-23 5.395597376730000517e-04 2.500270151450000176e-07 6.134219536870000483e-20 8.422478885289999551e-02 7.237547839610000356e-27 1.460124191170000046e-08 4.419859414789999996e-01 8.958117747299999953e-08
5.474247897630000309e-10 3.434560218520000263e-01 2.790045185999999733e-01 9.123194224839999894e-34 1.640960730180000025e-16 3.775394589650000188e-01 4.422506511759999846e-16 5.376984918390000270e-32 3.587632224940000127e-11 2.421432888859999946e-65
1.028833341269999978e-28 1.087050002799999959e-13 7.117917964789999661e-29 5.575745869190000043e-10 1.485850758040000021e-13 2.714399782360000096e-16 3.875675125709999724e-01 1.342389132499999962e-12 3.382128492779999695e-11 6.124324868360000451e-01
3.176561042100000044e-10 1.366874863269999969e-02 1.152074487860000052e-01 5.878023429459999621e-19 4.003465575209999859e-16 1.525164972649999950e-01 3.053698888759999730e-01 7.115089987549999779e-30 4.132374161219999897e-01 9.964937356209999488e-41
3.262848249179999827e-01 1.165861796470000060e-22 1.111564727819999935e-24 2.334922494470000075e-12 5.844605323180000062e-02 2.374843285079999917e-29 1.646126932359999867e-17 6.152691218310000210e-01 5.192952653239999929e-70 1.643234789629999845e-11
2.607722610399999831e-31 1.302888929599999963e-17 6.408204355150000141e-39 1.133046455719999984e-01 1.406094886450000025e-01 6.877060274069999832e-28 2.952886942049999797e-01 6.378028936279999833e-26 3.132123264289999875e-01 1.375848451480000123e-01
2.783940081769999964e-01 1.956188908039999907e-30 1.177275318750000081e-33 2.908158176230000169e-01 3.981011979190000050e-01 6.020342730599999443e-26 1.127590685329999927e-03 2.824486408149999919e-02 8.828448090299999420e-53 3.316521514550000056e-03
1.909771636710000175e-21 1.102954755090000054e-25 2.319565994620000025e-44 6.284525576580000106e-01 4.089936107490000315e-05 6.383315815670000115e-02 2.178676009190000026e-02 2.238990725060000093e-47 2.858866247330000276e-01 4.653930799320000158e-33
2.753617082130000003e-36 6.435052243130000436e-10 8.919438915679999365e-19 1.632222892120000053e-07 8.175026110470000126e-24 9.359495549380000541e-51 3.435559612750000292e-05 1.566984897110000066e-20 6.457023913960000527e-01 3.542630891419999983e-01
2.355324107579999900e-08 1.156573076769999987e-06 3.298885428000000198e-09 1.396140443120000056e-30 2.463701970810000208e-06 5.863171798070000440e-01 4.663957475640000377e-56 4.136791729350000058e-01 1.312239385049999925e-10 4.393199702150000170e-28
3.710749806760000270e-33 1.229517675130000038e-64 1.881247117229999959e-108 6.936623354040000189e-01 7.486697689480000250e-06 2.406240624339999886e-85 3.063301778929999886e-01 4.287465077400000227e-51 3.033450792960000047e-67 5.375185147019999718e-12
1.993338264010000027e-02 7.759432207039999190e-09 1.819903139879999992e-04 1.438439970970000039e-24 1.469174111230000067e-08 1.689469856870000064e-01 8.109376189079999797e-01 1.866428398750000031e-29 1.963427369680000021e-47 4.009307740219999967e-48
1.289190279469999988e-63 4.572027381420000203e-01 9.301924342509999441e-46 3.725022832129999846e-29 2.774072306900000062e-01 2.073689962690000054e-44 1.607783614410000021e-35 4.413617576270000104e-11 2.653626673059999996e-01 2.736381808840000033e-05
4.337463008370000068e-65 1.104528437410000055e-29 1.771248964049999885e-16 5.777644682690000201e-55 1.660093890919999899e-87 6.806097987519999758e-17 8.148430844879999823e-57 3.541165876430000182e-29 1.000000000000000000e+00 1.087573221010000068e-21
1.461014328929999999e-04 6.952642747630000206e-04 1.013685667409999964e-08 5.763381631580000164e-01 1.046217523519999970e-01 1.946656754769999957e-30 5.183980533479999713e-10 3.146107059809999940e-01 3.001311622210000227e-08 3.587972132379999794e-03
