2.584725291139999929e-58 5.364515369750000316e-29 6.308586468669999567e-88 5.656118875140000446e-01 1.949352912379999993e-56 7.456752886250000122e-03 1.007893979290000055e-08 4.269313495020000127e-01 5.746895172049999980e-33 1.885213736459999890e-11
3.700774667560000064e-01 1.359981908439999933e-32 2.383178309400000097e-03 9.444514252230000529e-33 3.505180251330000014e-57 2.691501800239999876e-71 4.174811606199999720e-02 6.413331521979999630e-80 5.857912388729999975e-01 6.698246024819999658e-60
2.057045505019999832e-12 2.327929963570000037e-54 4.672313269989999962e-01 1.824693753570000100e-07 4.537298210180000155e-13 5.965718007889999776e-14 4.672389867990000001e-01 3.607411945270000109e-22 6.552950373030000386e-02 9.739087975909999748e-36
5.078396503829999963e-29 9.245127067460000657e-25 3.788148966070000179e-01 2.590362710760000107e-34 5.332493170099999999e-11 3.515229057409999854e-03 1.005858233829999976e-01 5.170584501630000052e-01 2.358759823419999846e-14 2.560073577609999873e-05
5.839085770699999900e-01 1.155365161529999958e-72 1.243502420940000019e-01 4.892671719429999854e-06 2.757544538900000099e-40 1.012187764499999969e-11 5.299513223129999643e-12 4.613747719030000249e-32 6.061320218729999987e-02 2.311230859620000133e-01
3.361642597730000154e-27 1.673116892130000103e-16 4.890148310299999856e-01 1.288203675360000033e-05 1.571748907759999980e-01 2.490670171339999927e-51 1.115400926129999989e-06 3.276125873010000134e-01 2.618369334860000050e-02 1.064275740260000021e-10
3.788630223270000137e-23 1.844176561380000134e-01 2.809352673850000166e-61 6.285206763389999951e-02 5.860163732400000117e-16 1.283861297820000050e-18 2.319014723389999921e-01 3.083780539870000226e-01 8.186259031110000270e-67 2.124507499019999968e-01
2.430561298760000044e-01 1.593501199949999976e-65 2.169756817390000037e-01 3.540476690259999892e-01 3.219352905920000100e-19 1.287882445749999882e-01 5.713225171720000273e-02 8.068958863410000572e-23 3.507212979030000168e-16 2.306637805920000050e-08
1.257400807389999938e-11 6.653078788339999803e-113 2.432470295679999960e-03 1.934586741690000073e-04 2.216271534009999882e-31 1.329937605930000019e-05 4.317350016989999961e-65 1.265927192570000007e-37 2.663760952870000143e-01 7.309846763549999737e-01
1.200751293720000046e-03 1.922796502609999938e-07 1.620630275780000030e-30 7.498591701129999620e-01 1.020392061490000051e-23 1.149990208709999976e-70 2.489398863129999862e-01 2.242445843629999954e-48 8.941692800120000204e-30 7.080218801450000142e-50
4.797365878200000044e-01 5.575533009010000297e-07 1.107347704679999927e-09 9.010191478140000105e-47 1.853799559410000131e-01 1.525233949090000112e-42 5.019132321479999789e-79 3.899384265259999887e-41 5.321074511420000120e-36 3.348828975779999939e-01
9.349643109310000477e-02 5.566675395659999961e-40 8.477900753099999742e-02 7.291288037330000250e-13 4.332221949980000208e-01 3.885023661299999986e-01 1.450996074930000071e-46 1.625158300280000003e-34 6.369521517730000012e-32 2.462775701150000072e-10
7.095479871659999827e-01 8.311360395140000079e-65 1.936904267090000082e-28 4.348243970659999793e-06 6.655965479919999756e-99 1.344424902189999985e-52 3.198840584429999713e-08 6.476358084739999896e-69 2.904476326020000165e-01 5.641504848320000436e-20
1.192253136480000020e-17 2.136850445690000087e-19 3.518539963009999798e-24 1.161889933739999956e-38 6.644081176119999546e-109 1.803744529109999915e-10 2.936594309489999888e-01 5.917761157539999747e-30 7.063405688710000518e-01 6.198694496970000077e-19
1.703919795590000119e-01 3.719567263479999900e-22 5.704397032929999778e-01 1.408598959150000052e-01 1.091570481119999991e-01 9.151373121089999979e-03 2.554511876649999837e-15 1.958183798449999885e-21 3.779425965869999925e-55 1.275770741280000030e-24
1.247636538789999978e-49 2.767644767230000151e-28 5.382411037360000421e-25 4.402159698389999931e-02 1.132532786510000027e-13 1.186741055210000043e-41 2.660530744070000103e-23 3.424767474879999996e-01 6.135016555269999783e-01 5.601060565129999942e-19
9.985023403330000597e-42 6.337693291000000448e-51 6.270654660670000160e-28 5.651028709170000077e-15 1.034994889980000020e-27 5.033542403130000231e-01 4.965528543919999760e-01 9.290529473319999630e-05 1.161872765280000030e-71 1.538395843710000088e-15
1.404506648739999863e-01 1.014825358500000048e-47 2.032519134170000139e-28 6.489021654940000383e-01 1.908018975129999953e-84 8.515214595020000225e-39 1.818121367419999958e-22 1.995944866590000044e-66 2.106471696320000031e-01 1.545804160090000080e-27
6.666671050729999770e-01 1.121099031030000061e-67 3.333316437650000186e-01 8.683347528969999806e-41 1.356506268899999951e-33 1.251162227300000084e-06 5.397137757670000074e-61 3.669703023900000126e-79 1.052401966140000005e-37 4.883571941260000029e-28
3.952267531340000195e-01 1.444186604300000121e-01 4.252509318759999696e-36 3.043395793619999860e-34 1.042746634420000085e-65 9.193079698819999817e-32 1.964512275020000032e-01 5.149397414170000118e-32 3.045590494279999951e-22 2.639033589340000208e-01
1.432254814259999964e-24 1.660111386969999982e-47 2.857332012250000108e-01 5.673533526599999766e-02 3.892997198959999988e-02 3.229925451890000134e-23 6.186014915130000347e-01 4.479683302879999786e-12 1.790861938180000031e-12 1.641472885779999995e-48
2.596521188969999914e-16 5.586453228519999703e-01 2.880398747010000241e-04 1.155152951790000007e-25 1.016034655379999993e-11 3.057954218810000069e-01 3.221774855159999838e-09 1.352709895289999908e-01 2.226231801979999986e-07 8.329386199220000733e-12
3.734542705780000138e-02 1.022285461729999984e-23 3.829083380959999784e-06 4.996088864289999765e-01 5.007630822000000106e-13 4.736855699030000269e-15 1.267924469809999914e-12 3.755404646300000209e-13 3.108869667759999981e-12 4.630418574249999808e-01
2.526646614770000077e-01 2.213694508340000033e-02 4.881700773989999795e-39 3.751163856010000242e-01 1.390858090940000069e-01 5.376209182749999878e-15 5.124308099559999764e-55 7.273094272019999933e-22 6.334561823059999924e-09 2.109961924110000109e-01
1.250315570430000044e-02 5.365322001610000058e-01 2.195834147689999853e-37 4.365433673049999852e-01 2.262050072330000087e-10 1.391018991309999973e-40 6.843225216049999394e-76 9.143553091580000850e-31 1.076162987270000006e-09 1.442127552699999996e-02
9.442421775750000035e-35 6.166652460099999722e-54 1.090520650009999953e-01 5.056550756369999622e-01 6.708062454380000572e-05 4.312135180300000101e-10 1.814718971519999891e-01 2.028908900049999908e-01 8.629911491600000166e-04 2.225959362799999896e-32
1.947098757129999894e-30 5.139820832120000391e-15 7.509860770370000438e-01 3.039373783960000076e-129 1.898719239319999799e-37 2.490139229620000061e-01 5.346441917769999873e-13 8.679467289879999924e-24 5.843782916599999649e-49 4.871683198000000222e-27
8.279161723829999371e-36 3.552766391680000080e-01 3.215988848419999990e-01 1.585587039179999975e-153 7.446297192459999659e-02 4.940660146679999869e-17 8.644523399700000255e-48 5.910574542290000051e-09 1.161187866100000063e-46 2.486614981549999936e-01
5.118804215269999736e-01 1.124146128099999947e-01 7.220790160689999349e-02 2.068704104369999850e-17 7.080525357829999945e-19 6.282249603510000371e-63 3.034970631019999754e-01 9.084810341639999461e-55 9.531562250649999361e-10 2.108031459290000201e-112
1.170858059950000002e-01 3.061993638920000229e-19 8.841719653589999545e-06 2.800300228360000198e-12 2.773246801529999946e-38 1.222808477310000089e-87 5.191808814930000127e-01 6.768483514279999937e-61 3.637244707899999763e-01 4.950336248730000253e-68
5.172693264890000364e-01 3.595796461540000353e-21 3.611033104349999992e-10 9.381014030569999676e-03 3.809208903019999926e-01 9.242876881759999608e-02 4.274316270189999925e-29 3.930524451160000199e-26 1.369317898759999925e-19 6.958704820019999962e-15
5.397415933640000512e-32 3.024335096249999855e-01 6.470419472980000456e-67 1.048508870590000031e-01 3.609447017980000176e-07 2.521098947759999875e-01 1.507363071299999961e-33 3.399528670670000086e-01 2.813386357059999986e-59 6.524805280039999928e-04
1.174866202659999997e-01 5.961728903389999721e-15 1.255756077810000037e-05 1.205279844810000067e-56 3.780679038390000314e-86 3.732382430279999895e-36 5.191348478399999689e-01 6.581471598379999656e-60 3.633659743329999969e-01 4.814273719260000441e-28
3.473352515570000260e-38 4.428909446750000090e-01 1.167641186789999977e-40 3.883013539119999913e-01 1.751714829120000009e-21 1.258486827729999933e-08 1.686579655079999962e-01 1.494106857300000124e-04 3.126341608690000223e-07 1.449208770820000023e-52
4.713246437640000392e-44 1.187858342670000048e-26 3.299862501609999848e-60 5.653406210760000272e-01 4.783971615700000113e-44 8.134129567700000216e-03 2.145921155700000093e-07 4.265241642800000066e-01 9.596946274670000272e-31 8.704849837959999734e-07
5.190905919210000441e-01 1.238334800810000003e-60 1.478195383759999863e-26 3.636469352050000214e-01 3.056178357099999986e-53 2.436499148919999883e-25 1.172624728740000039e-01 8.058360660549999635e-60 2.784716055419999802e-13 6.348088424119999820e-41
1.227489853929999964e-04 1.167510788129999983e-47 2.281540509789999893e-01 5.438369658970000353e-01 1.687806579380000112e-10 1.832622567699999927e-02 2.095600082930000052e-01 5.262714003960000242e-23 2.823258663889999843e-36 1.065679273820000081e-27
9.734708646270000508e-08 2.021504149180000010e-17 2.922713485710000114e-01 3.280272160720000006e-06 2.860834911580000250e-01 2.496282343839999898e-14 4.216417826519999745e-01 1.083548831100000013e-32 2.895553936859999914e-24 1.537372354920000129e-98
6.304218532559999755e-01 4.243653680459999763e-18 8.636822641810000534e-02 9.686554535300000184e-68 4.491050167309999785e-02 1.254428353569999950e-23 5.429733144790000262e-69 1.311201156199999995e-40 4.656293947570000324e-58 2.382994186530000003e-01
8.864264274069999354e-25 6.574257640739999964e-02 3.470149222779999846e-98 4.483237899429999840e-01 1.084400064430000027e-41 4.040955256260000203e-17 2.698888375159999842e-06 1.043973305520000007e-05 5.044663624189999648e-12 4.859204950229999986e-01
4.142610410750000027e-01 2.840388443369999822e-07 1.185009087579999943e-33 2.946866857609999890e-01 8.339063023579999789e-02 8.409878747189999948e-02 8.719304782020000641e-34 6.040951544460000165e-13 2.243712032359999945e-14 1.235625714170000000e-01
3.928939218770000075e-01 8.871477717520000379e-33 2.853661483339999926e-03 4.709826018779999715e-34 2.127237393269999887e-38 2.570576014740000030e-26 1.067647953160000017e-38 1.633856024549999909e-81 6.042524166389999785e-01 2.671538856810000062e-65
1.907317346859999990e-15 2.713034745430000227e-01 2.281007255499999912e-23 4.860398063319999740e-02 2.243180532039999884e-07 8.042493725099999449e-51 5.422697555299999667e-02 2.450240753950000058e-02 6.013629374129999539e-01 1.573754491150000011e-15
2.830845694080000162e-08 1.910174496220000129e-01 1.120736621389999955e-59 1.087262205180000039e-13 1.088518366739999937e-62 2.742182593559999908e-46 4.841340080609999584e-19 2.653726303890000051e-31 3.928617946649999733e-04 8.085896602740000327e-01
1.087282589310000083e-06 1.276980584499999975e-30 1.566159759280000018e-25 3.450545875100000190e-06 2.072890777169999955e-75 1.223788433290000019e-02 1.531268596190000037e-12 1.762771420819999965e-29 3.698409211970000166e-01 6.179166566399999505e-01
1.212245424789999920e-13 4.967883830379999921e-01 5.032116169610000300e-01 2.369910560060000053e-57 1.110352177390000050e-23 6.755785227550000119e-15 7.606242300580000172e-19 3.668371948169999866e-24 1.003796996940000038e-14 9.348921863850000338e-13
1.597178084749999866e-02 1.945003871909999904e-01 2.800165422659999970e-05 2.350547815629999981e-01 3.343988620910000042e-01 9.337805574289999143e-47 2.200461645500000063e-01 6.389920919430000173e-41 2.210299741340000030e-08 1.539029852059999957e-109
1.290542994059999948e-01 8.044295104939999825e-14 1.012480315390000005e-26 2.110494616299999904e-01 2.874626634670000014e-01 2.710490270340000077e-06 7.667298106780000137e-53 8.598612166700000326e-23 2.430395813550000143e-17 3.724308650070000115e-01
3.671137810749999786e-01 1.319069528250000084e-19 9.129404742610000076e-19 1.113220281749999945e-29 1.734017355809999986e-40 5.869025946360000301e-01 4.598362428910000160e-02 2.468496747860000187e-56 2.291706214669999823e-50 8.379817632479999452e-56
1.542357468939999955e-03 3.566570320809999846e-15 7.586197193550000246e-17 1.701720463430000040e-05 5.299959150209999856e-21 1.480653110150000062e-01 4.610034873719999760e-01 1.418733536660000077e-14 7.620671804879999490e-20 3.893718269390000208e-01
5.145213937700000030e-66 6.452902142319999581e-70 9.746040851810000057e-48 7.739351489719999977e-01 1.052447978029999945e-17 3.634061076910000102e-13 2.324766658999999951e-46 2.260648422780000000e-01 4.152018289649999772e-29 8.749480522350000375e-09
1.007808699959999985e-37 2.923417647110000075e-08 2.657027133219999993e-44 1.226988935279999996e-21 5.588021791659999794e-22 1.215367821690000089e-18 1.975220056869999911e-14 6.738642591050000297e-01 3.031808808570000124e-01 2.295483080410000085e-02
1.109415867649999905e-03 1.956853362190000008e-42 7.480717932220000156e-28 2.540049511019999950e-09 3.171432876620000306e-104 4.385419665310000270e-01 6.149791336599999782e-12 2.441881064969999973e-37 4.005646279180000158e-01 1.597839871370000109e-01
3.990018161280000086e-01 5.732157689490000345e-04 9.652313004089999529e-27 5.988432904920000244e-01 2.345006313449999842e-21 2.626869295550000171e-35 7.329501170449999483e-57 9.163928644719999758e-42 1.581677610430000033e-03 4.632903916229999765e-18
3.402537855309999970e-01 5.885688384189999844e-01 1.767347224510000059e-03 5.993430101810000079e-46 4.171100212559999984e-45 1.690543264589999896e-28 8.278185850260000393e-11 8.062206014169999617e-53 6.941002874309999682e-02 4.581487966719999913e-37
1.330440292149999982e-17 1.294696207499999863e-01 1.631400353709999998e-15 5.723868937230000009e-01 2.390496350480000032e-01 1.517402620930000023e-29 6.079307065219999665e-13 1.046580932569999951e-22 5.909385047750000119e-02 8.543991928640000413e-83
3.969669609600000038e-01 9.163876340830000300e-02 5.509520676340000247e-33 2.324030043239999899e-01 2.789150313600000097e-01 2.839594338159999844e-22 7.623994715290000122e-05 9.674641035040000307e-30 9.581155713080000573e-59 4.619375968569999922e-51
9.316005635469999657e-02 2.541521353630000139e-25 1.501950669910000029e-02 1.102751289379999986e-07 3.231962239119999802e-01 2.314369002149999910e-01 4.810631315950000167e-45 1.427240087809999882e-16 3.195643481899999852e-27 3.371872025450000088e-01
7.736619153320000164e-01 9.866058814179999581e-02 4.525383074259999758e-28 1.714236571959999950e-61 6.821381811240000152e-108 8.173067849909999849e-02 4.594681802710000318e-02 6.733716412609999634e-60 6.190265570310000461e-44 6.528238878350000693e-30
1.910422423730000154e-15 1.001492955860000033e-22 5.427162917390000035e-02 6.129813880489999780e-06 3.700499208090000103e-01 8.679956988020000274e-22 1.183741618870000067e-01 2.035719977420000086e-08 4.572981379589999840e-01 2.152152896420000115e-20
2.822678421530000288e-51 1.698627228550000112e-19 1.762102609629999982e-10 2.938747966989999862e-84 1.683590697189999916e-02 5.985133132140000312e-01 3.562492173390000181e-31 3.846507796379999844e-01 2.953630708770000125e-39 7.732070459529999988e-18
2.680403657790000126e-07 4.370575395479999939e-27 1.774564208440000124e-01 4.536839166780000090e-20 1.280887417930000044e-32 1.315858182749999883e-01 3.950928112359999855e-01 3.049617729499999898e-16 1.530656034150000076e-35 2.958646816050000128e-01
1.850394354419999910e-04 5.491573038040000075e-10 1.738428470390000119e-58 4.784522609639999674e-02 5.991745489439999668e-113 5.340674866420000055e-10 6.303916508030000282e-06 1.747474907260000020e-31 5.322200318690000209e-01 4.197433975989999788e-01
3.780018259749999832e-01 2.512229925369999783e-01 1.383073764859999994e-08 5.790317643639999696e-30 7.480106949960000055e-25 1.992329720819999983e-01 2.029310390379999906e-25 1.454981416950000004e-26 2.657620919249999908e-22 1.715421955750000005e-01
6.666371801129999941e-01 2.468096999880000074e-23 3.333626869910000234e-01 2.230641329369999965e-54 1.712056813589999998e-43 7.868372799560000312e-71 1.920549926599999933e-20 1.187900338390000090e-111 1.328963725180000083e-07 7.417615664740000193e-112
1.436799880360000045e-15 2.021993729350000023e-11 5.671877835849999759e-27 6.685705915610000265e-03 1.825630528599999844e-02 9.200971496659999853e-23 1.014197934979999965e-01 2.274923206789999930e-01 6.461458746010000365e-01 2.507901961389999923e-13
9.349261751489999772e-02 6.030460834319999464e-01 9.782226705169999419e-05 3.106865521350000025e-12 1.631861627430000031e-14 3.032518656379999955e-01 4.677762717960000314e-12 3.844984946240000113e-16 1.716402082579999946e-34 1.116111397370000058e-04
9.325219633170000197e-04 3.392611061290000073e-06 9.578071198750000531e-13 2.771244945180000076e-19 6.602271777619999342e-33 4.393417408099999921e-01 3.530539544010000141e-01 9.607485291689999683e-36 2.066683902139999918e-01 1.514826562310000104e-56
2.759519889300000120e-30 2.542318897229999999e-70 2.045450765780000013e-01 4.901271290700000283e-02 1.124164455350000064e-01 1.553999623899999941e-03 1.210216384460000016e-02 6.203696014030000150e-01 1.077048022609999949e-10 2.645114614320000016e-24
5.353377566080000147e-06 1.756123748200000016e-37 9.363288941769999520e-69 2.905193723319999810e-01 2.435942520930000211e-93 7.154780592510000396e-14 7.094752742900000131e-01 2.056240423710000107e-58 5.556179794129999876e-57 2.613345909480000114e-39
8.848071251169999209e-93 1.277810177679999940e-53 7.257114618549999625e-144 4.401273741630000134e-12 6.676465548399999956e-38 2.876345541709999852e-13 6.069595411279999525e-51 7.027225083829999885e-01 6.630717971799999966e-94 2.972774916129999889e-01
7.143340057960000378e-01 2.497796432289999954e-07 1.067387164550000071e-34 2.364703363879999922e-08 2.856657207769999762e-01 6.215159283250000526e-14 6.502758019829999520e-13 5.300246077310000337e-28 5.888918648469999800e-48 1.554741914980000028e-33
5.469990730360000438e-04 2.188918544719999915e-01 5.952444776819999506e-01 3.248049090319999969e-25 2.271155478149999970e-04 1.403522536049999902e-41 7.063470052009999729e-37 1.014763178920000002e-35 1.850895532250000086e-01 1.116948919229999942e-23
4.797362166010000206e-01 1.317737528989999905e-06 5.251649891520000502e-10 5.395947985689999948e-47 1.853796650600000040e-01 7.899445029629999547e-42 1.029459740799999986e-78 6.235761777370000277e-41 2.230984348100000013e-36 3.348828000760000201e-01
2.107050877300000047e-14 2.449186009939999966e-20 3.556404969310000249e-23 5.934044809290000000e-01 2.618204819400000161e-01 1.447750371310000117e-01 1.923717644119999904e-51 5.913242377649999925e-26 9.290380940610000450e-32 2.311999959450000066e-34
3.601589674130000196e-01 6.397040426419999815e-01 4.771517866490000253e-40 1.369894656129999914e-04 4.796363155429999566e-10 8.419007128589999238e-71 7.126598005960000097e-53 1.507900810790000099e-45 6.862541977660000085e-31 3.323144049219999884e-18
2.815513142809999998e-19 2.430085412350000102e-211 5.101165903059999921e-08 3.269228255189999821e-01 6.753885824670000132e-21 5.869185514889999622e-01 2.144180160680000079e-38 1.893282419029999874e-21 6.476483442899999554e-05 8.609380714610000151e-02
5.729564804640000062e-34 9.347147932439999652e-93 1.784258376959999882e-27 1.289196267549999991e-23 3.068169362669999855e-16 3.430703081349999897e-51 8.839082842490000080e-156 1.971888124859999983e-36 1.314068990710000079e-18 1.000000000000000000e+00
4.769448992909999796e-01 5.859473720259999671e-03 2.905955143350000069e-15 2.926958118720000118e-33 1.825533166440000132e-01 3.523067943629999680e-36 6.879338980479999891e-71 4.266730969359999850e-36 8.452868436549999471e-27 3.346423103439999935e-01
1.477894287980000015e-07 1.664364742070000014e-01 2.805727042310000169e-02 7.228873804330000172e-83 9.747668811179999805e-13 1.569547494390000080e-31 6.326283701500000048e-12 6.433699602259999858e-25 7.955738704900000591e-71 8.055061075730000075e-01
5.533522801940000382e-06 2.207999649580000001e-01 5.964142282300000097e-01 1.310632930120000035e-29 9.497202991510000404e-05 4.692223616160000373e-53 4.523561025669999973e-41 2.813245951489999908e-34 1.826853012590000103e-01 5.355723788129999663e-18
1.070261802819999963e-04 2.695163996939999887e-07 5.610543355350000149e-48 4.235814417389999753e-01 4.284471791650000212e-50 3.983312488940000118e-01 1.779800136709999980e-01 5.031728736540000062e-43 4.711921303469999802e-33 1.439083297680000013e-64
7.773162576269999902e-02 5.006823333400000076e-01 1.782697914350000000e-09 1.457814776260000001e-71 6.878788119799999398e-17 7.105002408069999693e-14 1.537961636869999887e-51 2.118314375250000083e-41 1.054184946470000024e-57 4.215860391149999775e-01
3.679319439570000183e-01 4.058472023189999865e-33 2.012502738920000055e-03 2.664928079330000108e-33 4.246454873740000210e-56 4.315620441880000235e-72 4.605370208049999747e-02 1.226347581550000045e-78 5.840018512239999460e-01 1.474030641369999951e-61
1.432975124270000067e-03 3.943261765579999968e-47 3.760842462019999832e-01 6.046347138599999749e-37 8.656466893449999499e-60 2.380246061010000136e-01 3.637989635629999829e-02 3.098005573619999931e-33 9.312740926050000383e-29 3.480782762160000154e-01
1.173563840639999939e-01 2.507637955160000153e-14 1.561698885840000090e-05 6.146354519150000024e-55 1.670877140840000154e-86 1.324099289630000017e-35 5.191497565829999994e-01 4.726485234900000071e-60 3.634782423649999816e-01 2.750049033969999998e-27
4.009618821559999824e-01 2.044738909960000035e-30 1.448598908039999945e-12 6.213236776529999604e-36 5.720664033610000261e-66 5.990381010580000387e-01 1.585550677139999908e-37 7.178647238329999848e-51 3.177835235660000134e-14 1.678367155039999837e-08
8.043615761469999999e-48 7.778114596159999639e-62 4.282508464630000025e-27 7.737263255490000047e-01 3.660265063590000186e-10 1.972016618609999862e-11 1.635300737339999901e-38 2.247454781119999911e-01 4.530158400060000054e-27 1.528195953539999985e-03
1.103246899530000019e-01 3.259092597580000028e-01 1.073585655539999931e-12 1.705663169940000041e-15 3.179914261080000246e-07 5.637657233909999510e-01 4.128207954579999815e-10 8.887682609729999722e-18 9.195810635859999427e-31 8.492762997329999193e-09
1.387464989700000102e-19 3.306223261869999930e-01 1.984060732180000017e-26 1.528577528139999934e-27 1.337053679909999975e-16 9.012059163600000349e-33 4.212396106560000186e-01 2.543255691769999874e-05 9.447667799589999638e-02 1.536359526040000090e-01
3.664828910210000124e-01 9.703533285060000186e-20 5.959619715250000200e-19 8.496225897480000532e-30 3.383563987080000094e-40 5.867147677399999761e-01 4.680234123919999739e-02 1.327875037420000082e-56 3.842362393309999856e-50 6.814403057360000189e-55
3.365508031320000000e-101 5.042938023620000324e-39 3.088008166009999764e-48 2.005046593989999987e-26 6.694651247930000215e-01 1.242016199529999989e-32 4.856145846079999734e-76 3.305348752069999785e-01 3.712656182319999832e-41 8.775061607849999628e-32
9.037717307400000566e-02 5.974535386640000107e-41 8.955549594469999763e-02 3.387580114139999959e-40 4.318129906250000039e-01 3.882543403550000050e-01 2.212441488199999969e-49 3.706053585149999926e-41 8.930830060980000254e-70 1.775708229649999952e-12
2.237514396589999899e-01 5.976519826560000164e-07 1.678729623190000075e-01 1.629470531910000066e-06 4.827560534600000008e-01 1.415536494650000113e-13 4.702075633830000208e-04 1.475155581979999999e-27 1.251471098760000011e-01 3.012867957090000090e-48
2.265444781590000012e-01 4.828403788789999665e-07 1.669419324560000029e-01 8.833124959819999662e-06 4.833667345089999734e-01 4.419594953090000106e-15 2.039214140690000091e-04 4.492916124900000336e-27 1.229336174960000000e-01 1.134737783690000056e-47
1.894410514700000074e-30 7.514035495589999830e-27 2.248231227030000057e-01 2.145527034990000140e-64 2.803078409779999891e-01 9.000213444440000108e-30 2.289153058539999989e-121 7.122345641180000165e-20 2.495922257099999816e-07 4.948687867270000207e-01
1.203393566129999951e-03 3.558233692100000178e-01 2.277580675979999869e-09 5.572461719789999860e-14 3.464783467440000249e-39 8.432076054010000099e-02 2.615634777129999811e-01 1.275569139269999990e-27 2.970889966929999848e-01 4.122146375770000112e-44
8.527974336459999864e-23 6.474120197629999740e-02 7.417131392370000279e-80 4.697069226080000104e-01 8.176556569579999423e-48 3.068074510319999861e-33 4.655518754160000161e-01 1.938780160030000119e-19 1.372821074980000011e-37 1.870471524949999876e-20
1.940809323280000104e-39 2.534282500379999915e-55 9.828507445150000017e-06 4.992819866409999863e-01 1.739449433300000048e-07 3.372598148029999832e-08 2.068758924770000007e-01 2.704431386880000177e-01 2.338894601570000106e-02 2.268726674759999856e-39
2.627168422169999884e-05 1.224660503670000005e-11 3.077205585870000016e-27 1.216900619889999975e-19 2.913483612280000142e-21 1.485444007279999867e-01 4.618760972589999736e-01 4.365376770560000202e-13 3.793028775479999794e-38 3.895532303159999765e-01
1.108395740139999997e-44 1.747895375130000055e-07 1.403096842320000026e-36 2.351035793930000158e-11 2.240630240330000026e-44 8.354318251199999698e-26 1.022922997449999920e-02 5.206510799119999922e-01 4.691195153000000118e-01 2.433743257730000075e-15
3.788081661380000020e-01 2.503853556680000203e-01 1.041526492979999938e-38 3.778518406520000222e-25 9.663812033650000445e-51 1.980498545480000039e-01 1.768404172840000170e-27 2.180313443879999899e-29 9.152454506360000371e-16 1.727566236460000015e-01
3.780522054689999874e-13 9.742221713169999637e-51 1.346081416219999917e-33 2.967929014849999825e-01 2.520900240189999980e-68 6.217629204050000302e-01 8.122995317230000123e-02 2.641675562450000099e-20 1.270370728479999951e-04 8.718786435770000179e-05
1.435749401220000054e-01 4.127908722940000219e-01 1.781546868859999988e-05 5.655878112909999858e-46 2.515193316319999937e-50 8.387975725069999600e-32 4.436163721160000240e-01 1.561438547259999882e-67 1.924832060540000006e-22 6.739144734519999909e-87
5.603634511970000262e-65 1.128168501209999928e-34 7.085132482399999519e-33 5.222233258559999536e-01 8.196107496730000216e-13 2.111427196260000033e-41 1.020101171530000087e-12 4.170334796849999859e-01 6.074319445669999762e-02 1.630222152030000029e-43
4.229852306380000162e-64 1.939183985840000068e-01 1.142897008680000107e-87 7.891734579059999704e-12 1.981585765600000000e-32 2.169158407849999892e-66 1.023440672369999981e-03 8.050581607360000058e-01 4.136357985400000199e-16 4.886952126139999993e-32
3.421291195539999948e-15 6.282524362259999878e-20 8.327733475019999800e-24 5.934085223589999902e-01 2.618362634870000094e-01 1.447552141540000004e-01 8.963238318719999700e-52 3.161971205399999894e-25 4.334386484240000111e-31 6.648087714349999989e-34
2.606533003080000141e-11 2.505875091470000130e-07 1.612409743040000069e-11 6.607449868860000367e-10 4.389600177729999775e-01 1.311135400620000093e-50 4.799286684989999869e-17 1.105709785139999981e-10 3.520355282310000004e-37 5.610397308260000049e-01
7.143340173090000356e-01 2.381052696729999929e-07 3.308176695650000102e-34 1.137559558679999957e-08 2.856657332090000168e-01 1.209092241549999977e-14 1.137302324469999916e-12 2.940105354219999911e-28 1.822082315740000075e-47 1.302906725559999877e-32
4.535422025220000042e-01 1.211377353619999958e-01 2.051981119460000132e-39 8.825476024619999413e-08 1.187884369249999895e-25 1.126849862050000092e-106 1.142880882779999937e-25 5.159561431299999720e-35 5.342204406609999713e-03 4.199777694549999829e-01
5.191089634559999944e-01 5.671395654359999790e-20 5.092787772199999796e-26 3.637885750879999991e-01 1.216583188660000053e-22 4.911839247770000066e-21 1.171024614560000066e-01 2.025879776560000034e-63 3.177447253190000162e-53 8.920217347570000683e-127
2.604533229760000109e-22 6.606735616259999944e-01 3.393206281150000225e-01 6.874589593099999966e-70 1.366320703229999990e-09 1.171705315470000012e-14 5.808878354810000268e-06 1.471110109210000108e-11 1.233739341829999967e-56 1.917236155630000088e-28
4.410459956789999883e-17 1.226967675699999934e-02 6.124665720809999853e-02 2.399713129719999974e-04 3.597975362840000191e-01 4.526416325850000005e-51 1.176736762930000041e-01 1.676226642959999919e-04 4.486048594800000067e-01 4.194431660490000062e-17
8.237875965679999702e-11 4.170533865389999817e-01 4.309867209909999941e-01 3.640033559500000039e-08 1.519597301629999897e-01 2.367066112539999904e-49 1.999745363020000079e-13 6.035171646100000073e-23 1.258252515400000085e-07 7.784961001149999640e-41
3.938886615710000293e-09 3.560762548500000279e-05 3.102783177809999814e-03 3.361254745100000080e-02 6.601909916320000127e-01 9.632629055229999866e-31 3.030580661699999734e-01 2.780565252009999910e-26 4.677535164280000099e-12 3.143627744000000094e-69
4.568757361900000178e-20 3.528262434050000095e-07 1.526095716629999988e-16 1.603062797979999981e-11 5.898180200449999466e-01 3.483155311840000081e-46 1.512996193990000021e-03 1.864472742949999963e-03 4.068040741610000066e-01 8.401461165860000594e-08
1.161074025789999992e-01 1.361157976229999955e-21 4.131736230870000335e-33 6.096888416260000110e-01 2.557024971079999910e-18 6.555723962720000325e-16 5.247479644700000107e-17 1.414873264090000088e-18 3.211955072449999793e-06 2.742005438399999773e-01
3.601938696249999960e-01 6.397099000029999871e-01 1.945161241319999896e-39 9.622655585070000509e-05 1.258388173099999947e-55 8.609952914130000288e-19 3.815911458959999670e-09 5.526183317639999977e-45 6.804118402560000344e-30 7.287496358660000508e-30
2.587997918120000240e-01 3.860621509670000077e-10 6.777524264500000672e-05 3.745869851970000108e-01 1.494826001100000024e-01 4.727256906870000094e-03 3.639292267339999909e-58 5.932215909869999777e-18 1.945862175280000108e-05 2.123161317230000122e-01
5.596233136350000385e-07 2.452102358260000132e-89 4.475505514129999862e-01 2.879087244110000166e-01 4.018917832580000091e-16 2.628495939650000168e-01 1.095679635910000042e-04 7.930517845680000592e-18 3.021113931559999954e-19 1.581002623669999947e-03
5.386067492210000211e-42 5.914733969600000085e-01 1.610694549090000081e-20 8.894174979939999897e-46 8.406719990420000343e-18 1.416244927969999917e-68 3.865927654270000231e-08 4.083269735180000137e-01 7.578441192970000016e-21 1.995908621459999957e-04
5.617525945689999523e-01 2.827337562869999821e-03 5.679509786069999787e-06 1.404875281209999952e-02 4.213656284819999875e-01 1.953183741140000037e-16 4.192271742949999697e-30 6.249754765160000022e-20 2.132291616059999899e-21 7.064518109969999792e-09
7.152182072889999623e-06 4.012314746640000263e-42 5.430979157349999920e-01 1.194704396120000034e-25 3.201712039279999952e-26 2.636726035609999873e-06 1.717897420329999975e-43 9.182041721880000676e-49 4.568922953569999890e-01 1.289319822340000010e-36
1.188022152229999961e-01 1.442533165040000009e-01 2.022037138799999868e-06 3.959428802499999912e-39 2.809957620879999957e-56 2.328536622559999880e-01 2.508359957510000043e-03 2.419523376629999958e-39 5.015804240229999600e-01 2.395798408450000114e-35
3.018451668020000113e-27 5.798258525969999416e-70 2.259297035660000064e-01 2.665447648119999985e-02 1.008147005369999932e-01 6.543219027749999639e-04 5.039027177660000169e-03 6.409077703250000146e-01 1.074712187810000013e-11 1.490847909120000061e-25
1.062901038120000025e-17 6.601516264119999811e-01 3.389260158999999883e-01 1.904438970780000021e-53 3.686904714050000200e-09 6.586888906870000224e-07 9.216953095610000337e-04 2.779759503340000193e-12 1.480540260499999935e-42 1.508364272259999973e-27
6.762931557050000375e-02 1.991064886630000176e-03 2.361599721380000084e-09 2.133166078529999982e-16 2.362001986180000124e-01 1.189656213350000000e-47 3.632139029429999888e-01 2.556618920020000144e-14 3.309655156190000058e-01 3.884696553729999947e-13
6.579433564679999756e-09 4.968100889800000086e-01 5.031897668029999826e-01 2.064449785300000020e-82 3.282047663690000009e-19 1.376375802900000100e-07 9.509685546730000096e-16 1.925450348650000025e-23 1.780705717289999922e-28 1.279654697209999959e-13
3.133877819179999794e-05 2.424067907399999888e-01 9.959832636999999242e-10 6.952119201290000127e-39 1.044213883790000068e-24 9.959691183530000808e-16 7.575618694860000168e-01 8.375063014920000570e-64 6.058341671999999845e-50 1.492747840909999945e-175
7.340412091650000690e-49 2.229842254659999872e-32 2.066600912530000078e-19 5.230014008240000400e-01 1.654812952859999872e-05 2.621402640340000115e-38 7.232397755510000061e-11 4.172766985310000232e-01 5.970535244349999687e-02 2.031650711129999902e-34
3.358060758590000106e-30 1.998232643039999884e-33 6.319023303099999822e-01 1.097519896929999940e-50 6.777266482860000242e-07 4.865806678649999931e-48 7.503252011689999952e-20 9.390703710510000389e-08 3.358395071329999846e-14 3.680968980570000215e-01
1.689358564830000046e-15 2.166294325889999839e-25 8.064415836030000562e-02 3.307528991470000028e-29 3.420856381439999889e-08 3.425102495670000183e-19 8.178158852779999632e-24 6.695669133520000044e-08 5.760940059089999510e-01 3.432617345649999763e-01
1.690242547939999997e-23 4.764344543469999915e-01 2.982045487689999902e-31 1.288861456329999982e-22 6.923268181550000256e-54 7.495739522960000081e-77 4.906060959349999862e-01 1.218285164660000045e-26 3.295944971820000124e-02 2.774027336899999829e-29
4.000055776349999981e-01 1.011457616379999928e-20 7.055658488050000145e-25 5.999922472930000472e-01 9.363194274969999915e-14 4.808206472589999688e-08 1.336429985710000019e-54 5.852941307699999829e-41 2.126990072780000149e-06 2.109042291069999895e-17
2.495707090639999906e-15 2.351050617220000235e-41 2.459665991810000061e-30 1.983988028200000067e-05 3.833131194869999691e-39 3.350302139069999963e-01 6.649499462129999650e-01 7.512040590609999681e-20 5.780928327229999999e-61 4.422947422270000075e-14
5.354118222600000252e-20 2.216039984070000068e-59 7.169370029370000537e-11 1.835753676799999893e-28 1.207111021809999916e-36 6.665753241659999606e-01 3.332882098609999955e-01 1.776254212299999850e-17 1.162091805099999934e-39 1.364659013879999960e-04
1.802511432040000014e-22 6.606460245709999679e-01 3.393008228930000092e-01 2.070452447810000040e-31 9.854623571189999547e-13 1.858319831220000097e-17 5.315224381180000201e-05 2.913488217880000060e-10 4.022634940300000027e-23 1.319716251100000036e-27
4.113463473579999644e-24 4.667254536620000227e-01 4.923559574579999953e-34 5.387272218369999814e-14 2.933286185469999977e-05 1.872453536979999944e-01 1.731990426029999916e-22 1.869148779779999936e-01 1.590849743099999880e-01 7.489611148760000535e-09
1.533583339019999915e-02 1.941125912280000088e-01 3.036159645280000168e-05 2.349175621469999919e-01 3.348222896849999963e-01 1.716158941020000067e-46 2.207813431519999869e-01 1.880922025990000054e-41 1.880011780029999931e-08 2.534819012149999816e-109
1.972282590380000211e-03 8.602058190399999876e-44 1.597315381220000050e-27 1.304457697279999975e-08 6.225495250129999614e-105 4.381097306239999933e-01 1.643573808819999928e-10 6.915543374250000129e-38 3.998135345939999863e-01 1.601044389830000025e-01
5.305190986190000402e-01 4.124113627179999771e-35 2.736965558229999948e-06 2.867908985289999904e-30 1.483180775410000011e-09 2.861300665449999857e-05 7.976066159679999488e-80 2.938550595020000126e-36 1.110722690420000054e-22 4.694495499260000204e-01
2.499283773329999958e-01 6.142099147799999330e-05 3.366370242400000041e-05 9.037614559730000390e-31 4.513968283229999713e-11 6.107423658730000238e-33 1.830776056269999859e-61 2.076165485749999990e-57 7.499765379280000088e-01 1.566952902730000035e-41
3.896178533080000272e-17 1.136862986570000035e-77 1.784321072030000030e-50 9.999999999949999996e-01 1.000054727739999983e-77 1.703044360469999909e-29 5.036433886160000123e-12 9.151703303700000008e-69 9.532144502700000661e-25 2.937970746320000027e-75
2.892772067940000205e-09 3.116770071299999889e-02 9.360085902259999529e-17 6.192306260860000192e-30 2.476598459180000115e-10 6.502824296389999937e-49 2.266289061780000159e-21 1.786518128829999993e-12 8.157306698509999565e-01 1.531016262930000038e-01
4.792104618180000097e-14 7.106901115069999857e-23 5.000185562190000432e-01 1.374769414439999993e-55 1.640578776809999945e-57 1.242072249400000011e-18 4.999778408810000019e-01 5.064580494249999636e-25 5.931618111769999790e-07 3.009738181399999949e-06
3.090823113510000053e-01 5.809273140899999799e-01 1.068112075149999906e-03 7.866383438959999738e-47 4.745655506719999668e-46 3.977016985180000251e-29 2.407531703870000072e-11 7.333829386040000385e-54 1.089222624600000022e-01 6.486190214750000356e-38
2.188303055830000097e-26 1.725449231259999870e-30 2.501269228379999765e-01 2.685612724840000179e-43 7.498678425429999850e-01 4.987926985620000029e-13 5.234618858260000407e-06 9.424634722100000270e-23 2.463253778049999893e-68 3.584020164039999931e-73
6.974315656899999504e-14 4.967883830379999921e-01 5.032116169610000300e-01 3.617555811179999926e-58 7.333206111599999664e-24 4.466530464940000364e-15 1.072658223799999986e-18 1.042911541440000001e-22 3.574341355999999792e-16 9.208039306219999975e-13
2.595552287909999908e-33 7.309838444790000324e-99 6.825269715220000333e-27 7.672834196309999966e-01 1.345784401019999962e-32 2.327165803690000034e-01 3.654581876239999863e-19 3.696757367650000077e-21 1.098641801409999915e-28 3.629623758589999873e-31
6.693260757090000330e-38 2.713357964729999905e-01 1.642722021090000075e-81 7.692391815799999588e-02 4.074627583840000195e-39 3.114993490820000138e-43 8.354768558880000035e-14 1.212508945689999978e-01 1.558548749699999997e-22 5.304893908000000158e-01
3.132218316830000180e-41 1.553027589530000054e-82 2.825406880990000147e-01 3.146395308450000150e-01 3.610340063880000037e-06 5.991475584670000361e-03 1.844590112900000014e-03 3.949800957669999946e-01 9.251454147990000346e-09 7.335300196070000391e-37
7.829134499829999695e-42 2.184256652400000109e-01 1.618940989930000088e-03 3.418683812300000043e-105 1.328127630270000137e-01 7.103531208609999846e-07 5.503535150610000204e-59 6.934573838709999494e-02 3.083945259539999764e-23 5.777961820029999807e-01
1.564921326920000119e-02 7.879221639640000668e-34 4.888837893129999649e-13 4.452800415680000231e-27 6.180921755270000206e-01 4.854863311379999796e-02 1.267834367910000030e-70 2.610814866900000004e-36 6.594071628590000228e-65 3.177099780900000114e-01
6.573201841020000213e-02 2.614864173730000012e-32 9.826299027809999199e-06 2.784991877050000085e-43 1.021897537510000051e-61 8.598477894279999778e-16 7.757162197839999607e-01 1.028899405609999998e-54 1.585419355069999925e-01 6.885940077279999881e-33
1.696193684759999816e-52 2.722944309620000114e-29 1.487618073619999967e-16 4.499623708010000143e-21 2.078576930769999997e-01 1.124552505970000012e-69 1.029725963390000048e-58 3.654090584329999780e-01 8.378680389160000561e-03 4.183545680999999905e-01
3.271871285809999938e-22 6.046522141450000332e-01 1.981847276919999974e-30 1.687127928890000118e-07 2.163296771180000036e-02 3.351722624110000198e-63 5.855741258840000002e-53 1.493800450410000084e-18 3.737146494299999899e-01 4.990455773899999721e-25
1.341494575649999912e-31 4.844874339440000122e-01 1.147226418929999899e-115 3.623137428470000199e-01 3.277037723590000208e-37 1.400398868869999989e-38 1.531970063810000060e-01 1.333124729859999980e-06 3.597983285900000276e-52 4.837030136770000244e-07
1.103713593089999945e-01 3.258298755879999731e-01 1.202630869190000049e-13 1.302035335639999951e-45 8.411116065010000207e-05 5.637146527349999880e-01 4.536765740639999847e-13 8.940839646440000720e-21 1.656919437459999933e-70 1.206035652540000101e-09
3.095985735100000147e-28 4.437012341940000271e-46 4.196936287959999734e-01 7.215616663770000370e-07 2.274936994360000075e-01 1.764869341810000016e-18 5.451597856519999757e-05 2.573965224240000182e-01 9.536091176340000253e-02 4.076508175860000095e-11
