2.762460775059999891e-112 1.764144416699999936e-60 4.691973261279999947e-58 7.924508580889999854e-06 7.714279819320000176e-01 2.319709370079999871e-17 3.660579442669999813e-13 1.445750625470000023e-51 1.395002847020000014e-05 2.285501435299999995e-01
4.881995713639999956e-01 1.926506901989999983e-37 1.839325613370000057e-01 1.928273536849999964e-13 4.185625915840000314e-14 2.181265719039999858e-23 1.218433544380000040e-20 3.796842064399999879e-05 3.278298988780000145e-01 1.876555926639999990e-30
2.858533588050000129e-01 2.563077983300000037e-22 3.196130973669999887e-06 2.530420445309999877e-02 3.741581045730000277e-01 2.049424219309999942e-16 7.185070237580000268e-06 2.969401109170000126e-14 3.146739509679999935e-01 7.688624784839999921e-23
6.615209030809999475e-55 2.853868031409999977e-36 8.518068345889999588e-50 1.693940852869999875e-36 2.617923792090000035e-01 9.554350324360000423e-31 3.250882254830000229e-14 3.255135088800000243e-01 2.009643309950000107e-23 4.126941119109999723e-01
1.802927210090000019e-10 2.208784597120000062e-17 6.486484744460000451e-01 2.369455959469999844e-15 3.503466367470000065e-01 7.134418523260000226e-04 6.671874304750000267e-23 3.620001743919999798e-19 2.914467749049999773e-04 6.040286721700000393e-35
2.172344266960000119e-20 2.690402083549999813e-16 6.530360328749999607e-10 2.856848917250000008e-01 6.215369977520000186e-30 6.866612789599999474e-30 5.140227798509999779e-01 1.991231700149999895e-01 7.005631195959999540e-04 4.685946361120000084e-04
1.276952605120000047e-23 1.107066779640000054e-29 6.920730784239999629e-22 3.693807585249999744e-91 3.747817858110000365e-21 9.132571999389999959e-40 4.300272776160000245e-12 1.093981169330000055e-03 3.125000704099999971e-01 6.864059484160000002e-01
1.667833976089999930e-12 5.328559901640000445e-22 4.201332149200000254e-02 9.837590553799999702e-60 4.354322260810000119e-18 2.103265837850000154e-37 1.487807382300000061e-20 3.185329537259999899e-01 6.394537247799999546e-01 2.278558615270000101e-36
3.414507004669999841e-40 5.807855584309999930e-01 5.951279835600000034e-17 1.413704116319999950e-08 4.189688746890000148e-01 2.455525405770000026e-04 9.127524314169999674e-15 2.025905069209999964e-10 9.996980114910000166e-22 9.833426583699999570e-19
2.230794856180000080e-50 1.008675043129999978e-65 5.536149214520000414e-28 1.532990527660000026e-27 6.476000113070000180e-14 4.825538221050000107e-41 4.860196236899999829e-19 5.291906496100000206e-21 1.000000000000000000e+00 3.331816254589999841e-21
2.653909092489999955e-01 4.952501752199999774e-01 3.296690453889999769e-07 4.112506828090000384e-46 2.866236861119999922e-54 7.233481595799999898e-36 1.880353744370000130e-18 2.393585858620000117e-01 3.792661302689999828e-27 2.116460734710000086e-24
3.571824455929999832e-18 3.981118930349999974e-01 2.176324521949999855e-02 8.697969531670000147e-08 1.795727853619999981e-01 8.782449419830000482e-11 4.430694298740000397e-03 2.437746175059999909e-01 1.523466775029999887e-01 8.158288206420000500e-12
1.442198885599999893e-10 9.263664775759999281e-41 6.748853279169999553e-01 1.548106195020000130e-45 5.789092487960000132e-11 1.263996780110000064e-20 5.359915857009999636e-38 2.071177092090000097e-11 3.251146718599999819e-01 3.278048036900000007e-48
2.194293271159999947e-01 8.679033202989999481e-23 2.420441902459999860e-05 1.886207637070000040e-03 4.020870184320000096e-01 9.453019370939999555e-02 8.866195666000000090e-22 2.820428937680000137e-01 1.549184241779999909e-07 6.195198335749999717e-15
2.088387742019999897e-19 3.364179009600000159e-01 3.328086327840000247e-01 2.333669136850000103e-01 2.346039220899999920e-42 3.526737579970000110e-18 3.178684767440000201e-03 9.494713557490000455e-04 9.327838609140000348e-02 1.035567393939999942e-08
5.215981553560000083e-55 3.889484204269999786e-34 4.132719326390000088e-51 7.851352864739999937e-01 1.642485401290000036e-01 4.581311961149999768e-23 3.905902429319999675e-02 4.232235730109999874e-45 8.178257163880000106e-14 1.155714910329999970e-02
1.951587780300000113e-47 2.054919236600000118e-24 5.427708702349999848e-20 6.997692064360000256e-28 1.348360423140000097e-01 8.573381727860000145e-12 3.818708029279999766e-12 4.438898971500000387e-03 4.591672053379999840e-01 4.015578533640000169e-01
2.395770391930000078e-16 4.706137033699999880e-17 7.534612138570000173e-02 2.910804836659999784e-01 6.226803593999999471e-08 3.829249851150000328e-02 2.407651888279999997e-23 5.319789232110000306e-29 5.952808341690000171e-01 8.918850598769999400e-33
3.768035512220000141e-15 6.935885139420000589e-17 6.970375652620000029e-01 6.147645074469999923e-13 7.663681925740000261e-26 3.029624347379999971e-01 2.742769929039999733e-57 2.492777681489999922e-36 1.832781248579999982e-34 5.620628100999999706e-89
5.986404493160000229e-01 1.541578909700000110e-23 5.444551762489999764e-08 8.783161217450000392e-76 3.534596769389999893e-01 3.155041149889999911e-06 2.017520351439999927e-29 4.789666415240000086e-02 9.992298850180000202e-11 6.178899522010000159e-12
1.456732113360000005e-36 4.948478098630000291e-48 1.770643002420000027e-34 3.507373471810000254e-01 3.212059087379999892e-07 2.337517108170000132e-33 7.863402345209999714e-03 7.734765773840000568e-45 6.413989291070000265e-01 1.611957524560000114e-10
1.309915388430000008e-03 4.760044570429999844e-02 8.543655705950000361e-27 4.361438173319999723e-01 1.035355467040000056e-20 2.799869108499999926e-01 2.613966988449999865e-12 1.095094840529999978e-36 3.552149499750000137e-39 2.349589107220000084e-01
3.564104445599999837e-03 4.943063259520000252e-01 6.462521156029999835e-05 5.122163906429999659e-18 1.930554078429999940e-31 4.011600769499999748e-23 1.155185345360000004e-01 2.230976536669999870e-18 3.865463485349999728e-01 6.132036030290000577e-08
3.719930235219999770e-01 2.667722184669999996e-01 1.927928213920000133e-06 3.198533633299999813e-13 3.579551027019999832e-01 2.094742714879999893e-11 3.093405490660000069e-03 5.927019706360000094e-19 1.843218686119999937e-04 4.106448586539999979e-13
2.516172946540000122e-01 2.974815714519999932e-01 5.156447164769999841e-02 3.990463902599999946e-01 4.325629508960000021e-23 1.001089099089999990e-07 7.627075470019999672e-06 1.753561793449999972e-25 2.825447893109999937e-04 1.323221069239999925e-11
8.586436240100000603e-36 1.077661481109999980e-21 2.892513802809999948e-28 4.390236360929999915e-03 5.206805589360000008e-16 2.828052397130000127e-36 5.306789694339999475e-01 8.112749371829999958e-19 4.648327847750000075e-01 9.800943091840000560e-05
9.548697934140000749e-12 5.362649632799999615e-03 1.278884643460000108e-10 1.846591627279999936e-03 1.316857875890000014e-18 2.832272643850000104e-01 1.434073924639999937e-20 7.095634942180000237e-01 4.017863029329999857e-38 2.888972847130000219e-14
3.133824287339999951e-06 2.869913989130000176e-01 5.113633961010000062e-30 2.878615215160000164e-30 2.306668539060000057e-34 5.610679618219999610e-19 5.320228137000000092e-14 5.093126924119999455e-01 1.256812496399999925e-66 2.036927748510000136e-01
2.994056321129999910e-03 7.745737980140000359e-54 5.154806749810000310e-01 4.112212550880000039e-01 1.625860986420000148e-76 6.230826195740000116e-47 5.644202078460000438e-25 1.977665742719999880e-27 7.030401360980000069e-02 3.419927831159999952e-46
2.404575915469999992e-01 1.114901666919999979e-42 2.343754911820000036e-02 1.685285017969999910e-01 8.985809382880000212e-47 7.434928749940000498e-33 3.383527798379999877e-19 3.700507496429999833e-18 5.675763575369999758e-01 8.216475181120000829e-31
1.053165417089999947e-15 8.979418483669999599e-16 5.028309001670000500e-01 4.868116179939999935e-05 4.957014162839999960e-01 2.615505016659999956e-05 2.098637681469999839e-15 4.764882794949999544e-13 1.392847336429999970e-03 4.755350436340000311e-30
2.767307737559999994e-11 2.951163911010000196e-01 2.389566157889999870e-06 3.415279361409999931e-24 1.354881539350000100e-13 1.749068099680000132e-07 3.086780351390000167e-09 1.230945619049999967e-01 6.217180239250000285e-05 5.817243076029999793e-01
1.726283468639999985e-01 6.317318561929999631e-48 2.623351509779999965e-02 1.163089687499999990e-16 1.040303826739999958e-02 5.697357904129999703e-07 1.970789618600000087e-29 5.438111424229999935e-01 2.469233876120000004e-01 2.374302538169999775e-19
1.647401719889999925e-26 1.737894744190000045e-46 2.258999561980000054e-16 4.243934241669999885e-01 9.146311835050000005e-02 6.202762941519999526e-08 1.404953320319999960e-17 1.926152418039999981e-01 8.193988421150000256e-02 2.095882694400000024e-01
3.225804489149999680e-70 1.015297535979999954e-34 6.971257801259999986e-30 1.770182972089999974e-28 2.780969494930000119e-01 1.898897855889999917e-17 3.844823547940000263e-17 1.929845469050000054e-02 2.500039172710000202e-01 4.526006785450000236e-01
2.762134812220000187e-12 1.408235277819999989e-51 3.420372465470000178e-01 2.218922034599999874e-60 4.300092357289999928e-08 2.585377061430000161e-26 6.008396793440000328e-47 1.240191689840000001e-12 6.579627104480000321e-01 1.485365801889999867e-63
1.678612581030000093e-37 2.109370103519999830e-30 5.160905302560000366e-18 4.597975436469999922e-04 2.118508262769999984e-01 1.558052108470000057e-10 1.978009675999999902e-13 6.065786661480000036e-49 7.876893760230000430e-01 3.070441651129999975e-26
1.108313962089999992e-18 3.873044788949999782e-44 1.928712500750000135e-11 5.509532903210000443e-01 1.007397474959999962e-26 1.537527003360000087e-30 6.037604576820000023e-15 8.312159488220000556e-37 4.490467096599999874e-01 1.047413065500000093e-31
5.633419167840000297e-01 4.361108081510000067e-01 2.372514161799999836e-05 1.333078911730000066e-73 1.868471885559999964e-89 1.583853673220000004e-46 4.533622457780000186e-37 5.235499228730000230e-04 1.506622561250000056e-37 2.445186306220000119e-45
1.902340282009999939e-01 7.439221498769999343e-15 5.818535037749999675e-18 7.648947031270000074e-60 6.657671896919999943e-01 5.489790221030000075e-17 1.754117784369999995e-11 3.005038240940000149e-06 3.421635624400000237e-10 1.439957767089999896e-01
5.441167824789999719e-01 1.514196950560000032e-01 8.529565596739999923e-06 4.436963456239999796e-15 3.043249173670000141e-01 9.550021326049999991e-09 8.481003805199999935e-10 5.513300789280000083e-36 1.300651336180000015e-04 5.980866303569999775e-26
2.142580826849999898e-01 1.830937051590000056e-12 4.035066102050000048e-01 3.822346932449999790e-01 2.314726779200000153e-25 6.138629936659999540e-07 1.050450325390000050e-41 7.483469591579999624e-25 1.311400592740000026e-29 2.231982800639999970e-62
4.738634480260000004e-01 9.113673370019999670e-17 2.200484991439999949e-17 1.714227326889999903e-01 6.924855100539999651e-26 1.952165348239999917e-27 3.541535959809999912e-01 5.427732378320000180e-45 5.602200735360000428e-04 3.229601157369999810e-09
1.699227906560000073e-17 4.054246469309999990e-01 2.301555107399999936e-29 6.609612281809999991e-61 2.124373400650000122e-08 5.462176424770000181e-11 5.569385132309999841e-20 2.803101578859999998e-01 4.444014402750000201e-38 3.142651738839999931e-01
2.779210237620000027e-48 2.407263443270000083e-06 3.402182358930000110e-31 5.592223810009999888e-34 4.285369413310000097e-01 3.807734858200000072e-02 2.259989930410000107e-33 5.333833027090000289e-01 1.705185142039999923e-38 1.145512848070000027e-10
1.702857999860000110e-21 2.080914495880000118e-26 7.611965861409999999e-22 1.481300555110000035e-25 5.626674294619999779e-48 3.432239532789999921e-28 1.865159598319999995e-38 1.000000000000000000e+00 8.606827644979999746e-47 1.836079425610000031e-25
2.527439891000000162e-18 2.367115792170000073e-51 1.513835300719999990e-12 4.845677897469999884e-01 2.030096973490000010e-37 1.398961648900000016e-43 9.037742658609999539e-12 2.990172821780000191e-18 5.154322102430000108e-01 5.518090685680000129e-22
1.675111269639999872e-02 6.052820184460000474e-01 2.785093799100000157e-06 2.373239036089999964e-34 1.115333646950000032e-07 2.881366161410000011e-24 1.766827232490000010e-01 8.038097626640000604e-02 1.208886050230000009e-01 1.166769217089999991e-05
8.786499253799999707e-17 3.683301558009999911e-37 3.877321061540000002e-01 3.358467752459999848e-29 4.278737163790000131e-01 1.843735808870000104e-01 2.269997462840000178e-43 1.971032007630000083e-05 8.862600079999999725e-07 1.510032635809999920e-38
3.232489186709999804e-62 1.559262474279999938e-55 6.504701451429999911e-41 7.834621188010000188e-88 4.273434692899999998e-01 5.095019639059999704e-42 2.884020579120000004e-22 5.726443987329999930e-01 3.037096961970000100e-06 9.094880390700000060e-06
1.531710440840000084e-64 8.522639628659999784e-35 7.033557056350000522e-36 2.395192146160000091e-01 4.797401018720000021e-01 5.292025901120000200e-22 1.060939862359999938e-05 7.666761826590000048e-62 2.807300741140000278e-01 8.884083940429999670e-16
3.728548110939999992e-28 6.759363488429999573e-16 2.699480790209999824e-75 9.045874455380000744e-31 5.613229450740000459e-01 3.987810235440000079e-20 5.548503021769999865e-11 1.994717982520000031e-44 4.574689280840000055e-57 4.386770548700000272e-01
1.892390894469999990e-43 1.021453797529999998e-29 1.534164247660000133e-29 4.067542833180000132e-37 3.995763655210000098e-01 6.004236344790000457e-01 7.366008506460000438e-56 2.848011160499999870e-29 1.888265603779999890e-37 1.795290598290000161e-39
2.563888003189999854e-21 2.506329511699999806e-19 4.023087890090000229e-01 5.976733941209999568e-01 1.422928554369999965e-21 1.385720915459999921e-05 3.200513724570000056e-28 9.922302710919999775e-20 3.959660833099999948e-06 1.063188918509999972e-34
7.528643744959999384e-02 2.044482112690000123e-34 1.658556900469999873e-01 3.594418662709999990e-02 1.312403059169999957e-12 3.448920019409999933e-03 2.238260768880000018e-35 7.194647658549999658e-01 1.032708917400000017e-14 4.329555522430000207e-24
1.201877768750000027e-30 7.423156241329999649e-47 2.076010539910000048e-23 6.700418068350000311e-01 9.787440374699999525e-20 4.935441140090000200e-38 2.503152237529999850e-09 2.014896024960000063e-28 3.299581906619999949e-01 4.964281703879999881e-17
4.159096108820000137e-01 4.717580836770000358e-37 3.677989904369999811e-08 6.190993981100000660e-33 3.634513371829999784e-55 3.856490629010000001e-51 6.704796617000000064e-15 4.533810023550000222e-45 5.840903523379999962e-01 9.625707818129999599e-34
4.549591065039999876e-18 7.763296111170000513e-01 1.161501602869999917e-19 2.235254752660000011e-01 1.967339850350000078e-55 1.892266767839999885e-22 1.449136165079999920e-04 6.444742525809999710e-56 2.568781943329999882e-18 8.409227324329999641e-17
2.834548844140000102e-16 1.768348812439999932e-49 6.658657632850000230e-01 4.491652791509999862e-62 1.888856523920000084e-28 1.949700629280000097e-01 2.709224941040000087e-136 1.391641737869999951e-01 1.574301053620000028e-37 1.247588716799999950e-77
9.349739275850000062e-12 4.187964726589999946e-26 4.157843901399999791e-14 9.425481920390000202e-04 4.409072560069999813e-01 8.972596089779999778e-23 3.341399242199999953e-01 1.925320365930000092e-10 2.240102713119999922e-01 6.733050969620000524e-11
1.900419657990000051e-14 5.195595001139999836e-01 1.249685504869999921e-34 9.378114952439999367e-21 1.097546863319999975e-02 3.879848161190000300e-09 3.197448177700000024e-10 6.777303256200000327e-14 4.713910745389999638e-38 4.694650270529999725e-01
7.004129592329999535e-27 4.371136721860000039e-11 5.758667795990000023e-06 2.466882159300000139e-07 3.585058380819999904e-10 2.740381317460000021e-01 4.066172462439999927e-10 1.971143561300000013e-01 3.004010286189999768e-01 2.284404773400000033e-01
3.335398706259999898e-21 7.314402083730000227e-30 4.163050178099999620e-09 2.001263277850000069e-32 5.095355645460000193e-01 2.146416661760000011e-01 4.207557596219999941e-47 2.758227651149999793e-01 1.079747593540000057e-16 1.415164723770000029e-29
3.252923526760000097e-17 1.499976818919999867e-29 7.771977484360000077e-02 3.025249047370000261e-29 1.128968508079999976e-16 7.032934099140000228e-01 6.259184015369999702e-56 2.189868152420000047e-01 5.289988800180000224e-26 4.049672856760000208e-44
4.948831251060000214e-01 2.188223578909999851e-40 5.050531428729999606e-01 6.373202150990000029e-05 7.978622555609999582e-48 1.823020381120000098e-32 4.150260514379999783e-36 2.206185698399999867e-17 6.049853401070000187e-14 3.053240653520000102e-58
5.123675102189999553e-01 6.026036498449999784e-15 3.603931385030000253e-20 9.145111870200000322e-17 2.071048091809999936e-01 2.366622927359999941e-26 2.804791674530000001e-01 1.627277808299999889e-33 4.851314472699999819e-05 2.651699332189999806e-12
4.356920078200000013e-32 1.348966101990000057e-25 9.817959768400000637e-08 1.492049535659999929e-03 1.021821425149999948e-41 8.039694457699999586e-16 8.707619637250000262e-14 7.579106504489999674e-01 2.359982352839999908e-01 4.598966552300000343e-03
1.651658119440000128e-01 1.374550603290000060e-24 5.538697117889999910e-02 3.124441423799999978e-02 4.385395947540000061e-01 2.572377127050000010e-04 8.498956222260000142e-23 3.094014509099999866e-01 4.519262740970000131e-06 2.085396220799999969e-17
3.268040590299999840e-24 5.603832915700000283e-09 3.549466359310000037e-43 1.324739714399999963e-11 2.447415038999999869e-24 1.252909529919999896e-38 9.999999917599999844e-01 8.078005968280000173e-62 8.164946142180000182e-19 2.623148930980000136e-09
1.278407875930000008e-40 1.068362156070000032e-95 1.087877244349999989e-18 1.351944525410000076e-52 2.064590704919999908e-01 7.121662551189999909e-13 4.042320697880000200e-47 5.591587233390000328e-03 7.879493422740000419e-01 2.148181995970000100e-15
1.088922037790000012e-71 3.793363326110000062e-06 1.605005229090000084e-54 6.444337529680000324e-50 2.868826931289999993e-01 2.325245092670000082e-11 4.797698773730000270e-17 7.042803016570000208e-34 7.663168293910000423e-34 7.131135134849999613e-01
6.330792408830000495e-01 5.209826117490000173e-34 6.809840273470000281e-04 1.506434445279999930e-57 1.104009192090000077e-22 3.674101032289999912e-39 1.634314834170000041e-26 5.311808693449999867e-26 3.662397750890000192e-01 5.268608595299999698e-46
2.628740267070000039e-02 3.748206074389999602e-09 3.766587731459999921e-01 5.916746872450000527e-01 4.437338535259999866e-11 1.189014207679999971e-04 6.348396455759999649e-18 5.260231725369999937e-03 7.626619594899999810e-22 4.544576166079999745e-25
2.653908919540000078e-01 4.952501992180000090e-01 5.116712928349999741e-08 6.962006074750000211e-46 1.529057793930000007e-55 1.946667211770000165e-36 1.091130777449999973e-18 2.393588576610000129e-01 3.335148055200000194e-28 2.938594157259999809e-23
8.242001406620000656e-43 1.277792006879999937e-21 7.014044399919999745e-12 6.037135864220000148e-01 3.593090668849999725e-01 1.265903939720000083e-04 1.909281590269999978e-17 5.895561053970000049e-41 3.685075629239999845e-02 1.591670863980000064e-29
4.283842072490000041e-01 1.569072530760000126e-08 1.581984928490000053e-01 5.544307300100000113e-02 2.797759599209999848e-33 7.930864822940000395e-18 1.546732335980000039e-01 9.280341269110000237e-15 2.032892148650000119e-01 1.176274724719999975e-05
1.175362831639999940e-22 4.280098224589999889e-01 4.719411486620000142e-08 1.014248443159999991e-14 5.356031933049999472e-01 6.281801379010000256e-15 2.779436678909999979e-05 3.747228061360000289e-14 3.635914267519999715e-02 4.216071199029999902e-19
9.985622930439999297e-37 7.762260775720000172e-01 3.587277435129999955e-48 8.495652924449999574e-36 7.354976028100000673e-02 2.449388141659999885e-22 2.749730265079999847e-02 6.999374454310000343e-31 2.740612837239999899e-32 1.227268594959999987e-01
4.146586088279999860e-01 5.499319128290000025e-01 2.478795643529999905e-03 5.352455977769999765e-12 3.017153195559999972e-12 3.293068269109999946e-02 1.758370840830000016e-19 4.415823921849999579e-19 2.047168326239999892e-23 9.314575575720000505e-26
7.808647417410000409e-19 3.977045636880000012e-01 6.268533842779999951e-29 5.333686787860000038e-63 1.833912766900000098e-09 3.358262241199999799e-10 1.717513388349999920e-18 2.156835254059999984e-01 6.405110349820000016e-42 3.866119087359999873e-01
1.501684946000000076e-01 9.441359764639999617e-04 1.093231193020000047e-01 2.279921197470000105e-02 6.988111359859999902e-50 8.461407296469999682e-37 1.359175173459999968e-05 7.167514463940000136e-01 5.055667477310000372e-13 3.575773397479999718e-23
2.110746699150000169e-27 3.248597779570000039e-37 2.860364496310000085e-08 5.172766738789999859e-09 8.562864943650000480e-04 4.840937889809999728e-01 6.277834599079999670e-33 1.804540900120000125e-13 5.150498907480000055e-01 9.645084228549999726e-20
1.317089036050000071e-02 3.400884899639999848e-01 9.981364667259999564e-17 4.310832338329999903e-75 2.563972429180000044e-50 8.309443380890000279e-24 5.794511162030000345e-32 6.467406196760000503e-01 1.906844522899999978e-53 2.420457020509999953e-17
4.882050810990000156e-01 1.634077651419999962e-37 1.839404806959999972e-01 6.391747384810000579e-14 1.534055482289999970e-14 4.020927553230000045e-23 7.331950503340000314e-22 2.418892942889999898e-05 3.278302492749999852e-01 3.038459114899999946e-32
1.551602212719999975e-28 4.210388279350000156e-08 1.807288704579999868e-14 4.613206147619999522e-41 3.025679367060000180e-01 1.998691331380000047e-01 2.041164259249999929e-27 4.975628880519999964e-01 3.228850529480000015e-23 5.481299332330000028e-14
1.745619747530000043e-01 5.224262803350000095e-47 2.811106818619999934e-02 4.677767520269999611e-16 2.679771990120000114e-02 2.406582941809999735e-07 3.297689602940000018e-29 5.369185528340000291e-01 2.336104436670000117e-01 3.286301074100000041e-18
1.060347842089999955e-16 3.937069229220000149e-04 2.771737468889999990e-03 1.108215455360000064e-36 3.174310469539999760e-29 5.071174375470000051e-01 4.912217066949999725e-65 4.897171180609999896e-01 4.824288578450000286e-42 2.824788491440000015e-51
7.522437307769999792e-54 1.147214648220000013e-09 2.353517471200000006e-24 6.160846120039999935e-10 4.720092713579999988e-02 5.951782196930000230e-19 4.599897818609999800e-01 1.163274281360000075e-11 4.775731338309999741e-01 1.523615539729999968e-02
4.918822126340000263e-44 3.481055946459999773e-39 3.031872139319999977e-20 9.511739759049999595e-62 6.010327843399999680e-08 2.609827317170000035e-27 7.450152441600000057e-29 9.999998903440000531e-01 4.955297436739999699e-08 1.671898141919999922e-18
3.559663182910000057e-01 1.279731165739999913e-44 4.621296374450000297e-21 2.554424046290000011e-47 1.451681220259999905e-01 6.061986089180000230e-28 8.527651823550000339e-10 1.438199538530000009e-02 4.913086552050000434e-04 4.839922547889999871e-01
7.651695070989999946e-17 1.032737805170000007e-36 3.878998991520000161e-01 5.367226758790000156e-29 4.281082460050000260e-01 1.839775785799999952e-01 5.450534723080000283e-44 1.424287328229999948e-05 3.339003435759999989e-08 3.498583134090000056e-38
7.622924853849999944e-34 6.570670401189999954e-02 2.254558477330000054e-54 2.155938971780000102e-01 4.225265689499999795e-40 1.321378715410000078e-34 7.186954265999999647e-01 2.366567162710000079e-53 5.481926819979999747e-49 3.972210593310000134e-06
1.121233506299999932e-01 6.027817542810000040e-01 5.724049330559999663e-05 1.195158609489999949e-37 2.628610863670000148e-08 9.257530360800000474e-23 9.425384241089999893e-02 1.066139606520000028e-07 1.907836789340000005e-01 3.501418181670000058e-10
2.240497651470000143e-02 9.334591731320000433e-17 2.343642195389999960e-01 4.238760823780000075e-01 2.629900633839999946e-01 4.142143717129999773e-12 2.327585391910000115e-05 8.047019447610000153e-03 4.829436287799999949e-02 2.118430958739999922e-16
1.241871651219999921e-02 4.858736574610000128e-17 2.411179870369999922e-01 4.268437211280000088e-01 2.621617868930000150e-01 3.752557264710000366e-12 2.682632031050000048e-05 8.552242913130000262e-03 4.887871919250000308e-02 3.584660854360000203e-16
5.023568258919999543e-16 7.118140576620000104e-01 1.725396512330000053e-56 2.103398839839999979e-01 1.452362428740000043e-43 6.400925964709999589e-37 7.784547517640000303e-02 3.275234505669999701e-36 4.906340361460000160e-79 5.831781518139999604e-07
1.734056934130000128e-07 7.371629213569999905e-36 3.833657255520000334e-02 5.276967885040000361e-01 5.738371443950000058e-18 1.106786144890000018e-01 4.240918633499999732e-34 3.232697513119999755e-01 1.809973443670000125e-05 1.569703283310000058e-13
3.337656100510000062e-60 7.087432751169999449e-86 1.591269911959999907e-32 4.926956441899999876e-41 3.382504761380000224e-01 5.929285406940000364e-21 2.576662521539999994e-26 3.091136982679999843e-03 6.333398695090000086e-01 2.531851737040000105e-02
2.039509256440000126e-48 1.039799637110000027e-46 4.676418015729999613e-44 4.930020130639999887e-01 9.862264388010000271e-02 2.236066642940000020e-33 3.778240626579999761e-02 3.485921648969999900e-62 3.705929366649999834e-01 1.256592609830000058e-10
3.374012307979999958e-01 8.536514899990000252e-16 2.075902092679999886e-18 7.166570440279999559e-63 6.617899745180000348e-01 1.555877583650000040e-15 2.897003740339999809e-10 1.259089696820000079e-13 9.169436261229999492e-11 8.087943018260000064e-04
1.269375295689999895e-62 7.914657140009999724e-36 5.269550450450000365e-52 5.557119464199999914e-01 3.005552324879999793e-01 1.651590955310000032e-03 3.517712128419999847e-21 5.234722562310000304e-28 4.497035758530000064e-35 1.420812301359999918e-01
4.367425941899999997e-01 7.691470949960000447e-08 1.331827887250000055e-09 6.671354513339999593e-48 5.700493014059999776e-28 5.632573275629999543e-01 7.418241441740000168e-63 3.069171837530000120e-18 4.725340343340000262e-52 7.722101402520000223e-46
6.565377378020000306e-31 3.441546053980000017e-17 9.188459674440000576e-18 2.073894243789999962e-49 6.115329495419999928e-01 2.708083449249999903e-12 1.610899055540000062e-27 3.884670504439999839e-01 1.138278643750000017e-11 2.019846989180000067e-16
5.760742286830000214e-07 1.125780261810000067e-47 1.534450573420000075e-01 2.635242347230000171e-01 1.708918063580000038e-27 4.309222156139999970e-09 9.544358438600000659e-28 4.688291939700000022e-01 1.142009335510000001e-01 3.106105700010000162e-11
1.096264555140000010e-78 5.122437932040000144e-56 1.174353625649999982e-65 4.481641651470000265e-01 1.786731100370000103e-01 8.989296442540000347e-41 3.731276865640000273e-01 9.384368874070000433e-63 1.784815499240000057e-06 3.325343661550000219e-05
4.096582440950000157e-36 3.795753718819999787e-53 2.381517497530000055e-59 1.687229554660000176e-58 7.835630823959999676e-44 1.854267389969999961e-87 9.714665138980000462e-11 5.679061060239999858e-20 4.633889349359999930e-18 9.999999999030000364e-01
3.077339237999999870e-43 1.958083172069999878e-21 7.126586627159999911e-12 6.037610924990000072e-01 3.594556781709999926e-01 1.207260848940000015e-04 7.230551406069999655e-18 2.079958435130000021e-41 3.666250323820000045e-02 1.381561522360000139e-29
2.804095078479999998e-04 3.551228303380000173e-01 2.298660777190000143e-02 6.971828138000000392e-20 3.151223107050000029e-28 3.265580672600000104e-18 5.834671334109999830e-01 1.791986811210000161e-08 3.748550063179999919e-02 6.575004190819999953e-04
6.330138989789999560e-01 6.483910210669999537e-33 7.828466452439999598e-04 1.494152216360000092e-56 3.971552977329999943e-22 2.706287546070000156e-38 8.328824539219999947e-25 1.482354651730000127e-26 3.662032543759999870e-01 1.550800010010000036e-45
5.719826921899999750e-01 7.289263556999999812e-08 5.270943184570000403e-07 4.342253220269999696e-31 2.017677707899999950e-01 5.877271600780000593e-14 4.200773456319999849e-02 1.387445668900000014e-03 1.807980917320000103e-01 2.055665069009999894e-03
1.115382227599999882e-19 3.815114448789999650e-68 3.398187392379999894e-01 2.720566475300000017e-24 6.177208534060000089e-50 2.899315697889999954e-40 3.724333561620000003e-49 2.496157635099999911e-35 6.601812607620000106e-01 8.252956629649999458e-80
3.670696449070000034e-01 1.041612057449999948e-14 1.014616444879999943e-12 2.016890999560000044e-21 9.639796224139999142e-78 8.755488993129999239e-34 2.699871183809999960e-12 3.277239913869999799e-01 2.583465408729999817e-19 3.052063637030000276e-01
2.200833847119999981e-19 5.880444288560000309e-33 1.315960089760000087e-15 6.516860128770000093e-01 2.129269354160000027e-14 2.773893870689999966e-23 8.728401578899999333e-03 3.236983775259999980e-15 3.395853522410000047e-01 2.333031294320000110e-07
1.036600748220000038e-08 3.047220660090000078e-15 5.320847541850000112e-05 4.153087520379999953e-01 8.568513209870000377e-76 7.138559752609999955e-51 1.155514212020000014e-02 5.699920479990000510e-01 3.090837901129999971e-03 1.099943905969999913e-09
3.517989912340000240e-20 1.582268300970000021e-22 1.248550107630000125e-13 1.562334318140000053e-02 2.544448081369999813e-50 5.312328995700000168e-53 3.569623421049999967e-01 4.587251755680000209e-01 1.686871937980000125e-01 1.945347975330000118e-06
2.945777771429999858e-01 5.284413018360000001e-17 9.526809505840000007e-21 3.339579855899999999e-23 1.719458961700000010e-01 9.654281587799999811e-26 5.334763214550000132e-01 1.903515103240000058e-21 2.020368754729999883e-10 5.029837793539999618e-09
3.466611158580000240e-01 8.957981718520000514e-08 5.723866511030000421e-13 2.534060874930000017e-30 3.655701922060000109e-01 3.890147878689999910e-22 6.372576583229999691e-04 1.066190724890000039e-36 2.871313446980000017e-01 8.922912328359999936e-17
6.660732872749999930e-22 1.265386167190000002e-37 6.126591002750000209e-02 7.923992195670000530e-03 1.080381872389999971e-20 2.288121364010000103e-01 1.225676025850000070e-28 3.822007853339999817e-01 3.197971760380000084e-01 3.761659356069999945e-12
1.073929305909999907e-37 6.637264121869999653e-15 8.490305630450000305e-10 7.020476080540000163e-01 2.219075149220000029e-19 2.979523910970000022e-01 7.928998509320000170e-37 1.087706370179999922e-46 1.092319940729999956e-22 2.645301625490000021e-51
1.197179397290000070e-15 3.232303516580000147e-01 8.951752182129999770e-04 2.716042373900000072e-25 1.568535991239999872e-01 6.441666704279999760e-15 1.053719238319999991e-04 2.062632244500000114e-02 4.982891796310000010e-01 2.050927627400000059e-15
2.983883443340000236e-04 1.043286945419999943e-19 1.599572358640000105e-20 3.730794353140000032e-34 1.054170387460000073e-70 4.292002939530000309e-45 8.855178467339999764e-11 3.644223311070000082e-01 7.121017153040000330e-23 6.352792804600000398e-01
8.049927613069999734e-23 8.046794858450000513e-21 4.022634877030000222e-01 5.976658225069999553e-01 7.090629774399999703e-18 1.419798528110000042e-05 1.601211134700000029e-21 4.046017904560000379e-18 5.649180499790000250e-05 3.761187296719999925e-29
3.068006106310000158e-03 1.525828953970000068e-06 1.181628308029999963e-01 5.793884769860000450e-01 4.618916626259999907e-21 2.993791602759999781e-01 7.101198466659999402e-45 4.208391169929999764e-34 1.928783247319999917e-40 2.364704122179999914e-76
2.316695257949999975e-01 8.032804679419999805e-21 7.790623392640000366e-03 1.862475475140000156e-02 7.546472908780000581e-14 4.886307183179999791e-01 7.790461237140000299e-37 2.532843777439999777e-01 2.338332551339999832e-22 4.032928847689999891e-25
3.977825891920000007e-24 5.137876019920000155e-09 1.164522242430000005e-42 2.702876227250000143e-11 3.481635663399999845e-25 5.846864789169999753e-38 9.999999910379999690e-01 5.902450742530000008e-62 1.799279351500000020e-18 3.796714212450000356e-09
4.530487223620000004e-01 5.158327131080000346e-15 5.051560405289999714e-13 1.890623317500000067e-01 2.875623291360000196e-22 9.156805099449999430e-02 9.817620047399999379e-14 2.231713705090000128e-14 6.731927084319999728e-20 2.663208948920000041e-01
5.911029862329999496e-01 3.989318264499999793e-40 4.023928703710000014e-25 8.757322776930000450e-47 4.721896501860000026e-19 2.011553032099999887e-63 3.503395119359999782e-02 3.496257009610000087e-25 3.738630625689999820e-01 4.656650453820000254e-12
6.191624937559999653e-01 5.241616511220000315e-08 1.200661631349999994e-23 1.286458926200000023e-15 1.345785833069999971e-14 3.808370714880000008e-01 3.507589347740000067e-22 2.011071900300000159e-09 5.062973366179999806e-48 3.803289889970000247e-07
3.121845368010000153e-14 5.000283379209999652e-58 8.793241751470000724e-09 4.282935572549999748e-07 1.866163343270000154e-15 2.307426375960000133e-11 3.013130362079999975e-25 4.770284868140000079e-01 5.229710650800000193e-01 1.099557118410000073e-08
1.453153114519999996e-58 3.824340217150000192e-35 8.684801464669999663e-37 1.636739142600000113e-02 1.257384127589999997e-11 6.526810133589999569e-42 6.740677741299999637e-01 5.256931611329999756e-17 3.029423701710000083e-01 6.622464260900000170e-03
4.315063601370000002e-01 1.705192101659999959e-01 2.333023309020000119e-20 5.439947478680000027e-28 2.285285975059999875e-26 1.351900612140000047e-33 3.979678506709999897e-01 4.495658366699999780e-13 1.522896413500000047e-22 6.579026491149999887e-06
4.119518173139999906e-01 1.660030309689999872e-01 5.875976358219999450e-23 7.934581276480000278e-02 1.810703032240000010e-01 1.247242801910000059e-08 1.616290232429999918e-01 4.890455385089999688e-46 1.311978964970000038e-21 1.229687213410000002e-11
9.952806081639999638e-16 4.245635090010000219e-51 7.356122688100000686e-12 1.410260883630000128e-01 1.640362452360000097e-12 1.645666834250000073e-10 1.125886161470000034e-15 4.345860165059999836e-01 3.059361993729999840e-01 1.184516955850000025e-01
7.433898451810000173e-15 1.162726660569999959e-14 5.028424774740000158e-01 5.516950852919999667e-04 4.955806701859999941e-01 9.298370829859999483e-07 7.316091354549999847e-18 6.305449789500000527e-14 1.024227417280000000e-03 1.069817105579999975e-32
6.402055247680000287e-54 8.018594526800000430e-56 1.163234700649999978e-29 3.032930929400000176e-58 2.974038110119999894e-16 1.305424744230000003e-37 8.366844439760000415e-19 3.272939670150000202e-01 6.573355573219999970e-01 1.537047566300000015e-02
2.469450835960000031e-33 5.888045559070000313e-21 3.027991830849999969e-18 5.834189815199999737e-52 6.115329495360000145e-01 2.264855441020000147e-14 3.978574529280000029e-23 3.884670504630000076e-01 1.048849611099999941e-12 1.695292363880000087e-13
8.167684340359999735e-27 4.183760006510000007e-36 9.398796099060000273e-18 1.419123576359999916e-01 3.046822337140000046e-57 1.624775103929999893e-32 4.372241020800000036e-11 7.639475612180000041e-01 9.331470873960000815e-09 9.414007177100000567e-02
4.224826289510000277e-01 3.371309777240000078e-08 1.062487514699999906e-18 1.407724040439999959e-11 3.040011349330000168e-01 5.360973627120000159e-06 8.734480041790000529e-11 8.780426104260000646e-06 2.201164477580000158e-22 2.735020609020000215e-01
9.154971467349999564e-18 5.341427098050000179e-51 3.938562992450000186e-13 4.845677897519999888e-01 1.611951437849999935e-37 2.860736392520000039e-43 2.121299965290000070e-12 1.142706404840000048e-17 5.154322102460000554e-01 3.717329353529999897e-22
1.416907213709999992e-43 1.103659860589999970e-29 7.613659327719999681e-29 1.328629047740000046e-37 3.995767099529999866e-01 6.004232900470000134e-01 5.746153689590000084e-58 8.624208570979999345e-31 7.192358868149999700e-39 7.330710834139999984e-42
2.932958620189999865e-01 7.066525790859999878e-01 5.155889521549999972e-05 8.685187930049999977e-46 4.854047921889999884e-62 4.995336359999999554e-25 1.156315609549999903e-46 7.595382236490000289e-22 1.015797372030000036e-42 6.808423314340000224e-62
8.334520324760000265e-02 2.456526616999999958e-08 3.316963920739999794e-01 5.845036796050000483e-01 6.320705082649999978e-13 1.542886223129999977e-04 2.483273701240000003e-26 3.004118848620000184e-04 2.544002391559999972e-24 8.243906995860000612e-33
1.013591585039999915e-34 3.563116465419999726e-27 2.647519058039999989e-15 1.094264799109999917e-03 2.112530846950000096e-01 5.781414084739999963e-11 4.216529433090000064e-19 5.705406855670000035e-49 7.876526504480000357e-01 1.332831229200000039e-32
6.980574911789999559e-01 9.639836343849999406e-03 2.498886906119999860e-19 1.039759802099999969e-05 1.674887026480000041e-01 6.401331997880000483e-11 1.248035387140000035e-01 7.611939800770000305e-32 1.584789582180000027e-13 3.345236226339999956e-08
1.492378215849999971e-13 3.429838192640000124e-34 5.552007024430000425e-17 3.419965810379999741e-38 3.758647962160000148e-23 8.153978336550000302e-32 2.306251322500000164e-22 1.000000000000000000e+00 9.402152972819999655e-14 8.212984523019999563e-14
7.932493299439999368e-02 4.305768205879999631e-34 1.600372571020000079e-01 3.419127225940000320e-02 2.155605227880000081e-11 7.953148615350000283e-03 8.434958373890000476e-36 7.184933890079999719e-01 1.271663932219999976e-14 2.692831201760000019e-23
3.475281109730000151e-01 1.509857675679999868e-08 4.699391990960000141e-12 4.560674098999999869e-07 1.671764854379999940e-56 9.806343095669999964e-42 6.524714178260000441e-01 2.608142123410000114e-27 3.007137694670000263e-11 2.232114690330000081e-15
7.837488883069999268e-21 3.359286260849999802e-25 3.329322568259999948e-21 6.541626552650000282e-26 7.204006828359999904e-47 4.519902392720000226e-28 4.599499772210000163e-38 1.000000000000000000e+00 3.648052493150000299e-46 3.169439939179999934e-25
1.117722914510000060e-41 2.760257562869999904e-28 7.108370325620000579e-20 1.023880373800000049e-01 3.643051138369999831e-01 3.960373172440000234e-11 5.313196732479999646e-16 6.170567628979999536e-64 5.333068487430000504e-01 1.827930566479999941e-31
8.201182916620000094e-13 2.941526273539999958e-01 3.061693126400000197e-12 8.013994503859999599e-32 2.934311580669999915e-19 1.178624398590000052e-08 1.697049586250000078e-13 1.253767573809999869e-01 3.836059060150000053e-13 5.804706034750000132e-01
3.074238860970000129e-49 5.300857863730000349e-24 5.435691397420000190e-33 2.095161968279999898e-01 3.124077185590000134e-05 5.014562684770000191e-29 6.090260588250000495e-01 6.740051803150000001e-30 1.814234350180000122e-01 3.068557108999999885e-06
2.303641287719999831e-34 6.033677458399999693e-01 4.509458680169999902e-66 2.666118584840000119e-24 1.975247578709999967e-19 6.545417734279999871e-07 1.144968873540000070e-26 3.417022158499999983e-15 2.371359029420000046e-141 3.966315996179999859e-01
2.271718619900000083e-02 5.429465357170000228e-01 1.267315693710000073e-05 2.203468224410000065e-36 9.689602603130000019e-11 1.611557868299999927e-23 3.457144545959999760e-01 8.852323854379999524e-02 8.502834225740000607e-05 8.833483275080000144e-07
3.628260858470000257e-10 1.902877743730000123e-66 5.885989988210000096e-13 3.629173727209999850e-32 1.790196494880000044e-01 2.478984231809999930e-21 5.342288695429999684e-27 4.233593331239999813e-01 3.976210170239999897e-01 9.782867296610000622e-18
7.316656528789999572e-35 2.117317665490000000e-01 1.412771950449999945e-60 5.202737913120000085e-02 7.223297550100000058e-43 3.295766880430000141e-37 7.347587044760000019e-01 1.048764740949999937e-56 1.005042845719999975e-51 1.482149843619999909e-03
4.007281463190000004e-01 7.097235545330000082e-10 4.384954573339999925e-21 5.886915618570000008e-01 5.246832419470000121e-49 9.275756231479999495e-34 1.058028895950000048e-02 4.301404412710000007e-37 7.233834551300000598e-21 2.155154736289999794e-09
9.754787920999999210e-12 5.016954253239999574e-41 2.626855864520000044e-19 2.967073735960000044e-57 4.662755934550000018e-09 2.622335180560000068e-22 3.917176850139999990e-14 1.077475609660000047e-10 5.140203598070000046e-01 4.859796354129999885e-01
2.579612196020000248e-01 8.582096177709999326e-05 2.457914273899999892e-11 4.891207732220000043e-83 2.755571404510000080e-12 1.495733388570000075e-26 9.340246703530000361e-09 5.634768635539999515e-01 1.347765012339999962e-05 1.784626088650000109e-01
1.991133730020000102e-24 1.018069472309999982e-15 6.934812497549999611e-19 1.787319850470000062e-14 1.338076869369999866e-01 8.897317063890000043e-29 5.719351524350000382e-01 2.942270385820000000e-01 3.003793892939999954e-05 8.410709610469999974e-08
