2.204889643529999964e-86 2.292439375700000152e-43 1.188784147590000019e-48 8.222630344159999694e-09 8.120203984509999362e-02 4.676252319010000269e-01 1.236045640820000041e-02 9.899242624210000276e-06 9.362605492140000166e-03 4.294397588880000116e-01
9.132027278090000533e-21 1.265331736750000071e-22 4.527587742579999852e-01 5.472412257419999593e-01 1.576696685450000026e-17 2.951816173639999976e-31 9.783689517540000036e-65 2.827016654029999837e-40 5.651416749570000486e-13 5.475942760999999977e-67
5.474067203009999494e-32 5.853262345009999618e-12 3.983409239600000194e-09 4.047234795590000100e-01 6.847083782570000110e-02 5.219995543630000512e-01 8.618784051589999496e-21 4.433395508969999759e-38 4.806124263140000401e-03 3.354156682849999910e-65
2.000895237740000007e-45 4.971963100199999763e-01 3.632236508649999991e-45 5.516921650219999575e-13 3.377237429070000016e-12 3.211957820020000103e-05 1.911162871190000001e-01 1.481200002530000093e-40 3.116552832789999949e-01 3.008530434910000210e-17
4.334956630269999852e-19 2.953061087469999680e-11 5.529385342399999459e-01 4.433867029409999799e-02 4.403772070349999965e-20 6.189845502349999862e-02 3.664087983870000127e-35 2.650276890830000065e-01 7.577013840139999734e-02 2.651292912260000030e-05
3.843132705910000131e-35 7.706821336750000473e-01 8.790442378759999448e-39 2.824670180199999854e-12 3.014586281530000199e-19 2.538004734210000136e-15 2.571516069910000127e-06 8.895619904479999630e-23 4.678151843160000038e-07 2.293148269910000037e-01
7.821696765220000550e-15 4.204044619350000101e-27 1.048610036079999995e-51 3.360127656360000204e-57 6.634516923180000209e-15 2.134923602420000069e-16 4.380770684939999722e-08 8.408652078109999830e-29 5.983280328529999581e-01 4.016719233389999810e-01
1.953293575529999881e-01 9.340146822619999783e-27 8.325016791549999517e-02 1.804211304070000062e-26 1.777531795169999951e-31 1.221080677129999919e-16 1.068550989940000010e-37 7.006936899000000576e-46 7.214204745310000000e-01 3.310384828719999838e-39
2.055288470739999841e-15 3.178590951090000116e-01 4.219533414709999986e-02 1.348764500310000094e-13 1.588077956660000104e-51 1.768805207490000038e-03 9.192730973440000748e-16 9.973168600300000297e-02 4.173674144769999759e-20 5.384450795330000261e-01
6.525826967779999868e-35 4.854630493789999509e-38 1.065631629419999954e-16 2.139619206990000090e-27 3.264992126449999915e-21 5.312356617169999851e-01 1.195132594430000038e-33 8.763498630940000043e-20 4.687643382830000149e-01 1.430564704440000089e-26
7.638898716440000181e-01 2.281124602479999985e-01 4.239263492120000021e-11 1.019092854780000011e-72 7.555397525399999931e-80 9.946916193699999409e-14 1.084631550600000062e-26 1.225906106430000090e-04 2.128748876159999977e-49 7.875077454230000260e-03
1.581842250640000044e-05 3.264511359919999856e-01 3.130884799339999775e-19 1.371635104689999902e-93 1.087725695859999956e-100 6.735330455850000453e-01 8.695978872840000290e-17 1.596105515850000083e-46 4.116855751720000280e-20 6.014351102659999943e-25
1.811797415169999884e-19 5.559082234239999972e-55 7.424478400449999738e-01 1.349283987969999987e-01 2.565381773980000076e-17 6.645161587280000574e-36 1.381829793080000045e-90 1.542359272119999884e-19 1.226237611590000054e-01 6.929906473259999814e-29
6.450175834619999627e-47 7.947369245829999918e-55 6.683305239779999588e-26 1.000000000000000000e+00 9.354384749449999761e-17 7.241984030420000596e-76 5.061013994899999673e-65 1.613981957220000083e-36 9.942050517430000364e-36 5.672871254499999944e-50
4.676424091529999827e-01 4.513039695589999845e-01 1.963760986309999923e-04 3.621984239180000095e-38 1.551196032629999959e-53 8.046210467469999683e-02 2.085727884460000092e-17 3.874169937750000195e-28 3.951405038159999748e-04 1.085716445399999977e-11
5.156524800779999959e-60 5.048306857510000134e-02 5.564735082400000380e-28 3.949933582660000164e-01 3.326731873969999916e-14 1.270620687849999958e-02 2.550635331269999750e-01 2.867538330020000248e-01 8.729074601600000018e-30 1.515526868509999979e-10
5.175308186700000415e-28 3.373280778580000203e-06 4.290138286670000186e-47 6.467682670310000006e-44 1.112996828610000034e-35 1.989604363230000183e-03 1.764531781489999951e-01 8.447870676279999421e-39 8.212920660450000465e-01 2.617781627099999872e-04
8.056286263310000317e-13 9.052268714320000469e-61 2.434221183570000058e-01 5.753250541600000156e-01 1.046946329589999965e-08 1.105416516310000022e-29 1.534966561749999981e-44 4.105632435719999696e-03 1.771471834149999924e-01 1.161596848609999939e-09
6.464053666409999686e-18 5.374961484289999980e-09 7.145021744159999466e-01 3.802084167930000260e-40 4.577428230159999888e-77 2.854978202089999972e-01 1.866707861699999895e-50 4.053129942309999853e-20 1.353495496720000092e-37 1.714739852260000098e-41
3.749684829530000041e-01 7.726481125750000032e-43 1.739664347830000013e-01 1.510618064719999876e-01 2.147822082109999975e-01 3.906001237989999826e-40 1.440481241860000057e-61 1.083964785760000056e-02 7.400706694189999879e-02 3.743527812180000086e-04
4.691526020419999953e-44 7.871488735999999739e-12 1.461352982349999970e-22 7.470533364770000351e-04 3.891954908420000026e-01 4.820187409069999762e-01 3.661779710719999920e-10 1.979530421030000028e-43 1.280387145409999927e-01 3.252250494250000148e-53
4.373302815659999842e-13 4.508390853469999675e-03 5.601232133199999387e-17 1.390509156320000050e-01 3.164968117909999767e-01 1.153907573529999883e-22 1.890718639979999949e-01 3.508719936129999772e-01 9.115580792189999491e-43 2.411223859339999975e-08
4.611816227269999735e-01 4.964415960999999920e-64 1.978826349360000024e-15 3.045938307770000035e-06 1.519010031480000078e-01 1.718354291120000093e-76 8.825315757519999796e-34 1.216928533850000125e-13 4.722647511060000000e-09 3.869143234640000095e-01
1.786065626290000014e-07 1.115168013440000011e-45 1.040714902780000006e-01 2.957992255340000068e-23 2.381554639769999926e-01 2.111151594039999968e-01 3.395431187709999752e-13 4.466577077330000090e-01 9.430704503399999050e-13 3.468318640780000102e-22
4.296749775239999680e-02 6.186940099409999646e-34 1.973940816170000057e-01 8.491088668239999960e-19 2.160526639159999939e-13 2.834058577410000283e-23 3.282137120989999936e-27 7.596383743510000119e-01 2.899229362449999972e-18 4.627949049129999841e-08
8.980436265460000103e-13 7.136132372759999703e-18 1.207407776199999908e-22 1.201451092790000036e-01 2.943579648920000014e-01 2.663440382339999920e-30 2.229189806369999971e-01 1.848171029979999948e-44 3.625779451910000062e-01 8.364845379699999350e-24
1.473633727149999961e-01 7.399228422889999601e-01 1.157201899239999990e-04 1.125980647840000015e-01 4.630299611699999576e-19 1.259871543679999902e-35 2.838719714840000013e-28 2.485180612869999874e-53 2.199101164009999926e-11 8.507825618529999825e-40
1.246319532360000018e-14 7.272812459890000136e-01 6.592612282449999634e-51 3.020476077459999908e-48 5.899029298600000198e-27 2.912620720380000173e-38 2.367587570720000126e-05 4.410603596849999819e-10 3.529001261150000184e-72 2.726950776939999765e-01
6.136719428819999684e-07 1.451328533850000102e-01 5.134248113460000429e-01 2.793084659849999762e-01 2.865366261059999840e-03 2.373509751400000024e-11 2.137170617539999846e-15 1.129812414919999966e-32 5.926788932740000015e-02 1.173466300700000030e-43
5.846525537419999940e-13 7.936893702790000258e-15 2.460075330579999942e-01 5.765392472500000531e-01 3.927712140140000210e-09 4.886857192879999658e-21 5.659630742349999790e-40 2.254358681450000000e-32 1.774532157639999996e-01 6.688913865300000300e-44
2.140581872380000066e-37 1.215868015780000048e-27 2.006459525070000001e-13 8.357512869130000397e-74 6.171837721019999700e-89 1.000000000000000000e+00 2.597884547060000168e-58 3.262383958120000192e-39 2.241197255360000113e-39 2.068714343530000065e-71
1.726948031699999941e-01 3.234254438700000165e-34 6.735604636830000339e-22 5.055643173339999646e-28 1.733492536910000159e-02 3.027102744059999702e-17 4.265467464020000210e-01 6.294024044129999749e-15 1.388360687619999978e-01 2.445874562960000109e-01
2.365000586729999995e-14 1.563012868240000051e-15 2.489782986119999930e-01 7.297490808200000068e-01 2.788142662430000275e-17 7.919002360090000437e-29 8.683640498030000420e-67 1.821444730300000152e-46 2.127262056760000075e-02 3.574178907020000090e-57
1.091913654830000048e-37 3.450378187220000018e-12 1.100230344309999976e-16 2.131197516899999977e-01 2.245234308630000009e-01 7.038165152040000427e-02 4.919751659050000114e-01 7.247057392539999777e-19 1.867360063440000160e-11 3.526365495289999848e-32
6.132676509669999652e-38 7.877194294519999515e-33 5.290858990030000169e-46 6.773820174540000475e-16 1.186373203349999966e-11 1.006712647580000016e-19 8.757632058210000625e-02 9.531736596479999921e-24 5.815742073609999618e-01 3.308494720449999815e-01
8.657912254669999095e-25 4.776925708770000222e-65 5.395408045299999733e-01 2.569767701409999976e-20 2.510969820500000026e-21 1.235024238229999976e-15 5.707881001870000128e-77 2.634610892040000102e-40 4.604591954700000267e-01 3.850995614150000098e-71
7.864872048170000495e-39 4.139056558269999626e-40 2.197303390719999823e-19 5.426066466219999523e-26 2.962249302840000145e-18 5.312347372490000552e-01 2.395008225280000004e-32 4.721262299530000381e-31 4.687652627510000003e-01 1.517060616149999963e-37
5.968984453949999906e-18 1.678922500830000095e-03 2.050708514939999973e-04 2.754265163170000179e-03 2.964441561619999832e-01 6.982138096100000135e-01 1.319132412969999906e-10 3.345362453120000187e-53 7.037755807069999729e-04 2.621449904559999987e-81
9.999999999990000221e-01 3.441769920859999953e-37 1.087891162990000092e-12 1.216735795590000015e-58 7.922581232350000733e-62 4.643604936249999734e-60 2.202074856749999983e-69 1.018532867890000054e-34 1.068052326800000034e-45 1.041423935489999920e-34
7.412173774410000074e-35 6.040348178169999570e-59 2.401619815719999890e-29 4.128396998670000009e-18 5.324110955299999892e-01 1.915667807509999840e-12 2.102379517690000102e-17 4.663886903259999994e-01 9.672500288659999518e-08 1.200117416989999932e-03
1.306933845760000097e-04 1.296294075420000027e-64 4.754889002059999870e-01 4.753120840709999872e-22 4.773321786549999945e-01 5.040150146380000127e-13 6.421335362500000008e-23 4.704822775329999679e-02 3.181784217940000219e-16 2.842496086939999989e-24
3.459108125069999843e-21 7.517483711879999732e-26 4.482733286830000163e-01 5.517266713170000392e-01 8.425494397019999350e-21 1.642689187380000049e-40 3.351077928379999823e-42 8.185771998569999932e-22 2.028874181469999904e-53 4.973518262110000095e-65
4.573005808080000142e-17 9.873085859250000290e-45 2.684551281559999946e-14 4.019228471619999965e-01 5.949306129500000484e-01 2.155433821840000007e-57 1.835437369479999926e-34 3.146539887639999977e-03 7.968930424000000311e-35 1.591277264359999902e-15
1.889742751550000099e-01 1.319497722139999979e-38 4.063454785230000236e-10 2.428164020399999862e-05 2.988316123669999919e-12 4.268131545890000125e-65 3.398800488080000155e-40 2.682116329490000125e-08 2.742259278900000053e-18 8.110014159739999950e-01
4.017021772840000221e-08 1.217870521819999914e-07 5.663624691640000179e-04 3.985515051490000071e-01 6.517024885150000176e-32 6.093263021509999597e-22 2.127757835740000139e-22 3.203511351759999944e-12 8.136820564839999926e-05 6.008006022159999571e-01
2.399486770320000129e-01 7.591544102830000140e-01 8.801389260679999896e-04 1.677375792539999942e-05 2.281356182919999864e-24 1.173102570920000064e-37 2.916647979779999910e-30 1.189279104819999981e-39 1.285406916439999903e-12 1.187536891680000066e-30
4.887487750200000178e-16 1.497405435839999945e-02 1.066734613730000066e-02 4.784719859989999997e-03 2.854519971410000023e-01 6.830777186619999553e-01 8.128457256499999546e-09 4.751987035480000008e-38 1.044155712460000020e-03 3.075491723900000241e-63
4.760071015540000006e-01 2.001440170819999875e-26 2.791659753610000011e-09 4.997529635049999766e-35 6.852075436829999468e-14 5.911393538470000199e-05 4.368764396690000273e-01 8.681418812180000111e-02 2.912883684730000167e-16 2.431539272930000029e-04
1.787775922769999849e-15 1.917995561180000080e-21 1.707774580920000118e-01 4.328305219870000054e-15 2.121280869600000128e-18 5.499648704409999533e-01 5.371251213010000241e-34 8.837472329249999408e-34 2.792576714669999793e-01 8.952407136140000186e-46
1.606182652460000087e-10 1.217302097680000028e-01 1.298720982299999947e-17 5.625751993140000119e-26 1.540233932029999921e-31 1.056103048250000009e-01 1.875435566440000026e-07 7.413323562830000029e-20 7.133196671310000347e-01 5.933963057149999748e-02
4.529960901879999898e-73 5.119569418089999838e-46 3.263929878269999800e-40 7.929633984359999518e-09 4.505640374400000231e-02 5.948300765549999758e-01 2.170985106859999944e-02 1.337333599749999935e-01 4.646241126999999964e-05 2.046238383160000063e-01
3.585452283639999887e-84 2.357325528159999849e-24 1.711681339619999987e-60 2.164002121220000123e-11 4.510189403550000087e-01 8.083962976970000098e-10 2.148498858750000073e-01 3.341311729390000207e-01 3.968106716789999620e-46 1.529541601780000053e-15
5.287133762890000429e-26 6.875858222109999836e-25 6.743647748919999854e-06 5.794367509269999772e-01 1.589361463879999969e-19 4.737161028280000178e-10 5.597553409189999840e-30 4.205178376290000242e-01 2.562265108650000030e-07 3.841109582039999715e-05
3.850422001160000154e-14 2.641342155460000151e-11 3.955472455510000152e-01 2.074631979929999872e-09 3.319726295130000281e-20 1.578801478530000024e-01 8.692017776800000228e-12 4.461396411149999852e-01 1.633941969410000015e-05 4.166239512890000185e-04
4.655183108959999662e-21 4.872926633940000141e-01 2.327864680339999937e-01 2.799208610910000061e-01 3.910371591659999890e-17 7.481588043900000216e-09 1.189165867910000029e-29 2.751894945679999807e-15 8.476302360799999351e-21 5.494549719900000241e-39
3.586293168900000355e-27 5.531169531409999954e-13 8.486373738180000532e-08 9.776848696140000294e-02 2.522119359150000184e-01 3.282836784040000233e-01 3.217358138549999969e-01 2.732356367120000055e-14 3.034255559070000180e-15 1.373437845320000000e-38
3.282956996129999805e-01 1.300804127950000032e-44 2.444371284959999946e-01 3.069883571710000134e-37 2.857104084450000081e-01 8.426987074769999586e-03 8.971261730890000060e-24 8.216764121930000114e-13 1.331297763710000137e-01 9.319024520819999727e-30
5.319244452410000212e-01 6.680321836090000191e-16 4.057434503269999755e-15 6.654249792519999821e-30 8.114473873250000530e-26 2.048793657819999970e-26 4.715129136299999951e-08 7.234581960119999942e-06 1.069724079239999976e-34 4.680682730260000146e-01
8.916016044369999527e-08 1.056171621240000012e-21 7.586003084829999743e-01 1.220611124220000038e-01 1.517819238880000019e-17 2.062854465689999858e-26 6.431834006969999836e-50 1.430340738850000047e-24 1.193384899350000000e-01 1.931319382560000013e-26
2.440523596440000084e-66 1.337372634130000004e-04 6.026366323699999761e-34 2.436728466860000053e-01 5.864209859289999660e-02 6.975377091129999485e-01 1.360834490560000040e-05 4.575311888800000092e-26 7.301845221090000459e-16 1.621573513529999938e-39
1.116738984999999934e-01 8.294608852040000485e-09 2.520353710479999817e-16 5.097946810030000327e-08 2.622787199459999941e-01 2.742341803729999730e-29 6.260473222800000404e-01 1.948951556480000049e-23 7.624634561580000115e-25 2.451992721320000180e-19
6.793510185359999530e-08 8.970446214989999389e-02 1.859731811710000046e-17 3.343977570690000068e-16 1.607847986500000086e-37 4.442038040319999618e-18 2.160293510100000063e-21 3.260811095089999789e-27 5.880308451779999723e-01 3.222646247370000161e-01
2.472714772850000128e-25 6.015629476320000048e-27 9.562429613030000084e-06 5.756925470529999922e-01 5.827399101929999937e-22 1.292349272160000002e-14 5.206381129320000070e-36 4.242616701399999912e-01 1.282885545250000088e-07 3.609208932979999905e-05
1.946712345500000064e-16 4.325529290569999907e-01 1.183443140769999957e-01 5.372492374129999766e-20 1.416413876210000010e-47 4.135218038960000175e-01 1.571666195550000006e-36 3.558093481409999731e-02 1.432643923260000136e-20 1.815615225940000138e-08
7.444622695920000131e-18 1.194974757029999927e-05 7.386955859070000185e-01 2.612924643449999751e-01 9.895825913759999890e-20 4.791469727859999651e-30 1.087552061269999998e-43 1.558222507459999936e-49 6.202502531950000405e-37 8.781251083850000340e-113
1.666060235350000082e-18 1.130580951849999916e-49 3.618650131749999964e-04 3.146287225740000154e-06 9.996349886980000488e-01 1.100037348129999908e-28 4.057272622790000119e-35 1.342240723619999961e-12 7.509661104039999625e-29 2.840268290280000157e-47
1.505939041490000074e-01 4.500483032679999940e-01 4.854509628489999810e-09 3.884391563419999977e-29 2.285504180309999956e-45 4.851399082909999808e-12 7.486604145290000435e-20 1.515205162840000018e-23 3.826665472890000141e-01 1.669124043429999829e-02
1.755037976110000027e-19 4.300778263150000294e-20 2.614375898649999863e-01 3.152776363509999791e-01 4.232808943470000029e-01 3.879333476010000236e-06 5.311987255859999788e-13 2.744367584849999988e-34 1.034010409280000019e-10 6.847425297280000366e-71
2.225997799510000084e-20 9.930257413509999677e-30 3.823808337119999880e-47 1.299340417860000068e-20 4.602480928859999931e-01 4.169234955899999594e-37 5.397519069489999932e-01 3.947186862699999865e-27 1.831646083430000040e-18 1.648906677450000015e-10
2.984237190749999915e-49 3.456994367499999962e-83 1.313521908490000020e-20 9.808219875310000791e-13 5.941854854490000246e-07 5.087076085179999865e-20 2.623306319099999838e-64 3.443033388170000074e-40 9.999994058140000419e-01 1.088660027079999987e-58
3.752834979490000227e-73 8.798098220549999779e-62 3.232647526439999832e-134 4.623398463350000233e-69 7.063225472729999350e-21 2.762663550260000006e-28 2.998247440840000055e-01 3.608455329859999735e-30 2.514552741059999897e-28 7.001752559160000500e-01
2.474028155569999998e-01 4.012365647389999789e-51 4.917222312369999848e-01 4.436721648309999883e-43 2.598169598430000171e-01 9.141830185500000221e-04 3.574968201509999959e-26 1.894085912140000017e-14 1.438103433990000116e-04 7.258540809160000319e-40
1.052617378609999908e-34 6.298932038179999582e-01 8.332225507700000144e-02 2.683784428239999943e-21 2.511938598470000025e-50 2.867845411050000126e-01 4.058712468110000126e-43 2.022043913360000088e-14 6.307670193360000438e-60 8.285895811080000210e-61
7.638909027360000215e-01 2.281146537940000052e-01 2.178272417329999954e-11 3.781399770480000024e-72 1.251069251410000002e-79 3.230233976790000046e-14 2.076923610809999923e-26 1.160200641499999996e-04 6.400113142849999937e-50 7.878423384259999537e-03
2.032039556060000138e-55 7.979655722470000277e-36 1.619133481960000026e-32 1.610504976430000083e-22 8.658782807550000009e-18 7.061868446529999677e-01 2.328572591530000124e-01 6.095589611530000118e-02 4.854957260860000010e-30 7.922081486490000028e-11
4.350784791539999974e-01 1.150164776359999985e-12 6.250611778289999476e-02 1.036449814989999940e-38 2.590979392520000146e-27 2.511005662520000015e-01 3.562126806529999852e-25 2.513141758399999870e-01 1.815806105490000083e-13 6.609702565759999776e-07
9.794878390250000527e-05 6.049262750420000103e-15 1.309391356640000059e-01 2.267831616299999936e-02 7.147383333629999741e-09 6.922280088870000347e-02 2.758339954719999931e-01 1.833587613150000100e-05 3.498608248569999857e-01 1.513486351480000103e-01
7.416063526479999702e-16 5.443378701000000266e-15 1.690650518059999940e-22 2.746698906339999979e-42 3.376393112790000218e-54 4.500555477099999811e-23 4.538416351889999667e-22 4.181716452490000235e-01 5.435886796160000241e-57 5.818283547510000320e-01
1.111156464350000039e-05 1.067632201679999957e-04 1.121129785280000069e-01 3.313001195670000053e-62 3.455315426299999897e-68 2.926323606810000144e-01 2.971404402879999758e-41 5.951367860070000404e-01 2.440548660230000159e-50 5.142609689390000254e-18
5.158860859769999813e-06 2.496363287039999879e-01 1.313197303400000112e-19 3.643984542450000123e-49 5.373535088050000102e-52 6.880818967480000250e-13 2.291433356169999839e-31 2.510610526320000055e-15 1.388445601509999976e-17 7.503585124339999801e-01
2.025545129250000062e-02 6.965239769300000106e-01 2.832205717769999964e-01 1.800516945480000057e-25 8.423242991430000189e-54 2.010304314229999946e-31 2.247010565969999949e-41 3.781988083410000357e-43 1.979883056849999792e-31 6.567091718870000346e-48
2.190279681370000007e-12 2.870745953170000135e-35 2.881436933850000104e-01 2.319871673750000061e-03 3.781961913490000105e-01 9.395323003199999699e-07 1.785364893259999902e-10 3.804416987430000101e-11 3.313393038419999992e-01 3.091332071500000185e-22
6.878164502879999809e-01 3.151061100529999742e-02 1.639887802489999917e-15 1.659108108540000094e-46 1.238921280659999948e-51 5.130824188350000058e-23 1.011011780880000079e-24 4.266955798789999861e-11 1.207308019200000027e-30 2.806729386640000046e-01
1.499919724499999927e-19 1.605474381880000005e-22 4.527587742559999739e-01 5.472412257419999593e-01 4.534048571640000256e-16 4.198352043439999580e-31 8.695184880439999711e-63 2.362855765580000004e-39 2.444422228909999826e-12 5.145524937269999609e-66
4.887424994720000054e-02 2.725444136679999740e-01 2.881033126450000068e-04 3.443289836600000134e-06 3.316851974829999812e-31 6.836654667419999759e-16 1.545614331170000128e-26 5.325032671680000274e-17 4.553578068799999934e-01 2.229319829030000089e-01
2.966009174900000285e-14 1.766638002840000049e-15 2.487681840929999999e-01 7.297023285120000091e-01 1.228038959500000012e-16 1.121013409560000092e-28 1.340579461030000019e-66 6.961735006610000225e-46 2.152948739550000073e-02 1.184911519079999921e-56
5.519238046119999686e-01 7.796277602480000449e-18 5.990851737909999976e-04 4.473260060840000274e-01 3.353673803089999970e-24 2.133392013300000075e-41 1.056956560709999956e-20 1.672009746070000059e-15 2.044627949969999846e-15 1.511041303299999884e-04
9.695685226989999589e-18 1.795337947949999939e-23 3.191254027760000077e-17 9.644925888619999847e-18 6.624377326479999558e-16 3.948091084050000312e-05 4.077336203410000248e-01 3.576882224590000168e-11 5.307289092850000500e-01 6.149798942709999716e-02
6.825155740820000594e-02 2.006557585490000017e-01 3.174589912379999738e-11 2.516870988129999984e-33 1.840994348960000026e-34 2.725535124069999870e-01 1.538267405860000062e-09 4.611369657549999941e-33 4.585391700659999792e-01 2.905727247440000016e-16
1.577456357130000084e-21 5.061137639880000037e-05 5.250515786199999872e-19 9.098477903410000195e-12 6.938360994650000224e-01 3.061129528709999881e-01 1.194322472769999941e-10 2.129122303750000037e-10 3.359458273150000028e-07 5.972793101500000182e-17
4.161248679610000149e-16 6.176620141139999696e-21 1.707718158190000002e-01 6.988526140609999602e-16 3.123109557050000091e-19 5.499686142830000346e-01 7.766000437069999869e-35 6.225803346900000430e-33 2.792595698979999930e-01 2.714318761489999820e-46
1.462841811699999945e-35 1.103792230569999936e-17 4.087602261409999870e-63 5.558457160939999563e-69 1.097642644799999976e-35 7.701490479260000184e-23 1.000000000000000000e+00 5.448404193890000296e-26 1.446788449019999949e-69 1.752241707549999856e-21
6.100159866180000501e-01 3.569242592730000127e-14 2.935675740460000102e-19 7.967655613799999489e-66 1.346364961240000081e-22 3.893724164940000065e-01 6.115968868990000456e-04 2.653031711439999883e-24 9.278407373569999745e-13 3.437972700740000181e-16
9.701539665139999925e-54 2.968296246100000091e-01 1.295737569350000005e-23 5.896647947089999469e-26 4.243207546370000159e-31 7.031703753900000464e-01 6.925990037369999767e-17 3.696691218000000081e-44 3.177919648229999862e-50 2.781805848429999832e-94
7.046962246750000574e-54 2.968296245929999966e-01 1.091421813899999954e-23 5.094770586359999934e-27 5.047791854590000425e-31 7.031703754070000034e-01 2.565693204949999950e-17 1.126755739399999930e-44 9.611049684790000310e-51 5.249560315740000008e-95
1.334135413839999963e-18 3.553609462439999978e-01 7.102801684400000099e-35 2.401162221990000109e-30 4.987633640610000202e-34 1.957736483100000137e-36 2.761528262629999730e-01 3.671229761179999884e-01 6.210801414710000029e-109 1.363251375039999927e-03
3.845595362049999940e-08 4.381317424289999788e-09 1.910946215229999967e-01 8.089053270589999789e-01 8.580613471839999327e-09 1.098096431730000000e-20 9.842111865430000269e-14 1.915284461750000149e-18 2.907426695769999997e-19 5.735360325379999921e-33
1.066614420949999924e-52 3.699161572500000204e-31 6.137177752400000372e-34 1.780330677819999997e-22 1.995211343130000104e-14 3.542187492769999779e-01 8.652341707440000266e-19 4.739670271959999824e-17 6.457812507229999666e-01 3.259116608859999961e-15
1.073305468439999962e-57 3.342429082980000251e-20 2.182192057049999859e-27 1.865250606960000002e-01 4.405676822580000263e-01 2.579007843510000009e-01 1.150064715119999970e-01 8.515249465450000196e-21 1.183398806780000054e-09 1.125638196739999943e-30
8.827311427510000497e-13 6.071085557869999457e-29 3.664525553220000153e-14 2.613511499010000117e-20 3.930721202290000105e-01 3.083403873689999908e-01 5.283141709200000030e-19 8.953838064659999652e-02 2.085991791019999875e-01 4.499326531960000028e-04
1.162486163339999988e-81 9.896323590899999776e-04 1.608482015340000048e-49 5.218980427499999575e-01 5.910397416579999769e-13 3.330022275159999836e-09 3.434059185580000118e-01 1.306332956729999994e-01 2.668352646139999912e-31 3.073107329710000023e-03
3.604702851859999946e-01 6.329162546169999671e-52 7.951334804420000235e-02 2.026169308140000069e-01 7.091241977010000197e-02 9.761900381029999807e-51 3.863560442089999916e-43 2.864870161859999764e-01 2.245517595379999950e-21 1.297516797349999912e-13
8.656202876870000424e-10 2.843010408619999875e-38 1.688999069699999977e-19 3.348494666319999924e-01 2.168847805530000131e-03 8.539729144940000428e-36 1.735646493599999975e-08 3.524664824670000185e-22 6.595091395019999636e-01 3.472527838779999876e-03
8.034338790759999242e-06 1.436895218079999870e-01 2.758313410259999876e-01 4.393124875339999846e-01 2.206532319400000027e-07 2.698763339249999849e-15 7.498732194830000373e-23 1.395440028070000070e-36 1.411583946399999900e-01 7.947504239119999700e-42
3.463133037009999916e-99 4.825451572930000266e-24 8.614088969339999473e-45 1.217530224890000026e-02 2.510552937989999900e-01 2.678702499439999940e-01 4.688991539960000177e-01 1.303069239370000006e-11 6.410188713620000225e-19 1.030279741119999966e-22
1.445491493330000051e-42 7.903169427190000515e-42 2.584011921599999867e-99 1.351597515179999957e-22 5.121801286049999513e-01 2.280260885100000010e-69 4.533907363660000245e-01 4.830862206219999683e-31 3.244935055620000291e-23 3.442913502969999900e-02
8.280252830069999788e-54 8.159803416710000014e-36 4.379827962099999965e-31 4.101937330310000218e-24 5.621546758010000173e-20 7.062407699520000248e-01 2.332495411699999910e-01 6.050968884440000028e-02 6.416532044629999514e-30 3.326776065269999827e-11
1.438509361130000108e-01 1.880329783320000003e-01 1.504737307520000004e-16 1.841533211579999923e-68 3.900146949690000069e-56 3.286596146089999781e-02 4.235958239139999773e-23 1.233412285170000040e-14 1.412826306860000049e-13 6.352501240939999461e-01
2.477175786049999884e-01 4.182004874399999630e-52 4.918061451669999973e-01 6.823279430910000553e-42 2.601762604260000056e-01 5.482511452100000094e-05 7.986106397359999608e-26 1.225271993980000062e-13 2.451906870660000158e-04 3.865570611039999814e-39
6.297114076949999681e-05 1.185473069809999911e-24 4.276369084120000275e-01 2.910046448829999891e-21 5.554165622519999996e-20 1.731202762780000096e-13 1.029737519239999970e-52 5.722978903250000027e-01 9.104768512689999785e-07 1.319644778009999910e-06
9.329418389960000354e-15 1.605818359969999902e-43 5.611318697149999535e-01 1.532026740869999996e-38 3.585442880330000039e-27 3.649572247830000027e-05 6.737891643850000285e-47 2.249284274390000064e-47 4.388316345630000059e-01 1.076576041680000031e-75
6.408628826209999962e-01 1.325336614729999973e-01 1.793189165930000039e-29 1.532011279379999996e-06 2.265885871380000083e-01 1.774489464350000090e-55 1.333672382199999995e-05 4.170950333189999742e-38 1.479041014940000150e-14 3.206708671839999997e-11
2.575313042199999943e-44 4.147049585099999991e-01 4.713635876420000026e-23 2.999771030460000043e-01 2.100478207819999924e-08 2.851848154839999872e-01 1.225427211970000015e-10 1.330894166360000049e-04 1.798175199789999945e-09 1.061795617690000081e-08
2.437554185280000063e-01 7.562435547839999606e-01 1.026653291239999928e-06 2.268278554099999796e-19 4.585277684549999743e-28 2.507703466500000173e-24 9.636217733019999888e-20 6.678115879029999569e-39 3.476332260050000163e-11 1.717985052370000061e-28
5.728267578320000349e-06 4.046753648279999838e-01 2.236654092790000017e-11 4.588123885010000108e-26 1.564425018860000018e-16 5.508654059120000196e-02 2.229508563150000011e-01 5.102192015160000273e-51 3.172815099749999868e-01 1.129503453299999903e-44
4.464376731769999884e-38 7.898811286160000019e-10 2.539346297199999920e-33 2.511036981649999943e-20 4.351059298769999750e-01 5.621009686719999898e-01 2.302704101160000117e-03 4.903965597890000243e-04 3.150435842329999849e-30 5.255788268949999704e-17
1.094213730700000103e-09 2.872731908910000029e-91 2.226016251429999981e-01 1.200381312490000077e-14 6.567391959080000063e-01 3.823434710369999698e-21 1.041020921219999987e-42 1.206157558479999947e-01 4.342200584019999921e-05 1.157712161689999927e-16
6.320559517790000413e-08 1.169594330490000000e-01 3.344715047460000146e-01 3.307167611820000182e-09 2.461949490270000119e-21 2.554154522000000038e-01 3.304526507049999870e-20 1.664618819589999904e-03 2.392976727549999960e-01 5.219125191730000085e-02
6.008224741019999744e-27 9.051147136609999811e-07 1.063395845780000079e-08 1.996102546660000089e-22 2.343138728419999862e-48 4.723917303849999860e-01 2.497097532579999903e-16 5.276073531549999585e-01 5.116536909789999917e-32 7.110197896470000394e-10
4.185293973490000069e-03 5.714248027999999785e-03 8.618661165869999837e-10 7.222153753879999580e-31 1.843922797389999938e-36 4.168694234079999839e-01 4.993365948420000084e-10 1.158009823339999974e-32 5.732310332269999753e-01 2.844186785319999811e-12
9.401948085469999383e-02 2.625096051019999988e-01 8.083467788959999835e-26 3.567358790270000058e-07 2.135729213679999905e-01 2.810968601610000147e-41 1.846328248520000004e-10 8.836106591160000489e-26 6.389658035839999861e-02 3.660010553970000080e-01
7.006502624630000238e-13 2.037094933710000000e-01 1.030385577100000061e-01 1.046408119310000007e-35 6.529507993400000406e-72 6.928719467649999686e-01 3.383932719730000102e-38 3.800021333360000084e-04 4.287734584840000009e-29 1.960941038670000161e-11
8.372563345179999359e-24 3.098968225589999737e-01 2.042935738199999907e-01 4.361040087609999727e-01 6.650106207149999486e-20 2.837469862179999827e-04 4.488401899839999789e-11 4.942184782879999877e-02 3.598950207580000259e-54 1.283258711599999903e-32
2.570475662109999990e-16 4.788118657029999661e-19 2.575718058779999931e-01 7.424281941220000069e-01 1.128821802339999956e-20 1.210319570390000076e-36 5.798662284870000244e-37 5.325926634449999853e-24 2.533148698659999992e-42 6.676795521040000163e-55
3.478226092359999934e-20 2.747116500129999833e-30 5.267278571410000217e-45 1.137357651750000049e-19 4.602480928900000157e-01 4.519932717750000251e-38 5.397519069759999510e-01 9.256043038370000633e-27 5.020514270389999774e-18 1.338305653140000107e-10
1.257101990339999989e-02 5.186083162169999872e-01 1.037495755479999997e-03 5.284081418779999694e-06 4.675438887400000243e-01 3.744423784249999875e-10 1.078051962429999912e-15 2.339949281400000058e-04 3.565722958990000130e-16 6.128400441579999911e-15
1.060967897560000062e-08 1.148826162810000061e-26 3.085450139740000264e-01 1.120640001060000006e-13 6.913986603370000372e-01 9.731765622750000163e-14 4.187365769660000207e-39 6.760196618779999855e-31 5.631507935099999907e-05 1.130333165170000073e-58
4.160213524109999950e-02 3.942782291970000075e-01 1.654725592109999865e-01 4.134602300800000168e-04 2.734969293399999724e-01 2.383168324820000243e-13 2.461455652529999857e-19 1.247366867799999945e-01 6.304826681549999792e-28 5.660300286580000280e-18
2.112938497689999966e-13 5.183755030380000212e-02 1.842830192340000062e-01 4.079155778470000375e-03 3.549822112059999868e-01 8.157836395239999316e-02 1.333894106560000046e-10 4.078357977989999894e-52 3.232396993910000016e-01 5.466617128140000443e-79
1.791875922599999969e-21 3.083499984160000117e-16 2.766941934920000015e-22 1.047924543250000062e-01 1.201139832870000076e-02 6.076410289009999608e-19 6.315650545130000459e-01 2.517087603409999793e-25 2.516310928330000030e-01 4.523689167960000278e-15
3.443124631260000013e-01 3.539640709990000134e-01 3.813909328969999901e-13 1.920623386419999939e-02 1.376693531010000082e-01 2.235485968610000142e-27 8.246895248439999675e-10 4.984283803390000441e-10 2.566877954560000130e-13 1.448478775850000067e-01
1.259883838340000053e-27 4.290626407580000019e-21 4.250956782700000045e-20 3.995011383350000056e-01 1.169851239759999995e-01 9.168560138189999916e-32 2.281784937859999986e-17 4.835137376890000227e-01 1.347834669980000007e-49 5.650836519970000241e-19
8.199852111060000275e-32 3.347903901679999961e-01 1.058976022009999946e-17 5.329337824130000456e-01 4.400999721139999752e-07 5.689134279650000193e-05 7.753715556139999570e-15 4.925102112890000002e-11 1.322184958840000035e-01 4.351270094749999878e-11
4.170152071609999793e-22 4.827781930179999849e-40 3.009294432360000160e-01 4.323500601900000413e-03 5.548740702780000089e-02 4.304119658039999852e-01 2.011209016879999865e-08 2.088476631579999909e-01 6.078317362279999831e-11 1.518759738700000051e-20
6.183322025360000332e-22 2.083613843269999846e-43 1.037630948209999984e-45 8.694556968439999501e-39 8.068891535699999781e-30 1.570963151869999922e-47 5.749568391719999860e-33 2.326411471730000020e-84 1.000000000000000000e+00 2.345232766560000011e-28
6.086061164530000465e-11 1.616816430490000123e-01 6.923137282420000533e-20 1.150688462170000049e-24 1.648261140910000029e-28 1.108448237369999978e-01 3.184509105029999851e-06 3.857395502899999736e-29 7.274702207190000269e-01 1.279249455070000026e-07
2.037383374670000136e-02 7.209377944070000099e-01 2.240009029290000005e-14 5.203348317089999658e-04 4.465285838519999837e-11 1.483231498109999975e-33 9.620056104689999242e-13 3.249231249319999759e-38 2.581680369689999810e-01 1.254607536040000039e-14
8.550184091960000579e-20 2.250234215010000048e-09 1.552313778770000077e-12 9.071847626639999969e-08 5.421959555900000005e-01 1.196327839100000054e-04 3.093052048889999850e-01 1.483791137669999982e-01 1.066759297099999945e-36 1.189105631689999950e-24
1.031487659880000008e-15 1.612733250260000098e-02 8.864532879880000077e-03 3.749265728670000096e-03 2.868018374549999860e-01 6.832367630540000514e-01 1.776263857429999939e-09 1.538611920320000071e-38 1.220266603209999978e-03 2.790885732590000091e-63
1.072648350860000011e-24 6.088416912340000220e-25 5.593137520239999604e-06 5.794403358919999469e-01 9.650118228829999497e-20 3.952057259200000020e-10 3.553620374140000069e-30 4.205483148060000231e-01 4.354819063139999952e-07 5.320288268390000141e-06
7.764537759620000479e-01 1.590603619900000034e-44 3.960266383010000124e-11 4.798209502409999725e-12 5.869383980359999687e-17 1.391562525359999920e-70 1.084714456069999896e-25 2.136327367320000059e-01 1.666548460280000042e-48 9.913487261470000506e-03
8.808961338320000339e-25 2.557015847840000133e-01 2.120733145079999882e-01 4.013022232060000083e-01 9.217717506099999209e-22 6.613657685670000493e-11 7.556784515910000431e-15 1.309228774350000013e-01 1.748823297839999991e-54 7.873399585029999594e-33
1.411632750020000057e-25 1.226195942830000119e-72 4.776013010179999923e-04 9.299677889620000526e-02 4.276208462450000192e-01 2.655431469309999826e-13 1.029094416240000066e-27 1.928149062449999914e-07 4.789045807430000190e-01 1.449335849099999998e-23
1.432049207629999924e-11 5.140420312370000162e-47 5.890122803010000039e-07 5.621414540410000216e-01 3.834036240770000159e-01 1.845061332949999996e-59 4.754649372700000031e-45 5.445433285609999757e-02 2.825622647710000207e-44 4.456936005259999878e-25
4.258366234339999723e-02 1.482498539640000057e-01 1.050972389960000082e-12 5.019920603530000358e-01 2.868104488550000251e-17 9.479303923089999413e-50 1.218661914799999985e-28 9.320700847859999785e-54 3.071744233379999911e-01 1.703685931480000042e-23
3.599885720299999819e-21 4.872927071729999948e-01 2.327860849610000060e-01 2.799212001260000249e-01 6.753424402770000105e-18 7.740247836900000777e-09 2.158291559470000003e-30 1.472896798329999919e-15 1.112051551789999943e-20 1.298848156369999911e-38
4.152425871279999958e-01 1.019251388500000063e-03 8.782049756679999739e-19 6.382372489849999545e-38 3.942802461759999996e-07 6.243451152650000447e-07 5.837285391340000240e-01 1.748824894679999939e-46 8.603724673430000009e-06 1.499986133249999989e-36
2.396530724429999926e-01 7.591411142670000389e-01 1.198471989970000071e-03 7.341298963529999596e-06 1.501605241029999962e-24 7.541020249689999480e-38 1.404231108170000056e-30 4.230301889030000033e-40 5.453795775179999863e-13 4.189239089340000328e-30
2.635909526420000093e-39 1.894057182659999858e-43 5.917090670500000220e-18 4.466298799799999831e-04 3.837460370679999788e-01 4.567815771079999920e-01 4.726062447699999877e-07 1.627409493260000006e-02 1.427480751569999984e-01 3.113248611970000054e-06
2.460293210459999957e-08 4.723147014800000321e-64 7.334452253579999455e-30 1.139660038030000062e-07 4.595425952910000243e-03 2.191425796660000054e-91 2.019541583739999933e-35 2.254895422920000109e-21 1.952562169099999941e-13 9.954044354779999493e-01
2.137237920550000177e-21 2.592073619429999867e-14 3.437675983699999904e-22 8.158053549200000587e-02 5.466791848940000254e-02 1.228434248079999971e-16 6.250953894699999847e-01 5.056080229620000005e-37 2.386561565479999869e-01 1.260894717470000065e-22
7.354512250309999923e-26 3.399404270490000157e-01 7.364305021909999421e-46 3.291855653409999837e-23 1.334290694980000080e-28 2.961622885460000020e-45 2.448167852869999883e-01 3.150662014800000238e-04 2.472802918729999853e-99 4.149277214629999988e-01
3.797131911180000041e-01 5.015068109460000005e-04 3.098381054060000175e-28 1.382783229559999917e-103 2.711239420050000139e-46 5.440293292229999578e-01 7.045460511520000579e-02 2.548767902389999837e-15 2.201483849769999995e-30 5.301367733179999757e-03
4.166266897470000175e-36 8.935031929450000415e-30 3.077268289690000147e-14 4.920935746449999759e-01 8.501684873289999667e-02 2.291640378249999860e-17 3.491766188949999920e-37 1.451587637559999890e-57 4.228895766219999963e-01 1.991142488179999970e-86
4.369879422710000249e-39 2.024469346300000097e-07 5.619428627019999573e-59 3.145710698210000171e-23 4.691550608070000141e-24 1.508133137770000143e-42 4.651232273329999889e-01 3.476293273390000064e-09 2.879700750219999849e-73 5.348765667439999705e-01
1.277011661310000097e-12 3.003954088940000156e-02 1.596391748230000083e-11 2.761706766280000100e-02 3.449942273330000031e-01 2.658055830420000135e-21 1.007728867830000041e-01 4.965762773140000030e-01 1.467734876199999992e-43 2.051248822819999915e-17
7.919775593800000458e-29 9.353218462329999919e-35 1.531057081800000060e-33 2.215498790359999977e-32 2.960566834769999822e-01 1.842180095510000115e-01 1.086331581710000022e-13 6.328692696489999700e-03 3.487611060779999828e-01 1.646355081970000134e-01
6.614633837569999786e-01 1.381063557500000008e-32 5.140364261300000117e-22 2.097848358760000032e-39 8.792130996080000841e-06 2.373155816630000010e-19 7.143227794549999758e-12 1.587621854920000044e-37 3.385278241049999859e-01 5.854949415910000465e-22
3.367100175669999956e-35 5.152222103779999784e-01 3.772787378859999946e-35 9.946571031460000135e-15 8.964757852420000117e-13 9.034630037999999419e-02 1.791369835019999968e-01 9.392361461239999544e-32 2.152945057389999972e-01 5.629485728009999634e-15
