7.291482109639999837e-20 3.815350072280000031e-84 1.862891385299999946e-58 3.456252275700000099e-22 7.088731464080000322e-01 3.242670759380000272e-60 2.867330849529999837e-01 2.732908973940000049e-45 4.393768639039999889e-03 1.204861148860000065e-22
2.425947605320000214e-19 7.299628622820000245e-01 2.700371377179999755e-01 7.336943418379999592e-37 3.809256944959999905e-33 6.116352350790000284e-34 2.597932869369999768e-100 1.813280107769999928e-53 4.009130036070000127e-22 5.640621991920000050e-25
3.594159939690000114e-06 5.125066272099999543e-01 9.153601488420000362e-16 5.110723383000000007e-22 4.874897317279999753e-01 4.690231759670000004e-08 2.156815755909999908e-22 2.445800763909999881e-18 8.026460347409999908e-23 2.437645443289999929e-47
4.999871935929999789e-01 1.089512926350000045e-15 8.029815496889999789e-37 2.402841510459999892e-17 1.154505675950000032e-15 4.868675248029999660e-35 5.000127892260000095e-01 1.134626367570000024e-20 1.296219477339999979e-26 1.718098378959999870e-08
2.552215318580000061e-14 1.069314582160000027e-01 1.138226281620000058e-01 2.528973140389999878e-84 3.499166963740000177e-07 4.579620909759999914e-01 2.045669419510000085e-62 3.922852979309999971e-36 3.212834727289999859e-01 4.627220845440000281e-64
4.736731381389999984e-27 4.189393853350000142e-05 1.696800723569999921e-31 1.408888927540000078e-15 1.535422545290000085e-10 7.576733548150000662e-24 1.969923728960000162e-02 1.671272949429999935e-27 4.901350342690000139e-01 4.901238343489999760e-01
4.999889267539999738e-01 3.716124559719999847e-29 3.876000654760000047e-41 4.261333170989999990e-14 1.404184974100000020e-17 6.428171763380000253e-49 5.000110462719999926e-01 2.615545237269999963e-73 9.392003909739999135e-25 2.697383938139999917e-08
7.845445677460000100e-01 3.866207313730000289e-02 1.703080114380000065e-01 2.404580749549999945e-31 6.485347678440000173e-03 1.517259422110000050e-19 5.688049243339999979e-64 8.426784937089999745e-72 1.617034948179999897e-19 4.406213101840000025e-68
4.078431257799999821e-02 3.757193003180000132e-22 4.290157123149999982e-13 2.059808891279999945e-43 9.004939249389999970e-04 2.609953827480000237e-07 1.420056191500000080e-07 2.544704980199999911e-01 7.038442924759999997e-01 2.436918560170000137e-28
2.898507855590000126e-01 9.407638925329999798e-06 1.081169797760000030e-04 2.731144763489999905e-01 4.082155788430000265e-01 1.387426019209999923e-40 5.101090627519999967e-40 5.704183439970000098e-275 2.861627414209999901e-02 8.536048843200000076e-05
1.167616341100000006e-06 1.768711602889999984e-09 2.865914245040000058e-02 1.401072505689999958e-14 1.506282591999999978e-37 5.508631110289999855e-01 6.688188130679999961e-19 1.486423083920000029e-13 2.197617125909999947e-26 4.204765771360000071e-01
3.420939721819999946e-01 9.513211494459999376e-46 3.587634639889999803e-09 1.595837931069999938e-01 2.074246790050000011e-01 2.908163686690000138e-01 1.869573305570000157e-09 9.358146330260000090e-18 2.623629675059999821e-09 8.117895622230000515e-05
1.024392114099999941e-10 4.421583297700000248e-01 5.578416652690000310e-01 7.183938295570000181e-74 1.222049690149999906e-18 2.008310379850000116e-22 1.253561772670000081e-96 6.609508642090000027e-77 4.858835469669999632e-09 6.774659395200000337e-58
2.311968205799999898e-01 3.909449926099999861e-01 1.036881744889999943e-02 8.228796352939999281e-09 8.522570428709999758e-09 1.330898184669999996e-30 1.239737505990000029e-12 2.370321392309999997e-01 1.240181676540000055e-01 6.439045724039999842e-03
1.005740207430000019e-03 1.286141372700000131e-35 1.303489708659999989e-02 1.067060480969999950e-16 3.982153897589999988e-05 5.092786966310000052e-01 4.705199753689999666e-19 1.604946914970000035e-14 9.819874206369999525e-02 3.784421024719999971e-01
2.927459849159999877e-110 6.042220627270000124e-06 9.892111868159999662e-50 1.616270999309999930e-03 7.361030298780000152e-17 2.661831593069999920e-46 1.988892025229999916e-01 1.032998620529999935e-12 7.994837521890000298e-01 4.732067189259999584e-06
6.203303721580000207e-01 1.741823513690000047e-46 1.894870739370000020e-42 2.702359751479999983e-34 1.880773820270000007e-01 1.649600487689999877e-30 1.915922458150000063e-01 2.194122013579999926e-34 1.279561651459999980e-13 6.169658981550000559e-23
2.707191864430000007e-18 1.695817793960000026e-06 4.836327933280000213e-01 9.195350941170000578e-34 1.764528346709999978e-07 2.284066804259999836e-27 2.213144924050000174e-58 6.538663141330000395e-47 5.163653344009999646e-01 5.779051016739999852e-39
4.686224779650000177e-33 2.628659024040000208e-32 3.772296822560000096e-01 3.178960149839999824e-72 2.237931608929999970e-34 6.227703177440000459e-01 3.105833411670000063e-121 2.268041179939999995e-33 1.358979055840000115e-22 2.418475781070000023e-53
3.920782942059999887e-01 5.815140212760000482e-01 2.586886814439999971e-04 1.108213897940000104e-65 1.787890347780000031e-41 2.614899581660000069e-02 3.353987861360000103e-30 1.942795587820000110e-11 2.086049315909999777e-25 1.837472190459999988e-21
3.444282931389999953e-17 3.744272346899999993e-01 1.741074040739999902e-25 1.298792973049999999e-05 6.255597765060000315e-01 2.451662425000000130e-20 8.730244223090000196e-10 7.702328512549999681e-31 5.583116582160000243e-13 2.684108299210000231e-16
2.099211591560000090e-78 2.227180136389999941e-20 2.001742642119999975e-25 4.667394199460000309e-02 2.031216673489999982e-17 4.324856650530000334e-06 4.783613131989999587e-03 7.044860806610000470e-01 2.440055228570000012e-01 4.651649872139999945e-05
1.558189740279999902e-01 3.144366260149999981e-01 1.906953892230000029e-03 5.273967056389999785e-17 1.779608259430000121e-05 2.599822125050000118e-05 1.320876132630000033e-01 5.544908839169999937e-02 3.402569501059999890e-01 1.352022022230000114e-13
8.711730284200000430e-11 1.598616799959999936e-15 1.346357130570000060e-02 5.655972337839999531e-01 4.351941100049999765e-04 4.205040007129999813e-01 1.388861428110000096e-16 4.221952801750000070e-14 9.867046465659999601e-14 7.772893492180000137e-37
3.581203857889999974e-46 1.659087225570000058e-13 6.193659808660000521e-04 4.404611423800000036e-01 4.046209234970000151e-19 3.213400104670000035e-01 3.820767872129999810e-18 5.543490116529999614e-13 2.375665740060000086e-01 1.290716494610000025e-05
3.648260614020000236e-01 2.256159151009999846e-03 7.168368902059999732e-25 4.916062231459999987e-01 4.000566395650000107e-02 3.542173536879999936e-48 1.013058923440000036e-01 1.893797596700000099e-16 1.206733207169999983e-21 1.030371498879999992e-19
5.953364284910000331e-02 1.542785623820000054e-14 2.208397406000000016e-06 3.354055078690000134e-35 9.031997619430000638e-50 7.957777255809999648e-07 1.649086285399999898e-38 5.850913118730000084e-01 9.061431265020000311e-46 3.553720411030000248e-01
9.718203145839999343e-30 1.981165710119999974e-22 1.200297908230000079e-39 1.208845351809999920e-34 2.231319008489999942e-73 5.111916663169999995e-10 2.109092007790000124e-07 5.999833635800000398e-01 1.109396966270000056e-53 4.000164249989999754e-01
5.870893064760000285e-40 2.009876776589999969e-01 3.868898117360000111e-01 1.261048334249999930e-03 1.662070766030000152e-30 3.419173528990000022e-19 1.160212245469999954e-57 1.577282481599999954e-34 1.693497863690000013e-17 4.108614622710000108e-01
6.685421178980000506e-26 6.228254208969999928e-01 2.152739900399999927e-06 1.231534573689999956e-06 2.503758639840000095e-13 5.104596344609999778e-38 7.194410243979999466e-42 1.366772337370000012e-59 1.883897921709999923e-01 1.887814026580000026e-01
1.418131971360000077e-07 1.864940404700000057e-32 2.160838488030000087e-02 2.187751861730000136e-02 5.044627232839999920e-01 4.520511711119999942e-01 1.966748550510000003e-30 4.301301112150000313e-39 6.029313949600000513e-08 5.298501213950000291e-14
2.344576998650000077e-01 5.204946970370000185e-76 1.014343689789999960e-19 3.085071471279999811e-01 3.641758200640000177e-10 3.627360887559999948e-16 4.570056244240000010e-01 2.278642281959999821e-18 6.068133493629999719e-18 2.952821826470000054e-05
3.581350609300000265e-01 5.858239699070000306e-01 8.035635074209999850e-08 8.031781877459999929e-31 8.515099706720000366e-47 1.254695742819999985e-36 2.715383524869999869e-41 8.563860845869999668e-21 2.082627591080000157e-34 5.604088880639999937e-02
8.651855640400000511e-22 2.671960547389999921e-62 3.758045872790000150e-45 7.499774573349999862e-01 8.865864993680000201e-23 3.222354428549999838e-77 1.297108199399999958e-07 1.238694475069999948e-25 1.688341826509999962e-27 2.500224129540000173e-01
4.285725515289999787e-01 2.581563571869999787e-66 6.422391283170000244e-44 7.559908313969999905e-02 1.119222534560000010e-01 4.808111166229999589e-103 3.839059311329999780e-01 7.902695558389999946e-71 6.998154329060000356e-10 1.800432852899999881e-07
5.149378733149999610e-01 1.069194982799999971e-01 2.940575628909999906e-01 4.125641965400000034e-35 8.408506551479999480e-02 1.000453564189999995e-22 4.132259449769999894e-75 2.311474960030000058e-90 1.560229826720000142e-17 1.146170963230000048e-75
2.446521302959999977e-01 2.653185370850000193e-04 1.001186608489999997e-04 4.331655616200000246e-35 7.548458024459999693e-01 1.366298993230000039e-04 4.987270891209999934e-46 1.517815715500000061e-63 1.608123604829999915e-10 7.310664074760000488e-36
2.774250560440000125e-11 3.834736492809999845e-07 8.257660953089999862e-07 5.549030616800000315e-01 2.735923651019999889e-02 4.177364925259999806e-01 5.038487265450000163e-19 4.553828043079999734e-13 5.099391207169999735e-18 1.653247887500000041e-11
2.650244420840000004e-01 1.374320231950000061e-05 1.457856751159999908e-01 9.177741927369999698e-35 7.127964015200000076e-69 5.605029388129999512e-01 2.155059323669999903e-34 2.867320069649999942e-02 1.453394511160000048e-67 8.834826727450000121e-11
2.911156766310000199e-01 1.484866836110000088e-01 8.055444681639999851e-08 9.751515929100000428e-05 2.570187230409999857e-01 3.959094908829999969e-11 3.032482881349999881e-01 1.838485967269999926e-13 3.303282898869999696e-05 2.311532633320000083e-24
1.048685666169999961e-03 3.372050307550000222e-08 3.774473026779999740e-01 2.575959054379999835e-01 1.559485595149999980e-02 3.482926399280000251e-01 6.688688520870000030e-18 2.057661827390000063e-05 1.676979913399999991e-28 2.124405541259999890e-61
7.151162369599999891e-44 1.828557042049999970e-01 7.433776403740000038e-01 1.561640373679999985e-07 3.536698811909999941e-30 8.148184566540000354e-19 1.259178782659999991e-47 7.376649925709999334e-02 3.261613383170000030e-21 2.384262683079999848e-15
1.961629309089999881e-65 6.641640509459999508e-01 4.543777414800000198e-27 1.386146764990000007e-06 2.839418400439999822e-12 1.237810921119999933e-26 1.613791163560000103e-02 2.420680512319999954e-08 3.196966270620000272e-01 4.352121771260000449e-19
3.524189934779999867e-01 1.270047427519999973e-02 3.515554913299999916e-04 5.952779890150000558e-26 3.885767055530000148e-20 5.276672220340000289e-09 2.258327662630000010e-01 2.528844792630000060e-01 1.404072681469999972e-01 1.540445780459999935e-02
5.197744395750000246e-01 3.273222405170000222e-22 2.835007501140000109e-12 1.976268259730000024e-21 1.043923056379999990e-15 3.066983327640000116e-34 1.729635743560000000e-05 5.818396728609999701e-09 3.823301578450000182e-01 9.787810040050000382e-02
1.971101573250000072e-01 6.857865744940000026e-09 3.082599102359999919e-03 2.714325190710000069e-27 1.532363675329999951e-79 5.022269467090000145e-20 1.294253649699999985e-48 6.949497400619999752e-07 1.965293317630000000e-68 7.998065417649999898e-01
3.798528867589999765e-18 7.594268189359999896e-10 1.222895919129999978e-09 7.514213730959999893e-01 1.845603784410000124e-26 3.094078693909999816e-28 4.086214801509999640e-56 8.061101796550000857e-87 1.746115428259999989e-30 2.485786249220000022e-01
2.034772430479999950e-01 5.728773100249999859e-22 1.160451796520000033e-07 3.793511368420000029e-01 4.456394687689999933e-06 2.133143415800000109e-01 1.242664341980000003e-01 7.958627189170000560e-02 7.193957501470000267e-19 1.311121157689999933e-21
5.001011073669999751e-01 1.731791245310000017e-40 7.553635449929999966e-06 3.707794193669999789e-26 1.302303362729999872e-10 4.998913388669999902e-01 7.598378081540000080e-36 1.699396746689999924e-13 2.008184710209999877e-26 1.438793371919999994e-33
8.302778563049999505e-01 1.380070647760000026e-41 1.794117013960000039e-42 2.193918839439999875e-04 3.677385352369999929e-07 3.621377634599999852e-76 1.574125271500000089e-01 1.441015102880000003e-84 4.115205763520000128e-09 1.208985280739999918e-02
2.815284993700000141e-67 4.168577642470000382e-77 1.106817185460000022e-60 1.035887530560000011e-33 9.896130152250000034e-01 3.827659387640000014e-57 5.538939327019999782e-32 8.427769505910000536e-95 1.038698477500000009e-02 1.525249916240000076e-69
2.889169288099999837e-28 2.647721111310000208e-01 2.031251782479999901e-25 1.143110003320000019e-11 3.221826416020000250e-02 5.281765803730000114e-09 6.928715435660000033e-01 1.013807274010000009e-02 3.110089030219999831e-09 1.646749114639999894e-44
2.460159531120000020e-01 3.028323013490000178e-11 7.225451083410000183e-03 1.215452946909999989e-55 2.633536131649999863e-05 1.411869802960000024e-02 4.440658851369999689e-25 2.421179208450000009e-01 4.904956415389999935e-01 3.497951457510000196e-39
5.497993643450000196e-42 1.528394776510000043e-45 2.862642732999999828e-01 3.559101768040000002e-01 2.103679465369999864e-18 5.465207434759999839e-25 9.066104296289999939e-57 3.178120352930000072e-46 3.578054215479999911e-01 2.012834846420000109e-05
1.401550853639999926e-17 2.754329247520000070e-05 3.513192165199999772e-01 4.863574304059999893e-18 2.020307936250000050e-63 2.458144748870000040e-21 3.984556870200000305e-61 5.902455076920000410e-20 6.421966406449999830e-43 6.486532401869999909e-01
3.275098703860000031e-59 1.776272425319999901e-45 1.584532674169999903e-31 1.000000000000000000e+00 3.285078850010000154e-18 1.173959219690000063e-58 3.940396526850000359e-40 4.627295375909999882e-60 3.012850702349999904e-21 3.969566936880000012e-25
8.572127679010000485e-04 5.648445106650000306e-06 8.652715548600000556e-03 4.251086265610000137e-01 4.668457395360000070e-10 5.653757962109999813e-01 6.976483818920000337e-21 1.339142413089999924e-33 1.102232780390000032e-27 1.675000237520000026e-19
1.437480870710000006e-40 5.535951954480000375e-47 7.672294332989999975e-24 1.928519471989999978e-22 1.130296082049999910e-06 2.480884267700000090e-01 6.444209395379999795e-03 4.317686119870000061e-01 3.136976215519999833e-01 1.623743929590000078e-19
3.373794000940000259e-01 1.374964556879999937e-25 6.624949648300000327e-01 3.225482125560000181e-44 1.008806258890000057e-74 1.869428459009999898e-19 9.223640015959999299e-74 6.579809451159999734e-22 6.340229243529999669e-55 1.256350759489999907e-04
4.727743110440000123e-14 3.854128541469999947e-01 7.195546293669999498e-23 4.138843675790000037e-02 5.731813822189999463e-01 1.330979500710000004e-17 1.727836728959999903e-05 2.365639788500000052e-29 4.850830997519999982e-08 3.824100322270000166e-13
1.897193223590000126e-11 5.162226536410000208e-51 8.786447175010000339e-63 1.734735564659999933e-18 2.805603043430000031e-34 7.958263798469999583e-32 2.500124813060000117e-01 7.499875186750000200e-01 3.276191205100000155e-115 1.481326294789999962e-54
5.415745555969999625e-01 1.609524971290000119e-19 7.481082891270000329e-16 1.384524357099999917e-53 1.323208142259999938e-13 1.098728230510000103e-06 6.455535173720000229e-05 6.187524568470000392e-07 4.013980931519999795e-01 5.696107841820000073e-02
3.476500522770000212e-01 8.856245111449999668e-10 1.683173966969999935e-01 2.371964687639999868e-19 2.463700575339999912e-15 6.128540712150000077e-27 4.279271796130000364e-22 5.734061446089999948e-16 4.840128252170000089e-01 1.972492311479999934e-05
1.054039756660000021e-06 1.718089689579999874e-39 1.859552032190000051e-02 1.479236853509999933e-25 6.108169133990000253e-15 5.076211738189999600e-01 1.390488146689999941e-25 5.905215556030000213e-14 9.413843642439999326e-02 3.796438153949999728e-01
5.338442253979999608e-35 4.421583307840000199e-01 5.578416679730000549e-01 1.728751842579999971e-22 1.824302359680000029e-78 2.961068703910000160e-19 6.390659576920000016e-98 1.287977175369999991e-20 5.388969679819999979e-59 1.242363871080000004e-09
1.200302635790000008e-17 6.739708048510000271e-01 4.410651011519999947e-29 1.245351871579999936e-02 2.707403441369999886e-01 9.503536334500000671e-27 4.283521948949999686e-02 1.128071941669999980e-07 3.980672385970000396e-31 5.006680492699999910e-70
1.996915110720000053e-01 2.232658004610000047e-69 3.547658742039999842e-04 3.042977459379999869e-26 3.884615572480000000e-20 2.583180482090000209e-22 2.408385318870000020e-45 9.540400468750000166e-61 3.346696519259999989e-06 7.999503763580000371e-01
2.462888490119999885e-01 2.944487116510000117e-09 1.259635839760000001e-02 4.939126013189999997e-01 9.402695035340000433e-22 6.426073868479999641e-21 1.968908796799999926e-31 2.472021883269999998e-01 7.164590613019999720e-41 2.113607613060000109e-16
2.694702242219999908e-30 1.438380106669999992e-01 6.569956355990000009e-34 3.699812551839999824e-22 1.983328586850000019e-01 2.716782306040000154e-09 5.936900713910000515e-01 6.413905654090000519e-02 5.294294452169999812e-21 1.277308465010000040e-67
6.380472410630000368e-01 2.855204779239999907e-12 9.379110510769999309e-12 1.527958390590000105e-05 3.618984434909999770e-01 3.190800882809999873e-41 1.085612223379999941e-23 1.423124418279999895e-79 3.900875615179999787e-05 2.709414173990000128e-08
3.318933831060000263e-23 1.242892895380000074e-115 1.119847980350000079e-74 3.383428216959999711e-51 2.239793528279999946e-01 4.162777489410000079e-41 7.760206471710000553e-01 3.843690405349999993e-51 1.184582526830000013e-12 4.417557330429999934e-64
2.856084626620000178e-01 3.282883958640000176e-03 1.270966203839999920e-01 3.589007963780000133e-09 4.319363819890000323e-27 5.840120294060000550e-01 3.052163469299999958e-38 4.635460841940000054e-27 3.117937502819999932e-67 2.945559631519999862e-46
1.037835406209999918e-43 3.580214764130000126e-03 1.807799939340000092e-02 2.507726969519999817e-04 9.759945000390000383e-17 5.046599382690000191e-01 6.547246552250000487e-29 2.710350942570000018e-10 9.593548328819999360e-02 3.774955913179999789e-01
7.768055684240000193e-07 6.132116645769999645e-10 2.867764686609999836e-02 9.896494718159999714e-14 1.009434322960000044e-36 5.508498575850000467e-01 1.211507494929999998e-17 2.024321668579999799e-12 5.613623279420000159e-26 4.204717181279999938e-01
7.000292513969999650e-44 1.861892976590000082e-93 1.627462644529999966e-14 3.877845999769999885e-01 6.108920328310000203e-01 1.050196698530000102e-09 3.347428261639999942e-33 2.522343706940000196e-31 1.323366141649999972e-03 8.810654074050000213e-24
1.240957242130000065e-40 4.302057864620000084e-10 2.930352026270000021e-02 1.453489145040000059e-03 2.383743155850000105e-20 4.988983073370000243e-01 1.213532932180000052e-25 5.996679454240000112e-41 1.023942515849999985e-01 3.679504312390000087e-01
4.049525033549999931e-01 2.545969114520000180e-24 1.847546373960000026e-17 2.067746040779999782e-56 5.950465906759999646e-01 3.986147587750000232e-09 5.527238508370000169e-24 9.019836167090000036e-07 3.437206859719999937e-22 1.148489888920000015e-90
3.773194520699999779e-27 1.154255348530000098e-16 4.195026695180000063e-26 4.546528186560000398e-53 2.394911077640000160e-08 1.206445923669999948e-01 1.204435302129999996e-01 2.873791121170000129e-01 4.715327413539999735e-01 1.129003388610000045e-45
3.765827035440000147e-54 5.341209499649999931e-27 4.518162688179999626e-15 1.478788671700000100e-14 1.144570382889999978e-22 8.000016104329999989e-01 3.853538772130000054e-20 1.264582542279999889e-29 1.999970383449999889e-01 1.351222565719999908e-06
2.002632380830000058e-01 1.247593732349999892e-07 8.831114594549999623e-16 2.743247982409999859e-63 1.923928904430000080e-26 3.992152269259999775e-01 3.990152577180000049e-01 9.508902187149999496e-07 1.068769403430000078e-05 1.494513928599999894e-03
7.086254802639999782e-15 2.047832572720000022e-02 3.347731316670000123e-01 3.366062986109999972e-06 2.325176088520000150e-39 8.586214667909999305e-15 1.443485280420000066e-39 6.163663930890000403e-17 6.070111557749999819e-32 6.447451765430000092e-01
4.077208196379999983e-01 8.631463026609999540e-43 1.160205270920000066e-02 5.406307911840000369e-01 4.004633567660000060e-02 2.139661690469999898e-17 7.822157658660000456e-23 1.809835404560000010e-14 7.842404440330000042e-10 8.348924988960000422e-12
1.028097869939999937e-01 3.572987426630000112e-20 3.300330698400000064e-08 4.914412325810000184e-33 1.338642858070000014e-60 3.657913432209999871e-01 2.237081018510000104e-14 2.189077649690000099e-02 3.010833430369999890e-44 5.095080602849999529e-01
2.240807433249999913e-19 7.299628622820000245e-01 2.700371377179999755e-01 9.498148069470000423e-38 5.144757696600000226e-34 4.149888296389999940e-34 4.257512264929999909e-101 5.946412982579999939e-55 2.630770312229999808e-22 1.204405441389999916e-25
6.381727545049999950e-01 5.139984341930000259e-11 5.137438507040000010e-12 2.876437237089999943e-95 1.126574967130000072e-14 1.853836249199999897e-01 3.069009473120000263e-14 1.607547626830000131e-01 1.568885783569999928e-02 4.599587960069999580e-19
3.586731641500000012e-01 5.859667781880000259e-01 1.206968705009999973e-08 3.477357460660000101e-29 1.112186016900000072e-49 4.536075795150000077e-37 7.026585849259999992e-41 1.349477033459999958e-20 1.642047787379999934e-34 5.536004559269999681e-02
2.396423845400000030e-01 3.274162915170000306e-39 4.743505444030000073e-01 5.475788416789999658e-30 3.211827138929999944e-31 5.916543459630000433e-17 5.445468992180000290e-40 2.860070697559999875e-01 8.963422717600000016e-21 1.300692300930000085e-09
2.882038840419999803e-01 2.224624928659999858e-42 2.295400285180000005e-33 2.726154765339999786e-01 4.391806247919999850e-01 5.604108379440000102e-86 1.246220467070000052e-08 2.426209426559999991e-74 2.152583528210000007e-09 1.744721324649999909e-11
6.001194479039999585e-01 1.107218172229999980e-67 1.000391630309999964e-21 1.664679141310000123e-04 3.531280243839999984e-31 4.487314989409999838e-44 7.524970809580000312e-27 1.002343560230000034e-51 1.542403079460000041e-40 3.997140841819999957e-01
8.831294584319999974e-02 5.248495068499999805e-01 5.617795001990000535e-32 2.009737574600000114e-04 2.411501134090000036e-31 3.314063701480000071e-41 3.866306123889999835e-01 1.267519974880000121e-29 1.159023820030000042e-47 5.961160279549999884e-06
5.001021055150000061e-01 4.938434871580000172e-40 4.318042954609999837e-06 3.125132320479999902e-26 2.804747644789999999e-11 4.998935764140000071e-01 3.112921775269999806e-37 7.451913295019999903e-14 2.454122528490000005e-27 5.054974160509999859e-34
1.078038253400000003e-70 3.117633439949999875e-45 2.912904396370000191e-43 3.999353535829999751e-01 9.672786254799999323e-13 9.788387548859999729e-11 5.999731025529999595e-01 9.154376519419999618e-05 8.448690892349999304e-21 5.833168950459999528e-26
3.334184166959999751e-01 6.408908405240000361e-32 5.563639397580000285e-27 2.320335263290000145e-28 6.889924847240000407e-20 6.665811984199999651e-01 3.098415099530000295e-11 3.848524549519999864e-07 4.421489341809999890e-65 2.606921866279999908e-54
1.457223125580000134e-11 5.100367763470000280e-08 5.039017878049999725e-07 5.716304477320000021e-01 1.501789856500000111e-04 4.282188183560000083e-01 2.993455089340000042e-18 5.532003076929999993e-13 1.072624957269999989e-14 5.687028298760000201e-12
4.295573506629999914e-11 7.041317954330000588e-08 6.492476873999999745e-08 5.716635996409999976e-01 9.794287029910000357e-05 4.282383220900000120e-01 8.286698942130000314e-19 7.692335145860000345e-15 4.941443074219999900e-15 1.769135529359999977e-11
2.999684461850000103e-79 1.816909289919999931e-18 6.510483742670000289e-24 1.051424001719999946e-01 1.525295345750000044e-15 6.798400088680000425e-03 5.628849786729999728e-03 6.942541678470000033e-01 1.881761820570000132e-01 4.761304688899999913e-11
1.316658714369999963e-22 2.426874701729999825e-10 2.960842571469999851e-01 2.504238422080000137e-01 1.411186931409999925e-14 1.359883820000000000e-18 7.736690573950000652e-27 1.352779447490000120e-01 8.786161950940000830e-06 3.182051694920000062e-01
4.073915714599999904e-01 5.848566489630000144e-24 1.872915535720000091e-23 9.484253745350000597e-02 2.952449106450000249e-01 1.781990967420000071e-58 5.205524626190000170e-14 1.147342640159999973e-110 4.745197904460000254e-02 1.550690013970000003e-01
9.609972925830000161e-42 1.183881530730000048e-01 2.280662557170000054e-35 1.513274114110000094e-03 7.629314041279999792e-01 1.800828592460000111e-30 1.171650139790000045e-01 2.154705875070000200e-06 6.010254607809999623e-13 2.288835037050000071e-29
4.868407260770000189e-01 1.600802854480000068e-04 1.997499869469999885e-26 1.221713493040000061e-51 1.273450439979999943e-04 4.934808223230000013e-01 1.939102624320000051e-02 2.728407642919999841e-11 5.199082736280000397e-22 1.827194472250000037e-63
4.934717726429999915e-58 1.173656292029999894e-28 1.121648340220000003e-51 1.179448750019999935e-16 4.541324860730000223e-20 1.221627196089999941e-52 3.604933203260000107e-01 1.035796363529999959e-15 5.864387312219999648e-01 5.306794845210000000e-02
1.440647854300000001e-10 1.407404369500000044e-17 5.871613203950000193e-01 2.371234646599999898e-32 4.180798767050000272e-42 1.599820651179999957e-04 1.793596281290000131e-35 4.126786973950000159e-01 3.279718702160000051e-33 4.217983148980000098e-22
8.133778690530000244e-01 2.480008360219999983e-41 1.080957410489999936e-31 4.597782995420000086e-23 1.865901648349999886e-01 1.606902715900000087e-53 3.196609634189999854e-05 1.611314399810000049e-11 6.168699866050000194e-18 4.290891454919999837e-54
4.993583505879999524e-16 1.261674942420000067e-03 3.503286472550000141e-01 1.418427945839999880e-16 2.547236967200000016e-51 2.302581350589999987e-19 2.675876643660000192e-57 3.725163082580000256e-20 9.430614674210000198e-40 6.484096778029999619e-01
3.292860809349999951e-74 2.267069165099999941e-23 1.496869474220000050e-61 3.492721006889999980e-01 5.759129510410000430e-01 7.639734186409999640e-59 6.734029514440000030e-02 9.247196408860000244e-38 7.474653125919999627e-03 4.746378515979999931e-27
4.729184145410000234e-24 1.906829070979999998e-30 1.126984083040000004e-79 1.999606691520000035e-01 1.405202309179999940e-43 4.875527085710000016e-143 8.000393307430000434e-01 2.104831335769999996e-54 7.758933507069999647e-59 1.056272412169999947e-10
1.799209580740000188e-43 4.621778793489999832e-94 3.719340737860000295e-15 3.878164055839999902e-01 6.094403734609999956e-01 6.692348583270000302e-10 8.992658590890000508e-33 3.958724477920000111e-32 2.743220286390000030e-03 1.638629923949999956e-24
2.730229087920000035e-10 8.543053220800000134e-05 6.529991119109999919e-18 5.378977594339999954e-34 2.165668012670000145e-14 3.073248388040000223e-01 2.999069315210000086e-01 3.238769265900000356e-27 3.429657369820000024e-01 4.971706188720000086e-02
2.855945829559999871e-01 3.377253441829999869e-03 1.270560309490000039e-01 1.084699145310000001e-09 1.043384821390000004e-26 5.839721315679999858e-01 4.122956428560000224e-39 7.567795612619999790e-27 1.795689273910000021e-67 4.486628145230000193e-47
1.085581481230000011e-18 6.558141544860000005e-01 5.852510898619999596e-03 1.395568382209999933e-24 3.267678984589999765e-17 1.321299686239999979e-02 1.909606490560000057e-28 3.882985297310000390e-43 3.251203377529999772e-01 6.104944477020000366e-16
2.046545794380000005e-01 2.380608137529999938e-24 4.043723921760000173e-01 3.829112342730000007e-01 8.061794112720000599e-03 8.437771466609999622e-20 3.365755647190000064e-47 8.010269477939999872e-79 6.540407295620000304e-15 8.515803855970000300e-13
5.680658595349999895e-12 4.947731378279999689e-03 3.538149554180000211e-18 1.100433865200000046e-27 3.063965170700000083e-93 2.093176767569999982e-15 5.945631914440000104e-22 3.964280005449999922e-01 4.261457381379999852e-90 5.986242680709999986e-01
5.069037338849999783e-51 1.880385322010000027e-01 8.357039098590000475e-28 1.034457781960000046e-11 1.110463023010000006e-16 5.852327249799999877e-24 3.849756120509999731e-15 9.333615122699999934e-38 6.228326623829999464e-01 1.891288054059999946e-01
1.632614851670000025e-38 3.994476743660000102e-10 1.140789035230000067e-05 2.501684210599999791e-01 1.573609672560000144e-23 1.294154775589999987e-21 2.129359455030000029e-44 6.590627978230000412e-45 4.410268034020000298e-11 7.498201706060000360e-01
1.640127784550000097e-08 1.268103612389999933e-25 1.646237597939999853e-23 5.005468020559999953e-01 9.873188224210000404e-27 5.105887857719999749e-45 1.842577317029999897e-25 3.865948821880000059e-53 2.615059415719999931e-45 4.994531815420000243e-01
1.615733616319999996e-27 5.263350572760000512e-01 1.072534979500000014e-29 5.759234633400000303e-10 1.558154314440000077e-01 1.881717978080000138e-05 3.178306935160000180e-01 1.457977691329999937e-23 8.119271581310000786e-12 3.019945721619999875e-36
6.072987264740000064e-03 5.095558020939999766e-01 2.871611736579999849e-05 4.803628857949999738e-23 4.842013098940000093e-01 1.411846297919999997e-04 2.766182411379999951e-21 7.648048872699999813e-15 5.305552257240000290e-21 1.009639212970000086e-86
9.271466699859999517e-14 2.835169596930000025e-45 2.886178896009999884e-01 6.663528382319999616e-15 5.753832899150000063e-19 2.915531436629999918e-22 8.305100281949999451e-55 1.247990746629999935e-71 7.862262666699999791e-02 6.327594837319999721e-01
2.720371281090000079e-66 8.434209863370000193e-79 3.827369582539999916e-03 1.610069230110000048e-05 4.964668221359999943e-15 1.971289065559999887e-01 4.264393253610000217e-50 2.587956504369999794e-16 7.990272675309999517e-01 3.556375738359999833e-07
6.001705594070000371e-01 3.657323666699999770e-13 1.723206211730000065e-11 4.566985668710000214e-54 3.184349465410000191e-01 8.139449403409999839e-02 1.121439049340000018e-33 5.688496030829999870e-26 4.503940361789999615e-19 4.238402412739999760e-72
1.827923886860000044e-28 7.940447363150000088e-04 1.070544724979999945e-56 9.135823570449999654e-34 7.601967355809999940e-57 3.604528345860000178e-58 3.995273854420000048e-01 1.133721852580000059e-36 1.079014862560000050e-33 5.996785698219999627e-01
2.224042669119999966e-37 1.705569457159999898e-39 7.269339224459999728e-03 2.870397515290000078e-13 1.739253102390000096e-17 3.259707689799999919e-01 8.281799735929999545e-49 1.097504847170000023e-42 5.534126946430000249e-01 1.133471971529999983e-01
1.028647213630000049e-51 1.296669148469999971e-08 5.773554957540000254e-01 3.092693513100000043e-18 3.220399812410000167e-13 1.603419624559999923e-02 1.599280377480000014e-46 4.060011759520000263e-01 6.091190813179999481e-04 1.381222085950000037e-28
1.639805834980000085e-15 8.283111637929999351e-09 5.785473531310000306e-01 8.186222206269999848e-11 4.319363737220000104e-41 3.950687080750000201e-26 1.528164200230000112e-41 3.924452679720000225e-01 1.063476834999999965e-30 2.900737053150000133e-02
1.729817576480000012e-31 1.152779722449999988e-01 2.476954915769999910e-35 3.674529797850000179e-23 2.221384767779999991e-01 5.834221253410000300e-10 5.748454094420000215e-01 8.773814095140000657e-02 5.119393479569999801e-22 4.278653460969999786e-67
9.537380956859999935e-44 2.692740224360000122e-08 1.437132748620000118e-19 4.319889250560000065e-17 3.151041561250000258e-39 4.407503738549999883e-01 3.213307962809999871e-12 2.377390979600000065e-01 5.708569677460000418e-23 3.215105012550000252e-01
1.972615675880000086e-01 7.996663578629999991e-01 7.288348846329999893e-35 3.072074523260000158e-03 1.285274062970000064e-11 7.589718616040000345e-34 1.283313820499999959e-11 3.936798763250000224e-43 2.032514307339999931e-73 1.035348282900000020e-66
4.971168062909999945e-27 3.760811097030000022e-02 2.667848384809999828e-12 1.009214936189999960e-40 2.901415371579999954e-87 4.708030530239999956e-01 9.693078450719999398e-41 4.915888331809999956e-01 2.674544238160000111e-67 2.822116439110000017e-09
3.216569950629999952e-01 5.843194679569999903e-06 5.583852515920000422e-06 4.416925257139999728e-01 7.500810062309999357e-33 5.878654663079999809e-25 3.657542400549999895e-38 4.163333941410000179e-23 1.176538526599999924e-49 2.366390521760000087e-01
2.011486760839999923e-21 3.211710858830000132e-24 3.445088383089999738e-54 5.994543319799999770e-01 9.481279384109999459e-04 1.365872694300000014e-104 3.995975400799999799e-01 3.153277003700000117e-58 1.517216366200000076e-12 1.560141106340000099e-16
8.098440790129999597e-26 5.999531567379999819e-01 1.735192051479999928e-35 9.388675240330000045e-67 2.083097061179999912e-31 1.003512101059999965e-04 9.013729136080000207e-08 3.999464019150000271e-01 1.791468084729999973e-31 5.068178772459999974e-37
2.248095169360000133e-79 5.561711816100000094e-01 2.835426717480000130e-31 7.418015423550000403e-53 1.426395671180000008e-08 7.460802866379999962e-05 2.911598645179999902e-14 3.347181781129999756e-01 1.090360179849999972e-01 4.188869794070000015e-87
7.537222586489999933e-24 1.880492274059999969e-01 2.410853776300000109e-30 2.335779869000000125e-14 4.192337832520000184e-16 1.524824479259999921e-66 2.681833533330000189e-15 3.757462130589999978e-69 1.890188830370000128e-01 6.229318895569999626e-01
1.217891116940000053e-09 1.765590572730000153e-36 4.736000739249999758e-01 5.004804671629999868e-01 2.591945735189999864e-02 1.059939029910000042e-16 3.920562666010000208e-42 1.983455409659999806e-37 3.425888939860000176e-10 2.168071716020000012e-32
8.261865970220000355e-01 2.497474924609999951e-41 9.609302671600000363e-43 7.368997399889999872e-05 2.225991748969999989e-02 1.158367076969999927e-77 1.402191717419999928e-01 1.822201880469999981e-82 1.499743185870000088e-10 1.126062362240000045e-02
8.130592411970000155e-01 1.920782577399999981e-39 7.266720089149999607e-40 4.919281346989999969e-81 1.784782126059999974e-01 1.118017359279999979e-06 8.461301683589999775e-03 1.264963265439999898e-07 4.528561003579999943e-18 2.473316170790000221e-59
6.322617616339999691e-37 1.268209727609999991e-56 3.499621786340000234e-47 1.209704117269999965e-23 8.575119622920000487e-81 3.509791263920000075e-80 3.188355617650000094e-41 7.583970772300000627e-55 3.605140762589999937e-58 1.000000000000000000e+00
8.518307193449999430e-14 2.684332067620000113e-12 1.959388205610000039e-24 5.713426195980000344e-01 2.444582414480000063e-36 1.202867290860000061e-23 6.238945818400000627e-05 4.285949909210000075e-01 1.534494311169999915e-51 1.971182764479999924e-11
1.208291281769999954e-18 8.823727921979999825e-10 4.101509171760000109e-09 7.514213726770000434e-01 2.857086011140000114e-27 4.816924489190000078e-30 2.686503415109999945e-56 2.953711003010000144e-88 1.891873147920000075e-31 2.485786223389999938e-01
2.448255459679999912e-01 8.171343307120000019e-12 1.155917762919999973e-02 1.696951828849999848e-55 9.368559416319999949e-05 1.358504650760000015e-02 5.565525244630000296e-25 2.413294504640000060e-01 4.886070938279999942e-01 2.270012639819999963e-39
2.936152489870000054e-09 1.536323652150000081e-13 5.768053723660000465e-01 2.476753284470000041e-27 3.315289030599999790e-31 1.777402387600000161e-02 2.493975617869999869e-30 4.054206008219999879e-01 8.311920964640000808e-31 2.173312509239999920e-29
3.172298532590000031e-46 1.640756714350000102e-04 4.836153739990000089e-01 5.161658698129999445e-01 2.234299237070000033e-24 1.227725322940000016e-14 4.743179860680000129e-36 1.050875912970000026e-05 3.801117662189999895e-06 4.037063946630000213e-05
3.163512828699999863e-02 8.022495830479999773e-07 2.704066056939999907e-01 9.400974083100000154e-12 6.979574637300000051e-01 1.134899687350000097e-40 1.811526649929999878e-51 4.643372650120000277e-68 3.004073264360000191e-11 6.799377172359999653e-37
5.612210880549999801e-61 7.999878316249999788e-01 3.346320077229999851e-20 8.020549054590000052e-24 4.981798710530000192e-15 7.787392669719999905e-20 2.581120428439999931e-17 2.000114157189999964e-01 7.526564112629999931e-07 1.504195511420000072e-58
4.999959036680000080e-01 2.503953306189999894e-01 8.631135506379999723e-20 5.683964884600000294e-39 1.363607209299999977e-61 1.155940307920000044e-41 9.966321866800000014e-25 4.139641191580000313e-11 6.682721655020000000e-49 2.496087656709999880e-01
1.290457572360000029e-16 3.180043237240000260e-05 3.513157900989999916e-01 4.289155917080000073e-18 2.869355515709999978e-63 2.127694839289999868e-20 1.544280683689999957e-61 2.382754325820000134e-20 1.335551226649999967e-42 6.486524094690000464e-01
7.565946264320000177e-09 1.507797850949999991e-06 1.552351622460000093e-19 2.618588376619999936e-02 4.969634158140000103e-21 4.787139922640000211e-01 4.715902988260000095e-01 2.350830894170000129e-02 5.577852027739999888e-48 8.383662570070000419e-10
1.991620518130000073e-01 5.280755624130000096e-09 9.105279177719999501e-04 2.799087728450000080e-27 4.893288472509999720e-81 6.503905226000000363e-20 2.111304881509999893e-49 4.151795350199999799e-07 3.649166978909999928e-68 7.999269998079999722e-01
3.255179266980000071e-28 2.711331708660000211e-31 2.660807483370000209e-22 1.928218176720000023e-51 9.999999999959999775e-01 2.359076090260000077e-20 7.697532012269999571e-48 1.711105800680000019e-42 3.553581119280000155e-12 1.385107620079999995e-100
1.961325165440000115e-02 4.703609437159999668e-19 2.550401385450000038e-14 3.325662003649999792e-20 1.848787832949999992e-15 6.163214688760000228e-27 4.216912592889999756e-01 2.238344329330000053e-24 2.804005068059999828e-01 2.782949822510000226e-01
9.162229141009999701e-14 1.078226218700000025e-06 8.489422230029999931e-30 7.772324609359999759e-12 5.628168625660000535e-01 1.956703161339999918e-26 3.534810406519999781e-01 8.370101854809999797e-02 5.054685120479999984e-20 7.156042125780000599e-33
3.729842404549999897e-67 5.052033786569999965e-57 3.097913135249999894e-60 2.314349198270000008e-21 1.445883927229999975e-57 2.613402939139999935e-30 2.499458732729999966e-01 7.499789969879999685e-01 7.907068586899999435e-33 7.512973834099999837e-05
2.628221508609999979e-02 2.228019032309999903e-34 1.551981075500000118e-19 1.734771369590000148e-05 4.240851342470000071e-07 6.135292667139999878e-01 3.601707464009999971e-01 9.250372008170000182e-17 1.064991123639999892e-25 1.695360575319999919e-17
5.999875681449999831e-01 4.000124308140000084e-01 7.610743676699999825e-22 1.041396404610000010e-09 6.899487755009999739e-28 9.560227915099999824e-53 3.936804971630000047e-26 2.833582858489999767e-35 8.020122543400000057e-51 8.365597109739999295e-18
3.660005907899999956e-112 3.396125699049999869e-15 9.549329196309999919e-51 1.224397350889999962e-29 5.291043311370000239e-22 2.648912053099999902e-19 6.000013167969999728e-01 4.337692588330000010e-07 3.999982494339999750e-01 4.229643278979999856e-23
2.188740453920000059e-103 2.951552907019999727e-01 9.686606473980000169e-14 6.584818718849999586e-01 6.995396954269999659e-28 1.096603657619999963e-04 1.742002433890000117e-11 4.166067275939999703e-02 3.266208957079999933e-03 1.326295312509999987e-03
3.272620842560000076e-01 1.468935945519999897e-01 5.284667714319999731e-13 6.264031394010000087e-02 6.715934499440000260e-02 6.675404373810000158e-18 3.180576286760000149e-01 8.937766619750000344e-57 7.793652500089999491e-02 5.050857966460000286e-05
6.665846824940000470e-01 5.955464340149999977e-19 2.916181646819999960e-18 7.872772167940000016e-28 5.924328017259999922e-73 7.980072031160000308e-04 1.203527115310000000e-19 3.326173103030000133e-01 8.531151957890000183e-132 3.154740304860000154e-22
2.914722637639999836e-01 1.479532272100000101e-01 5.118721258930000218e-20 1.465237937479999973e-03 2.563109559589999975e-01 2.312128013429999881e-15 3.027983150349999875e-01 1.549205499409999902e-19 7.755295862599999611e-14 9.467090128130000016e-11
