3.878383641379999659e-43 1.439945114449999905e-26 4.298039055829999758e-28 3.856047461100000073e-01 3.047004744629999770e-20 6.975735324640000351e-10 2.329928912900000149e-24 4.657180872870000209e-43 2.973727217339999923e-35 6.143952531919999460e-01
1.281503042780000046e-01 3.456462527879999858e-01 3.866116260079999756e-01 4.638192059150000226e-06 2.663274272750000225e-38 1.395832388869999996e-01 1.206043214189999983e-60 2.074608553430000078e-19 3.939847227389999656e-06 3.937148054180000217e-48
3.786560964899999826e-01 1.151433379799999962e-01 6.542830224639999476e-11 2.705108231750000258e-01 1.705030870510000074e-01 2.898611341639999867e-02 1.492921721900000028e-11 1.336744015029999996e-14 3.779714521759999885e-09 3.620053802710000018e-02
8.747950104440000303e-28 2.889772827109999891e-18 2.104314586509999901e-06 3.542260878640000055e-01 2.112308159709999807e-03 4.340754803640000209e-12 6.117380586659999508e-01 4.407926438179999846e-16 3.106686691379999948e-02 8.545740771939999789e-04
2.692862710430000139e-01 1.782590218059999846e-11 8.511545679569999800e-02 5.458155208799999603e-01 1.493213759750000131e-54 1.110916631910000068e-17 9.528668902320000451e-63 1.567187097140000028e-22 9.978275126339999912e-02 1.146608003120000012e-58
2.818388068540000205e-63 2.509516785070000158e-03 1.931702822610000100e-09 2.224931417859999944e-03 4.955489432160000152e-01 7.165007772510000126e-04 6.073461388670000315e-03 2.385785186560000139e-47 4.929266444839999761e-01 7.092649659899999900e-15
1.693539928469999952e-16 7.134903052590000640e-24 1.092367496830000024e-17 1.933434286739999972e-32 1.317542675490000030e-07 1.253050554140000010e-18 5.678130856940000193e-01 4.271552257169999867e-01 4.712605900410000310e-25 5.031556834120000030e-03
3.630605989340000006e-01 4.164616509850000041e-30 4.577238111310000246e-01 9.454356220090000053e-28 2.186393311609999978e-33 3.212523774090000097e-41 8.106190554180000405e-41 1.791783537240000113e-01 3.723621078890000039e-05 1.841033768890000052e-71
9.199960344759999464e-79 4.470831576889999744e-107 3.201667291559999740e-01 6.585342363439999902e-01 1.460169018679999919e-07 1.381144020499999883e-66 2.910142003560000139e-36 5.473886455949999785e-20 2.129888848319999931e-02 1.520677438649999977e-50
3.902005954989999914e-01 1.015379569429999962e-01 5.964126151320000111e-10 2.821461994209999991e-01 2.975289502950000109e-02 4.310221451520000052e-02 2.231514667959999869e-07 1.244670265870000071e-11 7.279185732689999634e-07 1.532591869130000006e-01
2.370258357099999935e-01 7.570021688760000501e-35 2.179501735070000157e-21 2.445474070109999867e-27 1.526400287190000039e-22 1.335602324460000015e-69 6.348409276439999866e-12 1.558405929309999993e-01 6.071335713529999456e-01 5.172241456209999905e-48
1.445151236970000086e-01 1.027123143349999964e-66 2.211770544309999853e-36 2.596031759989999880e-18 7.081537696290000103e-05 4.603380165839999775e-128 7.940287712740000392e-02 1.353326628949999983e-05 7.759976505319999829e-01 4.379802062600000102e-26
4.276900616159999835e-01 2.853159840850000054e-10 5.714316549260000100e-01 8.782655060889999529e-04 3.689644894280000073e-81 1.489177962190000047e-10 1.324249194069999979e-104 5.675187648089999674e-28 1.751798858360000096e-08 5.065785269610000013e-71
2.345495775949999861e-20 2.573280198719999968e-17 2.500716002610000044e-01 4.443521120389999943e-09 9.253260631589999138e-62 7.499283952959999722e-01 9.363142028679999714e-94 5.512956868250000200e-25 6.651987079280000330e-31 9.550519499159999888e-39
9.094290791250000603e-19 3.204520861919999963e-01 1.662673428999999991e-10 3.491302499079999851e-27 9.585884215660000317e-22 8.358166198709999449e-18 1.156419834749999976e-09 9.022557051960000102e-21 6.795479124850000163e-01 7.908863428230000435e-45
3.684554556729999890e-80 5.304791021500000253e-16 1.264364307030000105e-31 5.470979794400000484e-01 1.934325773890000020e-05 2.416316747449999969e-01 2.368649831670000036e-22 1.485418585960000075e-75 1.455109005450000094e-34 2.112510025569999950e-01
1.681078275639999895e-10 4.496610088329999950e-04 4.317222494410000166e-01 1.708330141939999951e-11 2.941237325130000164e-09 1.898090219460000019e-02 5.485871653060000463e-01 2.563846897300000195e-04 2.246834627730000005e-07 3.409550028819999815e-06
4.738269839200000190e-16 1.863478814249999888e-17 4.987345949109999732e-01 1.975191834430000196e-03 1.417968181079999979e-38 4.992902132550000038e-01 3.015560071629999767e-98 8.714962503969999499e-23 1.359586442600000026e-29 1.120636823659999963e-37
3.987589603800000271e-01 1.218889087220000060e-08 4.102554015319999811e-14 5.937534832969999787e-02 1.397137141880000005e-77 7.332566683589999486e-26 8.041981808150000255e-64 1.615213830670000084e-39 5.418656791010000306e-01 2.448941778540000139e-68
5.634156373269999518e-01 9.076161873970000634e-06 1.390899248870000084e-02 1.154626386229999912e-12 6.126741596370000219e-41 4.195261146150000009e-01 4.392629993279999960e-29 3.140179406009999813e-03 7.709791689839999975e-18 1.233951017120000020e-14
6.863721850439999383e-02 4.273739350229999734e-01 3.922724894890000324e-15 1.853465479750000030e-03 4.369625484690000117e-01 3.161775198510000107e-02 1.093354964640000053e-14 5.910189700390000016e-17 2.069707327289999891e-13 3.355508053839999921e-02
3.842095047360000241e-29 4.907739484670000096e-01 3.470419486270000129e-39 2.144726566080000001e-29 3.254720832309999999e-19 1.982994417960000019e-02 3.043041333180000169e-05 1.867205370589999966e-34 8.771013498060000315e-38 4.893656769399999940e-01
2.050880100150000122e-29 1.770283533910000000e-18 3.303608828110000117e-01 1.234427812800000049e-27 9.041611239199999484e-02 1.773293098979999982e-01 4.563482787339999956e-20 4.018936948979999757e-01 3.294138995759999989e-34 5.897972929500000496e-13
5.978703365190000119e-01 2.759247269259999870e-53 9.408353560539999678e-24 2.615467824370000249e-01 3.242907648380000118e-02 6.000152645540000379e-42 5.215961986000000131e-20 9.703272200630000399e-02 8.679439345539999562e-19 1.112108255350000019e-02
3.176558185009999979e-01 1.577900500430000075e-01 9.502972153060000176e-09 3.149678236930000264e-01 4.929268961129999738e-02 1.837226485280000002e-02 1.386379235320000006e-04 1.582950816280000015e-05 1.727005843309999852e-05 1.417496063060000033e-01
7.376040532240000488e-21 8.728237944889999739e-17 1.831755657820000049e-01 4.365750297070000052e-41 3.347335893830000186e-01 3.349710355270000273e-01 1.698319134210000133e-23 1.471198093080000047e-01 4.781277443429999890e-39 1.500948340099999991e-18
1.769756392219999987e-32 4.830810805920000006e-01 7.263494453170000182e-17 4.270403342360000232e-29 1.515269344280000031e-31 2.435437639449999787e-16 2.065465580139999938e-02 7.507348463019999700e-31 4.962642636069999891e-01 5.005865828599999980e-33
3.601391838590000218e-31 4.124360263130000274e-15 4.997622586110000137e-30 2.787076738119999910e-18 3.553311141079999791e-29 1.427242030119999904e-35 6.025078456360000168e-01 6.635923009590000008e-33 3.974921543639999832e-01 3.897502301279999973e-24
2.107326606069999941e-01 7.891860320379999738e-01 4.376660555919999941e-12 7.851875170839999718e-28 2.563445712600000238e-41 2.389710564799999927e-15 1.847866073069999909e-56 2.875719328789999871e-27 8.130735059050000341e-05 1.624652460489999969e-78
1.747204193610000025e-03 4.973774882340000203e-01 2.480812892170000117e-01 2.320515441749999868e-11 4.021693513220000226e-23 2.527940160559999927e-01 5.311945766330000195e-51 2.557678671899999979e-18 2.276576840639999976e-09 4.170138601350000204e-42
4.063954778269999735e-01 5.107026964039999823e-34 2.168271962040000127e-52 8.196988884330000391e-02 8.491433677289999390e-21 1.402383147870000038e-75 2.346614895270000065e-11 1.195825798130000010e-32 5.116346333060000084e-01 6.824295779740000195e-19
8.842199751109999903e-15 1.039403383099999973e-22 3.234448280889999819e-15 7.440420489730000443e-29 3.239715215869999936e-07 1.221042355910000000e-16 5.679178569999999704e-01 4.272006819070000017e-01 3.160251046929999839e-24 4.881137121590000023e-03
1.806163547240000056e-02 4.741179824869999893e-01 2.298653241120000024e-01 2.285630563350000122e-12 3.121009216819999838e-67 2.779550493619999951e-01 7.583355583970000500e-57 2.429393731910000149e-19 8.564062346120000791e-09 1.202574902279999972e-45
3.822201474660000004e-23 4.878394413129999996e-01 1.573486595250000039e-43 1.302201171750000080e-30 3.978865961079999787e-20 2.415616102339999960e-02 1.027184287230000008e-04 3.023833820940000116e-38 7.990366618170000398e-39 4.879016792349999965e-01
6.833022234089999591e-29 7.573722698940000370e-18 4.799183422759999984e-01 7.658888672990000322e-13 1.083618790000000047e-02 2.252396546289999954e-02 4.243499240119999807e-03 1.497906607489999894e-04 2.861037167139999933e-15 4.823282144589999820e-01
6.588578423590000233e-01 1.090477367749999996e-28 3.411421502609999767e-01 6.096660536560000102e-09 2.734676014780000193e-34 1.878176839139999953e-14 6.103719445049999764e-80 1.283135393820000011e-09 3.095471619809999933e-25 2.268948932889999918e-35
3.843650793760000073e-01 1.171514269689999943e-01 9.331759294540000627e-09 2.873945990680000229e-01 2.816691973980000110e-02 2.450681217640000159e-02 1.201055065889999886e-07 9.103126707710000159e-11 4.702477175720000347e-09 1.584150284399999942e-01
2.568644479109999934e-01 4.285493450980000230e-01 1.486161000720000006e-32 5.795229583909999877e-09 1.322789729149999871e-01 3.476666474560000054e-19 1.814781293820000030e-01 5.660589352409999913e-29 8.288899821270000320e-04 2.089181605800000036e-07
4.754805079200000173e-01 4.203638106549999659e-24 5.054670821929999823e-06 1.310890206590000046e-44 4.125037955529999765e-54 1.852172138770000081e-51 3.022012531799999900e-40 1.500652334610000083e-01 3.744492039480000201e-01 1.016403255119999946e-113
7.904275972759999824e-03 3.681774431819999881e-37 2.425809370279999818e-10 9.398691690999999224e-03 8.912336532380000461e-22 2.975317373269999901e-13 7.130720199239999894e-38 4.727564391249999831e-01 1.080612598870000026e-33 5.099405929689999617e-01
6.476954933730000308e-01 2.115360618580000087e-49 6.000310997939999659e-13 7.640292828060000013e-17 1.746893388549999934e-23 7.776739249340000195e-25 6.531555772819999932e-70 3.523045066259999913e-01 7.913629282789999869e-48 8.711734332829999687e-25
1.212227113610000045e-01 3.548113068709999873e-01 3.932816078240000124e-01 5.541946959829999887e-09 3.262241317829999936e-43 1.306829188320000057e-01 2.215785205219999833e-61 1.118898760350000003e-20 1.449569011840000021e-06 5.449593474219999812e-52
3.117036088949999769e-07 2.879510050990000015e-17 1.364538010890000066e-07 1.170665513229999944e-17 1.610532195399999866e-01 6.444475473849999858e-01 6.000547978629999707e-40 1.944987723280000025e-01 2.167645011590000057e-45 1.258968786210000081e-08
3.736289906649999713e-33 5.765159964090000334e-31 5.002823241480000016e-01 1.412107499019999921e-03 1.010583493650000013e-06 5.291727941910000073e-12 3.705426299649999962e-05 1.587537703019999968e-01 1.057193305529999974e-11 3.395137331890000221e-01
2.420489731600000034e-55 1.957558370919999909e-17 4.956473519449999809e-01 2.893216126929999965e-01 1.323875032269999971e-17 2.142514002139999929e-01 2.927315142740000262e-04 1.047190936970000012e-19 8.503491813590000287e-05 4.018687165250000269e-04
8.051460769109999523e-32 4.865690166339999845e-01 2.625910055620000060e-17 6.385399770890000456e-30 2.548456361879999820e-35 1.368429380110000091e-15 2.546191900680000106e-02 2.370944901250000073e-31 4.879690643590000043e-01 8.839122710840000585e-34
3.091358918000000067e-01 3.852270406220000276e-01 3.352619646020000165e-32 1.066337710419999999e-07 1.137463605480000008e-02 4.991401235270000180e-18 2.745226122050000162e-01 2.798731266920000097e-27 1.973970396079999939e-02 8.723054434299999223e-09
3.197244521119999683e-05 3.211741521620000139e-55 7.553535412850000441e-25 6.807910415669999510e-13 7.780652728420000414e-03 3.280572873530000176e-84 2.125980021209999959e-02 6.587124107220000413e-01 3.122151638910000138e-01 1.894797957810000087e-20
4.709474860769999882e-01 2.063908221599999870e-01 3.461035007589999829e-29 3.403060456100000068e-03 8.772167164879999510e-36 8.695257769840000143e-18 1.115907867809999982e-01 1.919438271070000081e-28 2.076581752209999965e-01 9.669304546870000332e-06
2.979284284660000024e-05 3.957853630929999965e-10 3.373404365559999896e-01 1.656286604869999961e-07 2.272739385910000003e-15 7.257627772889999987e-09 3.356935184700000074e-01 1.652394570709999899e-01 1.616538996299999864e-01 4.272214765000000285e-05
3.459945545459999871e-28 1.168424169830000031e-42 1.522099413079999930e-27 5.769053042570000400e-01 1.135258720679999944e-01 8.497467206969999753e-23 1.798122679919999897e-25 4.376695255400000119e-27 5.921227943609999798e-34 3.095688236749999933e-01
6.504182403360000406e-17 1.181271786539999929e-62 3.114011130499999968e-27 1.651341709299999905e-01 2.040183708999999969e-11 1.383536283850000024e-35 1.944610221639999961e-29 4.724055588400000016e-13 2.439858857869999829e-33 8.348658290489999745e-01
7.400671745109999992e-28 9.060137134800000055e-17 1.582348725990000019e-03 5.990359240960000387e-01 2.067124335760000061e-53 3.993817271780000233e-01 3.072717215720000169e-58 6.496827177359999724e-29 4.810894286419999809e-26 3.226746191630000011e-22
1.017408755499999956e-05 4.265887448630000245e-01 2.663497477600000043e-04 5.687554310889999520e-01 2.064901646229999969e-25 1.409302361840000101e-03 1.073423835969999969e-28 6.797440646520000251e-19 2.969997850819999785e-03 3.583644766139999873e-27
7.544708169119999920e-14 6.663297684300000245e-01 8.383093327590000006e-31 1.882932032230000058e-03 2.349605897869999910e-45 1.548102587479999988e-15 1.237128816240000068e-14 2.829345324879999899e-49 3.317872995380000134e-01 2.204381935779999900e-20
7.434365626800000515e-02 4.168378157389999727e-01 7.633072773929999614e-16 4.688388192339999760e-03 4.283464838700000166e-01 3.829478447399999735e-02 4.901131316479999592e-10 4.306848427659999972e-16 1.247272180760000059e-11 3.748887095390000118e-02
7.993843417739999735e-01 1.930510552730000107e-01 5.376181530510000023e-50 3.331245422440000117e-72 1.340194674979999947e-15 1.956865471059999991e-17 7.564602941240000135e-03 2.671084933079999966e-13 4.816236956560000220e-41 1.120163083009999931e-11
7.599129841750000168e-11 5.733796243309999957e-03 2.233472159010000124e-01 9.086242604420000376e-13 2.304991375119999908e-01 5.701902415379999775e-09 1.310062492790000088e-01 1.469919006779999981e-01 2.624216946069999890e-01 6.285388380749999702e-15
4.178109434749999740e-01 5.696885274770000507e-01 2.633295410860000096e-06 4.326385700960000012e-20 5.222003564649999951e-172 3.249752294260000239e-13 1.136519302120000053e-68 1.539032289189999929e-30 1.249789575250000000e-02 6.300839083739999592e-88
1.006046998409999976e-01 2.006751053050000144e-06 5.327411145080000215e-30 5.165897531190000169e-01 8.457622046660000226e-02 3.233221887100000192e-20 2.243215113370000124e-01 4.110709652490000007e-25 4.655832623619999763e-03 6.924997586099999880e-02
2.225358885100000011e-14 2.612112271340000142e-18 1.765756942649999909e-16 5.389239799960000198e-32 5.534700227150000011e-06 1.139513081659999886e-13 5.673321449589999732e-01 4.268777462750000251e-01 3.475529629449999793e-25 5.784574066549999678e-03
3.765237907110000213e-36 6.290617709559999382e-02 1.074860828590000067e-01 1.940122956669999793e-06 4.979313396300000200e-16 3.673794492940000156e-01 7.044744622739999851e-02 1.713843820719999887e-22 3.917789044009999944e-01 7.235886681040000007e-13
7.666606369609999992e-26 2.212873275820000166e-19 1.315149429759999988e-03 5.991866399220000527e-01 4.600497605250000039e-56 3.994982106480000073e-01 1.517230931110000096e-60 1.039651937100000071e-26 1.030772509970000028e-23 8.040809525899999442e-26
6.021262107240000480e-16 2.948297661670000180e-01 5.767360035219999954e-44 1.468123432200000023e-01 1.441412662430000039e-66 2.969535960100000056e-24 2.713789780289999851e-10 7.523749975099999695e-66 5.583578903410000294e-01 5.599293178629999820e-20
4.209533686029999777e-01 5.706055052159999530e-01 3.906433703320000213e-08 7.276294466640000247e-23 2.458878844820000115e-69 1.171819765069999948e-14 3.328555436820000191e-70 1.317790217880000064e-30 8.441087116550000449e-03 3.116101777069999791e-92
7.782062051730000152e-02 1.964938116060000037e-24 2.743725417859999979e-15 5.305542747950000130e-22 2.194241461680000043e-04 1.705442803309999977e-01 1.974877829999999892e-45 5.854722220029999757e-01 4.417453816799999869e-65 1.659434530030000077e-01
2.875857611890000014e-31 4.861825146559999866e-01 3.542512928429999772e-16 1.077792858760000000e-30 1.044058207470000047e-40 1.391917856719999912e-15 2.599817400539999879e-02 1.089766213070000028e-30 4.878193113379999946e-01 2.253573733909999871e-36
4.275935846860000056e-01 7.183448430819999730e-02 3.544548330279999955e-22 1.682871222859999952e-34 5.017845863610000021e-32 5.005719309880000134e-01 3.635549794090000203e-19 2.169836584720000018e-13 8.411592434739999211e-34 1.852547578130000094e-11
5.550236723580000014e-25 1.173323497650000062e-23 4.340462778620000099e-13 6.742705938319999924e-55 7.499316720259999736e-01 5.157069759099999890e-08 2.987415226089999985e-21 2.500682763950000109e-01 4.495590013529999980e-61 7.433865984140000243e-12
4.289694356459999858e-01 6.751839778029999906e-02 2.128007579950000007e-16 2.408461086889999846e-28 5.093706323060000044e-31 5.035121654799999957e-01 2.705532255680000067e-17 2.463011242919999920e-11 2.127339200729999899e-29 1.069537490190000074e-09
9.275085920639999801e-38 9.172234789280000464e-77 2.560129587980000133e-14 9.290696227470000498e-04 2.350010560659999970e-01 4.628417029859999643e-49 3.647532985029999829e-04 2.319394608110000033e-01 4.061202199920000222e-23 5.317656602010000233e-01
1.000000000000000000e+00 1.514537339889999954e-51 1.664867352279999936e-49 1.174666427930000095e-69 4.080656493090000311e-67 3.919482763569999970e-84 6.320483104089999590e-62 9.041566685399999433e-17 6.971291860539999793e-41 1.961854717760000066e-77
9.551183567239999887e-18 2.948299222479999759e-01 5.978259474120000006e-46 1.468114202639999866e-01 2.846678394019999772e-23 2.935365260889999886e-23 1.078354376880000020e-09 7.290654878269999728e-68 5.583586564100000427e-01 6.568004373310000335e-18
1.088317120730000059e-01 6.137569574410000305e-35 1.232805251780000006e-19 1.130668354040000103e-28 5.443010100030000208e-24 5.203599753459999946e-70 1.365369129099999958e-11 2.551182925409999913e-01 6.360499953720000210e-01 3.626698986910000014e-48
8.672898748870000452e-02 7.286329449339999656e-11 1.048813489469999965e-30 5.437819097799999613e-01 5.826669999359999734e-03 1.610819958259999940e-22 2.599089632500000135e-01 2.369156717830000027e-20 6.447389312839999685e-06 1.037470220199999960e-01
4.067798205559999825e-01 2.386777498959999910e-01 2.029139270109999906e-26 2.882561908149999832e-05 5.208201148609999942e-12 1.243489481449999966e-16 1.177969440600000056e-01 6.518082159499999947e-19 2.367165984479999985e-01 6.141629494370000656e-08
6.432613070100000397e-19 1.084898316170000022e-72 2.370090968620000016e-01 2.813842342980000244e-01 4.735548018579999879e-02 8.728656677309999639e-44 1.288619999720000104e-34 4.342511886459999859e-01 8.413243102669999650e-12 3.325774341549999943e-23
5.080963860689999955e-42 1.232408205189999915e-114 4.612173161739999849e-05 5.752433518970000437e-01 3.947977007940000060e-01 1.552416637760000065e-72 3.540038524310000303e-30 2.991282557219999971e-02 5.289675005540000224e-12 4.984452214550000272e-30
3.744092694699999724e-01 8.409316753780000459e-35 4.514465923879999558e-50 9.967441384840000640e-02 6.726628204329999663e-15 6.763741240019999855e-74 5.565958967100000356e-06 1.110346664709999979e-21 5.259107507219999977e-01 7.436482278559999499e-14
3.331968043789999926e-25 1.658257605199999919e-35 1.652551869000000067e-06 3.246642286520000087e-01 6.881825666989999877e-06 2.160284603050000055e-30 3.959703878460000270e-01 1.576533441939999974e-02 2.635297259739999842e-01 6.178873184300000482e-05
1.983687884430000056e-19 3.315378734580000097e-01 3.086721190259999869e-12 1.431567759770000087e-28 5.606709766769999837e-22 6.389243231220000086e-16 8.827151033049999485e-10 3.527451079209999742e-24 6.684621256560000502e-01 7.337952636980000471e-44
4.286922125920000215e-01 6.846113649870000373e-02 1.557891549959999994e-16 9.361652032950000023e-27 2.223589019650000149e-31 5.028466488260000533e-01 4.134991796100000287e-18 1.210062962530000000e-10 2.131446803159999833e-30 1.962063442090000202e-09
1.201221170550000050e-01 1.063076936760000007e-01 3.428077568430000181e-09 4.933037458709999765e-30 1.105448809020000026e-41 1.381243129049999978e-17 2.571705227780000103e-01 9.315900480540000028e-02 4.232406582570000242e-01 2.955011084819999867e-28
8.737145619029999810e-02 3.995876274090000013e-01 4.257379708999999846e-01 8.040887582039999347e-09 6.207317852300000295e-41 8.730293673870000160e-02 4.947011449790000434e-59 7.427950992920000427e-21 7.211333004320000256e-10 9.606469172310000025e-46
1.296592615710000004e-27 2.267474067719999972e-02 2.572141602840000152e-01 6.020165726959999986e-06 1.323345490639999980e-29 2.238448567890000129e-01 5.633378166189999779e-04 1.939441411740000161e-18 4.956968842560000033e-01 1.038585923800000029e-11
2.292937629689999895e-02 4.676368464139999959e-01 2.245466261869999980e-01 1.441252613239999933e-12 1.376837855280000062e-68 2.848871494960000250e-01 3.263298004599999794e-55 6.132829304839999953e-20 1.605204387590000096e-09 3.127220726130000220e-45
1.305836713930000048e-15 3.307859355119999734e-01 6.681359014809999941e-01 4.722632129260000081e-29 4.286492546919999891e-64 6.219532606280000218e-08 5.311997049970000067e-20 1.214855966650000047e-13 1.078100811059999999e-03 1.737462534389999891e-48
1.754926371749999845e-21 1.208178194370000059e-31 4.997155034910000238e-01 3.422461393310000089e-08 5.002725286870000065e-01 1.292875352969999897e-13 5.049298153580000196e-21 1.193359793189999939e-05 4.548186322199999872e-15 1.458186635470000122e-13
3.217173406650000178e-01 3.698098018500000066e-03 6.931674074459999712e-10 6.041118330170000529e-29 3.242068078869999923e-40 6.091227048979999957e-17 2.930821093159999835e-01 4.084981027070000240e-06 3.814983663259999824e-01 1.964229245569999957e-26
4.117090467719999869e-01 2.457929761430000161e-06 1.621814966239999891e-31 1.056444290350000065e-30 3.211178302770000251e-20 4.834073667219999763e-11 1.875975303250000125e-05 4.764753409510000155e-11 7.846901033450000128e-29 5.882697354489999642e-01
4.714152190170000090e-01 2.057069776179999976e-01 1.273668394280000063e-28 6.318421606369999631e-03 6.923249472989999708e-36 9.693388230720000594e-19 1.127491241759999985e-01 6.479163215820000154e-28 2.038098898169999895e-01 3.677652751609999757e-07
1.286679461159999919e-36 3.334058997459999957e-49 1.210014425089999956e-58 3.563586549310000251e-42 6.570810174100000234e-01 7.545047486920000488e-68 3.429189825899999766e-01 6.426383496949999644e-28 7.817868421620000167e-29 1.173554772329999920e-16
4.706168399419999870e-01 1.180311779810000025e-54 3.802967337999999797e-34 3.899506612849999953e-29 3.577307254219999908e-08 5.050842530469999718e-124 5.947462999050000254e-02 1.361041816050000131e-01 3.338043126890000156e-01 7.913521145169999780e-35
2.371884547270000088e-01 2.616976296700000097e-03 3.958616937829999816e-43 1.822027557789999974e-01 4.405280856009999801e-11 6.613042235719999944e-24 3.194517014759999940e-01 3.006154847689999810e-40 2.585394957139999783e-01 6.159631158999999705e-07
2.368277773909999995e-01 2.354797226850000209e-03 6.896394735509999953e-43 1.833774273279999978e-01 2.583087371109999857e-10 1.391538271899999886e-26 3.198857146030000265e-01 1.428115879920000009e-38 2.575542197819999934e-01 6.341109018369999919e-08
1.675186128840000115e-26 2.193909012899999879e-29 3.771855778000000010e-14 2.083099027239999901e-05 5.207006771790000377e-01 7.968883220860000506e-35 5.533887680229999961e-05 8.451872081989999999e-14 4.792231529529999978e-01 1.208877209259999955e-17
9.771942071030000277e-43 4.999999918410000244e-01 1.949276026200000091e-37 1.358291023820000050e-54 5.098771038179999640e-74 5.000000081590000311e-01 3.170381869289999899e-48 7.209561879329999838e-66 5.485287735059999864e-53 8.469291692779999816e-42
2.136568436759999912e-01 2.753403160699999797e-01 1.085993566000000019e-10 1.224317784240000068e-01 2.079962905470000069e-18 4.393321317550000216e-02 4.497737517229999918e-07 3.617649800349999812e-13 2.041868601909999960e-07 3.446371945849999729e-01
1.530960655159999961e-13 1.743959804809999920e-16 1.348382587630000072e-13 1.182650141940000052e-02 4.690374182859999852e-01 4.898509057500000097e-01 3.120709065580000211e-32 3.042888956779999926e-19 2.003096491140000020e-33 2.928517454409999832e-02
5.519751718109999761e-01 3.892751554410000054e-25 1.066245134959999988e-19 1.283293085949999989e-09 3.130078970430000169e-19 1.386353101110000091e-21 3.798665585699999690e-14 1.147516981039999951e-04 3.996433732829999832e-22 4.479100752069999913e-01
9.236346684150000376e-135 2.470274430470000070e-16 3.658927762529999751e-45 1.429372807260000100e-01 3.822904146489999806e-22 4.362686171729999729e-01 1.728947301419999909e-22 1.761532144419999980e-128 3.897978567289999749e-43 4.207941021009999893e-01
5.629399375320000010e-01 9.581428803450000072e-07 5.891611963490000180e-03 4.375495870770000021e-12 7.674774925620000274e-44 4.229371769949999971e-01 5.271940785170000470e-32 8.230315361979999994e-03 2.174357561029999996e-16 1.984412589720000043e-18
1.533320923939999976e-19 2.701932122469999971e-19 2.536010634670000097e-01 1.104873213439999984e-27 7.260073543009999507e-27 2.481598313599999994e-01 2.510653570590000173e-18 4.982390908539999774e-01 2.074989089450000086e-33 1.431874421419999969e-08
3.221354346169999910e-41 1.000000000000000000e+00 1.205019443660000039e-60 1.442861917300000079e-89 9.686271848320000033e-125 9.063932002280000675e-15 6.887905356310000572e-52 5.757012549889999991e-92 2.207213365719999992e-52 6.376191961839999501e-70
5.917754568389999710e-46 1.054763495110000051e-22 1.538348583629999898e-28 3.340972563619999947e-01 3.006722468870000053e-01 4.219738945060000158e-07 1.398784801400000051e-26 1.896349195389999871e-48 2.402354231879999910e-37 3.652300747780000134e-01
2.940588460200000217e-41 7.123684738539999822e-18 7.203232301649999448e-17 2.069636613579999958e-73 3.187280357889999971e-01 1.229391949869999973e-01 3.044592052190000023e-02 1.528008233289999962e-01 2.971987473839999897e-60 3.750860253739999872e-01
7.851801380329999358e-02 2.947275950099999940e-11 3.128071537540000092e-30 5.507106726539999775e-01 2.026747479099999874e-02 4.890911697129999903e-22 2.711413356030000221e-01 2.903730779080000057e-20 1.313321279490000061e-08 7.936248998610000160e-02
2.228575846980000013e-27 2.246683136070000169e-33 4.195954873459999822e-13 6.418052651549999382e-05 5.014755388199999553e-01 1.038044097960000095e-40 6.842679827049999615e-04 5.345409511780000327e-12 4.977760126649999894e-01 1.142624987620000037e-19
1.000000000000000000e+00 1.055294180310000044e-51 1.375846310980000055e-49 8.483832756740000505e-70 3.476566548050000290e-67 2.632182811470000214e-84 1.309737524330000072e-61 8.688267810300000519e-17 3.451831987460000180e-41 1.774922135680000009e-77
4.997888477779999783e-01 4.866354626969999589e-28 1.536075080389999877e-08 4.999190229359999904e-01 2.223364649290000044e-17 7.945450079890000289e-28 9.349226347969999926e-31 2.920508865339999896e-04 6.303893752189999497e-08 1.239475260800000074e-20
6.584809289990000147e-01 3.415190710009999853e-01 2.340519459299999895e-25 6.241712033750000240e-40 1.813056690340000084e-38 1.830388275170000032e-16 4.680476743430000232e-29 1.979263450980000118e-23 1.264302287879999899e-19 9.478475119429999043e-41
2.385292954640000114e-20 5.998324045709999552e-01 1.293011959079999912e-22 6.434839895000000175e-118 6.714022900160000253e-29 6.030507603659999734e-16 4.001675244899999817e-01 7.093954640060000335e-08 6.451025199649999640e-26 2.783178548350000095e-38
1.646525709830000049e-40 3.671597015799999975e-01 2.767112640929999824e-35 5.271396868769999688e-01 5.528707582420000141e-03 1.980713655709999987e-06 3.776828032779999678e-02 1.109940047290000023e-63 9.528270523160000400e-10 6.240164196640000244e-02
5.489900321160000427e-31 4.861822140979999984e-01 3.169604234789999999e-17 3.887819588680000057e-32 1.882155078699999947e-13 1.132951849509999948e-16 2.599877572839999831e-02 7.335693586280000359e-31 4.878190101739999784e-01 2.461877342450000160e-37
1.231921172120000046e-01 2.267645898819999895e-01 1.762765582019999934e-09 1.578551455329999892e-33 7.024670396189999430e-05 4.502680806180000116e-16 4.241639057589999817e-01 1.154295733130000019e-05 2.257975957220000052e-01 3.629293339989999791e-30
3.578729128559999806e-01 7.658276672689999635e-31 1.446625996469999981e-41 5.739687025079999970e-03 3.846527714990000124e-01 4.092472445419999845e-47 1.117661578130000000e-04 2.449677672029999926e-17 1.795972673960000062e-09 2.516228606670000145e-01
3.165053332930000130e-01 6.876883635619999942e-48 8.095074686390000019e-09 2.560371852160000096e-04 2.985236932630000128e-22 9.500042223769999686e-11 1.082337871020000035e-100 6.832386205620000208e-01 4.962081072609999774e-67 7.699611452310000393e-10
4.478062582739999852e-14 6.661820344679999506e-01 3.274753356149999723e-29 3.651931329970000079e-04 6.465189059270000223e-49 8.269245826509999659e-15 2.422768455420000089e-12 1.091877942610000008e-46 3.334527723969999968e-01 3.870758886470000288e-20
7.364976661370000319e-23 2.439498247399999875e-01 1.493112762529999973e-30 6.386058475650000510e-01 2.785633438149999927e-16 8.738724079609999580e-16 3.156993711829999819e-07 4.575413312030000260e-49 1.174440119960000056e-01 1.112644305639999994e-13
3.448408569310000027e-07 2.089156206619999962e-39 1.419060842889999924e-02 1.087121367889999933e-04 9.959593063289999546e-09 4.353308492190000063e-40 1.675819310860000129e-23 4.841014490719999785e-01 5.015988755620000017e-01 1.660833492059999902e-30
1.068080332759999959e-40 2.012434069160000095e-06 5.654645283950000243e-11 1.985295088570000077e-31 3.562996457779999906e-07 4.283654195900000183e-01 5.716321800070000014e-01 5.740526212840000342e-15 4.551510151259999784e-20 3.161206537770000125e-08
2.125031849429999878e-17 2.947655949870000014e-01 2.691689724080000221e-47 1.465180196520000089e-01 8.427466752640000202e-26 6.460956305870000114e-24 3.014235906089999863e-09 4.981709880689999763e-65 5.587163823470000512e-01 3.107709982319999863e-18
2.015792666980000040e-05 4.277686090289999910e-01 8.947794596780000027e-06 5.700815828390000117e-01 1.267927561920000108e-22 4.875882981520000044e-04 1.332202451449999974e-30 4.416686456180000263e-24 1.633114113149999966e-03 1.905085960359999863e-27
5.226359664369999852e-02 4.302944549600000168e-01 1.926316910499999979e-01 1.543140755979999906e-12 1.182403100520000115e-69 3.248102016839999884e-01 7.195254549180000002e-58 2.398324462680000011e-19 5.566115742090000044e-08 1.219291863140000005e-48
3.017220424589999826e-25 2.251367838969999879e-23 2.115340766309999998e-13 3.549366191189999780e-56 7.499316698060000119e-01 1.074494703930000032e-08 6.030089144109999779e-22 2.500683194450000202e-01 7.730093797810000212e-61 4.407729660339999632e-12
2.451364188859999964e-22 5.998222404480000325e-01 2.488113471029999964e-72 1.116955431379999990e-44 5.132298530279999822e-28 3.250091729840000059e-17 4.000644149629999924e-01 2.975760380789999906e-46 7.896410168819999577e-39 1.133445897659999976e-04
6.046838625089999697e-01 1.036217790590000007e-10 3.475321839719999665e-18 7.245101926459999326e-33 4.371953121980000356e-03 9.879943133240000341e-02 1.668733119389999973e-20 1.370770859840000078e-01 4.071284210039999854e-48 1.550676669490000104e-01
2.555420181470000052e-01 4.171379965359999775e-01 2.498718027050000035e-27 6.649135269149999726e-06 1.902385882120000132e-21 4.780646196990000053e-17 2.853934702220000119e-01 9.683555935199999787e-20 4.182412914050000208e-02 9.573681888000000202e-05
1.607334630889999949e-01 7.783626066419999656e-01 8.390303704740000562e-73 5.397786028769999628e-106 3.273501609839999792e-30 1.663448012460000142e-14 6.090392081189999890e-02 3.930788386260000271e-24 7.117041571470000260e-65 9.457486852270000746e-09
7.664818530769999528e-32 1.010242495009999939e-16 1.590985704070000117e-01 6.298913962979999782e-17 6.364446452149999933e-01 2.044567843740000002e-01 1.351081557519999900e-19 3.660379438840000157e-12 4.048609891549999824e-22 2.075163017920000027e-14
2.422318397179999805e-06 3.173766874890000030e-03 2.098377948519999925e-01 9.130918276000000621e-14 3.062182772279999909e-01 7.048620215370000506e-11 6.620125141730000273e-02 1.259816336139999993e-01 2.885848536250000262e-01 2.211072202279999958e-15
1.218189065110000014e-05 4.227016586619999827e-17 1.895211830669999960e-03 3.740549756559999883e-01 1.693520610679999927e-01 2.173380147929999950e-01 3.553793999940000064e-32 1.857714876369999935e-01 1.366324207379999971e-29 5.157606712429999712e-02
5.795964665000000019e-53 5.011715145039999930e-01 1.117029194669999905e-37 2.936570884870000055e-06 1.372053030790000061e-21 2.527534595250000016e-01 1.733729533860000070e-06 1.208990375749999980e-74 9.314790943680000673e-19 2.460703556699999905e-01
5.326569125529999615e-01 2.222892505840000035e-30 4.066622182739999933e-11 4.673430869299999846e-01 2.021048964439999917e-20 1.622810086249999914e-26 1.796723334269999963e-35 3.753498843920000255e-10 1.007898908269999992e-10 3.924304607759999836e-22
2.793216113319999999e-11 4.386110772610000152e-01 3.613676034829999689e-02 4.034455568850000246e-36 2.016406767829999945e-16 3.496808419849999766e-02 4.115726448080000294e-02 4.491268136830000035e-01 3.368788773619999828e-13 3.620581438219999790e-14
5.794518354509999719e-04 8.175036789160000466e-11 3.285573081009999785e-01 9.509982866600000342e-07 5.405053150480000052e-14 1.663570801929999864e-11 3.294742448279999736e-01 1.667242001639999971e-01 1.746611577249999880e-01 2.686249781769999810e-06
2.720016822550000020e-58 5.996882522380000413e-01 3.391153454299999925e-24 2.193125670809999986e-40 9.528691948750000290e-34 8.209112558719999741e-16 4.002006465049999795e-01 8.114068005590000022e-52 1.111012569340000012e-04 7.975774661649999426e-42
4.116920669199999883e-01 3.058097019340000170e-06 1.581355939600000041e-31 8.784703309279999800e-30 8.852814383410000231e-20 5.638231774799999749e-10 7.551436378640000668e-05 4.917985733190000004e-10 2.465243021750000020e-29 5.882293595640000206e-01
3.071249615650000209e-01 3.835460363570000197e-01 1.951850360879999904e-30 1.546202528390000095e-07 2.423610689760000072e-03 3.681405848400000099e-17 2.754088038449999942e-01 2.101456458220000051e-26 3.149625166799999848e-02 1.812550146759999903e-07
1.709111453180000138e-27 1.161114727639999925e-17 1.566565001919999981e-03 5.990448277819999667e-01 4.488200312159999999e-54 3.993886072169999801e-01 3.728362032100000160e-60 2.506649280199999912e-30 6.469151063209999712e-26 1.429570189119999908e-23
1.131074343329999989e-02 1.066883161759999959e-23 2.480448900489999886e-01 2.592009882869999848e-27 2.241183071579999867e-39 6.966702812630000382e-38 2.370608605799999927e-38 4.938839419989999868e-01 2.467604245180000100e-01 3.316068354219999929e-75
7.550252842449999998e-06 4.271408796439999933e-01 4.366348523790000063e-07 5.696072729490000430e-01 1.288312897480000035e-24 1.219736272890000004e-03 2.602407398609999842e-30 3.551401924089999800e-22 2.024124246570000070e-03 5.956005732680000352e-27
1.143948023380000067e-01 1.242755132350000052e-22 5.218601446510000297e-02 5.831220308879999753e-08 3.241732472429999848e-07 4.623632378220000061e-01 8.433824305880000474e-48 3.710555459150000068e-01 6.321314635049999615e-39 1.697489328500000160e-08
1.664965748550000001e-03 2.127280659349999896e-19 2.690463624959999953e-02 5.660019446470000415e-06 5.995224302640000515e-10 4.908895344470000088e-01 1.944690067829999972e-54 4.805352029009999915e-01 1.946400075209999943e-34 3.489350341710000253e-11
1.399787314359999900e-29 4.852667587480000155e-01 4.941533635790000267e-01 2.908972436050000235e-35 2.458257462640000089e-31 2.057987702459999901e-02 2.282517856670000011e-14 2.163878066279999861e-17 6.480182500580000044e-10 4.326647478710000244e-35
1.373860862719999941e-14 6.663756636619999618e-01 3.173052327999999828e-31 1.938639457589999885e-04 1.529644297970000019e-45 2.107658741489999931e-15 1.700661044119999902e-14 5.711214441390000151e-50 3.334304723920000213e-01 3.408195333959999981e-20
2.937098542400000123e-01 1.686063484060000043e-15 1.218083183400000070e-26 6.929411546219999910e-58 1.934199128219999883e-02 3.376168576640000039e-40 6.615033498529999667e-01 2.544480462530000070e-02 3.274985914710000315e-14 1.463496416340000110e-29
1.572926372439999949e-30 4.865672339980000038e-01 2.477022187460000134e-17 3.366304426100000134e-31 1.224987567729999951e-36 3.143933791040000038e-14 2.546552134060000097e-02 4.618949772079999963e-32 4.879672446619999771e-01 2.043462362169999893e-34
1.447390987899999926e-01 5.535449276589999776e-18 5.719813798920000275e-03 3.804090737529999822e-01 1.529540266639999868e-01 2.225171572569999978e-01 2.113865920499999986e-31 1.199311063559999925e-02 1.679220330189999996e-28 8.166771910160000592e-02
4.722515313459999633e-38 1.874658875960000174e-18 4.759393880159999979e-01 6.541936491779999989e-12 1.078324246319999936e-02 2.620538329749999909e-02 1.519094837759999914e-02 1.369147776530000053e-03 1.598482347990000029e-15 4.705118900629999823e-01
4.371274071470000001e-35 3.752201736199999920e-16 1.590101802459999991e-01 3.069413266649999730e-17 6.364477047800000120e-01 2.045421149739999889e-01 5.000868786229999776e-22 8.507366608849999212e-15 6.042049893160000261e-24 8.734630206539999528e-16
4.509512292889999895e-39 8.955735434580000329e-20 3.694934275850000007e-06 3.736477553600000001e-01 7.413466912170000190e-04 2.732287671070000017e-12 6.241364620699999533e-01 5.262831636910000189e-14 1.253466251060000002e-03 2.172746902930000005e-04
7.546498768029999415e-02 8.651958533089999299e-86 1.027553029019999933e-40 5.868981206190000221e-17 1.874273344080000091e-04 0.000000000000000000e+00 3.158372400530000124e-01 7.897452380449999920e-02 5.295358211280000171e-01 1.042110661999999950e-27
4.274108869989999837e-01 7.245929606709999860e-02 8.326051958149999978e-19 2.515383264890000049e-31 4.904780449359999790e-29 5.001298124280000312e-01 4.334031310069999866e-20 3.297320828009999886e-13 1.786293783069999856e-33 4.505087012219999652e-09
2.177306888429999821e-108 1.346589288390000115e-22 2.968107900419999770e-10 2.000010585410000041e-01 7.999988750280000449e-01 6.612418089839999791e-08 8.419504201579999722e-15 1.738073209499999927e-43 6.702181658580000103e-17 1.018983198979999947e-11
1.871546020319999996e-03 4.833402599719999748e-01 1.329775532519999980e-13 6.565501280499999592e-03 4.686724376320000052e-01 1.441218898520000083e-02 3.033168803529999996e-10 2.796611275389999972e-11 8.038868024360000552e-11 2.513806569819999892e-02
4.105759914859999915e-01 7.410076585010000472e-08 5.278239441049999660e-28 7.811252552119999727e-27 6.903811785290000115e-20 4.202996492110000092e-12 2.212053768530000122e-04 1.569093801250000081e-08 1.445869753589999869e-26 5.892027133410000506e-01
5.330649534010000190e-01 1.139339583320000006e-10 1.017180783050000040e-25 2.767761880999999903e-86 9.848124856240000532e-51 5.698734710250000257e-33 3.001388392520000226e-01 1.667962072330000101e-01 2.835268706350000060e-19 3.858888593230000157e-35
2.844238764580000161e-18 4.732251287129999787e-27 2.436139806549999874e-15 5.881756841839999811e-06 5.208093225790000336e-01 3.293504734919999732e-33 1.582865418839999946e-05 2.525623606470000240e-16 4.791689670100000020e-01 2.774231585180000042e-16
