5.391885931780000195e-26 2.045558236470000069e-01 5.011479127620000149e-32 4.445060327879999963e-10 7.380835291390000256e-64 3.055266865550000118e-32 2.271982959920000013e-13 3.287801820310000174e-66 1.162217830430000015e-01 6.792223928649999687e-01
1.814652747280000025e-41 6.843990588260000354e-09 6.669927661710000066e-01 5.082395567770000325e-07 6.287768714809999943e-22 5.933388552080000322e-02 2.736728014229999895e-01 3.053424147919999743e-08 1.267846139679999897e-09 4.232077772869999750e-28
2.672647244379999955e-73 1.642416550470000030e-09 6.054328023460000113e-13 1.893381553479999912e-32 2.960515659299999864e-23 4.328684339280000071e-01 1.919736275360000022e-01 3.751579368929999769e-01 6.425575408320000360e-32 2.161515556600000115e-19
1.726129230949999928e-65 1.733611926699999972e-01 2.011665160380000186e-37 9.891564540199999589e-55 1.445768160160000038e-01 2.410487960619999984e-23 5.233350433990000550e-01 2.468725653829999971e-04 1.584800753439999932e-01 4.494067049990000291e-12
6.526310291980000242e-50 2.032867165660000031e-01 2.195375758029999985e-02 1.512412316110000024e-11 5.094366625670000122e-40 7.632196564959999874e-01 1.153986662829999989e-02 2.714690283920000100e-09 7.773074382269999822e-16 1.078258423740000001e-13
1.467920333320000050e-61 1.030732708310000004e-14 2.346103400209999966e-11 1.830577120099999821e-21 3.394972836569999930e-01 5.273833868029999782e-03 4.549873290990000263e-02 9.223574998410000011e-10 6.097301486199999676e-01 1.268529089800000067e-36
1.678567659429999960e-14 5.409365976079999472e-01 2.914530542379999729e-48 5.494709559910000096e-27 2.376311724459999886e-01 2.600195020629999807e-91 1.457359891430000052e-14 1.079789147230000025e-17 4.555074263850000253e-06 2.214276748719999910e-01
2.723544786810000119e-53 3.371297483419999907e-01 2.461140368720000082e-01 1.016590183209999994e-16 9.638222673220000334e-20 1.882632953389999822e-15 3.254439753360000021e-02 3.842118172530000209e-01 4.588746682110000282e-48 7.797189558620000055e-46
5.296381544749999880e-39 1.536601452579999977e-46 6.247049008599999733e-18 4.533621046469999971e-01 3.470341947820000226e-21 1.844614942289999812e-15 5.466345273170000185e-01 1.150915407479999927e-27 3.368035671879999994e-06 7.227831450719999899e-32
2.273806088079999810e-53 6.329941765840000345e-01 8.360790042880000329e-10 3.668353671340000011e-01 1.080271751759999936e-15 6.615805924719999911e-22 1.704554458440000044e-04 1.937629530219999912e-28 2.840638435810000227e-22 1.475136880389999910e-21
3.097229166620000114e-16 9.361227417679999855e-34 3.769187594780000206e-01 1.807305209869999874e-02 6.050081884229999707e-01 2.462000390710000142e-24 2.115403944340000033e-39 1.345605172200000044e-17 7.217489150199999895e-55 4.542146536969999565e-59
1.554419287459999937e-50 2.155012341749999917e-08 2.547041564749999987e-01 1.121641703389999966e-09 4.443336818999999993e-01 2.562122227959999846e-02 2.753335652760000030e-01 7.351397529739999608e-06 1.229602778399999969e-35 5.893265879210000400e-38
1.662650486710000088e-51 2.417722701370000060e-01 7.581522238619999854e-01 7.550597835189999879e-05 1.755982310759999874e-57 1.112331697400000021e-12 2.163175388710000043e-11 7.278034059660000303e-25 3.877298534169999805e-26 2.323398772529999957e-28
6.263906592390000583e-02 1.967989487160000106e-01 1.336140717279999945e-01 3.379508610090000142e-01 4.379605627180000092e-48 2.352163094199999794e-03 3.664106218030000085e-09 2.751852330580000029e-20 2.666448824220000180e-01 3.442098770620000029e-09
3.641417579810000233e-05 2.688218048619999898e-02 8.893486396060000098e-05 8.311029312789999688e-29 9.142134220329999948e-06 6.797729065240000201e-01 1.580177329140000120e-16 1.197731317859999922e-02 2.812331086370000177e-01 2.019878330470000053e-25
5.378418218090000177e-39 7.107961348440000085e-42 5.609707316659999841e-21 3.775556778160000237e-01 6.354753264319999998e-25 1.797183393370000061e-07 4.124817276909999858e-02 2.407888687309999944e-35 5.811959696970000477e-01 1.869333776209999865e-17
3.850629116000000333e-40 6.805170324129999893e-01 7.073089995090000080e-48 2.097602246240000098e-86 7.263544781999999637e-20 2.801357422290000064e-22 4.970984212189999906e-05 1.083702952229999988e-01 2.102866965799999877e-01 7.762659413970000085e-04
7.212926931179999834e-02 3.871702937409999823e-01 2.143526400849999833e-02 5.192651728639999797e-01 4.158934463140000210e-92 2.665037701859999940e-14 3.071696622240000121e-31 5.141486157040000007e-50 7.544914127520000128e-11 2.170358088050000112e-16
9.465960157149999556e-48 4.280056849749999834e-38 2.002012137119999879e-03 4.235101963760000086e-32 1.571696955180000093e-41 9.979979878629999801e-01 2.351792488109999935e-61 4.716113738630000181e-32 1.317816539650000105e-84 4.776791280750000322e-84
2.587810750999999798e-01 3.321743607709999879e-01 3.547200552870000134e-01 4.972848117770000227e-14 7.787675736099999361e-18 2.057915039739999992e-12 1.146852781990000057e-35 4.824672478199999726e-02 2.430749172870000012e-33 6.077784058149999710e-03
6.634593791560000294e-41 4.470858403829999772e-01 2.699631730519999922e-20 3.587105211039999871e-39 2.207940324850000114e-17 1.768350052619999946e-01 1.079229018929999950e-01 2.642600157989999921e-01 1.167112658659999964e-05 3.884565536029999881e-03
6.080907796610000027e-01 2.106604259159999976e-50 6.465964135539999803e-45 9.015528461460000010e-45 2.452568702469999756e-13 4.666958655489999913e-12 2.737954988070000062e-30 2.882216462930000161e-15 1.031536193559999953e-01 2.887556009780000155e-01
6.368472294550000523e-01 4.374598218660000204e-04 2.725137266170000073e-08 1.021827869860000015e-01 1.320007726660000103e-22 4.407864855659999676e-27 3.534887043419999812e-03 2.517324435480000067e-01 2.464741174630000160e-08 5.265141247200000145e-03
9.701308781239999842e-05 4.916152009529999735e-17 2.353538764979999859e-11 6.089588845129999539e-01 1.838933870009999971e-01 2.540351858859999827e-30 3.308016961960000136e-13 5.026624446679999782e-04 1.705769872220000088e-69 2.065480529300000034e-01
4.800641496470000047e-01 1.071140622600000043e-38 9.517463941599999584e-18 5.199358503530000508e-01 1.198618235210000054e-17 5.832810257430000035e-32 1.066438307480000089e-46 8.486798688050000308e-44 7.386546152439999712e-32 2.002524933360000184e-18
5.186566199790000098e-08 4.468271260539999901e-01 4.803457191450000100e-17 1.085415771830000087e-15 3.859230332070000322e-36 8.301922271999999801e-30 5.531682252230000207e-01 2.944476130819999911e-11 4.596777465080000218e-06 5.026828501730000107e-11
1.016095550449999923e-12 1.372828882340000065e-13 4.501972825299999855e-13 9.736082120079999680e-42 1.501719950619999919e-03 5.787688863979999487e-01 9.145287340950000756e-18 4.298842055859999900e-02 3.767409730910000198e-01 4.046010815250000198e-31
2.910406999659999807e-06 1.885430127430000045e-32 2.753234783170000193e-37 1.707549193160000112e-39 7.470707771640000550e-01 2.325892073240000124e-23 3.557599494429999776e-36 2.689065560739999863e-18 2.529263124289999887e-01 1.468822510690000082e-15
1.753723233089999889e-01 1.034003480980000000e-01 2.742376104109999768e-01 1.803820821910000006e-14 1.758846184570000026e-19 4.384865005049999875e-01 7.381815837730000160e-33 1.060573783490000065e-23 8.503217676409999606e-03 1.229758068849999956e-27
1.016758662999999956e-19 3.725510387370000176e-01 3.103510565579999936e-01 4.959589385800000139e-11 1.857766045810000017e-23 1.464935498240000078e-01 4.057904611860000165e-11 4.058075727310000252e-14 1.706043547910000013e-01 3.055698965419999734e-20
6.655920737089999409e-55 1.483222508329999968e-07 1.113612013409999990e-01 2.551621732070000117e-03 1.601505080370000111e-01 4.926459629669999729e-01 2.332905575489999939e-01 5.177642900249999948e-11 4.705225109639999671e-40 1.563683834540000031e-22
5.984678716710000179e-01 5.069707264310000032e-10 9.681969955000000569e-46 1.977910526169999837e-09 4.423461879309999872e-02 2.172085384579999998e-86 1.227490784890000064e-08 5.290870842579999666e-27 1.068676898209999960e-04 3.571906270860000232e-01
3.747606803390000076e-17 3.736236527899999826e-01 3.070586429619999724e-01 3.217222013929999963e-10 6.194950007309999746e-24 1.500490282520000052e-01 3.614865873450000015e-12 2.952190032069999916e-14 1.692686756710000129e-01 2.130859707039999856e-20
1.296051627969999898e-01 2.775072328629999974e-01 1.706291071790000040e-19 1.897295581919999918e-01 1.989754662339999906e-14 6.634772807149999438e-24 2.796213399550000153e-09 1.168779218559999923e-34 3.221463336409999823e-01 8.101170971059999670e-02
1.107582535559999972e-14 5.317042264079999692e-01 1.503041759890000028e-45 1.418713717100000035e-06 2.855917394550000045e-53 1.408150444700000019e-96 3.705042170579999986e-08 1.873928144689999869e-61 4.679166912539999834e-01 3.776265736350000075e-04
6.777317327609999703e-64 4.887671156599999733e-01 5.112239568909999754e-01 7.862231892230000286e-13 5.427128060269999771e-31 2.046539638590000073e-10 7.385589297770000058e-06 1.541654397440000006e-06 4.967695810790000123e-66 3.175170405799999765e-30
3.496447718670000053e-47 6.074453641539999671e-01 7.770488535049999781e-14 2.987759488780000023e-33 1.424313760399999905e-23 3.562325089600000272e-01 1.838985658539999887e-04 3.613629749020000337e-02 2.159726340480000020e-22 1.930830141520000059e-06
1.098892331649999943e-22 3.013338152119999780e-01 2.372149855189999911e-20 3.920304181059999902e-46 9.894187712669999955e-08 5.790102981929999837e-01 7.674611328160000174e-09 1.195764812200000027e-01 1.729574977879999996e-07 7.912580142380000263e-05
1.268666788580000026e-08 2.037572833099999944e-33 6.320512216729999855e-01 1.308523365069999992e-23 3.896803847139999975e-03 1.035860267790000020e-16 2.909004656640000027e-52 3.640519617929999785e-01 1.893002771990000082e-72 5.231646586369999639e-57
2.635428807300000073e-08 1.310798600169999916e-09 1.508748922810000118e-20 3.981112647589999942e-01 6.849187486139999870e-25 1.194144629590000097e-50 4.946916201400000258e-18 1.185009775270000087e-25 7.316496984810000240e-35 6.018887075759999927e-01
2.544408508730000018e-01 2.529512089690000038e-12 2.487660251899999897e-01 2.177975080139999964e-01 2.615723204410000227e-16 2.871252737139999702e-14 1.034760453409999987e-17 2.789950289870000155e-01 8.922996273009999706e-84 5.869333989969999916e-07
6.136529154440000000e-12 1.234176257860000127e-41 7.148210919990000134e-02 5.208859992130000505e-01 1.763192022219999929e-26 4.076318915809999943e-01 5.663084173780000134e-16 9.898667746500000224e-22 5.981707137139999727e-22 7.080032185089999774e-47
4.441871333579999748e-01 3.981974563990000105e-19 1.893343617470000031e-07 2.436742137560000132e-01 8.313307210170000086e-13 8.175176324140000333e-10 3.011293220900000071e-03 1.253339195310000098e-01 4.276781455580000002e-05 1.837504821660000121e-01
3.809132091419999977e-01 2.433636033709999802e-22 2.801234156010000000e-28 3.982599823819999996e-01 2.640788900350000208e-04 2.729378399249999947e-54 1.524651722659999898e-03 3.199835154679999945e-11 1.831402104490000016e-01 3.589786738220000079e-02
1.266497933640000000e-15 3.653938475860000222e-11 1.919156657699999995e-23 5.732473346930000435e-01 4.248391497560000213e-44 6.022732980590000243e-51 1.440963386870000068e-12 1.262040396500000038e-51 4.267526652690000200e-01 1.686940486909999973e-23
8.369895593659999670e-13 2.655133082619999983e-08 3.294165556720000110e-01 1.998556553680000143e-03 2.807433988190000118e-01 8.272419717660000160e-13 1.228869448980000077e-16 1.001140220299999953e-25 3.878414624020000145e-01 9.236053389720000299e-47
6.776812901710000274e-23 4.278124795759999932e-01 7.045582824149999868e-03 1.757204140820000093e-01 3.894035199029999839e-01 1.041884974550000060e-05 7.461111851250000421e-06 2.973801468229999944e-21 1.236528306289999906e-07 6.344825070299999882e-20
2.072443583929999899e-06 1.590040213639999888e-17 3.171929252939999872e-18 4.442075338040000210e-01 5.417425877499999487e-01 1.507463862840000023e-48 8.903724726570000358e-03 5.143064959130000391e-03 3.942090370679999862e-45 1.016316591519999938e-06
1.077862910039999980e-22 4.181034961180000176e-01 3.116770029680000125e-11 1.106212236690000024e-40 1.490179075040000034e-21 5.818964680520000154e-01 7.367636978419999852e-28 3.579881645240000205e-08 3.141985683250000015e-40 7.563017501599999868e-16
3.617802301320000104e-43 5.929734733820000159e-01 2.593813839460000044e-12 1.083835667740000019e-04 5.515181374790000265e-08 9.575340448979999810e-32 4.069180878970000137e-01 8.125517229680000346e-20 4.541548830499999786e-15 5.846197014570000405e-28
7.434820040190000411e-30 3.858773952960000211e-03 2.436693821850000172e-15 2.119395318739999978e-01 1.112606354720000065e-35 2.227927048109999982e-14 2.623902958920000250e-01 9.709002173010000432e-33 3.976277899349999867e-07 5.218110006530000122e-01
1.793385400839999906e-34 4.630025050849999850e-53 1.230974172339999942e-47 1.585753205630000043e-16 1.481883684219999922e-06 1.128721024060000014e-30 3.055146878509999997e-01 3.354784915159999772e-13 1.048473442030000003e-16 6.944838302650000461e-01
2.958733299760000091e-03 9.659815539879999802e-02 6.392625688020000000e-04 1.661082550780000056e-01 7.408184278720000258e-59 3.895478025960000257e-01 5.300274992500000128e-11 1.060429712790000047e-25 1.021174112360000025e-01 2.420303797689999925e-01
2.452879231170000118e-01 1.462088295820000083e-09 7.283317358770000079e-12 7.547120499039999819e-01 9.503248994180000125e-60 3.385616486800000106e-25 4.178443278710000282e-51 2.210228877919999879e-97 2.550969855950000107e-08 2.321321533720000000e-27
2.710689119939999932e-11 4.197323846259999968e-07 5.061769606980000002e-01 1.367312406370000122e-01 1.985962118810000003e-03 1.002789675099999972e-02 1.775066696159999906e-25 5.266021024750000033e-30 3.450775200349999738e-01 6.804489430849999546e-29
6.332751806330000344e-03 8.570858539589999714e-02 6.738741583759999925e-13 5.273307674889999852e-01 1.681439811890000094e-05 6.019666172550000128e-15 1.563675157649999925e-01 2.230768765289999860e-19 6.752149470389999519e-02 1.567220704410000054e-01
2.277358723979999999e-01 3.070971615540000199e-01 3.221698650050000001e-01 2.437487243080000052e-31 2.052586403280000020e-13 9.552745281830000997e-13 1.583580089310000071e-65 1.429971010420000022e-01 4.027541306319999704e-95 2.330406845750000150e-15
6.669781224390000096e-01 6.723752324609999381e-42 1.195008557519999969e-13 6.222351829380000385e-16 4.252173811219999745e-03 1.365852045870000046e-04 5.168049084499999706e-11 3.286331184119999915e-01 5.490668253049999770e-12 7.649127669110000442e-11
1.667080202859999929e-02 2.275928566200000058e-01 7.557363410030000228e-01 1.562874963260000065e-24 1.157421756990000055e-68 3.477091141050000059e-10 9.463108108959999579e-106 3.725217327480000095e-61 1.346366392149999955e-37 8.392856304639999757e-48
2.077902543789999977e-97 1.965521334589999991e-14 5.464095235880000000e-11 3.126682703150000000e-18 3.182909997030000052e-04 3.653572727270000264e-01 6.343219806650000070e-01 2.455553070000000060e-06 2.560802406740000051e-28 2.474235593340000131e-25
3.423434934230000226e-01 5.845333440290000055e-44 4.224456775909999931e-49 8.287646268549999783e-40 4.311187103500000416e-03 5.802728033430000325e-29 2.407300130040000137e-07 5.694960999220000097e-01 1.681249793950000006e-12 8.384897881950000020e-02
1.404904050840000011e-12 5.317310295960000488e-01 2.493855231460000187e-13 1.635453030140000076e-43 2.712103183940000205e-29 4.410755734490000106e-04 7.276085973770000121e-31 5.200214600869999773e-14 4.678278948280000238e-01 1.097054422309999977e-18
4.224650784509999973e-06 1.186094177809999956e-01 1.109201803280000026e-19 7.490584661689999590e-01 2.413515753750000078e-85 5.821327862349999605e-41 3.352409347030000295e-36 6.323016529499999378e-92 1.323278913700000059e-01 2.923628925440000227e-11
8.957244780530000437e-09 5.037162104820000305e-06 1.480496394400000054e-02 1.054447872779999962e-01 1.334587511529999906e-09 6.176859472889999481e-01 3.189808595340000160e-28 3.090345025559999786e-39 2.620592540339999887e-01 1.352434940809999998e-14
7.921231707290000544e-37 5.633519962729999613e-38 4.998438652539999860e-01 6.399993484279999960e-14 1.822673266689999887e-14 5.001561347459999585e-01 1.012027072339999984e-25 8.962591343709999897e-18 6.348287884770000343e-38 1.373802323969999969e-77
1.707968817840000071e-04 2.442052872329999789e-10 2.867140609080000113e-07 3.667761656190000052e-01 3.331227168800000273e-20 5.224866722020000291e-19 1.698510404899999948e-04 5.046105547800000535e-01 2.463774441609999884e-36 1.282723447209999923e-01
1.625097262430000022e-01 1.432661588499999916e-01 2.869449180490000195e-01 1.198960447120000095e-03 3.282834400730000094e-07 6.803749161409999846e-16 4.327755827260000018e-38 2.247319657220000179e-40 4.060799081279999889e-01 5.591732954900000140e-41
2.773467724600000017e-01 2.397634098410000025e-01 9.209532174710000074e-02 7.669011626560000294e-02 2.311539367619999985e-14 7.580586610940000247e-02 2.382969462089999935e-01 9.046605839709999707e-09 5.085111982090000196e-11 1.558270936949999964e-06
3.436393282249999845e-25 5.900564517550000130e-39 1.242963734439999954e-69 1.508054261010000047e-58 6.816233819769999643e-17 8.718661405779999719e-47 8.310346850340000202e-02 5.370515422730000044e-01 1.657085681550000066e-16 3.798449892240000070e-01
1.773531748760000093e-35 1.000000000000000000e+00 4.334976637849999740e-32 5.349093163459999990e-55 2.195439189640000104e-111 2.816095083709999865e-47 6.252936175849999740e-75 6.027149049889999632e-65 8.472403263110000236e-51 3.304686833940000221e-32
1.579296978329999930e-24 9.565757612880000415e-34 7.991441942570000671e-108 4.743020915069999575e-50 2.781834270369999938e-20 1.658358419539999988e-111 5.865459850519999423e-11 4.076109112459999897e-29 2.448867367389999938e-01 7.551132632020000068e-01
1.699593663619999987e-14 4.594449750990000273e-09 6.327428161770000115e-01 1.131010943989999914e-30 1.864336258729999932e-14 5.529960217340000265e-16 2.386082391340000066e-60 3.672571792289999748e-01 2.154223943280000146e-188 3.466641791139999807e-29
5.926838549650000130e-70 4.504279357299999763e-65 3.475638124270000133e-13 7.036542539689999952e-03 3.411736033519999767e-01 6.517895505230000275e-01 3.035856561619999735e-07 7.371154304760000163e-32 1.041296820159999983e-16 2.683172604700000044e-59
5.589007859190000053e-16 9.798269968859999897e-34 3.780288255870000169e-01 1.673847519570000053e-02 6.052326992180000476e-01 1.387553153830000018e-24 8.604738094139999882e-38 6.761248913009999799e-18 3.158158047300000065e-54 2.100270467369999818e-56
2.772450293840000007e-09 9.872901344879999214e-06 7.022034446970000368e-09 3.990513791140000155e-01 4.487515974610000252e-09 1.263483331659999986e-01 2.350625602669999953e-02 2.115016507440000022e-19 1.878536466109999964e-06 4.510822659739999740e-01
3.385675574440000224e-01 3.218399549100000023e-09 2.967576617159999874e-01 1.701305062759999875e-01 1.945442713459999973e-01 7.818810760180000309e-15 1.849698212760000110e-52 2.248409978829999887e-28 1.547169334879999921e-26 2.468470728960000009e-18
9.044586294120000009e-16 1.357987955889999876e-01 8.957920282719999960e-02 1.380418319289999900e-09 7.941819833839999489e-38 1.164183909280000094e-03 6.012337027599999884e-01 1.722241135279999891e-01 6.563208311679999719e-30 5.859432247820000121e-12
7.296947864590000088e-09 2.020503289790000171e-46 3.368879167299999777e-22 3.411805349529999920e-01 3.128714264710000248e-01 3.732572619149999995e-23 2.650015272649999809e-01 2.524432835050000132e-03 4.899900943030000278e-10 7.842207068879999965e-02
2.157737894529999932e-20 3.183405376280000105e-44 1.439570390590000082e-01 9.621674836960000202e-05 4.871974821089999907e-01 3.687492620830000178e-01 2.014491255760000102e-41 6.389504420700000066e-18 1.135874529200000062e-53 6.431609658710000333e-32
4.845997232650000285e-03 9.269670634740000137e-02 2.039937534810000105e-02 1.864248175489999909e-03 4.955844848290000271e-01 7.235725307900000278e-07 5.168744097809999939e-13 1.315529856240000087e-04 1.697269716829999942e-01 2.147499398250000135e-01
2.104376001300000095e-51 5.792081565039999979e-36 2.521628046750000185e-01 1.823649784599999935e-01 5.654709657409999757e-01 2.642578367009999841e-08 1.224698800460000078e-06 5.479689428179999541e-22 6.791372395510000019e-19 4.481883641520000183e-100
4.444719313839999852e-01 5.555280686160000148e-01 1.697885982609999947e-15 8.505531399109999916e-14 5.085875234229999983e-84 3.993520534070000255e-27 4.281156246200000331e-43 1.040560257029999970e-66 3.688250595520000026e-26 6.321149312919999980e-18
4.413012890660000243e-01 1.394383310890000056e-08 6.840593923630000628e-02 4.774769695399999950e-04 4.898152807839999956e-01 3.677380497370000229e-22 6.009356657519999838e-41 2.574673183590000037e-21 7.060403969919999958e-24 1.328389433139999897e-31
1.484808862410000015e-41 1.047493228770000073e-08 6.668883408710000182e-01 8.902092451530000273e-07 2.513239519020000052e-22 5.946371897649999766e-02 2.736470304049999913e-01 8.687735516020000140e-09 3.752553516489999792e-10 7.582163515269999839e-28
1.651826464010000094e-18 2.465906008809999883e-01 8.828298428259999777e-04 3.211627952989999840e-21 1.754990488929999971e-15 3.597638706929999763e-01 4.370526770659999851e-06 1.531033173839999872e-01 2.396550106729999907e-01 9.446619307409999977e-18
4.634531437880000147e-17 3.799284811520000082e-01 2.882264758770000102e-01 1.101418917789999983e-08 1.280808109209999991e-22 1.702570408059999874e-01 2.204729804820000012e-11 6.552451304309999901e-14 1.615879911280000136e-01 3.309926461299999766e-19
5.602446055309999728e-01 1.240709067950000090e-09 3.755013703660000091e-01 3.948880874249999923e-02 4.142618542129999715e-20 1.184833347270000073e-12 7.711827314340000071e-06 9.680537513869999819e-17 2.475750229159999830e-02 2.154353680890000162e-36
2.788961437909999862e-18 3.841751099430000260e-01 2.848444756369999995e-27 1.332985993910000000e-01 6.074184406839999781e-37 3.099579946579999949e-61 4.820907915509999864e-01 1.596557373799999878e-41 4.354871967830000238e-04 1.191806147209999964e-08
3.329702931380000157e-22 4.799472874540000045e-01 6.287822588129999765e-03 7.384861290720000360e-02 4.399146219160000038e-01 4.649641071820000222e-18 1.655134644130000006e-06 7.101933905830000029e-20 1.326772579229999961e-15 8.439722381679999949e-34
2.398266659819999978e-17 3.513275449189999788e-01 1.337745838059999962e-13 1.591395180100000023e-03 3.812156645600000004e-01 1.142510466349999958e-25 3.043058471920000149e-08 3.569489948690000258e-08 3.419601751500000100e-17 2.658653292159999793e-01
4.327575216160000280e-23 4.181034947639999944e-01 1.075731445889999905e-09 2.475496227230000061e-41 8.581412968310000309e-22 5.818964648850000199e-01 5.273012571390000126e-28 3.927463583389999795e-08 5.717226543280000172e-40 1.232501221600000019e-15
5.198616400960000248e-15 2.373189192590000150e-56 1.711790443969999910e-78 4.942112145459999864e-35 5.363490998019999623e-01 9.075556670140000179e-54 1.082330293810000038e-01 2.299078009969999858e-15 1.162313783510000040e-03 3.542555570329999903e-01
4.049957653510000016e-19 1.236765055250000060e-16 1.614017437530000099e-01 1.032884660799999959e-35 7.048667684930000457e-11 4.560211053319999781e-07 4.505631760149999910e-47 8.385978001560000505e-01 3.098763708259999887e-108 1.224195911709999913e-37
2.088940422369999911e-79 6.723241497749999649e-28 2.812463981600000180e-13 8.050899956900000025e-16 2.997708566660000074e-01 4.399953834190000190e-01 2.602337599139999957e-01 1.206761905550000097e-15 3.195797125910000199e-33 1.182974442080000045e-35
7.600284745230000457e-79 3.082078150420000059e-28 3.084180862079999937e-13 1.256318830880000061e-15 2.997700792040000062e-01 4.399955561619999789e-01 2.602343646329999816e-01 9.694659793370000470e-13 5.939922693249999758e-34 2.535646465590000044e-36
2.955101710969999987e-13 1.125966563189999982e-188 1.021775098660000065e-40 7.344739425790000609e-02 7.268390931310000358e-01 3.271025843929999918e-24 1.997091322560000104e-01 3.514210944529999949e-20 4.380355497260000417e-06 1.792718110250000019e-22
6.316136977049999768e-01 2.185382832270000132e-04 1.220459278160000022e-01 1.575362835590000043e-03 6.033995285299999603e-63 4.471172527600000184e-04 2.032518927119999958e-35 2.414545396890000061e-63 2.440993561060000039e-01 6.028915771930000361e-32
6.786963971950000391e-41 8.251540840550000144e-01 9.362596276589999858e-33 7.175535324899999512e-02 7.006920903110000284e-25 8.912570640170000533e-53 5.976965347410000434e-13 3.111528742910000156e-73 1.030905611529999988e-01 1.542799262019999974e-09
1.907040811209999944e-18 7.599437651429999385e-02 4.288729787430000165e-13 4.984432806840000065e-21 1.151107587580000080e-39 1.817314428519999914e-01 3.497275037559999800e-01 4.999479803330000229e-08 3.075158139339999966e-06 3.925435517240000172e-01
2.438272662470000203e-16 3.175035048079999922e-01 6.418298242879999362e-11 1.784488808740000106e-36 1.795500423850000028e-21 1.533503169129999938e-07 7.940380540500000075e-34 4.358947722350000054e-01 6.985864948539999793e-50 2.466015695429999988e-01
3.959878382399999911e-15 1.529719819140000061e-18 7.600954121170000228e-25 8.031250498059999687e-02 9.479533808329999676e-67 4.591883575630000222e-15 1.034243894390000042e-33 3.621462407540000036e-88 7.348669180360000164e-01 1.848205769830000011e-01
6.827412725829999918e-01 7.330053068939999862e-38 3.167552876399999939e-01 5.034397701029999809e-04 3.402369949960000185e-34 6.015992265470000259e-12 6.088694777709999804e-56 1.913889461230000058e-28 3.105780851040000132e-65 8.776476724389999562e-37
4.347097259230000116e-07 5.929449757100000440e-01 5.808174454259999888e-11 1.969086532199999882e-04 1.339335432430000038e-43 3.724843143130000015e-30 4.068576808550000146e-01 3.307643216089999957e-17 1.176709665760000001e-14 1.432947539549999996e-11
3.208135497640000056e-01 3.103346187089999764e-01 5.093952774899999751e-03 3.329270065310000171e-21 2.642733944629999867e-25 3.169946125559999772e-01 1.413447589160000010e-44 8.433317806150000041e-32 4.676326619619999847e-02 3.881235947169999878e-31
1.213812255129999955e-32 3.458281791489999771e-17 1.258557296699999992e-24 7.156525929349999795e-05 6.498659148300000271e-31 1.878146348339999914e-12 5.531767787029999717e-01 1.405564691490000050e-33 3.726899544720000106e-03 4.430247564909999825e-01
2.629696504769999943e-01 3.223094459219999993e-07 1.093290427449999939e-54 9.746626738240000606e-10 3.265529000940000255e-20 4.461306717040000091e-152 4.327250892629999951e-08 7.465358886529999384e-36 2.511959888979999889e-01 4.858339940679999858e-01
3.731725524859999802e-10 7.630714140660000130e-06 3.727843142300000167e-08 3.993362374419999750e-01 3.726554059980000108e-08 1.261980450250000108e-01 2.325251377619999907e-02 7.788948300040000381e-19 1.665826068209999914e-06 4.512038322999999962e-01
9.850516871720000137e-03 1.162401252420000031e-01 5.031210097310000054e-04 1.564972171980000097e-03 5.092960107780000190e-01 9.283662589480000281e-10 7.759276670580000112e-12 7.359257309699999921e-06 1.679915977410000039e-01 1.945462959929999958e-01
5.385671925789999957e-14 1.253123338109999938e-09 6.327428181019999487e-01 3.795509375650000107e-30 1.740985167739999963e-14 1.410806814159999928e-15 3.761655066069999929e-59 3.672571806450000143e-01 2.372188818260000103e-188 7.868202641889999706e-29
1.276258491670000029e-15 1.023677872430000036e-07 1.355227283190000021e-01 5.665583674190000085e-01 1.497300356140000011e-01 1.386951774170000022e-17 1.492851867999999972e-21 1.481015676759999955e-01 3.329347197540000033e-34 8.719860445329999507e-05
3.229514965590000188e-23 4.888799180539999956e-01 5.111200793989999491e-01 3.447107223880000189e-28 4.914101904859999672e-35 2.546312238200000103e-09 1.318599991139999979e-49 2.748440473900000017e-23 1.733032913279999975e-71 9.084651847079999554e-43
7.261110531159999937e-01 1.185868642670000005e-04 7.867674934209999838e-17 7.235697013810000496e-58 2.570841301149999758e-01 1.343537927950000080e-18 5.290088665030000009e-49 1.668622989959999900e-02 5.768137396199999929e-12 7.579563261630000187e-27
2.427163162289999891e-52 1.753358508359999922e-13 2.329655334079999912e-11 5.776815226659999873e-11 1.657535508080000001e-07 4.662985448429999846e-01 1.030903704140000003e-04 4.712834452230000353e-18 5.335981989520000024e-01 1.584715223059999927e-19
2.033506712729999875e-14 1.117114679069999923e-06 3.290402791490000256e-01 2.407102922890000038e-03 2.808220355769999732e-01 8.121564756690000207e-13 1.090936839099999943e-15 1.730128816959999922e-24 3.877294652350000148e-01 6.281821114829999892e-47
1.137900846989999931e-25 3.710573622100000191e-01 5.029081503709999750e-08 2.523101710559999942e-07 5.653037721289999595e-01 2.994819747819999867e-19 6.288832175279999992e-02 2.016846478239999983e-19 7.502413077309999859e-04 1.394928352360000051e-33
2.242926147909999931e-50 7.718744177030000016e-20 1.761872554769999936e-14 7.171160012999999497e-13 3.332888826479999955e-01 6.906869168910000079e-04 4.465514063719999704e-02 3.051740441510000235e-01 2.076043779970000036e-30 3.161912456459999854e-01
1.361863026429999948e-03 2.203960289400000092e-04 1.525138116770000107e-01 3.198880161989999804e-01 5.252941673789999669e-30 7.580758809350000247e-21 1.219685935510000046e-12 2.855074021519999894e-01 4.819341988650000043e-62 2.405085109150000011e-01
1.337793685710000069e-01 3.836891381259999734e-01 1.418723068040000090e-01 3.406524653579999784e-01 2.990389972450000116e-29 1.398944609459999995e-10 1.960506669419999881e-68 3.616586375610000134e-79 6.721001529080000189e-06 2.400146303730000098e-35
1.864238835020000026e-03 4.859961177769999743e-21 1.326846836679999986e-09 5.118737740790000323e-01 1.499859435390000022e-21 1.637981243759999983e-01 2.335110000450000074e-20 2.746523272070000102e-41 3.224638606610000235e-01 7.229883118450000120e-10
4.389918746990000043e-59 1.980248735379999958e-01 2.629065640159999884e-02 9.352150954229999594e-25 3.431483154589999930e-22 5.893277885460000004e-02 1.306067362299999923e-01 5.861449549760000544e-01 6.288571601570000207e-38 7.233999687490000665e-33
1.963553188080000012e-01 1.677271068220000105e-01 2.396174184060000162e-25 1.157063491580000022e-22 2.393471083189999959e-01 1.904746135790000144e-48 9.139195190900000313e-30 1.926597485699999960e-13 3.965701767200000005e-01 2.893308063299999826e-07
2.771515669829999978e-11 5.531092810920000243e-04 1.592314911819999942e-02 1.053585006550000064e-01 1.953907836580000149e-08 6.163298521259999996e-01 5.837339125670000006e-26 1.794445195019999953e-37 2.618353692529999943e-01 1.374133713669999987e-14
7.484817063379999537e-13 4.372847546279999930e-69 2.138767423780000048e-16 1.540296162810000091e-01 4.198685232720000170e-24 7.242904053709999790e-01 1.216798001130000029e-01 8.645428881419999090e-22 1.782338703030000018e-07 9.729339998870000131e-23
4.201099864200000256e-01 3.622648337100000144e-18 3.884970526820000127e-03 2.684866203410000152e-01 4.655692316320000051e-30 2.691443045210000218e-01 1.733577061860000126e-17 5.274115720560000102e-29 3.837411819110000261e-02 1.420958636520000082e-26
2.252881537980000209e-25 3.730640204090000296e-39 1.108601722690000028e-69 5.984482943879999993e-58 4.469571549820000074e-17 2.344674374090000180e-47 8.307101074500000681e-02 5.370727479629999745e-01 2.170082103249999850e-14 3.798562412920000186e-01
5.189704132689999527e-01 8.107888549619999840e-13 5.789743960099999991e-24 9.536887011939999972e-64 2.057466974400000079e-02 4.328547947190000134e-01 7.733678817569999617e-47 2.194588173540000173e-02 4.690691849539999823e-06 5.649549839540000257e-03
6.289561839309999696e-21 1.958176766699999960e-01 1.767739409190000055e-01 4.326630273669999934e-09 1.234214200689999935e-14 1.104271642460000054e-14 2.278924265510000136e-15 6.274083780450000480e-01 3.117230298219999853e-52 3.909330628940000018e-11
3.052374003700000227e-01 1.114619063490000044e-24 2.112021412770000100e-18 1.752882333419999932e-46 2.619146539409999974e-02 5.664746363810000407e-01 7.171553306190000461e-46 1.020964976559999987e-01 1.615074709370000051e-18 1.981636700369999983e-10
7.123296719999999606e-04 6.980218886850000359e-01 1.710957374220000097e-11 1.284766231629999955e-30 4.307355355640000300e-02 2.345851924769999930e-01 5.900414932459999974e-19 5.349030034649999795e-06 2.360168656149999947e-02 9.576139028409999034e-13
7.052231933299999682e-17 2.290336924870000068e-01 3.400880829240000322e-30 3.653014324929999834e-02 6.348157097749999846e-34 5.122615219989999815e-76 6.099961871379999678e-01 1.069635254510000039e-41 1.244399771220000006e-01 3.362641472729999851e-12
4.797477793120000149e-24 1.023463237420000052e-53 2.929959545160000225e-10 1.017810062380000011e-18 7.019779779720000451e-04 2.252941087589999947e-01 5.533443501689999990e-14 7.740038890070000122e-01 2.396269189500000120e-08 7.833410063649999610e-35
1.892570649739999970e-04 1.977209150719999962e-52 3.133254854189999964e-12 1.056162522469999976e-01 4.692419203249999831e-11 3.146474135949999806e-01 4.731562354510000096e-02 2.881573932400000038e-01 4.653042745119999937e-08 2.440740137269999943e-01
2.252231458920000061e-18 5.170973557510000207e-01 4.114775764620000060e-05 5.389259288790000137e-03 2.716211784509999860e-29 5.446882410110000096e-14 2.553176282369999928e-36 1.149250607519999995e-54 4.774722372019999939e-01 6.148799462010000058e-30
7.578659298630000400e-31 6.180708944049999559e-05 1.647481231369999924e-07 7.999707624449999832e-01 1.267183859289999931e-14 1.925530349329999979e-20 1.999672657169999923e-01 1.023121483900000044e-14 7.180910641740000471e-57 1.234012105169999964e-14
1.220161003859999994e-27 9.999999320500000399e-01 4.522815866669999879e-48 2.962057246269999955e-71 1.583811725819999939e-33 3.024029123040000126e-68 6.102094744129999677e-15 1.707567860959999974e-17 6.795012679520000031e-08 4.621830665540000203e-31
1.437959765780000158e-42 4.981012916559999781e-01 4.116667955839999998e-19 8.859987925399999970e-40 5.188517724990000441e-19 2.286089920889999983e-09 3.575421685389999771e-02 4.661444892039999788e-01 9.843182845499999977e-15 2.022937412090000040e-14
7.126168503880000440e-04 6.231944175779999956e-02 2.514328750090000231e-01 1.617984723699999937e-09 6.834040074519999453e-02 4.113498370009999797e-13 2.881106654999999856e-34 6.285843878410000192e-30 6.171946640190000277e-01 1.887332851149999996e-45
1.474412133759999965e-01 1.552491898810000023e-21 3.566639932009999899e-23 2.442288765819999874e-01 2.268303755049999870e-01 1.627255997490000103e-32 6.891929727729999717e-09 3.511947960600000086e-16 1.901387867090000122e-18 3.814995276450000028e-01
8.813222164740000431e-23 4.288999304630000120e-01 1.049355990969999932e-03 1.803316640419999894e-01 3.896901809130000061e-01 2.699558277039999977e-05 1.860084839299999953e-06 1.064167965400000075e-20 1.292349076719999934e-08 2.419789786480000060e-20
3.331225029880000108e-03 9.577281986459999785e-02 2.529232747820000116e-03 1.643400749049999943e-01 8.283487548429999792e-60 3.883419227150000097e-01 4.084127198989999755e-11 1.034793378020000042e-26 1.051657927780000057e-01 2.405189319180000007e-01
5.366815585509999709e-01 1.119340720689999886e-47 2.705657129060000110e-01 8.807784213769999371e-02 3.826146394289999897e-05 3.284773135760000187e-15 6.017034290109999681e-18 1.046366249420000033e-01 2.441599590840000207e-44 3.341598743740000136e-41
8.566484671409999947e-41 1.198259277779999938e-81 5.280125939090000267e-19 9.999769506529999630e-01 2.415413175990000069e-06 6.123057201130000356e-09 2.062778407829999889e-05 7.571239652340000250e-29 2.672090405650000069e-11 5.860812402330000118e-56
2.810792406390000033e-11 6.329651251040000481e-01 1.384850938280000008e-09 3.669629114149999816e-01 9.715614082020000432e-61 1.417885182910000074e-21 5.264034238520000113e-06 2.407796639909999880e-26 4.121161202740000151e-22 6.669803419210000182e-05
1.442606950060000004e-01 3.200720273930000093e-26 5.349849966500000155e-07 5.081748424440000189e-01 7.083766115849999686e-17 1.422883859999999981e-09 3.746228594540000151e-09 3.473772667230000111e-01 1.370181231520000050e-17 1.866556728990000102e-04
1.148668197640000096e-18 2.141361732729999967e-01 2.872922897819999988e-01 1.189011171630000011e-14 8.609696305730000628e-11 2.590996264549999907e-08 7.160091999940000477e-05 1.753550465819999904e-01 3.231448634460000191e-01 9.184635673139999947e-32
9.376128450969999432e-11 1.391274968299999971e-06 5.048656079129999474e-01 1.379267318569999956e-01 1.404475035479999879e-04 1.172059508110000030e-02 1.449207947819999959e-25 1.974003954999999942e-31 3.453452262769999837e-01 2.019188784660000085e-29
9.796535890230000099e-02 9.860603519339999965e-08 2.428913249350000036e-40 1.903416068700000015e-85 5.844754515500000247e-02 5.168286151179999710e-24 9.451448504750000463e-36 7.410013958169999748e-01 1.749504881679999984e-12 1.025856015180000025e-01
2.922275563500000178e-12 6.746882732400000065e-07 3.289911500200000116e-01 2.462029542529999785e-03 2.808305376249999874e-01 3.581624942690000020e-12 3.013568112970000089e-18 8.416792854749999655e-25 3.877156081179999880e-01 3.483977547900000241e-45
5.216302312730000193e-17 3.532366040100000104e-01 8.212808533849999990e-06 5.082047709549999964e-05 7.666961945040000741e-43 1.303431224399999866e-01 2.257273388790000113e-01 6.366870508929999603e-14 9.890871491410000768e-15 2.906339013850000041e-01
5.527364738159999957e-01 6.791945890870000057e-13 2.714543815740000209e-44 4.278622660100000003e-07 4.234367829399999898e-34 1.176847758079999990e-95 2.838535340500000098e-25 4.581638346230000416e-50 3.763536767719999898e-01 7.090942154849999568e-02
3.895226146349999651e-15 1.489258393710000128e-01 5.098527314970000287e-27 3.609069091630000026e-47 3.301404779569999913e-38 5.897541541310000266e-15 5.207413722060000305e-01 1.590011965020000084e-01 1.446682217049999886e-01 2.666337021640000082e-02
6.803086197980000305e-03 1.459436743809999912e-83 1.228185460369999941e-47 5.696496986770000268e-15 5.180742291250000076e-01 8.966165851669999843e-32 7.246888812720000309e-13 8.424552551270000133e-21 4.751226845950000111e-01 8.096390220929999933e-11
8.600199525029999750e-21 2.496573214570000068e-08 1.184678688000000008e-01 6.838303906580000319e-12 8.185706117640000334e-01 2.333026509820000057e-12 5.556020958850000341e-22 6.296149446109999825e-02 3.035018029189999867e-70 2.463517852019999951e-21
1.799868133430000108e-32 6.967352616149999900e-01 3.041558476570000022e-04 1.182581360249999932e-14 9.727287489199999954e-12 3.044807805349999952e-02 1.593456854020000035e-01 1.131668190720000050e-01 4.855667908029999977e-17 7.974225496750000323e-18
7.903977618680000055e-18 2.733805030509999909e-77 2.384039443339999934e-62 1.444342818409999856e-20 3.318753464060000269e-01 6.614892180999999907e-48 5.281214673529999876e-02 8.832464078919999592e-11 5.902122967030000167e-01 2.510021006759999979e-02
4.450831447809999730e-01 3.122432791970000118e-46 2.623018666530000106e-26 3.869316519820000244e-01 1.676906720930000094e-01 8.528309943340000595e-25 7.089186343689999259e-18 1.127838528559999970e-26 2.944993765980000048e-04 3.176719640909999813e-08
6.756435567840000040e-15 5.275877595550000354e-01 3.668315770839999796e-31 9.469309416259999387e-13 1.840062059159999900e-11 1.601129007940000117e-58 2.052078392120000168e-34 7.510947687850000269e-37 1.811503877059999969e-20 4.724122404250000185e-01
4.092256050570000081e-01 1.456826454390000025e-01 2.118926523579999811e-03 8.220689728649999356e-31 9.763478163350000447e-08 4.061023327100000125e-21 3.736300577729999978e-48 4.429727253460000180e-01 6.354654889039999955e-70 2.476956041330000124e-28
1.963221791879999970e-188 7.189139395339999616e-30 2.858139234839999913e-30 2.613962710600000090e-50 2.831402802519999984e-01 6.144306490650000338e-18 7.161745069639999794e-01 6.852127845860000489e-04 1.286223163800000076e-33 2.789830889279999849e-53
