1.762862574220000004e-25 4.209630789069999970e-22 1.706478708879999986e-32 4.902469016309999802e-03 4.115967876730000086e-01 1.407079412930000102e-32 5.595344153629999706e-01 1.563010868440000100e-36 2.396617465179999920e-02 1.532957447700000085e-07
1.814339111169999960e-09 1.854356018889999835e-33 5.100994800720000111e-01 1.967683557790000009e-19 6.562870643680000420e-38 3.795315707040000081e-62 3.505070831559999775e-54 8.201488197359999537e-10 9.037975598770000376e-15 4.899005172929999929e-01
5.138330067529999585e-04 3.391713050380000261e-01 2.047480022840000074e-05 2.363272571129999938e-07 8.068562039799999239e-15 5.017687433450000141e-118 1.008209890250000031e-25 5.952085685639999825e-04 5.149970889149999703e-02 6.081992333679999696e-01
4.606646063780000317e-11 3.845400015750000122e-01 2.517578197260000033e-24 4.432893605130000178e-05 6.791379101090000362e-15 2.540279463940000005e-87 2.844551185079999822e-01 2.972377953960000121e-06 3.221516122220000056e-01 8.805966334850000299e-03
7.884246653230000199e-10 2.868582113459999965e-34 5.100994804159999507e-01 5.611116330059999472e-20 1.193010969390000087e-37 9.950619605670000159e-64 3.297517900829999930e-56 2.820434907469999935e-11 1.603831404519999995e-16 4.899005187680000040e-01
5.163767612249999983e-33 9.386306463600000555e-26 1.435631947879999987e-43 3.209778258389999895e-27 4.517540339910000292e-115 5.764437295560000351e-22 3.333332756349999815e-01 6.666667242489999756e-01 7.620851548910000715e-18 1.158187781839999936e-10
0.000000000000000000e+00 1.837129305510000028e-41 1.616522000100000140e-76 4.285898826660000105e-01 5.400135247739999836e-55 8.891880414620000253e-10 1.428282473559999988e-01 7.785084846320000332e-54 4.285818690889999782e-01 9.603951946069999816e-101
2.077397568249999821e-27 6.054915782650000460e-36 3.999835551159999780e-01 6.676349340000000170e-10 1.241247030710000055e-16 7.249418423059999548e-32 2.792211932510000146e-50 2.882795183119999799e-22 6.000164442169999557e-01 1.446993276519999880e-26
8.615278110350000495e-08 9.111532766830000286e-34 1.472967030930000079e-10 2.018911439599999972e-19 2.754595119820000173e-18 4.146523113730000154e-01 2.987213263510000010e-09 7.739365895019999715e-10 1.907588734940000012e-07 5.853474078070000086e-01
4.344323833319999836e-29 1.219435377850000091e-18 2.146290348690000072e-01 3.522235632969999974e-01 4.376319265500000256e-24 8.090045504399999421e-02 3.061399863559999925e-25 2.585032202920000069e-11 3.522469467639999796e-01 1.035195170470000071e-26
7.781753839539999853e-41 2.318119548559999802e-06 3.634524717520000170e-01 4.927353197320000211e-02 5.572059660440000120e-39 5.872716781560000099e-01 5.240448373310000088e-48 1.924268306540000048e-25 1.330293878940000033e-32 1.082172012020000022e-47
2.717147671209999980e-17 4.427103549440000174e-01 1.792641056189999971e-01 3.020485347679999862e-09 1.944709546300000113e-07 4.843188643569999730e-02 3.562691214429999893e-17 1.792137388649999996e-01 1.503797166449999945e-01 9.043126255669999882e-38
4.743898679699999720e-30 2.143723142109999944e-75 7.471443248719999985e-01 2.743501480230000136e-02 2.352333515710000108e-32 1.075210472710000058e-52 1.580053647619999876e-60 1.577338856780000020e-35 3.041939495320000048e-02 1.950012653719999933e-01
1.008850627569999993e-09 1.014290909079999959e-53 5.011762309079999613e-09 1.255473901080000075e-14 4.077217668920000149e-01 1.165527179190000026e-42 6.525524164529999639e-36 8.090267771839999322e-37 6.017914558970000233e-11 5.922782270269999483e-01
7.650757571929999726e-30 6.882684425140000254e-67 2.491651834599999948e-01 2.162345037420000098e-56 6.524702391460000081e-31 9.373075740040000010e-04 7.460254928129999830e-66 7.498943059389999721e-01 3.203026430910000135e-06 7.500244425160000419e-56
4.268773651150000142e-06 7.921737141620000282e-23 3.459749390730000317e-36 2.610422519159999941e-46 1.410449811090000000e-52 2.952950164849999781e-07 3.032591302029999936e-01 1.176139605879999994e-02 8.192506171839999999e-35 6.849749096689999872e-01
7.687450880840000092e-32 1.082761709889999999e-28 2.396663177139999877e-54 2.424978645430000018e-38 1.840804579160000051e-38 2.840111205249999873e-70 1.049833596960000059e-01 1.106379429989999968e-01 7.843786973049999833e-01 7.140177202450000181e-22
3.973771508840000295e-09 1.782206847390000026e-93 2.200522051640000087e-01 2.887556016679999913e-28 2.345789422860000133e-08 1.911815675899999900e-01 3.980519094949999740e-35 1.799433133240000093e-17 2.081562312000000137e-01 3.806099686150000161e-01
3.333333171280000173e-01 5.828148820470000319e-21 6.666666812649999496e-01 2.560517040609999948e-53 1.180933583870000059e-34 1.415757492579999869e-57 7.014960901310000162e-92 1.607382673659999989e-09 5.960100472879999464e-54 1.373863983169999991e-19
2.341232267679999882e-28 4.484293724750000198e-49 3.999987853160000273e-01 6.000012136610000102e-01 3.849626515810000107e-19 2.012088844589999956e-32 1.305625352980000096e-54 9.027242244029999930e-40 8.993269597030000114e-14 1.023403579300000088e-09
1.949216971609999834e-06 9.457585161890000314e-02 4.644809997060000440e-16 3.372496516369999870e-10 1.235773788260000005e-16 2.475216717559999759e-75 1.244280661450000055e-07 2.557392710179999806e-01 2.753713827470000153e-01 3.743114206340000250e-01
5.714122428369999840e-01 8.131728001729999225e-09 7.024022338939999542e-27 3.346614662779999873e-35 5.584340626609999854e-15 1.889293747790000034e-06 4.285641849340000031e-01 2.089765857260000162e-05 2.052782848890000107e-34 7.771450669829999891e-07
3.466017286250000119e-32 2.375105230859999843e-108 8.597697132029999209e-25 4.965043653160000243e-28 1.331373587730000021e-40 6.663822600519999639e-01 4.516542127970000009e-15 3.626590698699999887e-19 3.326981964890000087e-01 9.195434584409999937e-04
4.017429121200000216e-17 1.562461576680000130e-01 8.086639409780000317e-09 1.864529250149999928e-01 2.720545746270000009e-01 3.852463346039999847e-01 5.411419291399999655e-40 9.745373427269999958e-80 1.641937846019999840e-61 2.987628873729999961e-28
8.094804285230000326e-11 2.070852337279999921e-07 1.997877448300000025e-01 2.049921550350000069e-04 1.066721155550000080e-05 7.999963886369999555e-01 6.937611532240000511e-48 2.174100486430000019e-59 2.239865819039999887e-72 5.613208067779999633e-13
4.603792604279999950e-02 1.652119985359999874e-48 2.109047081339999892e-21 2.624445015619999893e-47 3.151599269909999864e-09 7.134109919700000468e-02 2.336410686779999968e-01 2.209183568549999976e-01 4.260620885590000184e-01 1.999457516630000122e-03
7.974738429170000198e-02 7.451345850020000411e-03 3.057467598840000114e-10 7.764368565769999595e-13 2.469624352500000009e-01 2.868715710750000051e-64 7.341291374979999536e-12 6.657893668879999449e-01 2.129252630430000083e-06 4.733815371280000229e-05
7.992769892289999240e-15 5.965593078730000443e-01 8.138537935900000467e-22 1.071535585049999956e-14 2.859903915359999780e-41 1.039618564610000061e-07 1.002198515870000028e-01 3.032207365549999811e-01 5.895218344839999824e-31 2.278969629250000065e-11
3.939863985019999933e-10 2.486412531549999788e-35 5.000000123660000018e-01 9.286290662429999841e-54 2.974977559479999983e-32 5.354410205969999821e-26 1.431979935809999937e-67 4.999999872399999989e-01 1.100449454620000006e-27 6.727035790659999970e-31
2.973523919179999902e-12 1.441261752479999881e-42 2.547313348799999932e-01 1.937335637100000066e-17 9.216708510780000535e-36 4.134620737810000176e-31 1.748319445840000105e-33 2.547313424880000010e-01 1.907647421339999927e-01 2.997725804940000183e-01
5.828695262989999586e-13 5.691824235600000392e-01 4.307623339500000204e-01 8.692079326140000495e-10 5.524162026279999955e-05 7.270100480820000295e-40 3.090772753580000153e-47 1.102029941779999963e-23 4.255959360720000183e-23 1.585102925489999993e-32
4.295287362840000212e-97 6.228863346800000386e-25 1.055287820749999983e-57 1.130816336880000007e-03 1.105419216230000001e-01 5.555006390340000433e-01 3.328217482809999739e-01 2.331078273320000157e-70 4.874725344680000301e-06 5.920117246200000491e-100
3.367018867769999989e-11 2.673451676779999915e-21 2.205770791770000072e-01 1.497513173510000017e-01 3.847969090450000170e-08 2.796220862509999889e-77 7.245203877250000572e-33 2.461994577120000141e-14 2.088131001509999918e-01 4.208584648070000100e-01
5.280052691610000212e-15 1.134729181620000029e-04 5.895996902689999857e-28 2.712849101069999718e-20 5.717029355699999593e-01 2.373529562109999967e-11 4.281835914880000038e-01 1.347522594080000061e-14 6.876046454429999901e-15 3.251124330539999930e-28
1.061007875150000031e-66 5.466472109670000321e-67 2.692767774460000099e-56 2.784202270309999918e-13 9.033067834649999490e-05 1.247144581080000033e-03 3.990869670070000264e-01 4.266347835919999725e-68 5.995755577329999753e-01 1.258029640379999885e-41
6.630714467240000276e-29 2.453165084390000110e-36 5.469116183490000394e-01 2.266053111309999923e-01 8.273508907849999395e-08 1.589250686509999928e-63 7.358113401529999533e-61 1.611689399980000011e-40 2.264829877850000062e-01 1.295431594269999927e-22
2.391147432210000146e-03 6.488119317620000270e-04 5.530383826330000085e-02 1.613548251429999982e-06 3.470401064979999722e-11 1.315521761589999949e-42 9.202258035030000158e-17 5.535722918790000197e-02 5.331487319650000112e-01 3.531486276370000010e-01
2.021411756699999923e-02 3.651380091559999763e-01 3.129051514459999841e-09 1.271767106280000036e-31 2.054299216440000086e-07 1.827285109789999987e-62 1.166477046300000080e-30 6.146476647180000308e-01 2.201432218609999981e-14 4.566979608310000016e-24
2.362532387519999842e-33 1.412260775970000110e-26 5.999998764439999910e-01 4.020696270580000137e-18 1.652549923030000164e-36 4.000001235560000090e-01 3.570568313389999800e-54 2.460739620159999821e-15 2.929943670809999910e-21 4.026036467539999915e-46
5.128347823740000137e-44 1.514199534860000058e-30 2.847577614369999883e-68 7.489066058509999957e-01 2.463042000679999954e-01 2.643008537729999984e-16 4.789194080490000172e-03 0.000000000000000000e+00 3.710585431720000063e-45 1.681352741220000109e-14
5.806063202189999853e-09 2.280061577129999933e-02 7.183115839829999627e-02 3.273684797310000153e-04 6.139812420870000009e-01 2.910596094569999903e-01 5.054786713990000229e-42 3.830362966599999957e-54 7.960447346100000022e-48 2.973488263730000258e-20
6.666666519609999453e-01 1.075960749499999960e-48 3.333333480319999875e-01 4.633104630679999560e-53 6.976544066789999783e-12 8.479499428079999966e-23 3.202479202810000291e-89 3.422745702670000257e-35 7.382160698269999950e-53 2.322809051599999973e-20
3.751154013850000175e-10 3.711902211000000034e-37 6.188274065309999959e-13 1.232604560600000089e-21 2.742748772979999860e-28 4.146525649030000094e-01 2.147811900609999960e-13 1.887726455519999951e-11 5.493022359560000046e-15 5.853474347020000135e-01
5.928439900489999431e-39 2.543364052120000114e-47 2.360252864839999969e-36 4.952127423509999904e-01 1.251713533900000063e-15 4.952113566749999918e-01 9.575693926990000091e-03 4.621310010140000070e-62 5.039242920789999511e-16 2.070470938879999944e-07
4.063878372190000075e-17 2.300531995360000068e-45 1.291502298610000059e-10 1.962256891339999865e-01 1.483822409259999975e-01 3.197371091010000055e-01 1.230963382660000077e-08 1.668940791979999932e-34 2.069975890559999920e-01 1.286573593449999997e-01
8.918830210410000143e-11 9.670710487399999944e-02 1.298968361279999872e-01 3.143942533940000117e-01 4.762468930200000096e-04 1.098797619419999955e-04 2.401887366399999819e-06 4.367607431130000051e-01 2.165253385960000040e-02 2.512813945229999775e-16
2.174440011899999864e-19 4.524393565290000252e-01 1.866296258179999945e-01 1.752440228970000076e-07 2.286920077830000022e-07 4.900285900950000252e-03 9.292203773460000251e-17 1.864974882150000068e-01 1.695328396009999905e-01 6.742614664659999654e-40
4.271493668090000203e-31 2.867655027559999972e-02 2.316763528959999847e-21 1.601291523180000120e-01 1.733114768189999988e-01 6.378828205880000546e-01 4.567978162539999956e-18 9.801429060709999870e-64 1.670254391949999976e-31 3.633702810739999743e-42
3.533993867300000171e-07 3.454335482820000136e-01 6.980855035529999475e-02 9.779241195509999543e-12 5.847574959789999527e-01 7.819422457090000287e-91 1.867642393319999969e-41 4.323138302910000033e-08 8.742928517409999216e-09 3.593203155150000289e-21
4.281161417270000155e-66 2.086878639859999875e-34 1.687892704249999972e-27 5.000029224149999951e-01 3.080316683619999996e-15 3.105874896120000184e-42 2.370393273529999931e-27 3.643612587310000304e-49 4.999970775850000049e-01 2.480313376339999985e-47
5.623585638500000277e-05 1.249702024639999947e-07 5.809310477369999669e-07 2.199322780280000070e-02 9.695680064200000448e-02 1.383409977660000068e-01 2.880779874730000079e-01 4.361445427340000092e-13 9.457561925110000156e-02 3.599984253069999918e-01
3.918700797549999961e-25 4.067506318920000030e-01 6.179116936810000090e-76 2.423721057879999960e-02 5.555363523210000005e-19 1.985006447679999988e-76 5.206188741989999924e-01 1.020894649969999916e-105 5.183541098959999688e-64 4.839328333020000150e-02
5.198845335900000314e-10 2.377687768450000082e-54 7.131866263299999819e-09 3.507412481070000005e-14 4.077217653319999968e-01 1.089758381100000043e-40 7.072759030419999916e-37 7.499703332430000053e-39 1.423673786460000058e-10 5.922782268740000022e-01
1.963825773490000032e-06 2.375230919870000140e-34 3.991152060850000072e-01 1.601261639390000095e-29 9.809624872199999585e-04 5.999018676020000385e-01 2.215833806100000046e-46 1.626509229800000067e-25 6.701730643180000345e-30 4.441460884669999546e-19
5.611159435479999829e-04 4.213533629099999733e-01 4.618636428719999909e-01 7.429034175059999467e-02 4.193153384110000215e-02 1.553214129880000033e-34 8.918329980010000552e-23 3.181900516909999835e-12 4.089657260720000055e-17 2.679994435210000037e-09
2.147311506210000109e-01 1.388268315170000100e-01 4.040541382989999972e-14 3.282661352500000244e-23 2.468134341640000062e-01 3.221509374950000115e-01 7.393358088910000070e-02 3.544065286939999861e-03 2.703196451299999881e-11 2.778533543699999961e-17
2.230291623159999918e-33 2.294430479419999982e-04 3.867197168609999847e-01 1.920693083560000014e-01 1.143389663120000065e-05 2.287127648779999911e-01 7.444199620409999871e-26 1.324113598989999908e-12 1.922573329589999935e-01 5.356701804509999886e-56
1.844179841989999902e-03 1.235771877080000014e-36 1.281743180680000046e-28 1.308476473520000041e-83 2.773183165050000208e-38 5.998183181530000185e-01 6.587311206909999515e-17 3.983375020050000104e-01 1.130776102980000058e-41 3.636150662140000021e-14
7.288455920500000382e-34 1.678882837919999954e-41 6.667942180229999849e-01 9.419153963310000391e-10 3.332057810280000254e-01 3.417123389849999976e-59 1.461506855269999995e-83 1.078460627849999952e-42 6.497717816980000356e-12 5.885648275770000314e-41
2.789887791360000038e-08 5.572981748730000406e-01 4.834893914229999856e-14 4.985083825160000403e-04 6.090466536109999848e-26 1.072339596259999916e-83 1.915552142730000034e-15 1.743557824829999965e-09 9.850866498780000044e-09 4.422032772510000043e-01
2.163769209120000037e-01 1.041215104420000065e-01 3.315537885830000229e-32 5.621418795959999746e-34 1.936618887509999887e-01 3.913479333060000164e-27 4.858396798890000090e-01 4.913119236660000042e-12 8.830022844019999349e-24 1.995305473699999910e-13
6.489173169269999479e-30 6.365551399140000443e-66 4.021020249500000265e-26 4.752569084180000016e-38 3.020920674500000152e-44 4.704853784459999995e-33 2.486156158000000120e-20 4.000000295009999984e-01 5.999999704990000016e-01 7.816085097019999972e-14
4.170664313449999968e-16 2.192674843899999811e-49 4.291752895410000184e-04 4.242235148299999814e-01 2.511397432999999957e-01 2.206780882170000083e-07 3.653605169729999959e-32 5.665966347350000119e-52 3.229820471759999863e-16 3.242073459020000104e-01
1.591546667439999914e-04 4.234013750680000188e-01 4.605689661349999797e-01 6.931067458539999504e-02 4.655975604379999910e-02 8.872231429110000189e-33 6.467275777129999687e-24 9.804075383519999709e-15 2.811619478869999968e-18 7.350088211869999402e-08
3.333332754330000092e-01 1.316936504040000026e-21 6.666666782860000140e-01 1.678045041879999839e-55 1.672642254180000098e-38 7.636103564189999666e-62 1.779108663499999899e-91 4.628106403029999958e-08 9.722891261449999724e-54 5.216286317940000139e-23
1.960072892560000071e-04 6.243359834229999942e-05 5.507008207250000163e-11 3.775972737750000197e-01 6.012744329280000216e-02 2.444497916829999965e-11 4.445233184380000275e-11 1.095335944790000055e-34 1.302274958370000110e-19 5.620168419209999877e-01
3.667446413680000016e-38 2.359529639070000147e-27 1.000319103989999979e-02 6.178985910150000368e-17 4.213356518109999840e-15 4.949902592639999765e-01 3.729889695809999794e-34 1.603867727489999940e-05 4.949905110180000123e-01 7.604673852340000007e-58
2.500798305370000030e-01 1.634805191469999893e-08 3.289214399269999978e-28 1.221298022489999900e-34 7.499201531129999765e-01 1.802961223029999938e-70 5.492492871120000308e-22 6.966704981769999465e-27 4.279212098349999879e-35 2.049390866270000151e-12
6.704885338320000078e-07 1.194319600139999930e-30 1.533130864369999977e-43 4.537922253850000247e-64 2.997042827979999848e-46 5.808898577859999588e-13 6.666049524010000393e-01 3.331558799850000141e-01 9.841064015430000645e-24 2.384971246160000043e-04
2.948463485950000020e-40 3.631729453160000015e-39 3.678632676670000175e-07 1.365000359999999913e-01 1.348830639140000121e-01 2.568142107039999855e-70 2.540438832259999869e-59 5.842816325990000265e-46 7.286165322230000463e-01 6.804211490670000443e-30
2.184820081049999978e-107 4.594859182399999937e-50 2.794021939580000006e-61 8.175793247069999825e-02 1.774382601540000000e-17 9.148176446950000151e-02 7.815334357319999592e-01 3.635983180000000263e-76 4.522686732790000275e-02 7.183573999459999356e-55
2.518518538860000029e-29 9.216795198989999674e-03 5.977682813239999504e-01 3.930136328080000019e-01 1.290669385889999959e-06 2.518383992459999934e-20 6.272402303539999735e-59 2.422257655299999978e-46 8.682240484209999367e-31 2.144390339169999942e-52
5.090083939630000165e-01 4.532394136910000149e-01 3.208313201619999999e-02 7.800663048370000264e-36 1.135686550749999909e-47 3.277609300030000077e-43 1.287836017700000017e-58 5.669060329249999731e-03 3.562894697229999734e-64 4.084542481040000229e-14
4.146634922299999823e-40 4.472616203949999941e-07 3.634476593629999974e-01 4.928165424429999802e-02 1.678402853580000089e-39 5.872702391309999603e-01 2.817559606089999850e-49 3.526790758640000005e-25 8.439321016340000205e-33 1.999458158069999899e-47
2.167757224830000051e-01 1.357861320500000080e-01 5.237718508019999864e-15 9.230124093830000875e-25 2.467457146639999988e-01 3.213349775780000028e-01 7.706029269170000529e-02 2.297160531760000096e-03 6.179453119129999696e-13 2.632140933400000008e-15
8.818324656730000169e-43 2.431958271249999910e-08 3.634434605669999985e-01 4.928748915569999833e-02 4.964036899910000231e-39 5.872690259580000127e-01 2.849845840040000247e-51 1.612323549740000089e-24 9.991815984279999909e-32 3.995444550660000281e-49
1.591539673700000102e-02 1.398604174940000036e-24 3.189185062649999792e-16 6.914436754829999528e-21 2.203855050839999968e-02 6.129658336250000045e-13 1.035270262940000041e-04 4.811303146350000224e-12 4.221228110860000271e-01 5.398197146369999588e-01
6.710649160820000038e-22 3.790369030560000204e-16 3.220323157659999713e-33 4.877073302190000180e-09 3.817672472749999884e-43 5.255055948339999450e-01 5.793883741940000082e-02 2.628097327220000182e-34 6.839500884730000399e-36 4.165555628700000068e-01
1.312960660379999926e-13 5.688144921600000181e-01 4.300350668380000241e-01 1.412479335930000095e-09 1.364165196860000033e-40 1.150439589260000015e-03 9.798886612209999740e-48 3.387684452510000300e-27 5.080622740580000101e-72 1.951457498840000148e-17
2.371888543159999979e-23 1.216800439569999970e-12 4.042442872400000191e-14 5.309240287580000439e-01 1.761669618839999936e-49 9.103161769869999587e-02 2.006392483820000072e-01 1.589051801399999908e-01 1.372684545750000051e-09 1.849992364759999938e-02
4.024534088079999936e-10 1.425375073669999937e-01 3.312207819440000089e-01 5.836700415930000078e-14 8.893436795449999871e-30 1.950424023129999906e-01 4.682539589559999901e-22 3.311993079730000122e-01 4.114213814470000045e-23 1.367951506460000039e-21
2.772617439300000198e-35 8.554264604099999784e-58 2.757295831240000147e-25 4.203453268190000180e-40 7.512800541199999849e-01 1.913524646209999942e-09 1.108024068480000090e-24 1.336589784469999887e-22 2.487199439670000067e-01 6.703617411689999659e-55
3.907922505000000094e-38 2.828045457279999981e-11 8.485492863820000634e-03 4.957579317670000041e-01 3.890345616289999881e-16 4.957565753409999831e-01 2.285200966300000067e-32 1.907348351030000090e-20 9.314666484549999221e-15 3.321135030239999999e-46
5.627446573260000130e-09 6.734448833649999730e-35 5.100994799610000241e-01 1.368033698960000088e-15 5.561081572649999507e-38 6.999273241239999597e-62 2.488241180499999881e-54 7.238704712720000148e-10 6.840097948809999647e-13 4.899005136869999943e-01
9.275321410760000367e-08 2.428005531739999832e-30 4.592944525150000068e-02 2.299090890079999853e-14 2.584321664540000107e-17 1.216668647890000049e-40 1.705565378820000073e-28 4.630726833769999856e-02 5.400989753470000210e-01 3.676642183109999906e-01
1.400466095400000039e-09 4.014162128699999979e-22 2.205079810480000124e-01 1.505550133459999940e-01 1.536255244380000049e-08 3.918223012140000207e-77 4.806028140059999979e-37 1.191175007380000010e-14 2.080865444849999968e-01 4.208504443589999866e-01
4.537210213210000300e-09 1.072698213430000058e-72 6.908904940360000024e-02 2.484102477129999926e-44 6.240816739390000478e-01 3.060331466910000131e-01 2.480230186329999840e-36 8.936862757750000390e-08 7.960360605440000093e-04 9.699927135500000378e-20
6.135189969269999996e-41 6.845656988560000453e-48 5.951288188839999537e-38 6.929766526180000127e-19 1.084072452380000091e-15 4.961785141369999819e-01 7.624345263160000122e-03 2.999465766930000041e-33 4.961971405999999751e-01 3.354200368009999971e-27
5.794216191450000244e-40 5.942465362240000222e-03 1.574249362979999987e-06 3.281369914780000174e-01 3.289969296460000248e-01 3.553053456439999973e-03 3.518357353439999935e-21 6.351290036009999819e-15 3.333689858080000068e-01 5.710275571439999734e-72
5.028194055789999727e-44 2.896894093640000056e-01 2.294288663740000123e-60 7.103105097859999661e-01 3.448829326119999825e-40 9.981072974620000100e-82 8.085044898029999909e-08 9.462356992910000407e-55 2.919273004390000072e-39 4.205709984219999908e-19
2.734611705979999906e-07 3.454342716639999811e-01 6.980611412819999473e-02 1.523765344019999918e-13 5.847591733620000065e-01 3.402354352139999933e-91 1.341642559260000114e-41 1.065977272280000026e-07 6.078670729399999709e-08 1.013895049830000069e-20
4.212207095969999869e-11 1.265581855440000014e-01 2.000153680300000181e-55 1.123156885709999986e-76 1.987828098550000147e-52 3.428017578850000024e-01 5.306229600080000219e-01 1.709652045180000090e-05 2.410333020629999867e-66 1.110775384449999975e-34
6.406108315409999596e-16 4.413678784260000043e-01 1.786031411959999871e-01 9.572634699869999745e-08 4.046536381330000103e-09 5.449624362830000207e-02 7.314505441470000330e-15 1.785503226850000125e-01 1.469823142910000047e-01 1.414195792680000008e-30
2.852242274890000040e-01 7.147390513429999759e-01 3.659788501909999972e-05 9.584536913020000104e-33 6.668964472179999834e-18 2.872554816759999717e-73 1.622888006050000006e-52 1.232825858009999984e-07 2.858517039930000003e-33 1.472476125769999970e-24
2.852174201909999929e-01 7.147391153019999610e-01 4.331305469280000224e-05 9.344920631359999970e-34 8.103065796460000580e-18 1.072900481549999962e-72 5.028748211489999770e-52 1.514524975399999960e-07 1.064837463679999919e-33 6.236704794069999707e-23
3.501885218540000122e-01 1.959716246390000027e-01 3.006110326719999952e-45 1.826365422759999841e-55 1.347728589779999933e-60 4.198963476299999997e-01 3.394001575530000009e-02 8.943748086329999620e-09 8.301095156249999477e-96 3.481177285440000045e-06
1.671323373290000136e-01 4.302126934770000192e-39 2.946537307810000298e-11 3.847916341109999813e-40 5.001612417359999618e-01 1.769111482420000021e-04 7.370483197849999606e-13 3.325294607979999983e-01 3.468970555140000274e-08 1.426833112739999923e-08
4.135701167720000329e-71 3.092974557279999987e-37 9.273462716279999536e-29 5.000029224099999947e-01 3.845503269179999671e-15 1.483910820220000024e-43 4.395654954660000046e-28 3.496493761059999804e-50 4.999970775900000053e-01 1.289340982319999972e-48
3.505409769110000295e-02 1.576409630089999917e-20 1.465604434619999944e-30 3.169237679659999760e-35 1.054416270470000038e-11 3.237713405040000122e-42 3.316550083229999890e-01 2.726514836750000212e-03 3.651860617699999919e-03 6.269125185210000506e-01
4.246145455910000316e-08 1.388783786309999956e-03 1.771877010520000066e-10 6.949040793509999592e-01 1.320831801059999975e-03 3.806285494170000160e-77 1.224571097310000087e-16 4.145095885640000207e-13 2.352238940839999903e-02 2.788638730140000077e-01
5.019571264709999594e-09 4.053124557380000072e-31 4.607057351130000267e-39 5.375154395700000109e-36 2.538228624159999834e-24 3.927920729769999900e-31 4.875557876470000274e-01 1.037209988870000079e-09 1.628588581479999854e-17 5.124442062959999600e-01
1.137747462680000026e-09 1.910354883440000076e-17 6.998502157560000658e-02 1.863041262670000076e-03 6.229654437170000225e-01 3.051863690159999920e-01 1.819125511839999931e-38 1.133303737670000065e-53 1.183861468880000035e-47 1.232905071689999875e-07
2.572385459980000126e-36 4.927218713340000040e-70 2.040413880969999877e-34 1.762902766600000037e-16 5.000033250259999784e-01 2.464601010879999947e-32 6.980373189629999765e-17 5.285305256000000468e-57 4.999966749740000216e-01 6.012640938139999835e-18
1.320238152240000024e-08 2.700821405359999946e-15 1.921493418140000076e-01 8.549819155980000081e-14 2.711794200350000072e-01 1.159099145819999959e-34 2.467760737219999944e-24 4.628769701830000027e-01 7.379425476569999309e-02 3.405532187489999947e-15
2.553459862890000015e-03 1.413096282209999936e-06 2.002797898430000128e-27 6.343311696800000182e-27 8.320476479949999672e-18 2.162158445339999920e-27 4.878918262220000024e-01 4.130405472140000257e-08 3.268685048229999897e-19 5.095532595149999677e-01
2.409304799269999895e-105 4.336876764320000136e-50 5.748572362939999793e-60 6.759305150699999876e-02 5.626933913910000151e-18 8.379449295599999958e-02 7.812225850449999731e-01 2.117488370779999812e-71 6.738987049229999693e-02 8.685132589430000542e-58
2.182576409299999964e-01 1.340455942400000100e-01 3.666350170410000275e-14 2.146382063840000050e-25 2.465909543379999902e-01 3.210438011719999873e-01 7.880605733380000033e-02 1.255951960199999965e-03 2.522166679809999893e-11 6.989387543260000046e-16
7.467910061579999481e-46 2.116775373299999953e-17 8.242370347109999503e-21 1.349431791980000017e-01 1.345510142949999962e-99 3.893266608109999805e-01 2.128713974789999963e-01 2.622195757940000149e-01 6.391867191550000115e-04 7.097951742389999517e-14
3.107235391259999790e-29 1.303546673680000025e-02 5.968598402160000260e-01 3.901029482410000027e-01 1.744806031809999999e-06 1.690416752109999992e-21 7.880091400449999928e-59 2.010589221329999947e-46 1.041488056439999985e-30 5.763235643289999664e-53
1.008369601819999941e-27 1.154658871549999987e-23 3.986697295089999815e-01 5.994679617520000114e-01 4.191006894940000256e-58 1.862308736789999907e-03 1.087553507780000059e-53 8.372393999570000261e-39 3.611057733499999926e-49 2.339887384359999923e-12
6.103271624390000303e-31 2.036140186039999824e-24 5.997903336930000551e-01 7.782995826649999789e-22 3.581267575839999881e-04 3.767985691769999956e-16 1.056559840030000013e-51 5.356400618700000315e-11 3.998515394959999969e-01 6.020309257250000040e-66
1.300488573019999980e-29 1.419171528230000103e-07 3.104387394299999955e-15 2.332408181859999994e-05 1.278000347759999955e-19 2.499892440419999862e-01 8.332634874779999701e-02 4.166795704480000251e-01 2.499813707630000048e-01 1.548168384040000067e-30
6.569463196659999901e-18 1.664195125959999910e-01 1.187426171450000006e-20 4.600667342850000278e-06 9.582706475359999169e-65 3.891202779409999692e-21 7.508909332320000407e-02 3.680843386350000079e-01 2.613580336970000151e-18 3.904024547780000076e-01
3.564547808739999877e-32 4.290577660490000055e-19 4.894632493789999922e-09 2.658876919540000054e-24 3.006023091760000226e-39 3.999999433170000063e-01 1.875671994740000057e-29 6.000000517879999773e-01 9.978413558220000563e-15 7.775760827349999639e-48
2.311519889219999911e-32 1.919241364539999994e-01 7.027497215640000104e-15 4.747654766720000223e-13 2.307861348009999930e-17 2.096667563700000125e-01 1.299941619679999932e-07 3.631655071100000076e-01 2.352434700709999937e-01 1.847469847840000101e-58
6.487357546730000621e-27 7.105033421840000196e-01 1.901181500360000089e-42 1.610057288950000054e-01 3.451373840280000215e-73 4.807475405979999783e-61 1.101637415109999990e-06 2.250707175979999896e-33 6.155452838540000429e-38 1.284898272830000132e-01
4.652360777629999856e-07 1.413502765220000073e-22 1.543410949270000027e-02 4.166238595100000275e-01 2.492432629000000122e-01 1.178405594539999948e-02 1.786581946899999977e-26 8.375855854749999876e-47 8.815734075129999345e-21 3.069142469150000219e-01
2.958571169990000200e-32 5.597954496399999800e-18 3.866408310430000106e-01 1.921561012889999864e-01 2.447440384080000063e-04 2.288207324679999988e-01 4.933433758079999793e-26 6.821140264999999621e-13 1.921375911609999876e-01 1.697571139170000069e-41
5.000000038840000105e-01 3.296484593980000025e-16 1.744482884460000043e-08 5.643225641069999648e-34 4.850773582099999959e-13 4.999999652170000197e-01 2.486865186030000146e-23 1.344019546899999970e-08 1.279167432779999933e-32 1.355327030000000024e-11
1.165663975490000004e-02 1.980206814980000132e-03 5.830299366870000249e-02 1.350371748669999914e-06 4.421846119809999937e-14 4.483066292350000362e-43 1.385449516040000000e-16 5.833942673479999841e-02 5.316687579190000346e-01 3.380506247360000049e-01
7.688594241409999981e-47 7.316412037820000405e-22 1.175254833779999966e-20 1.970148428959999920e-01 1.054911135740000005e-67 2.171541603759999939e-01 3.833729238390000127e-01 1.156461937060000028e-01 8.681187918289999528e-02 1.665668394560000121e-17
2.153077539519999886e-09 1.426694008620000009e-01 3.311887777110000264e-01 4.934809353460000457e-13 6.525105952360000297e-26 1.949704682049999971e-01 1.062983807289999934e-23 3.311713510679999972e-01 3.475615725740000274e-23 1.259853574489999913e-19
1.000000000000000000e+00 4.636638018209999789e-43 4.024774697160000286e-26 1.647059824500000043e-115 3.070664047570000199e-44 6.098610107139999627e-65 6.123482076849999469e-91 4.328250206210000303e-30 1.250656939030000024e-116 1.347932105579999987e-20
5.001063464210000475e-01 6.354995395080000330e-34 9.763499248230000219e-08 7.336822192220000316e-34 4.998935553350000172e-01 9.491502907850000910e-38 4.211907652360000005e-48 2.293845902320000144e-27 2.669624772940000047e-35 6.092057619040000339e-10
4.823442856980000055e-06 1.381493248130000088e-30 6.293843204350000534e-42 1.177302983309999951e-63 1.252272775519999935e-45 5.104065132310000145e-13 6.666102931699999790e-01 3.331675215029999970e-01 5.976350365879999426e-23 2.173618837379999967e-04
1.446917523600000040e-08 4.846934735740000000e-01 3.373896196229999962e-15 2.407756253939999821e-09 1.882337879419999839e-12 1.364394135789999947e-24 1.810645748820000067e-02 4.971994940589999912e-01 4.329445693419999802e-12 5.579959490469999684e-07
8.465896257369999231e-06 1.609752708090000095e-01 1.008799941269999945e-01 4.293987081039999931e-01 1.120567908109999924e-18 4.080952632400000057e-39 7.382752983439999977e-23 2.499177518909999770e-10 2.289591778099999938e-11 3.087375607910000097e-01
3.968839609259999790e-01 5.997994836059999946e-01 2.695717833290000188e-03 3.306301325649999773e-11 5.931138503869999990e-14 4.946871150470000246e-48 4.354397083209999741e-27 1.076449504830000028e-05 6.641150374900000484e-26 6.100731066529999471e-04
3.580275026310000164e-12 9.648901462289999342e-02 2.182105736159999865e-08 3.595765245249999842e-14 3.768126738659999808e-01 5.392696799709999651e-50 9.423176895369999547e-20 2.482442014429999955e-01 2.784540882429999975e-01 8.338019223919999431e-28
5.911287024130000019e-10 2.103827171139999938e-30 4.332209825080000172e-20 1.192478665959999913e-31 3.876006030400000078e-17 2.499881066859999945e-01 4.166670182089999841e-01 8.333453112670000107e-02 2.500103431879999727e-01 1.988409837169999874e-10
5.440091795289999693e-18 1.621680422079999906e-01 5.232443055249999750e-21 2.239649849390000017e-07 2.230756459539999975e-82 1.241900387310000017e-11 8.044397651550000417e-02 3.675598984030000183e-01 3.692079917739999877e-25 3.898278588949999901e-01
5.265801638449999788e-08 1.183419808309999921e-09 5.005538553129999933e-39 1.326780179090000009e-30 1.805524014920000040e-63 2.172132474599999937e-20 6.739470314739999420e-20 5.735108400219999815e-38 2.355114133790000207e-103 9.999999461590000083e-01
2.577821881090000080e-14 4.051656684939999728e-14 3.309281444229999795e-10 4.341964031289999859e-01 2.977358429739999817e-23 3.398852712129999938e-19 3.760322190950000031e-04 2.939511270619999950e-01 1.552778671160000012e-01 1.161985701439999935e-01
1.513724780550000055e-09 2.753373571119999835e-02 7.272340505730000293e-02 2.699995502690000211e-06 6.118570449010000134e-01 2.878831128220000202e-01 1.171322483589999983e-39 9.572717003129999815e-49 2.420635667769999850e-45 9.658513898539999354e-25
1.801999355310000019e-109 2.435980372189999833e-102 2.369281614649999982e-48 2.772422761199999749e-35 5.751762086109999964e-38 2.378705377150000182e-59 1.619749383240000053e-47 1.101028852309999970e-44 1.000000000000000000e+00 3.914362381360000035e-87
5.614214030240000047e-07 2.113092052029999848e-02 2.651140714399999796e-13 7.297985716610000395e-03 2.595146432099999876e-04 4.877361691130000161e-80 5.882256572659999732e-11 4.501557161199999681e-09 7.110092451470000352e-01 2.603017679910000215e-01
5.654377832939999666e-30 1.173289292690000052e-04 7.337311474930000265e-15 1.095556330860000094e-06 2.030218261259999957e-14 2.500173764799999976e-01 8.317565715499999901e-02 4.166227321729999988e-01 2.500658097069999863e-01 5.130694509499999994e-36
4.420047882669999928e-27 5.372688111000000211e-01 9.810873788679999177e-47 4.387270047450000238e-02 4.188310655679999828e-01 2.663244464320000172e-16 2.742285719039999986e-05 5.391766990679999868e-91 2.787708121309999881e-55 3.199672777819999916e-24
3.740517258859999974e-19 4.532312008939999859e-01 1.872438732039999887e-01 6.860428437029999548e-08 8.230931082479999893e-08 1.547346236089999988e-03 2.272942454880000218e-16 1.871115359309999948e-01 1.708658928210000094e-01 2.494490449380000161e-39
1.353671600389999977e-10 8.037851759049999897e-56 4.002405691720000144e-09 6.935433441350000289e-17 4.077217675400000019e-01 7.613516679649999261e-43 2.239520130780000163e-39 8.684269820610000287e-39 3.804991837110000272e-12 5.922782283180000329e-01
1.999897223230000164e-05 1.563797372849999993e-38 3.999816918699999890e-01 1.291747609920000005e-33 3.397054331430000255e-08 5.999982751869999964e-01 1.584472344339999965e-56 2.533009941590000161e-34 4.106369282709999918e-43 2.769130447080000088e-17
6.245343901550000076e-01 1.424826821819999987e-04 6.891955124870000060e-02 5.929341552000000606e-11 5.702834874679999676e-06 3.063978717679999852e-01 2.500727332149999931e-32 8.306433330270000111e-36 3.503534387530000307e-55 1.251883734290000083e-09
1.048040765879999911e-03 4.162884472900000246e-45 7.743354311540000257e-02 1.257082935189999931e-16 2.650957400489999949e-01 5.567891048080000210e-02 1.192971961560000075e-20 2.883099340530000262e-17 3.985478396920000277e-01 2.021959258970000006e-01
1.012703291220000002e-09 1.128651746109999997e-23 2.453567706579999966e-02 4.613248232670000282e-02 7.329671184660000108e-14 2.112155792809999877e-01 4.614060152269999708e-30 1.225479619370000039e-43 4.618303044550000217e-32 7.181162603139999989e-01
1.771790316140000034e-07 1.081863253769999974e-27 4.604296981329999983e-02 1.635563746339999928e-12 3.814078979179999801e-17 2.126149785469999839e-43 1.686939101739999892e-25 4.639376330469999893e-02 5.400215845989999597e-01 3.675415051029999880e-01
1.628842899779999940e-04 4.226301147579999973e-01 4.612833698070000210e-01 7.142080420179999778e-02 4.450282398500000208e-02 2.765559436750000027e-35 9.252050729210000314e-23 2.071568803940000139e-12 1.209999259739999975e-17 2.956251732099999874e-09
8.689938986820000278e-33 3.062205527810000216e-01 7.115397242989999749e-44 1.218359746930000001e-36 6.378119474670000253e-48 2.067144224069999975e-15 8.436882754999999734e-02 6.094106196690000088e-01 8.731980124240000075e-20 1.126355952400000046e-48
4.305140396110000163e-11 1.241910891309999931e-01 1.419271279659999885e-01 2.810070786180000058e-01 4.329437217190000250e-04 6.449598756290000423e-04 6.538904443329999615e-05 4.113039809519999923e-01 4.042743064729999863e-02 1.319077574850000043e-15
1.093460097620000022e-02 2.560636103959999858e-24 8.104396915159999406e-14 1.602124425050000016e-22 3.089930721740000163e-02 2.569721589629999960e-11 1.042296891139999985e-05 8.355493548760000382e-09 4.166219755039999861e-01 5.415336849520000495e-01
1.344903046579999942e-92 6.950385335220000214e-76 2.407837958499999980e-54 1.599722187769999845e-02 2.819088220530000069e-29 5.857651195430000346e-01 3.590863416599999747e-01 6.269823354069999339e-64 3.915131691899999961e-02 1.122644703510000056e-29
1.302393329080000009e-03 9.399687374080000935e-47 7.801241175260000004e-44 4.639376031609999994e-73 7.437297972210000542e-24 6.225187300879999874e-32 4.994787261749999985e-01 4.984350783150000019e-01 2.086761965200000179e-09 7.838000933889999536e-04
2.788494628459999847e-01 1.618192132619999946e-01 1.867207253419999878e-32 5.084008102089999837e-33 1.118395647640000007e-26 1.241852550099999952e-01 4.351361928490000142e-01 2.429099929690000050e-14 5.415884574690000341e-68 9.876032442490000643e-06
2.931154719470000080e-39 6.414150442910000471e-01 5.256618128179999939e-13 6.217440453480000426e-05 1.350509360509999998e-25 3.585227803789999834e-01 7.051005007089999728e-17 8.105921588980000362e-13 9.240292513859999824e-10 2.673063773779999749e-51
4.046320393900000080e-05 2.574688190130000175e-03 4.984367095299999847e-07 2.730174643520000277e-01 1.276684292259999964e-01 1.128360268610000079e-121 1.417741807009999968e-21 1.489788583860000124e-11 3.015270575790000018e-01 2.951713989979999897e-01
2.007493945510000041e-12 2.405322897870000014e-32 2.588710858440000022e-58 1.186525624270000034e-73 1.522362338859999887e-140 3.161149560520000179e-01 5.463964081130000539e-01 7.265377820080000382e-03 6.192451438210000123e-66 1.302232580129999984e-01
2.523586645170000087e-01 9.555674819159999667e-02 1.373350633759999964e-17 3.055676507339999936e-27 2.758912238860000149e-28 6.520309125609999867e-01 2.187781928079999994e-16 4.180299757230000175e-19 9.419338199480000215e-76 5.367473027770000078e-05
2.917938578980000193e-147 7.457828861739999714e-37 4.053719119790000193e-63 7.499511223749999456e-01 3.932836464190000227e-42 5.843016331040000202e-15 4.526289908549999954e-04 2.292296621580000188e-49 2.495962486349999898e-01 1.343344115370000016e-75
2.427565020460000236e-35 8.957325986899999416e-05 4.475169845579999770e-04 3.125648692429999764e-01 3.119033668139999937e-01 6.249081767760000100e-02 5.387242755449999823e-23 1.252646392659999935e-15 3.125038560210000038e-01 1.120244708209999976e-61
7.875704084180000097e-11 3.449465123109999865e-01 2.397511319959999850e-17 5.578051694069999975e-06 8.077954399650000116e-31 9.842873824229999659e-48 1.922261055470000091e-01 1.903133871609999916e-01 6.249033804109999785e-02 2.100180788090000028e-01
