6.018320023910000137e-33 3.783902542739999746e-11 1.046235685589999922e-15 1.341575768999999918e-01 1.661901239330000043e-05 1.505370722739999911e-31 2.478134495969999962e-01 4.671406031390000213e-01 1.508717513139999911e-01 1.165111798290000032e-39
1.123710575089999957e-09 5.808360851029999855e-02 4.022338872350000177e-02 3.396808948830000174e-01 1.075080447350000007e-66 3.272709625040000070e-01 8.659628556980000591e-34 4.010935988999999964e-16 2.347411384199999951e-01 5.835669507509999889e-09
2.680133992539999752e-51 3.544820522839999786e-49 4.280346599289999845e-05 4.182025294629999848e-21 7.104051491759999796e-24 2.082308414220000071e-16 1.106053894869999977e-51 2.238390042600000018e-01 7.761181922469999606e-01 2.665229022930000092e-11
2.382733727650000161e-25 2.273180860480000005e-58 2.019887906369999983e-29 2.332276473070000040e-11 3.372209208290000149e-01 6.342386679279999869e-25 6.099333006809999836e-33 5.580957055849999904e-01 1.046833735339999932e-01 2.838878556370000128e-11
4.706986291259999721e-27 6.672378502420000076e-16 5.783841628239999901e-58 6.722375620329999687e-39 1.207928398110000042e-119 4.999999973429999911e-01 1.612329584959999963e-62 7.371608857100000237e-49 5.000000026569999534e-01 1.210261132629999934e-40
1.454204500680000066e-44 9.555752673890000608e-07 4.312878921250000095e-07 3.249626926849999986e-01 3.084939562229999939e-09 5.040931034130000056e-04 7.530882696429999517e-287 5.168474574289999568e-01 1.563427885549999922e-10 1.576843666789999876e-01
8.877245561280000661e-08 8.875552784090000313e-02 8.011550928589999874e-20 3.577167624700000048e-01 4.935001947909999909e-01 4.704084349989999769e-46 6.002198771160000002e-02 1.374934633400000041e-14 5.438414930469999996e-06 1.568771493579999867e-76
9.636155782510000636e-19 3.999976639710000059e-01 3.237069119930000311e-14 6.572143265609999689e-48 3.519258785790000076e-43 1.091914388669999946e-19 2.535563453200000124e-21 2.820245328759999970e-18 6.000023360289999941e-01 2.260629769970000049e-35
1.659093057839999944e-47 3.385680038189999852e-01 3.904920979549999745e-66 3.712817920009999979e-48 1.333921439090000070e-57 1.082466722220000051e-10 2.093308835200000090e-47 1.196279394789999950e-01 2.943290966360000149e-02 5.123711469299999655e-01
5.150628323219999923e-40 1.010757963680000010e-02 5.970041162679999847e-01 1.989506242349999921e-04 3.275650488569999913e-49 4.424617681169999994e-35 3.172005279770000162e-36 7.910925523880000295e-16 3.926893534700000021e-01 1.336661213229999882e-75
6.531953144119999610e-01 1.228775638980000066e-14 2.320515692040000091e-06 1.206873261479999983e-11 1.735293044419999908e-09 3.639844283709999837e-08 1.252599704809999991e-26 1.964049347849999995e-23 1.631386940759999960e-29 3.468023269270000264e-01
1.419737321539999943e-33 5.645923471990000430e-41 1.731371594559999916e-04 1.440366503120000039e-73 1.426252616479999902e-01 3.340767421159999973e-02 4.479139158550000161e-32 1.675213378919999946e-05 4.130634921269999982e-01 4.107136827199999729e-01
7.782245023049999544e-02 2.826270216790000012e-01 8.440178869879999868e-19 1.065763335120000013e-17 1.891359044879999985e-152 2.612533867519999942e-01 2.166022735569999862e-27 1.168881800259999958e-61 3.782971413389999982e-01 2.119478789299999989e-54
1.628236458739999899e-03 2.327701517569999989e-01 7.346469399549999868e-26 2.598891370140000157e-01 1.061604533570000009e-54 2.153142052440000068e-11 3.619037079610000207e-01 2.049554770929999959e-10 3.967384350050000219e-10 1.438087661849999921e-01
4.708980989850000290e-31 3.740758414650000030e-01 5.100726607219999911e-15 7.222857404520000500e-42 4.431089716909999976e-02 5.816132613429999543e-01 1.073706948539999999e-70 5.047323433789999797e-19 7.514826641710000463e-21 2.285853871720000159e-11
2.887894595249999726e-51 2.033076319180000065e-04 1.722744258499999923e-09 3.253718463340000144e-01 1.926422458370000106e-48 6.746697430589999605e-09 3.744760512549999754e-54 5.165556548699999917e-01 1.234920788840000001e-11 1.578691826829999867e-01
5.486497308810000269e-25 1.259991407770000016e-01 4.640235828079999902e-33 3.582100467230000046e-19 4.638116083639999832e-01 1.915414967379999877e-26 8.990856918300000284e-25 2.212015195899999883e-11 4.101892508369999746e-01 3.948885084319999827e-56
3.109488468909999902e-09 7.965852771170000013e-01 2.201063700609999876e-04 1.704484541350000031e-05 2.384291453549999953e-143 1.523949558669999982e-01 2.290730204080000041e-05 2.926905677479999982e-55 5.075970538880000132e-02 6.182105472860000017e-65
2.010783104620000150e-27 1.419564355559999859e-51 2.307288570859999937e-45 1.705232664309999907e-90 1.446462356580000083e-91 1.000000000000000000e+00 4.027981409499999947e-52 1.575895094979999992e-82 7.341995347809999588e-19 1.457005054540000003e-38
6.790952747330000205e-01 6.638040905780000433e-13 5.173078294009999747e-76 3.208376140099999940e-01 7.440749600719999543e-88 3.986714192939999852e-28 3.761760319649999998e-17 1.015038335699999988e-60 6.711125722859999419e-05 6.903265331889999941e-102
2.062453679479999888e-63 3.516110819029999873e-16 3.799897426650000187e-01 4.500528843349999960e-12 2.173253933849999898e-16 4.962772570350000254e-22 4.077432664549999724e-61 3.359086079189999713e-02 5.864193965380000151e-01 1.880680328380000021e-38
2.563759855659999976e-02 3.001090476850000204e-08 1.090068893169999934e-32 2.558297412519999758e-01 2.854948559480000037e-01 7.297099352889999712e-06 2.689604239789999962e-01 1.776883665940000097e-22 2.276728227370000107e-34 1.640700531540000007e-01
4.471417581800000290e-02 8.130081952519999655e-01 5.213592767559999803e-71 6.100001170279999857e-02 7.581871624459999606e-14 1.891532702110000057e-52 8.127761722670000244e-02 3.228460712729999993e-41 4.535377274829999637e-52 1.129141790970000081e-49
5.477629501000000405e-23 1.439581708679999987e-27 3.508951941289999987e-01 4.402466579380000080e-32 1.427943756860000020e-29 6.510893046919999987e-18 6.446710073960000287e-01 4.056113225649999684e-08 4.802231199949999869e-19 4.433757914340000390e-03
4.192564955800000270e-02 2.718554411240000079e-01 2.586058187659999730e-01 2.039896401890000099e-01 3.394650476969999957e-19 1.952583722760000114e-09 2.031640398859999863e-01 4.055631177780000186e-26 2.921980671709999929e-45 2.045940852420000122e-02
6.443363609299999778e-74 5.373419343969999540e-01 1.725056085149999919e-10 1.819496369479999900e-38 1.754895623209999974e-30 1.130393817140000064e-67 3.841249998629999962e-30 4.626580654310000207e-01 1.696459200779999849e-27 2.086803964030000156e-36
2.501363916639999796e-01 3.264087317630000014e-32 2.595281824180000148e-38 3.109092030430000119e-24 1.682369183959999959e-01 2.265859534459999935e-01 6.776875164369999776e-29 1.342323945089999941e-27 3.390789675090000070e-22 3.550407364939999755e-01
1.759775240529999896e-01 4.342229066770000068e-81 2.188883581239999826e-52 8.417788177159999757e-08 4.561855141849999740e-01 8.504744142899999779e-17 8.611416892999999503e-38 7.765174797250000135e-41 3.436402901449999852e-51 3.678368775849999994e-01
2.318084810970000070e-05 4.960340818149999720e-02 5.871984387859999766e-01 3.002120054669999808e-06 4.999229461180000157e-42 3.631719700639999826e-01 3.605952920469999834e-41 1.185995320260000087e-52 1.130263905780000013e-35 4.270479827490000072e-19
2.299930456680000103e-17 4.202503757559999942e-01 2.886886904379999952e-01 2.888361642039999899e-01 3.622369849599999911e-59 2.217303019190000179e-03 8.414724812230000677e-53 8.003485655849999462e-32 7.466583056189999822e-06 2.291166871839999934e-36
1.275214262769999948e-32 1.127388883989999966e-76 3.333330497809999793e-01 6.521869698170000348e-53 9.894441849489999851e-18 3.333097212259999997e-01 1.879539841529999973e-26 2.771973809259999937e-14 3.333560497929999866e-01 1.179199431100000099e-06
1.144980263530000034e-21 2.327630404660000076e-10 1.512095098849999906e-15 3.863739966940000139e-14 5.747547772819999734e-01 7.010231776269999540e-80 4.252452224850000184e-01 3.402532416389999895e-20 8.786057146489999828e-81 2.781094010419999827e-30
1.329991637919999969e-01 8.515245668050000648e-06 7.517644792029999898e-13 4.913074326469999975e-01 1.352854491590000046e-52 1.130016797510000059e-01 4.711698348520000271e-21 2.320621765019999855e-20 2.626832085640000147e-01 2.666436349340000050e-13
1.642325902519999968e-35 3.714370784039999879e-22 6.835530749710000409e-01 6.915634567150000261e-06 2.051482446870000063e-05 2.828167295280000203e-68 3.163779161249999916e-01 4.157842955159999921e-05 3.754873761390000080e-68 1.572218324649999872e-11
7.125849004399999944e-27 3.746880423889999978e-01 4.686094970009999757e-12 5.499162736049999917e-02 7.906588928999999655e-02 6.447269190360000005e-72 1.737207547240000038e-01 3.175336862320000120e-01 4.949771807230000195e-27 5.197868404790000016e-39
9.744325531089999964e-03 9.725057580840000548e-02 1.082463786500000025e-01 1.362899161729999903e-22 5.343368752489999862e-114 5.426027507640000073e-17 3.315362869550000230e-04 6.468137493970000028e-54 7.844271837239999989e-01 4.225816618780000034e-79
2.415035303499999932e-55 9.678913538899999724e-02 1.186177033999999963e-01 8.820577059509999474e-17 5.923447281080000280e-21 5.004190031749999979e-21 4.584753705440000218e-52 1.968118927689999889e-17 7.845931612109999786e-01 9.874351213420000246e-83
1.230793498759999917e-41 1.369195551380000060e-33 5.773218437710000428e-01 3.818349255899999810e-43 6.107247923330000349e-05 2.093808806730000083e-01 7.369611899730000366e-38 1.029302947990000057e-11 2.132362030670000019e-01 1.493077855680000050e-18
7.462497195289999885e-01 1.181621675110000047e-01 1.242836684690000021e-27 2.448689237919999920e-45 9.258963668920000417e-19 1.342394386619999991e-01 2.026026013849999844e-24 1.684054415819999900e-30 8.536580228749999848e-25 1.348674298470000027e-03
1.502554994909999893e-28 8.392491413670000357e-31 1.003675010020000005e-32 2.395164313929999955e-01 4.693580805820000060e-31 2.883713882909999747e-69 7.604834360009999905e-01 1.326058972000000033e-07 4.509364168950000250e-18 5.228659686360000326e-40
5.920462511129999937e-21 5.425750705499999750e-07 4.809961869200000137e-04 6.086391666770000469e-75 5.113598250409999883e-68 2.179235289570000123e-01 7.793687823129999970e-01 6.218979149789999572e-22 2.226149967759999924e-03 8.885924108609999363e-15
1.147836815249999969e-02 8.509079065140000286e-02 1.332405335100000088e-01 8.069306176389999721e-25 7.487619635130000663e-77 2.594120393000000080e-01 1.553951494749999940e-01 1.926713066980000002e-34 6.997039655920000025e-27 3.553831189109999955e-01
3.935462637560000012e-20 4.997405399359999834e-01 4.110585988550000078e-22 5.002594600640000166e-01 2.924317425019999853e-45 1.031113991010000060e-33 1.503802724950000074e-13 4.455360305779999560e-22 1.915057162470000023e-33 1.694455193490000130e-26
8.658849592370000681e-02 2.135482272989999986e-01 1.767283005259999860e-70 2.517040984039999874e-01 9.155219054119999497e-15 5.163974578379999566e-41 3.173532100179999871e-01 1.214123491980000040e-08 9.079999799180000106e-36 1.308059562140000132e-01
5.965646181749999916e-02 4.033417839690000006e-01 7.390216806820000157e-44 1.128862058720000033e-01 1.466948212889999909e-23 1.056005440730000052e-26 1.579370343260000087e-01 1.079551264790000051e-05 2.503617296000000019e-21 2.661677185029999726e-01
3.641306608109999843e-01 1.718193873439999970e-30 2.556553083939999953e-03 1.591904190990000023e-01 3.086576185980000227e-04 1.316756729659999993e-19 3.688302406780000049e-33 5.506015518919999668e-28 1.815993223589999942e-47 4.738137093870000149e-01
2.964065904490000074e-65 3.095219342239999986e-60 1.000000000000000000e+00 3.499154530450000142e-33 1.310976347719999920e-33 1.776615556150000117e-50 1.635155463499999865e-64 2.976607536170000089e-36 9.366139681420000438e-51 1.094948101879999979e-43
1.790919235349999956e-21 3.284264418939999821e-13 1.237550354159999998e-06 4.733500548620000085e-42 2.931837745349999995e-07 3.319732114460000340e-30 5.494348980829999451e-01 2.580648145489999878e-02 4.659984372159999981e-28 4.247570897269999923e-01
2.798899241639999855e-02 3.577461500240000132e-74 2.061791663450000161e-21 2.384525734599999911e-48 6.168327228520000297e-13 3.803156975099999948e-01 2.771524310599999819e-01 1.014849174429999970e-51 3.145428790129999874e-01 1.767333227649999883e-42
3.445514722890000159e-01 2.461691281640000176e-03 8.493066057340000440e-05 7.623167022839999474e-02 1.570179044789999853e-02 1.584582048969999940e-24 4.599547255639999804e-02 3.289363054730000124e-01 1.860366670620000051e-01 1.018368725149999956e-16
3.924637104450000027e-54 7.988028543259999585e-04 3.447708636229999957e-02 5.328297983389999892e-17 6.830933450349999565e-32 3.145843723439999812e-22 9.158791342800000082e-18 5.758570312059999585e-01 3.888670795770000077e-01 6.756303673120000392e-37
1.348358546260000049e-26 5.294047977229999882e-79 1.576471068659999993e-40 1.676063899670000024e-01 1.676204124009999900e-03 2.041674346860000160e-43 3.869298830130000200e-01 4.437875228679999950e-01 2.855018023020000060e-11 9.404079374700000215e-16
1.494866486570000080e-03 1.324589887700000079e-01 9.149106812470000247e-85 4.401978817240000083e-13 6.479204620319999957e-47 3.153372579090000238e-01 3.554792507019999825e-01 2.951450153380000161e-18 1.952296346309999875e-01 1.500615194309999985e-09
1.526841071590000067e-11 4.943478905859999828e-01 4.943454836350000270e-01 2.512694280829999834e-15 2.300706641330000059e-45 7.578923884780000672e-05 1.017372903130000015e-11 3.381694851720000000e-31 5.044512482939999842e-39 1.123083651500000023e-02
2.852564504690000002e-01 4.724299320189999830e-50 3.500941786419999868e-01 2.274261153240000055e-01 1.313170687999999952e-24 1.700682795810000065e-07 1.342015461729999969e-24 6.383741804579999794e-37 1.483941629789999901e-34 1.372230854950000078e-01
2.739974574999999877e-66 2.816623203360000230e-10 7.730739856070000249e-01 2.386499816559999927e-36 4.289484757389999778e-37 8.389555640680000313e-55 7.920949833169999607e-09 2.266023528430000100e-01 3.543939749520000240e-57 3.236533469700000128e-04
2.236514806530000010e-01 1.287513326469999929e-16 4.986898472719999975e-01 1.703970051870000101e-22 8.147463761439999561e-19 2.539768214470000068e-11 2.776586719510000245e-01 2.880409524189999882e-59 9.915487443039999668e-11 1.159431498370000069e-82
1.146488666850000029e-04 4.983521068530000209e-01 2.530440064310000013e-46 7.382263631180000038e-35 3.626081281279999735e-01 9.050322471930000168e-02 3.155006398139999831e-04 6.140568639340000100e-22 1.431835734620000111e-28 4.810639079270000174e-02
5.767720618199999594e-01 6.523199787179999654e-28 2.681405259709999901e-21 9.716534704699999311e-46 5.951766196820000192e-90 4.232279381799999851e-01 1.988860117910000176e-21 2.738898160770000078e-98 5.500619015009999679e-26 6.146857732690000102e-44
2.657379354189999974e-54 9.081922657419999193e-72 1.563359640160000008e-01 6.233388246059999760e-13 6.228615811749999543e-22 4.758377348779999845e-19 7.492577573210000524e-60 3.555777383100000022e-01 4.880862976720000135e-01 1.168997991700000085e-12
2.728931304290000022e-22 2.540502670559999851e-41 6.655359963660000505e-63 4.075265940260000333e-65 4.560146062079999951e-01 3.191197158810000199e-26 3.561935305860000067e-01 1.638323052699999953e-10 3.418447810469999814e-28 1.877918630419999901e-01
2.218110025709999801e-03 5.001958595940000363e-01 7.799328396839999510e-49 2.132844970630000045e-03 3.614358640790000243e-01 5.041786646419999657e-02 1.496380596960000037e-35 1.644043128430000041e-21 8.359945486710000651e-02 1.311181914110000000e-26
6.992796810489999891e-04 2.323137645929999884e-01 7.669347568180000241e-19 2.600205671149999898e-01 3.848401263740000248e-60 6.025596483440000169e-06 3.625008361559999837e-01 2.821471443050000188e-09 7.187711950479999884e-04 1.437407528419999969e-01
9.221355590940000235e-02 8.647880044169999897e-66 3.894893524610000126e-11 1.761526503199999927e-01 3.361413684919999784e-02 6.099503358529999586e-01 1.100584985289999908e-18 7.565542077540000424e-24 5.699944970759999814e-16 8.806932102910000615e-02
3.510564394179999798e-02 1.255637868110000073e-17 3.904083753159999781e-01 2.756459583850000138e-18 6.593555950730000122e-59 5.744845110470000460e-01 8.199486503409999757e-29 1.104788848069999934e-46 8.596783842659999552e-31 1.469695524260000099e-06
6.496101473720000038e-21 7.157709140660000031e-07 7.645389043319999473e-08 1.372617943029999868e-04 5.099248363709999871e-40 3.743848016560000140e-28 6.473762413979999852e-01 3.374132570119999786e-01 1.507244757119999973e-02 3.630719569230000170e-19
3.138007074460000267e-01 2.243905804930000081e-01 2.214505097289999891e-01 5.534577875370000344e-02 1.849861334129999924e-01 1.459534540030000046e-08 4.598765224570000237e-32 7.045509612539999676e-26 3.204897358099999812e-40 2.627556998850000061e-05
3.025620496490000007e-19 2.912849090460000018e-23 3.375993258359999971e-01 2.348168156890000063e-30 3.916121184770000109e-26 3.891547172109999774e-18 6.418411926749999497e-01 1.333008434579999963e-09 6.243215967100000094e-20 2.055948015579999941e-02
2.532563953949999880e-28 1.913367059570000028e-01 1.288283508079999971e-45 2.888806844869999826e-22 3.189961731750000085e-01 8.581000688609999924e-35 2.898722962139999894e-04 4.893772404380000163e-01 8.134112061330000775e-09 4.345355962679999811e-32
9.781590077689999454e-05 1.001285886970000039e-01 3.557207944250000142e-02 2.791527756469999733e-01 9.618739236559999477e-28 1.627351032630000010e-25 1.702877202670000090e-01 2.285424070240000020e-40 4.147610200460000174e-01 3.439988219280000143e-124
1.051574729049999978e-27 3.975650387140000023e-04 3.326689572779999912e-60 1.469361848349999993e-08 4.834929749110000174e-01 2.089690233300000008e-54 1.623200743450000094e-01 3.537893707020000056e-01 3.092470521249999890e-10 1.856431442980000000e-50
1.669412793489999935e-01 1.205273581410000117e-35 7.226900175189999997e-02 4.530565179360000454e-47 9.542979235079999388e-40 2.369665689019999910e-01 4.298434800450000037e-01 1.660998626889999970e-53 9.397966995260000067e-02 5.935909807400000050e-49
2.157256607279999905e-28 6.001778976179999503e-73 1.428272319459999995e-01 1.092749706019999996e-16 2.709896161040000094e-26 4.285898836200000006e-01 1.496905369140000118e-67 4.004706895980000282e-24 2.862638221589999851e-18 4.285828844339999999e-01
6.531953048240000115e-01 3.513960989989999836e-15 2.370893062929999891e-06 5.825751725250000070e-12 1.882575089000000030e-09 3.649186988350000004e-08 1.678451730199999941e-26 3.402309648859999785e-24 2.360202665770000073e-29 3.468022859020000181e-01
1.894018171560000043e-35 4.836152895529999709e-09 3.349947735380000013e-01 1.224187940499999973e-51 1.011010123819999994e-13 2.365723655849999996e-01 2.942895921030000070e-02 3.534305691540000072e-01 4.546741023360000022e-02 1.059174428569999957e-04
3.656044850699999849e-01 1.285885461470000086e-13 4.456496799579999779e-01 1.887313702260000059e-01 8.498397699840000100e-25 1.446474509000000048e-05 3.600369436399999907e-25 1.985885477709999901e-51 1.397574116499999956e-33 7.201450475140000105e-27
8.884990574539999883e-61 1.573887709490000009e-01 4.909228038150000198e-73 1.085051541699999979e-149 5.837064805979999854e-55 1.631005432439999992e-20 1.285830066480000048e-20 3.547448274639999899e-01 4.878664015849999980e-01 1.085264560500000034e-12
2.292727219690000040e-01 1.465884908010000043e-01 5.639998117079999525e-76 1.620115483359999909e-03 9.249822462830000369e-09 8.425367719260000641e-12 2.718482739170000051e-02 2.843076593800000218e-01 2.483483593750000019e-05 3.110013408810000102e-01
9.048149296780000350e-02 1.888356423590000105e-65 1.281007930580000058e-10 1.750291459380000081e-01 3.671831834730000105e-02 6.108408375149999570e-01 1.159453647909999978e-18 4.533582085880000111e-24 5.106331316749999761e-17 8.693020510410000290e-02
3.478380668759999961e-01 1.390530798719999965e-14 5.548633908510000394e-79 2.429226690190000038e-01 2.206740827460000054e-01 5.671216854790000266e-07 4.492651100660000255e-24 2.306040343730000007e-04 1.191572494959999978e-01 6.917676070629999452e-02
2.004478654779999978e-07 1.880134271549999943e-20 4.000010781019999739e-01 4.301577867610000309e-14 8.910569162139999883e-28 3.082928397020000004e-08 1.963987779590000015e-53 1.138270831300000015e-33 1.603943670029999935e-37 5.999986906209999749e-01
2.502960619299999983e-20 1.561020640540000115e-01 2.448945052020000124e-01 1.210110240610000076e-31 2.701718679879999835e-29 2.060709593479999893e-21 5.990034307439999761e-01 7.749685947269999469e-32 5.303633647789999725e-23 1.085131296080000021e-48
7.700572310500000128e-01 1.616439996690000141e-33 6.889267469470000051e-28 1.065278557859999990e-05 1.706410649479999930e-01 9.359235569639999930e-30 1.486420796110000058e-24 2.982035411489999898e-30 1.311219348949999993e-64 5.929105121639999948e-02
7.347205041840000465e-08 4.821765433760000219e-02 4.859957269660000051e-02 3.363943549230000163e-01 7.270956847029999998e-67 2.942842093660000269e-01 2.020442104600000141e-34 1.068591927890000035e-16 2.725041042610000241e-01 3.094346903090000195e-08
4.008577799999999969e-01 1.286697403729999967e-01 3.574169594130000155e-82 1.432172061460000080e-15 1.064256309129999953e-02 6.966335414740000564e-02 3.081586963329999958e-28 3.329526846299999828e-10 3.897794358519999780e-01 3.871262037789999742e-04
1.247725133319999985e-01 2.906577195999999954e-05 1.276576131790000091e-12 4.948276367050000180e-01 7.049743065349999813e-54 1.434776472329999941e-01 1.171859756800000045e-21 3.093416974730000262e-20 2.368931369560000055e-01 4.887985034909999980e-13
5.176415492899999471e-01 3.453905955430000008e-01 4.097955370330000231e-48 1.660706577310000004e-57 3.518599653409999799e-37 3.513226447869999977e-09 5.881384408859999940e-02 3.125384089899999883e-36 6.107347135649999582e-38 7.815400756489999934e-02
3.004102361849999840e-65 5.373352539869999944e-01 3.590355991480000195e-05 4.226570962689999898e-31 6.510078769080000423e-30 1.081522169770000033e-61 5.794525875540000047e-24 4.626288424530000110e-01 1.157785111930000081e-21 9.702390787059999612e-38
4.357163947480000021e-01 6.368398748229999785e-15 3.158333925610000148e-01 7.773675679650000332e-31 1.470432143490000010e-01 1.199252486940000057e-04 3.681887521470000174e-02 5.237524438019999867e-08 1.950743170840000032e-04 6.427307118559999477e-02
8.880785491610000139e-13 5.551189246480000299e-88 1.541377456260000084e-06 6.350158512189999493e-01 4.254357392919999756e-07 3.753074545060000110e-46 3.647826156130000164e-01 3.759985226420000058e-10 1.995659775540000055e-04 5.424564913690000037e-35
1.833436782080000160e-02 1.301928917690000037e-74 1.250082007920000052e-22 1.239875231860000120e-47 8.540914039069999620e-13 3.886478047449999917e-01 2.860318836219999938e-01 7.532087695950000592e-52 3.069859438120000061e-01 3.054119613879999918e-44
1.711282469200000128e-82 3.190485163700000095e-38 5.625969745639999655e-23 3.462188356330000085e-53 4.821117471110000219e-01 3.249723964700000062e-55 1.952964838659999954e-37 5.083261316360000448e-01 4.069239431869999856e-61 9.562121252059999424e-03
1.306804146290000080e-06 1.756804167410000085e-30 1.314830373280000091e-32 8.013514100479999294e-74 4.697250492739999950e-01 2.656568970070000146e-01 2.076822550829999971e-03 1.527026936490000061e-20 2.625399243639999769e-01 1.441476613519999985e-16
1.103620041289999987e-40 1.941877234810000074e-101 5.000202563210000006e-01 4.813514494349999691e-45 2.472813401500000140e-12 5.392449444950000136e-03 2.153173922659999944e-37 8.163924341479999378e-09 2.463907451950000105e-01 2.481965408729999989e-01
9.312179044810000177e-40 4.123434217160000035e-100 5.002119837459999552e-01 2.300356668970000123e-46 1.596851214239999965e-12 1.848462646720000144e-02 2.453780215229999880e-37 1.439518569249999987e-07 2.374639830770000071e-01 2.438392627569999915e-01
2.620416586760000061e-21 3.201400865289999844e-56 2.253750645989999873e-66 8.610870602239999455e-21 1.774232339029999939e-01 9.428804621159999827e-43 1.223093885969999973e-23 1.011490938269999942e-24 2.597350382770000148e-74 8.225767660970000339e-01
4.640480248940000163e-02 2.694925526399999938e-01 2.554627351009999825e-01 2.028939896630000128e-01 5.232297297859999569e-16 3.730749792359999755e-11 1.998295571550000038e-01 3.353348053210000356e-27 1.069087821470000057e-49 2.591636291329999994e-02
2.445238824520000094e-12 1.109710336219999916e-12 2.375578515120000123e-01 4.409110551329999961e-01 4.645930952619999965e-24 4.228642752920000248e-31 7.498705680940000390e-05 4.478721957029999984e-27 3.214561062949999881e-01 5.982394766129999925e-87
1.682468862300000065e-56 3.493103712230000157e-02 1.085592328010000045e-03 8.805669220599999218e-19 6.681645181589999595e-31 5.100200611099999880e-21 2.336783085610000160e-19 5.753580763190000447e-01 3.886252942299999735e-01 2.731414224100000144e-33
5.136910376010000306e-02 2.736457757379999748e-69 7.706373613060000295e-65 3.536978087459999750e-10 2.468658197399999957e-11 8.410354977489999795e-27 4.018108392490000180e-01 1.974043094800000016e-47 5.468200566119999495e-01 1.994825388450000094e-90
3.970186697999999963e-44 1.118153529000000006e-11 2.379716010799999926e-30 5.243102464529999507e-01 1.298799167059999950e-25 3.179549527650000128e-22 3.622451237059999949e-37 4.681307953800000199e-01 2.243806088079999990e-24 7.558958155809999621e-03
4.498831974829999858e-01 7.702285861890000367e-27 7.023529881509999966e-78 6.267231521829999487e-38 2.735855249439999819e-75 8.030176991909999323e-27 5.501168025170000142e-01 1.818226924350000000e-99 9.027676851059999828e-69 7.164326302570000402e-35
1.116686936779999932e-24 4.421587913680000148e-01 1.645277425629999948e-46 5.912555334570000527e-48 5.270733621850000174e-31 3.819814324939999848e-38 5.553595704829999979e-01 1.144942786469999941e-03 1.336695361790000026e-03 5.219202390549999845e-26
3.655151780229999869e-01 2.035287580680000080e-07 4.455815905209999928e-01 1.887770405330000123e-01 2.407801132760000042e-21 1.259873947700000131e-04 4.794375562579999977e-26 7.460008090810000186e-47 5.321957394260000420e-34 1.402481940229999943e-21
1.766578367290000045e-74 1.711771455470000050e-28 2.861148728519999906e-01 1.553839031379999999e-09 2.389715805260000136e-37 5.162918047250000030e-31 8.480112436479999460e-31 7.138249512990000323e-01 6.017429514120000317e-05 2.033441135490000135e-32
2.560797322439999989e-51 9.398546372359999661e-14 3.290251610329999727e-36 4.769124968299999767e-01 9.764061823170000487e-02 0.000000000000000000e+00 9.825882122219999913e-11 4.254468848399999836e-01 1.577829065820000134e-82 2.598553648999999927e-39
1.093506404050000027e-35 6.264980930160000116e-09 3.352121805050000125e-01 7.988576563100000085e-52 1.534999206100000024e-13 2.356610307479999888e-01 2.962614029179999955e-02 3.532401225099999764e-01 4.624362125650000044e-02 1.689842387360000040e-05
6.137662956459999899e-19 3.655094019910000158e-01 6.289787032420000364e-28 1.860663638729999902e-01 3.900320957089999929e-01 1.829877299780000022e-02 5.687385121240000286e-57 3.085145128560000047e-02 9.241366715270000337e-03 5.474287686790000369e-07
2.106166218709999982e-01 4.897668622729999702e-35 5.240048394740000337e-02 9.247705707270000317e-50 2.294459937340000126e-41 1.570415351780000135e-01 3.879694827310000149e-01 7.101720210480000328e-53 1.919718762729999972e-01 1.702496676450000072e-46
1.388278839579999979e-01 1.228951569059999960e-08 2.417784925320000215e-10 4.891899116089999944e-01 5.201320434190000315e-60 9.170075326719999420e-02 5.731676527839999424e-20 1.533404936960000047e-24 2.802814386349999909e-01 8.126024873739999823e-17
5.217407902649999833e-06 1.488367737660000129e-04 5.831083778579999599e-01 3.826027059310000131e-49 1.848625358670000052e-51 3.085826619520000147e-01 3.169201184110000211e-03 7.396191883129999822e-64 1.049857048249999980e-01 4.634397941879999647e-84
4.637475419520000197e-01 2.408634746360000037e-10 1.683359120190000055e-24 2.307804926869999884e-01 3.054719651200000219e-01 7.884729339790000558e-34 2.477798182070000075e-30 1.442846152389999905e-49 1.126319678880000014e-82 1.759603260269999946e-25
1.096318406959999971e-52 2.457380207059999961e-14 1.400743126310000086e-01 3.836642103940000048e-01 5.500311538250000295e-28 1.738870357510000075e-01 2.853241159080000054e-119 3.008559057510000190e-01 1.427966617469999958e-03 9.056885528450000643e-05
3.003336131270000099e-27 2.062734223439999931e-02 5.942542978270000109e-01 5.422492432380000322e-05 7.421717336379999796e-11 6.484279454280000048e-22 2.601625325629999957e-94 4.269591597329999647e-21 2.030788488089999848e-67 3.850641349400000246e-01
1.883972927220000052e-68 8.468927486219999619e-16 7.634630450689999792e-01 9.168117887159999578e-41 1.301258084580000085e-01 1.414977793569999983e-49 2.438112185479999972e-77 1.064101236170000020e-01 6.418820758530000133e-54 1.022856030269999945e-06
1.733772710429999990e-25 4.837036705219999909e-82 7.063424275439999819e-09 3.310163545450000022e-01 2.021645406859999897e-02 9.400282081919999649e-22 3.138318845190000098e-21 2.148065843480000126e-01 4.339605999750000276e-01 3.995578013229999829e-14
6.625525893350000582e-24 1.713996724320000081e-02 4.744489879060000252e-30 1.415223671669999968e-31 2.067586232479999986e-82 2.442977991459999970e-28 6.927773302109999642e-01 1.105194918570000071e-18 2.900827025459999930e-01 1.555318770000000075e-47
3.656167518569999886e-01 1.142137489099999948e-15 4.456593896330000026e-01 1.887234680759999894e-01 3.151942984109999958e-25 3.904350767000000180e-07 1.538049399729999964e-24 2.059471568219999982e-52 3.548421083080000073e-33 5.068624215980000093e-30
1.603210762180000049e-31 1.798090587589999956e-01 1.798067568800000016e-01 1.388357075359999905e-15 1.641501794939999940e-19 3.201942236509999762e-01 6.321256765050000586e-23 5.006320391710000057e-08 5.758510616989999808e-18 3.201899106469999756e-01
6.900004703729999953e-53 3.550031385360000041e-07 9.674089244750000461e-54 2.365920680320000066e-103 1.878704106530000014e-21 3.683526584400000231e-16 3.940797883199999862e-57 2.238696826109999871e-01 7.761299623849999829e-01 1.725529090809999923e-13
8.360676531660000316e-41 3.324772681879999896e-16 7.325726851610000220e-53 7.830894627469999758e-01 2.169105372529999964e-01 1.880263669129999996e-97 1.247514330579999974e-81 1.271637983229999996e-17 2.115851248650000123e-98 3.215185303710000026e-23
4.495503653559999894e-32 3.101917072769999892e-21 4.000004115210000211e-01 9.088718514699999918e-10 6.670974198899999630e-13 5.999995856009999740e-01 5.551236485619999801e-68 5.267484143680000123e-20 6.797243546960000378e-21 1.968438594740000098e-09
1.740907812319999946e-28 2.651409856120000180e-22 4.420807334850000259e-27 1.274101436929999940e-55 7.231508302210000487e-66 5.000027389419999801e-01 1.469418321530000093e-19 1.283411977610000004e-25 2.818110565889999930e-18 4.999972610580000199e-01
1.760086015020000116e-01 5.477985503299999659e-09 1.535257510499999871e-10 1.368992806250000111e-13 1.158687677149999947e-45 3.337172969839999862e-08 4.155279761299999763e-01 2.493433044640000037e-32 1.044525529560000044e-33 4.084633833640000100e-01
8.332644725690000500e-28 1.908808267369999923e-01 8.019489397690000630e-46 2.178967808750000093e-21 3.184405011620000114e-01 3.210142413850000259e-35 9.535843195070000094e-04 4.897250869240000193e-01 8.580918106870000504e-10 9.004818360690000682e-31
1.603748884660000096e-01 1.442014636450000063e-40 2.656028568030000067e-24 3.319670944340000207e-01 4.162791881139999983e-01 9.137882898589999581e-02 9.335439197619999414e-24 7.150342280460000486e-48 4.999457523940000247e-26 9.322517708100000005e-24
9.333662017149999901e-05 3.966337891489999739e-24 6.490786826479999494e-02 3.106815583940000236e-01 2.941370537869999929e-21 9.965006801440000884e-22 1.700564756709999903e-01 4.246917190460000280e-15 4.542607610489999836e-01 1.042110619030000002e-32
3.826709651529999756e-01 1.659719173250000031e-81 4.770378929759999996e-31 6.289481422859999578e-06 3.124741912710000125e-01 2.956180787320000225e-01 1.070159037290000039e-20 8.441293105020000383e-32 6.960691880739999353e-21 9.230475362249999233e-03
1.540295201109999901e-01 3.468459220660000264e-27 6.787033792740000404e-01 8.146399652500000006e-07 4.224212008399999855e-04 1.317776975580000102e-22 1.668438647740000114e-01 5.222388934429999749e-45 1.846283500660000142e-23 8.470468822700000425e-58
3.571086731530000089e-79 1.714908107279999872e-01 1.695675137659999887e-01 3.070447665379999873e-15 1.544948060990000094e-32 4.409439472459999990e-106 4.829417412180000168e-42 6.589416755060000241e-01 1.378088864429999960e-55 4.781785069410000196e-30
1.801487778270000062e-01 2.988445415060000205e-04 2.591430048969999971e-52 1.428613032259999915e-01 5.883949730759999858e-02 4.551584467959999755e-03 2.612947530989999928e-30 1.767616411140000135e-05 3.054816995319999950e-01 3.078006169329999819e-01
1.365882115780000074e-04 2.204020637070000109e-04 8.143842471340000461e-50 1.662137071720000137e-01 1.262667865989999964e-29 6.287352460510000534e-04 2.107716622030000042e-01 1.259046316480000037e-05 2.668053369269999808e-01 3.552109777140000091e-01
4.069863951769999767e-38 1.118921808480000056e-08 2.500770198769999841e-01 7.499229689340000116e-01 2.237068958759999918e-48 3.171421381990000156e-21 3.344662192519999932e-72 8.952216951380000438e-18 1.497088225729999908e-21 2.547455541680000096e-22
3.034431042390000167e-28 1.442537295260000016e-13 4.279599101559999896e-01 1.113847506750000058e-61 2.088172169579999937e-60 8.665892411180000439e-06 4.342459057579999837e-01 5.879870902669999804e-09 4.215807234139999941e-05 1.377433542410000100e-01
1.152287240440000044e-03 5.074943821849999814e-01 4.171132526169999731e-08 1.988299689619999790e-03 3.615995686949999843e-01 4.467291658000000334e-31 1.324848377200000052e-02 3.698535814709999794e-21 1.145169367069999999e-01 3.812846534399999663e-80
1.356120613679999919e-08 8.020132514300000593e-17 2.159024660639999942e-66 1.968345004509999939e-32 3.287380253789999873e-01 5.349611054220000061e-20 4.813684710050000131e-09 5.681705185620000200e-14 6.712619562460000466e-01 1.141048791870000047e-29
5.159428780269999649e-12 6.533093381829999783e-09 2.532346515380000107e-01 3.525339073820000224e-01 1.678728841340000055e-01 1.981338622250000030e-23 2.917016485600000287e-51 5.313276092639999943e-25 2.802600829740000036e-69 2.263585504079999866e-01
5.775339220169999560e-22 4.811018197490000137e-82 3.492165980960000062e-03 2.994739912020000228e-01 3.418884162380000230e-02 5.527848832950000333e-64 6.434463481200000112e-01 2.796786321840000161e-11 2.624262729309999870e-67 1.939865304530000167e-02
3.415365035250000125e-65 3.554824246120000223e-60 1.000000000000000000e+00 3.691562109360000207e-33 1.720355639650000131e-33 1.699624076759999921e-49 2.830197890449999862e-64 1.097568226150000080e-36 4.138763131670000079e-50 1.115779185729999906e-43
1.985393237149999952e-03 1.327980200389999865e-01 4.774565361149999733e-85 4.425985570380000264e-14 3.530974825829999832e-46 3.138664031560000067e-01 3.547527070209999800e-01 2.076610616119999984e-16 1.965974651630000014e-01 1.138357133260000045e-08
5.174079428069999764e-01 3.452878100830000241e-01 3.121528320260000108e-46 7.268241135559999869e-54 8.880386074790000107e-37 2.934865900220000011e-08 5.909393145309999734e-02 2.063654139169999851e-37 2.271643718889999845e-39 7.821028630750000155e-02
5.378843810109999866e-08 1.155551910950000007e-14 4.000011802430000207e-01 6.714210978919999917e-13 2.466161586210000126e-82 5.573383259570000380e-10 1.101872124900000064e-10 4.825332462469999893e-34 2.381935656670000184e-37 5.999987653010000477e-01
7.580937152520000288e-42 5.690833712020000323e-01 3.604950584459999663e-02 1.099337760639999972e-32 1.377622352930000075e-62 3.665806413019999895e-33 7.778659347029999449e-02 6.084340729239999566e-17 3.170805294840000066e-01 2.060252514289999933e-73
1.208386166609999980e-03 2.327062342170000131e-01 4.722714238269999880e-24 2.598584889630000117e-01 1.505791803069999983e-56 8.903600662199999943e-09 3.623523939630000079e-01 2.865839092839999864e-12 7.426599035349999886e-09 1.438744803579999898e-01
3.763382398239999982e-01 2.506851695280000181e-01 7.020946538440000393e-24 2.516500375099999798e-01 4.409907063210000283e-18 3.638083897490000068e-07 5.106988004330000147e-28 1.896232641429999960e-06 1.717792122799999982e-04 1.211525138840000015e-01
2.852579862910000208e-01 4.470608631289999670e-49 3.500959316989999959e-01 2.274243473130000137e-01 2.160359911769999969e-24 4.682785705099999760e-08 2.702592827950000026e-24 1.023842699059999973e-35 1.513061906939999907e-34 1.372216878689999919e-01
1.046212230109999913e-27 4.353664442490000139e-09 3.029371125560000044e-02 6.160644386050000079e-46 7.840988490589999582e-01 1.132268423200000068e-01 4.737338307980000021e-30 4.535372376960000268e-05 7.233523928320000074e-02 4.950539096329999867e-12
3.641572284310000129e-01 1.463543018249999976e-30 4.659351706600000243e-04 1.602400878119999983e-01 2.818440941570000209e-04 6.090443452879999763e-20 1.280860378130000119e-35 3.978673430399999847e-28 1.621268687700000032e-47 4.748549044920000184e-01
1.330054172559999925e-72 3.830043600870000065e-01 1.906218206739999887e-18 6.957678771599999756e-46 5.286084422289999875e-39 2.289007591919999821e-27 2.185122446060000089e-17 2.860456453860000040e-02 5.883910753740000388e-01 9.435487355550000584e-42
9.688942472690000013e-18 4.997391935459999934e-01 5.027465227359999924e-66 5.002607314279999828e-01 4.224917795950000024e-08 5.763503173180000450e-78 3.277669161350000176e-08 7.478951965450000197e-16 5.186920966770000289e-73 1.264545477129999976e-23
1.486254827639999945e-77 2.861644186760000097e-01 7.099895278729999790e-37 2.269187566310000136e-71 6.208121916000000083e-30 3.167543885370000021e-29 2.513486563739999931e-40 7.138345381970000458e-01 1.043126903999999990e-06 7.736756742209999615e-29
1.191999836840000002e-10 1.656132590499999871e-63 1.716313926549999890e-91 3.127038242990000189e-14 3.616063651959999792e-01 3.846333529109999803e-47 1.112651466369999984e-13 1.911281955599999936e-33 4.749981903239999662e-92 6.383936346840000109e-01
2.503627400809999772e-13 2.902365237069999960e-44 1.000548752990000050e-15 3.390729187619999892e-53 5.538697874129999699e-01 1.196057697300000056e-01 2.855739733510000164e-12 1.135463188609999980e-09 1.823603151050000037e-01 1.441641266129999877e-01
1.368067965300000027e-04 7.255319696310000022e-25 6.461078594399999320e-02 3.109795746130000205e-01 2.251974144110000199e-22 2.138730049230000107e-22 1.697425632210000090e-01 5.079161830050000320e-16 4.545302694250000219e-01 8.914121959250000847e-34
6.236604673480000069e-51 7.219319875950000025e-08 3.496460755070000053e-59 3.253760412410000025e-01 3.002301076259999856e-06 3.242635272699999963e-52 3.766288436779999990e-63 5.163015911270000258e-01 1.522311494269999982e-61 1.583192931380000001e-01
5.470673474839999655e-15 1.245905512750000125e-07 2.374452873070000136e-01 4.414294493290000232e-01 2.384069016529999992e-19 3.647958816669999927e-32 1.092195959980000021e-04 3.385020596099999838e-20 6.083188262090000597e-76 3.210159191779999865e-01
3.562872836010000145e-16 2.714223278499999748e-38 5.337742447419999842e-05 6.349954320920000450e-01 1.750572590539999885e-08 3.570168378319999685e-52 3.649507848479999761e-01 1.042771828809999916e-31 3.881300548070000056e-07 2.742991329279999942e-140
6.562146969809999897e-01 4.315076601780000305e-33 1.193129698219999899e-34 1.126110914659999942e-50 1.315932885030000055e-01 3.178281506860000162e-26 2.121920145160000049e-01 1.555394505050000000e-40 7.602577180050000199e-25 3.503887053919999819e-39
1.584756765989999930e-52 5.256236246179999920e-57 1.391031731579999918e-09 1.559158978429999881e-29 4.088899153170000179e-10 6.553730515150000280e-17 2.120997930740000032e-91 7.061081617150000156e-01 2.938918362180000243e-01 2.668765104010000246e-10
