3.003838263160000244e-01 8.312574723539999885e-35 4.256712547069999695e-17 2.076362993880000000e-03 1.666046832910000053e-01 2.791759859459999985e-25 5.308196321970000131e-01 5.589371265850000223e-43 5.377381834539999795e-11 1.154951491049999987e-04
3.439097036500000027e-08 6.885920241959999951e-38 1.040752724629999959e-01 3.977842078070000231e-01 9.573067992239999820e-53 4.981401549260000006e-01 3.690033304969999962e-35 3.304133946980000234e-07 3.631934453179999956e-35 8.720255128660000181e-35
4.056179969519999682e-08 4.551783914599999887e-89 4.214658542440000155e-01 4.379156855279999760e-01 1.158014311160000095e-40 1.456901427700000024e-10 6.270665004079999929e-04 3.027629669590000220e-26 4.701508944889999803e-07 1.399908828689999940e-01
2.091823282200000143e-06 3.482615391239999953e-06 2.558701970969999920e-15 3.296182308200000244e-01 1.689630379010000040e-25 1.473696631970000023e-49 1.984938816100000059e-01 1.174872502209999916e-10 2.022378372639999893e-20 4.718823130129999877e-01
1.733129786479999934e-01 7.143546323800000190e-88 8.002978001960000531e-01 2.635672922099999843e-02 9.748200504009999864e-58 3.391711463280000275e-17 1.291631088369999988e-07 2.174777395470000015e-22 3.074549688649999965e-17 3.236277122040000090e-05
1.009446248350000059e-49 2.533543244809999817e-01 5.682926559609999956e-02 6.234355556829999923e-02 5.972077445979999803e-15 1.016720310189999987e-26 6.274719120920000393e-01 9.422623264730000211e-07 3.655836446640000240e-27 4.081150363459999731e-48
4.578920569489999814e-01 5.421062641270000260e-01 6.323685881079999589e-91 6.032638228869999958e-08 3.798662831789999974e-39 1.036507544970000028e-122 1.105711208630000085e-06 5.068549978610000161e-38 1.655872551740000026e-54 5.128866526739999586e-07
3.423586125820000103e-01 2.806440652170000026e-55 2.745835648539999881e-14 7.587343418729999844e-02 0.000000000000000000e+00 5.384855260590000299e-25 3.840973948300000161e-08 5.812240736539999730e-01 5.437837734830000287e-04 5.739397499260000213e-08
1.347260722959999969e-38 7.184474406820000126e-25 6.814553275940000120e-03 2.424892347589999793e-22 6.197718212029999714e-20 8.747562521840000668e-06 4.010492017780000196e-01 3.696354740720000052e-06 5.921238010279999964e-01 7.735777178110000242e-18
1.798917127480000044e-01 2.814184624069999824e-34 3.673736819930000163e-07 8.201079198790000024e-01 1.321557243100000047e-71 2.709378859810000027e-31 1.632999832200000084e-35 5.387641199920000254e-14 2.954761102529999890e-30 6.953987138900000109e-58
3.189179634790000056e-28 4.344458746609999866e-01 2.585070653730000106e-13 2.207367827329999894e-30 3.357013612040000335e-33 4.090091012599999929e-22 3.482421182919999818e-38 5.655541253389999579e-01 4.744477827300000023e-22 1.078804888919999965e-47
3.519476049380000182e-22 3.913177043340000189e-09 2.770420667940000081e-01 1.585747462789999923e-02 9.260634534200000561e-36 1.198769076149999936e-33 2.738161840889999921e-01 9.441002196089999521e-02 3.388742486140000065e-01 1.022039715770000005e-26
3.542510409999999887e-01 5.101110925519999851e-49 5.837655303080000468e-01 6.043933215870000292e-02 4.054892645769999897e-100 8.253272548059999430e-05 3.928167632209999937e-51 1.461563808709999933e-03 1.674306099520000085e-34 2.138440307489999891e-47
1.804315416810000072e-01 7.251746473360000281e-22 7.096004294909999353e-27 9.787618163550000123e-07 6.062543234260000047e-07 6.404189583260000429e-01 6.590715880299999747e-15 1.654104670759999970e-25 4.451643014190000073e-33 1.791479149780000057e-01
1.009047725220000053e-52 2.004023451049999904e-01 4.416504967720000230e-01 1.779253249069999958e-18 3.259460762029999816e-12 2.713357456880000043e-22 2.408470837839999865e-02 1.865961492110000119e-01 1.472663005300000050e-01 6.039117807500000043e-37
1.154862359499999897e-62 2.155010190649999948e-48 3.278008159299999984e-14 7.199044488729999802e-02 3.802104537600000111e-01 2.225630736239999868e-05 5.477768450459999938e-01 3.996466863849999776e-50 1.768834603559999891e-32 4.251808636019999751e-53
4.111915230729999982e-01 6.656740443370000203e-10 1.355551168639999946e-03 4.639311797680000307e-03 1.607421369660000069e-35 7.359823537310000570e-42 4.200043614119999824e-01 1.074831807869999940e-02 2.874865100990000102e-02 1.233122827939999999e-01
1.477216163120000104e-06 3.612672601789999657e-30 2.404828943500000053e-06 3.390306950140000164e-01 4.798732977200000002e-20 6.609654222290000103e-01 7.081275003019999641e-10 9.888406799309999738e-13 2.986103482079999973e-12 2.084654861779999833e-21
1.903507290459999969e-56 2.589631250929999863e-74 1.000000000000000000e+00 1.491748128260000116e-57 3.520076194960000143e-57 5.602161943710000163e-15 6.016022560019999882e-73 5.460218445390000135e-21 1.894436498580000132e-20 5.219368207030000159e-73
7.982649025429999767e-01 3.497779453730000204e-08 1.473205691929999929e-02 1.127611029439999957e-49 1.158395379360000069e-29 2.187160627699999853e-11 3.248511116630000108e-128 1.870030055380000056e-01 1.319802281850000057e-45 8.895386821500000385e-37
1.388189329050000052e-12 1.173943045279999909e-65 2.950364253059999942e-01 5.644694980409999951e-01 5.714679333180000270e-23 6.760766625450000205e-16 1.395876758930000017e-01 1.901895523380000017e-30 1.986633237840000018e-07 9.062020942220000430e-04
3.571782619150000038e-12 5.010579063199999654e-28 2.125280731409999986e-07 3.737522701599999921e-69 7.987922517300000136e-01 1.002149970189999961e-01 2.934988271939999888e-54 2.049630325050000004e-16 1.423814841189999946e-07 1.009923963380000012e-01
1.151410050080000106e-03 1.944012403200000016e-01 1.965187956699999834e-18 4.733297422569999981e-09 9.217537409940000042e-12 2.277685744170000054e-02 1.795955000939999935e-01 3.455356547690000002e-01 5.856901365489999969e-05 2.564807635679999809e-01
3.233632626860000192e-01 6.731073959059999899e-07 2.700626509929999901e-12 1.131572118499999946e-01 1.775508588349999917e-01 3.649163195199999765e-01 1.341410781469999967e-06 3.863458366799999906e-12 2.101033255609999900e-02 2.777306371079999897e-11
1.175834185510000009e-15 2.373617182930000125e-01 3.878667375119999736e-06 1.023484968310000012e-10 3.262968623820000080e-01 4.363375241290000095e-01 2.028554100889999965e-25 1.642563939499999943e-08 4.757341010770000352e-16 3.591360542710000100e-48
7.995579667439999863e-09 7.998738445930000185e-30 9.697341111259999447e-29 1.096747582219999989e-01 2.907969295069999941e-56 2.670716812400000251e-01 6.040014910880000532e-01 2.297904312690000114e-04 6.090744566430000275e-04 1.841319656629999968e-02
2.735102834529999778e-28 4.960315329119999866e-02 7.455902061819999482e-02 5.717430540130000025e-31 1.856084221510000132e-01 4.992385972010000008e-11 1.260449825980000056e-12 4.579237163970000246e-01 4.386440127479999951e-02 1.884412862169999869e-01
1.181059535209999969e-24 5.880367653239999548e-01 4.787178670359999938e-05 1.627647932770000069e-51 1.287608129929999901e-01 4.795439688330000356e-21 1.586898923870000079e-21 1.835699057700000041e-03 1.370780627450000097e-04 2.811817727759999830e-01
6.125059585880000262e-31 2.556566906570000020e-02 9.591895109480000348e-02 3.808253837209999992e-01 8.979419435570000506e-11 4.976879855529999785e-01 3.652479611179999672e-30 2.010476659520000082e-06 3.420945009999999983e-35 5.266534406969999874e-81
1.099594785969999947e-16 7.240372913809999398e-15 3.442684346049999788e-02 6.161051388070000190e-01 1.827462434059999906e-23 3.494651582480000074e-01 8.294794315220000364e-30 2.859484934749999908e-06 1.830915872650000055e-37 2.629785253680000041e-48
1.831921746430000142e-23 6.934270579459999919e-36 6.645386050149999502e-01 3.351175567710000247e-01 3.482692631280000143e-20 7.922165686259999666e-21 3.004045922460000097e-04 2.989905146790000127e-23 4.343362172480000224e-05 1.048539658939999930e-29
4.659972398680000241e-08 6.584838553780000270e-01 1.673986319540000029e-56 2.504809910340000060e-24 1.002907309519999989e-06 2.483992912450000066e-30 2.981120239339999841e-06 1.513769150980000060e-24 2.489797679369999878e-08 3.415120890969999823e-01
4.550616575850000012e-01 9.714167607180000444e-06 6.326569783770000439e-05 1.041465901510000014e-01 1.559227120959999974e-12 4.407089723159999806e-01 2.670806194840000117e-30 9.800082057750000256e-06 8.004379086880000532e-39 7.826328229929999783e-18
1.391751434020000014e-20 5.411975790149999920e-09 8.814025789630000218e-41 4.989282724060000174e-01 5.010717157940000055e-01 6.186453574380000189e-09 2.021624788330000079e-10 9.892994584980000759e-34 1.663099691329999869e-27 2.264880139099999950e-29
3.160158381070000133e-01 9.520201739519999762e-02 9.784283274130000172e-47 3.864688821580000233e-04 9.073628955970000489e-24 1.141525317920000085e-28 5.883021562139999494e-01 4.531160798920000103e-13 1.232252994029999936e-14 9.351940122429999670e-05
4.976734697419999964e-01 5.104744142890000234e-84 2.462738245709999996e-01 2.560524734799999869e-01 5.380669559939999830e-152 3.333723562139999976e-10 1.023932275869999976e-41 2.318730683500000056e-07 7.167288693850000397e-19 4.132364173199999932e-37
2.757748883959999786e-03 2.219892166889999976e-64 4.945427408979999884e-01 5.026727297540000139e-01 2.322683899000000046e-37 1.942028274040000000e-26 2.257771822960000151e-05 2.098587593060000053e-25 3.694681557270000094e-06 5.080639587950000002e-07
6.982974171600000194e-28 4.128173589340000183e-29 4.960215303630000072e-01 4.781878989650000245e-01 1.635387279740000086e-05 5.495346760940000286e-11 2.577411988090000036e-02 2.180520255999999867e-24 9.686341646870000241e-08 8.475724226089999487e-23
3.667232418869999802e-08 2.098543798929999871e-01 1.228074364559999921e-16 1.521068816039999936e-73 3.001054138399999868e-41 1.671860322669999913e-25 1.478350898369999920e-94 7.901455834339999873e-01 1.409967515560000015e-24 3.074469593829999808e-22
6.930510418290000141e-01 2.626883222269999962e-14 7.220400798309999583e-55 1.854216831240000066e-04 2.694220235709999800e-01 3.573373298789999964e-22 7.109767234940000354e-06 1.934466908979999890e-48 1.137631982400000063e-30 3.733440314940000143e-02
4.427125945259999806e-01 2.595950441720000181e-35 1.375339281669999929e-11 2.716361404169999996e-25 6.498980288849999734e-24 5.245109317189999842e-01 2.379464674960000196e-34 2.027246033889999887e-13 3.277630771659999914e-02 1.660244983630000044e-07
4.814606484059999939e-63 2.344387051189999861e-54 6.503991862969999778e-21 1.594199476789999990e-34 1.596090579060000076e-34 1.000000000000000000e+00 5.024555033359999819e-46 4.373151914469999784e-29 1.921472275559999976e-31 1.461487255819999992e-66
1.000398076220000015e-01 7.938157956659999669e-12 6.149937716399999799e-25 2.519114876829999794e-01 2.720117555350000105e-01 3.757747702009999746e-01 1.635775213699999926e-08 4.198508252430000035e-23 3.644879665790000230e-30 2.621625943350000261e-04
9.266372400250000307e-02 4.575367785489999894e-01 6.248226935350000056e-27 8.189864145669999431e-30 3.710132456360000104e-18 4.301717802840000226e-11 6.373062488360000343e-20 5.691186658139999952e-03 9.942017439539999263e-13 4.441083107459999901e-01
4.030679051739999720e-05 1.951083976369999973e-01 2.577821848029999839e-18 3.716216402380000273e-08 1.022698929979999943e-12 2.686827741539999856e-02 1.790373255259999907e-01 3.427056770779999817e-01 7.920501890869999920e-06 2.562320578880000199e-01
5.758413492199999692e-36 5.992662737339999879e-01 5.091835756929999832e-11 9.124171922480000397e-10 6.145180766080000186e-17 9.542262749890000441e-05 1.213937747519999926e-12 4.006383026740000242e-01 1.755262965240000041e-16 5.508876767020000164e-34
5.745406548580000014e-47 1.647919539569999980e-01 1.608243726000000004e-03 8.027494611909999911e-01 1.438828227930000084e-04 3.070645734849999919e-02 5.556447094169999617e-25 9.549438100499999944e-10 2.554426069329999954e-20 4.775079637500000146e-103
7.026638742190000064e-02 3.528630660980000000e-01 8.087351454939999363e-28 1.391215484239999972e-06 2.430191288230000034e-19 9.093305946150000185e-09 9.515839701400000475e-03 7.624358885190000209e-04 5.615855686699999794e-01 5.005301911679999917e-03
3.999280573699999786e-01 1.238166706309999991e-38 5.998952200020000181e-01 8.775789817789999882e-27 1.967652531680000076e-22 1.658801482850000000e-20 1.868437585639999903e-33 2.311081923440000035e-17 1.723722339739999874e-04 4.350394099880000079e-06
4.658213669480000263e-01 4.731953449560000191e-02 1.477578079870000068e-26 1.304424316249999938e-01 4.888151081179999826e-50 2.136039387980000120e-40 1.719340729059999906e-01 1.844822494729999873e-01 5.187903926180000066e-15 3.445520465069999965e-07
2.190980415680000028e-07 2.199200850779999980e-60 1.257643716540000067e-01 2.452331423540000110e-01 7.330077445119999858e-13 5.393711763529999739e-11 5.198141515849999950e-01 1.877234919000000058e-33 1.091881152540000038e-01 1.876392271390000123e-16
2.011731868350000077e-06 8.957713369760000122e-45 8.185600268860000328e-48 1.514056675250000019e-04 4.216892404040000208e-01 8.908191175629999555e-36 2.095166690759999833e-06 1.757547486329999873e-94 7.663912808880000506e-48 5.781552470299999857e-01
1.162107787419999977e-03 1.565952065949999949e-52 4.757652784799999979e-01 5.396972233410000402e-28 2.596534516789999928e-11 7.705753299549999991e-02 3.758576908250000111e-24 1.640861342770000031e-21 1.412703471359999890e-07 4.460149394410000134e-01
8.715570607110000279e-38 7.696549493459999870e-03 3.154005110119999906e-05 1.996005763010000045e-01 1.756207285409999985e-01 6.170506056110000026e-01 8.983774847139999779e-13 1.833613855739999838e-12 1.623847553500000016e-16 1.656784629319999936e-80
2.403311784909999766e-13 4.734090519210000236e-01 3.296134616850000115e-02 5.126051233569999671e-02 1.356468809039999921e-03 4.410125900060000159e-01 1.603620784899999931e-35 3.075955730469999887e-08 2.303994903559999974e-37 2.152325884330000018e-48
2.471366366120000043e-56 1.548186748230000112e-20 2.488649532989999939e-29 5.620158352490000064e-01 8.648915684850000396e-02 2.991120019390000051e-01 5.238300596389999786e-02 1.674292163879999983e-36 1.093501711119999964e-17 9.100126358159999762e-54
3.956343877510000162e-01 1.352274473969999891e-01 2.328649222889999926e-01 2.277914700900000033e-01 5.591627348649999643e-16 6.835112678219999482e-08 2.859242700279999924e-32 8.481704121489999984e-03 4.157100018649999890e-15 8.468779424380000644e-39
1.694648159309999872e-35 1.726938110779999841e-02 1.988435031590000128e-17 1.803443019839999980e-57 3.579720511380000136e-01 1.997006945049999973e-18 5.779219296090000032e-19 3.627390535829999879e-09 6.247585639220000209e-01 2.048668904920000107e-10
3.315994137350000148e-01 3.615627573639999998e-09 3.238847976279999874e-01 1.234401060820000117e-41 7.866881997990000368e-27 2.848762653410000040e-06 6.390755651439999515e-125 3.445129362580000021e-01 3.090657082280000041e-32 3.007365158799999877e-42
1.761555584879999888e-16 2.321673738639999963e-74 2.948135252319999955e-01 5.614849179869999540e-01 4.723235924010000059e-28 7.828798055039999275e-15 1.437015411689999966e-01 1.586184492090000090e-31 9.005385977209999970e-10 1.471186814459999934e-08
4.116745468320000093e-41 7.745212770980000581e-14 6.743314864060000388e-32 2.194690970280000056e-75 1.107390037359999996e-01 7.120535730239999456e-18 1.608676604909999948e-26 1.501951182620000079e-22 1.444746432840000039e-01 7.447863529799999549e-01
7.780374420360000121e-04 2.232762767470000131e-01 2.804971473319999853e-01 2.833284164069999809e-09 1.061437414080000081e-12 2.427596808400000219e-28 1.536082726609999949e-01 1.139241697909999934e-01 5.857012129560000429e-07 2.279155074910000078e-01
3.287813342900000046e-01 2.224343022440000187e-06 9.033464402539999512e-13 1.137580127299999966e-01 1.768928378169999927e-01 3.805654156450000158e-01 1.747574331769999918e-07 4.173835990350000032e-13 4.563398874169999816e-17 4.160340854249999796e-10
4.471357274109999873e-15 4.125610596970000384e-03 6.662556825440000274e-01 5.534137499459999683e-24 3.296187068590000213e-01 2.746671358709999975e-21 1.610874274309999970e-34 1.624185908869999842e-14 2.370184825960000138e-22 1.740343861479999928e-32
4.673633910689999813e-29 3.589670610830000002e-16 3.333081352660000052e-01 9.820758798740000060e-06 4.780369673410000231e-36 6.666549834089999793e-01 5.684109237250000377e-49 2.706056595630000161e-05 2.115753794530000031e-42 3.371133892689999992e-77
2.495700192109999993e-01 1.408406974010000065e-48 1.464818079409999931e-28 1.095136381470000059e-01 5.204910747040000140e-24 3.534282059000000142e-01 2.508360015669999934e-11 2.371277351430000078e-32 1.322638647540000037e-20 2.874881367170000201e-01
3.220230232979999746e-39 6.733066915790000273e-01 9.485415095949999847e-10 3.597504764529999765e-13 1.306979391680000015e-28 3.080498622950000007e-19 5.979525065129999661e-21 3.266933074719999830e-01 2.012177149850000057e-17 1.785759826369999903e-68
1.805003988339999865e-01 7.118331679260000446e-22 1.412835161720000081e-24 1.402254225359999988e-06 4.079186801800000308e-06 6.404173017349999997e-01 1.199333406250000082e-15 9.237657217069999174e-25 1.236149277139999926e-13 1.790768179899999979e-01
1.745495550280000082e-33 8.672112466720000505e-42 4.241713275330000236e-50 2.967616889249999989e-25 2.077771945599999904e-22 1.593844685070000037e-38 5.265365485020000458e-01 2.032822026260000010e-47 3.115118740010000105e-18 4.734634514980000097e-01
5.969252954970000191e-01 4.710647118769999819e-30 1.072590441220000074e-15 4.030747045029999809e-01 2.373893609099999991e-49 9.999083243710000037e-27 9.409214444450000354e-32 2.592493482090000004e-20 1.819239414830000029e-34 1.158479755829999922e-36
1.164983193940000015e-14 8.495834494239999689e-05 3.721792541120000023e-74 6.806265790829999557e-26 2.758290695739999947e-03 1.302642320729999899e-93 3.977453057520000113e-01 5.877568544919999679e-56 2.520741591450000005e-31 5.994114452069999599e-01
5.783751524000000366e-01 3.324990552620000068e-25 2.586678984590000119e-01 1.404536493179999894e-17 3.967541186890000030e-53 8.139340747359999691e-08 2.599704983679999930e-64 1.629568677480000005e-01 5.933841768559999770e-15 7.344134843069999842e-38
5.221642471829999541e-63 1.467738309749999991e-16 6.229086640750000070e-01 1.800566794679999971e-01 1.970109212670000109e-01 9.193409799939999695e-07 2.281585014540000141e-05 2.918491791229999894e-22 1.710344230110000137e-26 3.046700482809999937e-62
2.786241193269999961e-26 4.344458746639999758e-01 8.502287755340000586e-12 1.295766120829999898e-31 4.505812469690000426e-34 1.280296174819999943e-20 7.330696337919999765e-38 5.655541253270000013e-01 4.945938202439999767e-20 2.746901265870000016e-45
1.455289807430000055e-30 1.815211646189999966e-36 9.289880440629999514e-02 1.478714330560000068e-01 1.776052782820000120e-01 4.717231583509999623e-06 2.556353362950000152e-01 4.711532248420000251e-31 3.259844307279999853e-01 2.875721722780000161e-36
4.882980346560000301e-14 5.684223341009999597e-01 3.140617434629999760e-01 1.175159133289999935e-01 6.757012018420000367e-10 8.399454495140000162e-09 1.367060920680000103e-44 3.115945120870000009e-11 6.392004320370000326e-43 1.492147623760000024e-90
1.478257158220000093e-20 5.035778517600000107e-126 2.513689641990000068e-21 1.201804338240000113e-19 9.076265530360000401e-100 1.285512134419999941e-24 8.691768548870000555e-02 2.919754908130000082e-27 6.660286960629999697e-01 2.470536184480000008e-01
4.620011593259999649e-18 6.901696872219999918e-03 6.534016759319999680e-06 4.325622366999999902e-26 1.787460831159999874e-01 2.793968360859999990e-10 1.827242222590000076e-01 1.375820596230000088e-03 3.600687439010000213e-01 2.701768989589999892e-01
1.096672799279999965e-15 7.153716990050000384e-03 6.659677182259999828e-01 1.214051648429999985e-22 3.268785647840000141e-01 2.705716667600000134e-20 2.215825585840000019e-32 2.846172946350000080e-13 8.376388356470000334e-21 5.243241538760000200e-30
8.784504226860000153e-02 4.573031376489999911e-01 1.538757073570000107e-03 2.799200152410000004e-31 8.599346351439999578e-17 1.393908842859999972e-40 5.120716144019999983e-20 7.221125849670000270e-03 2.112059038830000088e-13 4.460919371589999738e-01
1.859952103900000103e-60 2.842693435779999889e-01 2.519236608260000015e-09 1.331307321269999955e-01 1.212539550459999979e-19 1.401774390669999985e-03 3.772593248930000177e-03 5.774255541360000521e-01 1.298033011959999935e-18 6.304947235049999989e-58
3.237220922669999945e-01 3.495411396839999972e-08 1.209514821300000038e-12 1.123085356499999993e-01 1.779620264429999932e-01 3.644021982799999781e-01 9.474051726489999306e-10 1.552673805750000029e-13 2.160511144850000079e-02 7.396125910120000210e-12
5.827585934960000049e-11 6.725364808510000403e-01 1.164379622429999958e-19 9.137819572990000715e-65 1.872538096049999899e-36 2.907442968810000120e-31 1.278245544890000060e-79 3.274635190899999881e-01 1.971327586450000041e-25 9.525083537370000269e-26
8.093618237070000159e-08 1.347302318629999911e-37 1.035117915470000066e-01 3.978691087690000017e-01 4.910348169309999958e-55 4.986167649159999882e-01 2.913709629140000039e-38 2.253832380329999864e-06 5.832905747239999990e-36 9.561381684330000079e-37
2.552883287900000063e-05 3.008014471690000164e-24 2.820773263960000277e-01 2.700450485549999892e-28 6.185829023770000584e-42 1.148452414500000000e-26 2.730913870970000038e-21 2.934702724639999816e-01 2.192102943300000095e-07 4.244266530970000062e-01
4.550686598409999783e-01 3.986148638909999979e-06 5.677241959549999894e-05 1.041414557580000039e-01 2.945511545120000037e-12 4.407219495479999805e-01 6.732498669749999701e-31 7.176282779210000337e-06 3.760060951819999897e-42 5.276511844459999610e-19
1.434076049360000047e-11 1.329855554610000082e-03 6.691838005010000283e-22 2.161632026980000015e-75 5.455502790070000211e-10 1.658374621079999889e-01 1.038133460009999943e-45 5.296217084430000499e-01 6.906402570649999850e-02 2.341469476280000073e-01
3.545513754490000019e-04 1.013217683469999963e-14 3.374802465420000204e-25 2.858083270619999894e-01 4.396244718840000111e-54 1.903705947189999964e-16 4.812944300179999857e-01 7.594973980600000507e-02 1.565929517390000081e-01 2.137931173859999946e-15
2.354374046290000078e-01 2.795460547210000257e-01 1.109351475070000018e-16 8.655945271249999851e-02 1.735993932730000111e-33 3.877913086739999942e-26 1.461450099460000046e-05 3.983944382049999788e-01 4.803496758149999684e-05 2.633494328849999773e-10
5.997081378309999655e-01 5.652544622069999476e-04 5.000278429829999731e-65 3.996767829169999842e-01 4.982478762640000288e-05 5.686638151810000463e-51 2.468238729860000184e-18 7.458912400359999620e-56 5.735591157159999677e-90 2.445062506490000030e-12
3.999213017800000158e-01 1.178238239409999872e-38 5.998408970640000115e-01 1.366206945490000113e-26 1.462609217760000042e-22 6.893735615559999917e-21 2.571711632659999881e-34 5.068591843579999918e-18 2.375386697480000081e-04 2.624861468800000111e-07
3.290571797169999933e-61 5.773472114420000144e-13 2.288685456169999884e-58 1.456105557860000050e-38 4.000351192550000157e-01 1.607863296799999989e-44 5.999648807440000065e-01 2.785651135200000035e-43 3.309060996020000298e-14 4.601299798150000340e-13
2.175559990550000045e-01 2.894536674049999761e-16 1.596117214240000068e-03 6.058634093360000320e-33 2.727769557099999868e-38 6.009435822730000034e-37 1.180430851130000059e-29 1.829569947440000122e-01 4.756819247760000202e-01 1.222089642109999985e-01
1.049697480580000022e-37 4.829699796690000257e-29 4.947141380999999782e-01 4.700634487600000022e-01 3.452379358599999761e-07 3.280574144740000003e-10 3.522206409360000012e-02 2.904912141960000086e-25 3.480900417170000113e-09 5.852600104850000347e-32
1.115985170950000099e-37 5.435091611939999811e-30 4.947483220739999910e-01 4.703027719819999897e-01 1.228489277890000105e-06 2.486770514319999845e-10 3.494767557509999983e-02 1.361138584589999869e-26 1.631070433539999964e-09 2.721462352780000072e-31
1.669473767849999986e-62 4.596828555980000293e-06 2.177715471379999937e-19 4.045969764709999968e-44 5.271795400240000262e-01 2.810593914940000121e-09 2.010107290380000120e-02 1.589810052209999979e-10 4.527147870100000082e-01 2.649118278859999985e-10
7.679383916590000551e-21 8.536207647599999859e-05 2.037347443449999921e-23 4.862003570350000000e-17 4.217297888109999837e-01 5.781848491119999656e-01 4.708760917630000076e-33 1.275709582649999991e-18 3.632480995680000212e-32 4.149932184490000390e-34
3.928114908140000194e-01 4.316475899309999877e-11 1.257339718929999905e-37 6.071885091430000436e-01 4.536416289570000249e-27 1.794235043010000059e-54 1.523826141690000111e-28 5.665583145010000046e-36 5.972852315439999814e-61 1.250112886989999944e-37
1.462173289509999889e-14 8.630132094390000299e-97 3.805724840980000181e-09 9.249679671949999349e-02 3.168096317209999722e-14 2.805801359519999871e-01 6.213502737470000259e-01 2.213709330669999954e-46 3.716807640900000256e-07 5.572418095049999978e-03
7.194053247239999838e-01 7.051613144829999974e-63 2.228225187159999955e-10 2.077329550429999877e-41 6.042549319109999725e-30 9.057966964900000027e-51 1.098434502029999988e-40 1.909509904689999939e-42 2.054424386759999882e-21 2.805946750530000089e-01
9.559391219989999735e-35 2.464427754929999969e-39 1.770248830529999901e-34 2.374434968029999937e-04 6.000113792810000124e-01 2.181565902889999961e-24 3.997511772219999870e-01 5.360434164730000171e-66 7.187242580080000311e-46 6.794532599160000332e-25
4.072516825379999816e-01 1.556917670400000014e-05 6.368207557149999756e-13 7.725201370940000068e-85 9.770657991520000085e-02 4.950261289919999919e-01 3.096751141170000263e-101 2.800473676189999856e-08 8.789952997030000450e-15 1.137191394309999919e-08
3.625321327350000122e-01 9.353323278299999793e-37 2.756963755360000157e-25 9.780393862090000395e-11 5.504250618059999718e-76 1.606090146490000094e-06 1.600927467180000048e-11 4.177803378089999659e-02 3.164949074469999846e-01 2.791933198329999977e-01
1.210930066580000071e-10 4.944287010980000230e-01 4.124619965069999811e-02 5.379137289690000268e-03 1.923724139530000104e-03 4.570222194570000007e-01 3.196469852759999790e-38 1.824402099269999993e-08 1.957504479930000162e-37 1.021316539479999943e-46
1.479592204789999888e-48 1.882485150679999884e-88 1.011803278109999958e-40 3.314305730909999914e-01 2.752904073879999779e-07 4.633470971240000313e-28 6.685691516189999906e-01 1.024760318509999961e-122 1.629462696049999988e-45 1.078304225300000015e-38
7.557999395229999856e-08 4.147769041889999841e-01 0.000000000000000000e+00 2.992861352799999915e-06 3.363851459440000184e-11 2.358480172259999902e-64 3.499458796070000210e-01 2.066828643779999855e-62 1.048155275289999920e-67 2.352741477289999883e-01
1.543490078460000009e-29 1.973622379490000152e-36 5.320113886649999874e-02 1.741520368749999992e-01 1.882410742950000049e-01 7.867054353069999161e-06 2.196486768619999863e-01 1.592818148630000054e-31 3.647492060479999854e-01 1.639745463640000153e-36
3.519334227540000127e-03 4.443420837079999908e-01 1.834424224029999884e-01 3.033041980689999773e-10 1.083923707629999931e-15 1.315071394449999960e-37 3.682323723759999834e-01 4.398513127240000166e-04 9.888484386800000176e-09 2.392578083890000031e-05
5.780753994920000416e-01 9.399020123989999700e-26 2.537360876060000270e-01 3.013583286560000225e-17 5.327404247869999724e-52 4.716895864220000109e-07 3.425445095210000075e-62 1.681880412120000112e-01 3.353829443039999755e-14 3.575843384450000259e-36
3.952017258530000077e-01 1.351286572600000069e-01 2.326217677580000032e-01 2.281855729260000021e-01 6.018467787849999580e-20 6.390559585740000343e-10 4.093554258180000212e-33 8.862275564910000042e-03 5.302746778069999842e-37 2.014694936220000093e-39
1.609603760420000003e-03 4.827741962009999971e-18 4.866674215760000144e-01 5.010116332099999736e-01 8.201168758350000424e-41 1.016858581509999969e-06 7.873636527229999623e-37 1.071032459410000033e-02 1.173200453409999918e-13 3.251359523270000082e-48
4.480341588689999967e-08 7.994557277860000477e-01 2.158272092619999909e-20 4.057366589010000122e-53 2.025623654360000025e-21 7.750750264030000385e-17 2.523876939710000041e-59 2.005442146320000063e-01 6.917591621249999730e-21 1.277863206800000019e-08
1.038083797459999922e-55 1.275004219039999944e-21 1.833489424889999941e-01 6.163268214720000193e-01 1.911054845340000030e-01 5.853069044489999567e-19 9.218751505079999381e-03 2.957483954330000191e-29 1.204372502109999966e-31 7.187735499100000360e-50
4.983192672199999906e-86 4.741979290630000121e-01 2.122252891100000121e-09 2.889084459180000231e-01 4.787176428420000159e-23 4.874039784500000318e-07 1.910758433319999922e-03 2.349823770589999916e-01 2.976555812059999847e-18 1.885827187179999899e-93
1.797661121959999933e-52 3.584652649069999808e-01 5.446189427920000038e-20 5.424342576009999473e-01 1.183337694069999983e-30 5.369630315479999753e-20 9.852819718390000425e-02 5.722803072130000371e-04 1.103510922650000013e-12 3.869099407839999763e-54
2.179608402070000103e-02 2.300495064259999970e-25 5.322771944070000211e-11 5.765836796419999688e-01 9.534227309169999325e-05 3.762552173840000061e-31 3.149398059029999750e-05 1.863327808660000049e-36 1.458113368659999999e-25 4.014934000300000028e-01
6.306829093479999759e-01 5.824442487089999744e-74 9.837406408380000845e-19 5.188271901319999828e-11 1.744509789760000062e-44 3.568168172580000186e-01 3.179262672469999843e-15 1.980764201330000039e-23 1.085774703780000026e-05 1.248941559489999929e-02
1.889230971799999875e-12 5.668282688710000183e-01 3.113495343630000023e-01 1.218212243350000057e-01 8.195909659129999812e-07 1.528323416339999998e-07 4.822925827160000197e-43 5.363175964190000134e-12 3.346854215909999874e-40 1.306641648359999987e-85
1.493409357709999967e-68 1.918509099549999830e-27 4.619828150329999827e-01 1.338332566370000126e-10 4.326420133930000134e-01 1.015533156419999930e-02 9.515959074810000085e-02 8.311411102249999726e-23 6.024912757770000337e-05 5.681916042639999888e-61
1.503770512600000053e-01 4.512718836860000115e-54 1.782188335309999871e-01 4.510314978439999845e-02 3.888758800830000097e-124 1.930099689969999931e-33 6.718687150139999922e-04 3.572417857949999886e-02 4.349953202240000039e-01 1.549095979050000016e-01
1.040793767410000056e-02 7.900378093530000534e-01 4.136174657329999867e-94 1.846252350719999880e-01 1.882167196819999993e-22 4.814516106200000361e-83 1.444857152589999923e-02 5.639175954390000398e-47 6.417383194359999996e-105 4.804463751079999872e-04
4.829528355340000027e-55 4.799887356939999756e-06 6.211498127350000287e-01 1.919780034049999862e-01 1.868673823170000081e-01 9.193131972630000012e-22 1.655825468109999981e-09 1.555367628709999943e-20 3.211125297700000070e-26 1.731467717320000033e-94
2.720076543389999962e-83 1.374157167169999921e-74 1.698585476349999956e-01 1.671454987819999911e-41 2.881804349010000030e-02 6.633003568769999525e-01 1.297067741999999898e-09 6.617100296800000200e-40 1.380230507009999885e-01 3.379146357849999919e-24
4.638418320480000118e-07 6.431912011930000503e-08 2.746684236700000021e-21 3.128754898050000030e-40 2.167265826110000015e-01 7.832728892089999562e-01 2.011569154260000000e-56 1.888761902170000009e-16 1.183866602460000045e-26 1.888774055400000146e-11
1.021814771540000068e-32 5.468139595899999796e-42 3.724762031170000260e-51 2.117171179390000156e-25 2.474756460119999954e-22 2.201898476640000037e-38 5.265365485020000458e-01 6.523399259600000453e-48 2.979369351430000029e-18 4.734634514980000097e-01
9.003532515560000796e-03 7.797352932050000129e-02 3.005891306219999892e-01 6.610647676769999672e-33 6.124338066690000471e-01 2.465614273389999876e-18 3.234070743669999924e-59 8.723756732290000086e-10 2.248504677550000134e-29 1.378253363420000006e-14
5.998501783340000060e-01 1.251559197220000024e-38 5.752123986260000339e-15 4.001498212710000169e-01 1.235107560429999971e-44 3.948147499140000157e-10 5.037091356630000179e-26 1.091595130520000011e-17 3.739057909729999999e-32 1.644384995290000097e-14
1.202572805299999964e-01 2.159271033949999993e-07 4.167490055010000249e-01 5.554644062380000012e-45 4.629579211670000194e-01 9.319341501260000655e-12 4.314980468759999889e-65 6.515836776920000266e-09 2.322245476710000068e-23 3.557035027169999788e-05
2.157709931700000083e-01 1.999829287919999976e-01 2.405565006309999965e-03 3.970935356659999749e-01 6.188992268290000390e-04 1.841105780969999883e-01 1.142411740960000089e-27 1.750004204060000022e-05 6.011532662460000018e-16 1.409718818589999922e-22
4.072371159589999809e-40 6.061223722589999678e-23 3.538724333740000209e-89 3.314304034519999775e-01 6.060175058740000290e-48 3.628452683609999910e-31 6.685695965479999670e-01 2.003228379119999871e-35 2.742530604970000247e-41 1.246439558829999952e-36
7.921263060800000310e-15 7.092708518139999789e-06 2.191747661439999995e-01 3.686142157890000145e-10 1.380510013819999916e-13 4.994084551620000173e-13 7.238878954750000219e-03 2.264500901900000085e-01 1.034141776020000017e-12 5.471291716330000110e-01
6.394941772150000218e-14 4.200278190419999953e-47 4.749556362720000252e-07 3.002500861939999733e-14 7.594929374849999915e-02 4.620584177750000077e-01 1.782475543409999988e-07 5.277889693789999984e-35 1.197268960079999979e-15 4.619916352730000231e-01
3.481639265009999723e-14 3.773135400450000065e-01 5.152780581579999817e-25 6.129860281029999580e-01 9.700431852270000044e-03 1.641131602319999984e-23 3.346987738309999898e-28 3.443694946600000195e-30 5.648430959219999844e-80 1.144236779389999923e-46
2.094423350989999935e-15 2.603549070949999911e-32 1.512651324470000127e-07 3.161907757360000182e-01 3.249061657530000098e-24 4.639425416140000036e-01 1.300034133299999935e-09 2.116410865460000110e-14 2.198665300840000059e-01 2.759308465100000088e-31
4.599336922219999790e-01 5.501682299420000005e-02 4.796305222880000077e-27 1.379141000519999993e-01 4.346137584049999772e-53 1.590751746889999945e-39 1.598281725619999927e-01 1.867670487989999961e-01 1.387057406699999970e-09 5.401619841119999470e-04
2.382711876059999956e-01 1.894295578820000014e-37 1.288122124490000131e-01 2.346410408849999780e-10 1.649593876969999964e-79 1.872355757499999904e-36 9.319070018880000081e-11 7.935348552019999557e-02 1.441446716700000019e-01 4.094184424260000066e-01
2.269847119180000058e-63 7.792973697480000128e-01 3.552163498930000279e-11 1.757653824879999993e-01 1.356198330800000103e-19 1.877785224709999925e-07 2.549415478939999827e-04 4.468211840200000257e-02 5.019653459509999735e-17 1.751970891830000019e-70
4.171906202599999780e-01 4.707241356309999869e-07 1.290313209530000064e-34 2.256282200099999986e-06 5.609548827679999849e-01 2.182957752969999846e-02 5.546260480629999807e-17 8.035674714709999328e-24 1.091906573119999928e-20 2.219243560440000061e-05
3.726299328560000178e-47 1.859810211619999931e-01 4.169109172069999578e-03 8.079290698000000104e-01 3.817707019000000077e-04 1.539027585390000032e-03 1.043055204909999927e-24 1.578140799470000088e-09 9.541199882169999561e-21 9.016627720220000528e-102
6.801861708980000659e-05 1.477881160649999934e-52 4.771079237979999887e-01 2.447081571389999785e-28 8.050992848159999975e-12 7.585845377880000295e-02 2.079699740630000105e-24 7.906355825399999759e-23 1.250199119780000039e-09 4.469656025479999961e-01
2.399767843990000063e-12 4.797365438309999890e-03 3.540294398780000008e-22 4.349573903640000035e-77 2.260694946960000099e-10 1.664848944039999945e-01 1.511550985849999948e-44 5.257391507999999991e-01 7.202041616609999863e-02 2.309581729630000024e-01
3.131937473309999893e-68 3.508552609199999825e-13 9.894266821559999510e-21 1.105674144419999949e-01 1.254985710669999921e-01 7.639339083089999871e-01 1.061818697270000063e-07 2.021666194379999890e-28 1.617899870600000027e-32 2.319295930409999866e-77
1.776244991790000005e-01 8.159830222279999874e-60 2.660858212170000095e-14 4.425422392560000029e-01 7.460892420189999626e-39 3.590599590229999749e-01 6.558037463699999980e-08 1.763712473320000099e-19 2.077323651870000010e-02 4.432700199470000016e-10
1.804402586149999876e-01 2.361052357999999863e-21 1.975641361110000020e-25 7.100915748109999737e-07 1.629671514690000073e-06 6.404186119939999644e-01 3.078594686659999796e-13 1.906633102830000038e-25 2.086020444460000114e-33 1.791387896280000058e-01
2.126846826980000049e-02 1.108203811229999947e-01 1.788538444820000125e-17 7.471216613339999590e-02 5.936964629409999919e-22 1.012506310969999956e-08 2.303075499790000106e-08 4.771750289550000246e-01 3.610675769190000064e-26 3.160239223629999761e-01
6.215774968850000118e-13 4.734036605040000123e-01 3.322503082710000222e-02 5.115649766489999833e-02 1.394687976789999936e-03 4.408201019299999857e-01 4.471232287069999832e-34 2.109703854559999980e-08 3.733289079709999927e-37 3.749748187309999790e-48
5.726230836079999766e-09 3.695963682369999836e-01 1.186385209870000068e-02 1.554113956770000054e-06 1.759443406900000103e-10 1.602467693290000119e-23 2.263854376349999920e-01 7.246913584769999576e-03 2.314006323889999939e-01 1.535052360389999870e-01
1.057949938520000010e-37 5.992712836519999975e-01 2.180412393279999979e-11 4.219497628810000132e-10 4.161519723289999972e-17 2.020356290119999971e-05 1.024467642710000062e-11 4.007085123310000219e-01 6.967837566450000529e-17 5.575817662040000277e-34
1.470310371459999888e-07 2.391552288689999784e-84 8.329324810620000361e-05 3.369955583900000051e-01 2.493752699849999924e-15 1.037132939859999943e-05 1.937731642380000063e-01 5.319681781440000025e-39 4.684563609260000150e-01 6.811048376109999584e-04
7.147338949829999850e-07 6.584841107540000404e-01 9.902133736409999564e-55 5.122515134040000132e-23 3.089717146559999824e-07 8.452468652050000187e-29 2.458121484170000175e-06 1.282282153589999999e-23 1.292410868640000090e-24 3.415124074190000192e-01
3.758595687569999840e-31 1.576546716619999969e-77 2.136718871339999972e-24 8.326346590180000232e-22 2.342641808080000168e-47 1.329460571210000026e-15 7.532607929879999720e-01 8.317357120910000222e-29 1.103493812929999957e-01 1.363898257189999907e-01
1.795959915130000096e-51 4.591422559319999902e-02 1.485504368729999917e-28 1.473598761769999996e-80 5.870478041950000225e-01 1.540387619340000021e-18 1.604572319509999971e-15 1.003859417220000010e-10 5.055850821750000265e-03 3.619821192889999817e-01
6.984979620770000175e-02 3.529133386419999741e-01 5.723085172460000425e-04 7.459563644510000289e-08 1.823695714429999939e-17 6.359044692690000292e-39 9.398065859469999228e-03 7.553264682820000483e-04 5.612281200199999986e-01 5.282969689060000237e-03
5.998501825209999749e-01 3.026680656660000176e-40 5.313096528160000208e-15 4.001498172330000269e-01 1.334345205039999941e-43 2.462573468659999829e-10 1.554636821490000082e-25 8.316173039459999591e-19 3.408726069610000217e-30 3.044813191580000126e-15
1.260092613530000045e-56 4.055303752480000286e-11 8.321011424439999579e-57 1.376500479200000023e-36 4.000338321249999884e-01 8.433587559560000332e-44 5.999661678330000525e-01 3.932640323460000069e-42 4.549376255900000145e-33 1.469105967520000082e-12
3.990732620449999838e-43 3.679803680189999704e-02 6.032309853260000545e-29 7.016583453989999608e-02 5.770754958849999561e-01 3.159606327739999942e-01 2.605960376960000037e-15 6.244309684350000329e-24 2.323288745260000013e-39 2.083907723340000075e-66
5.640246911680000252e-01 1.090210352190000009e-01 2.457232394659999947e-68 3.269542736130000016e-01 3.012191843630000111e-13 4.299489057489999788e-88 7.558521721469999743e-26 2.432612381469999947e-62 1.752842389179999961e-103 2.269424523209999869e-33
5.976297920230000393e-01 1.022780755969999967e-03 2.912726642510000181e-31 1.488096990069999997e-60 1.658375245009999903e-48 1.529069216499999955e-42 9.580120499610000501e-60 4.005509013469999990e-01 1.278083471969999984e-12 7.965258729919999460e-04
7.078491258160000477e-10 1.616218206019999880e-32 2.110870262779999951e-01 1.237161839489999970e-01 1.752621687150000014e-63 8.750109086699999882e-26 6.308687469429999917e-01 3.428644628449999815e-02 3.466110813239999894e-05 6.934729825410000316e-06
