2.390044369570000127e-06 4.604804159109999923e-54 1.125578978039999975e-30 1.082121388819999931e-60 7.545469316970000451e-01 2.454384412370000101e-01 1.222967176879999981e-05 7.350216042069999648e-09 4.019581867309999824e-53 5.070939001610000127e-15
1.147909053480000031e-21 4.787451327120000281e-37 5.114541105580000524e-01 3.611028675700000040e-21 2.528992020689999970e-66 1.730852475989999995e-36 1.828150937140000107e-03 1.335487423049999950e-08 4.867177251500000024e-01 1.664281135229999918e-37
4.304573565220000120e-01 1.398249299720000003e-23 6.848930129849999578e-07 1.019500974619999980e-45 6.015141877439999641e-29 4.186429476959999765e-07 5.695238562540000382e-01 1.204617716040000096e-25 1.768368781189999847e-05 4.721907302699999753e-22
1.688154400360000057e-02 5.696951166180000361e-06 8.746989183780000752e-50 2.338807534460000177e-12 2.570473340930000017e-08 1.215442686180000048e-55 6.061365342119999777e-01 2.639593658009999828e-06 1.451475777430000047e-25 3.769735595320000132e-01
2.118345824020000101e-01 1.185223907829999970e-36 4.885166439429999841e-01 4.122347643130000098e-59 7.863835077300000395e-10 6.796032538429999508e-08 1.940258654460000065e-01 1.053364060059999996e-01 2.864334565219999991e-04 1.060390455840000020e-41
9.055302317580000666e-40 4.620465854020000467e-13 5.806313640899999534e-32 2.300653110859999802e-41 6.069071864649999846e-28 1.840949125400000058e-19 4.549693141799999729e-01 1.171793776680000038e-01 4.278512976450000171e-01 1.050673933799999971e-08
1.129959858750000008e-36 9.069356185300000068e-16 1.570184039300000031e-55 3.496084007320000035e-20 4.999989469239999873e-01 1.510549732499999886e-50 2.274117947240000136e-28 4.999991156649999935e-01 1.937384298340000165e-06 2.619356227669999936e-11
2.106524407929999919e-03 1.508674368879999959e-19 2.034695679500000132e-01 2.435491526350000189e-62 2.757619090650000114e-44 1.922377730280000168e-15 3.981119956060000242e-01 3.963119120360000247e-01 1.041471986789999980e-29 1.899104965469999885e-25
3.080250648059999856e-22 5.093869325420000328e-05 2.663102878440000154e-01 4.444928471549999965e-16 2.347572561550000128e-08 4.735247533649999715e-18 6.814616871430000389e-01 5.217706284490000040e-02 2.108265593699999907e-17 6.318276975599999872e-56
1.166275943209999932e-13 6.161473061130000078e-32 6.918143537670000468e-07 1.423370445990000003e-39 1.414347830200000100e-01 3.336263316679999869e-01 3.776321613319999661e-12 1.140637943649999986e-01 4.108743991289999786e-01 1.877862031400000010e-29
2.399185489069999940e-33 4.106499847539999970e-01 5.681920232239999757e-01 2.103936691440000048e-02 9.291876674390000531e-48 2.733271607970000076e-48 1.759197880720000057e-37 8.636563818169999584e-07 1.177614507950000019e-04 1.116385412489999975e-32
4.993714754249999888e-01 4.987668024810000267e-01 1.774229886000000089e-04 2.783221576970000230e-50 6.537254201499999421e-39 1.330777130070000128e-04 1.551221384450000027e-03 1.353902865830000073e-17 2.763279377479999946e-46 8.271577016439999868e-12
6.788091321749999507e-26 1.000974055770000072e-77 7.190194090239999669e-01 7.286550017479999921e-52 1.002423199390000000e-38 7.520106684840000127e-37 8.103059570469999523e-23 2.790583562899999759e-01 1.922234685810000031e-03 2.849340420590000218e-88
1.664982708619999952e-09 8.300821690789999612e-40 1.081737744790000066e-01 4.660907165429999943e-01 8.171456921869999728e-18 7.320942572629999808e-27 1.358104388770000059e-01 2.899250288129999742e-01 3.962187855000000251e-08 4.814366859860000082e-25
2.246717344240000001e-15 6.051592145229999545e-19 2.081450989779999941e-02 1.925013834819999954e-52 2.843719543239999946e-63 4.741042020289999992e-01 1.615632146220000107e-16 4.273132688269999924e-01 3.706126965789999932e-27 7.776801924640000530e-02
2.795649666199999840e-37 1.128871552450000080e-15 2.909092464260000049e-22 2.306004072989999883e-20 6.726013701690000679e-02 7.354362911999999530e-02 4.084206571590000001e-01 1.473846427650000101e-26 4.507755767039999806e-01 4.125246904190000110e-29
5.241607966859999912e-02 9.920529053789999510e-42 1.373900935889999988e-53 3.342847940690000107e-131 3.007908393790000067e-04 9.960270597489999792e-07 1.783452261860000064e-06 4.976815677249999958e-01 1.438610352930000015e-55 4.495987822870000095e-01
4.299685999280000220e-41 4.766403404459999728e-49 3.389322444769999887e-01 6.625839669210000457e-29 1.758759224340000029e-08 2.540422236309999859e-01 7.488057290029999912e-13 2.933806848819999757e-01 1.136448294219999933e-01 5.454575497630000141e-56
3.781492489520000277e-01 2.218461834100000131e-39 6.217795173079999627e-01 5.199102834800000135e-55 4.895344848570000443e-56 7.123373996199999943e-05 2.005621570600000031e-36 2.946655241799999990e-40 3.656205679619999888e-45 3.269791953589999701e-36
1.024926831329999941e-02 5.185236589579999744e-51 1.886498307499999971e-01 2.332550264000000095e-01 1.327518788850000066e-06 1.305189968570000044e-48 1.282523497690000062e-54 3.920704093549999825e-01 1.757741376630000130e-01 4.893929629029999844e-48
1.543645139320000049e-09 9.220531204709999906e-36 9.771757424139999511e-27 4.427471825160000341e-71 1.877382755869999880e-16 4.347183138249999801e-01 2.074955946139999952e-01 5.132464943869999775e-08 3.572785277589999864e-01 5.075109333410000520e-04
1.411047839679999991e-14 1.738532376879999900e-23 2.839480557250000140e-19 5.046604527610000224e-01 5.922668119990000257e-02 1.009814671899999933e-01 1.230714971989999950e-33 7.052946538819999423e-23 1.519802536839999958e-06 3.351298790460000010e-01
9.128139608929999215e-59 1.319284754060000009e-01 2.815868099029999966e-09 2.231088495659999946e-13 7.384722164720000648e-02 1.748101799619999905e-07 3.943915318409999676e-02 4.743416296799999876e-01 2.804433424569999778e-01 2.718134516159999896e-37
3.725275133920000109e-11 3.583058888010000054e-01 3.273167122689999986e-01 1.860110104890000116e-01 1.282252367789999958e-01 1.411516251450000065e-04 4.481878381860000178e-31 1.011411602089999986e-55 1.123621848499999996e-18 1.311527363350000084e-56
5.008835775410000155e-39 4.833856621910000186e-18 1.215941105669999939e-01 3.767429006410000225e-01 4.382218257949999779e-02 2.315823204209999930e-01 9.283672199999999456e-56 2.111427052299999914e-28 2.262584857909999969e-01 9.656766116850000085e-50
3.026782407859999937e-59 2.959773725480000066e-24 2.036645267669999910e-21 1.422589584379999911e-37 1.093035135140000096e-31 1.700928429349999897e-09 6.401911073189999746e-01 3.531090284289999937e-01 6.699862544589999837e-03 6.938370274909999889e-12
8.085065744019999390e-02 3.723570245079999892e-13 2.297542910579999931e-01 4.152771354180000152e-02 6.733631561919999577e-81 5.279934344470000009e-40 7.150332525740000116e-08 2.885524641830000160e-03 1.655559728020000127e-33 6.449817418140000314e-01
3.207932172589999955e-10 2.299521648750000036e-01 3.276260794500000018e-30 4.302016317790000044e-01 1.476128550880000058e-31 9.075581007739999822e-58 1.208007877900000060e-26 6.362857813660000070e-19 1.697786293239999876e-21 3.398462030250000154e-01
1.796853434060000069e-24 1.756645236750000031e-45 5.101019618280000500e-01 2.012271349880000050e-19 8.356430423510000398e-70 6.695245532089999941e-04 2.101040190250000185e-31 2.425167489300000059e-09 4.854949566480000200e-01 3.733554545970000152e-03
1.321492232879999997e-27 1.030601664100000010e-73 7.892872316460000648e-02 7.933498854020000379e-45 2.778651825839999918e-62 8.979936270640000229e-10 1.374736167660000058e-17 2.335113847599999959e-01 6.875598911770000043e-01 2.158362919230000155e-25
5.623531442120000001e-01 2.740272926560000100e-01 3.877580277029999897e-03 1.739083572199999971e-20 1.462311296949999919e-14 1.597419828549999921e-01 2.673246703179999998e-13 1.985055831969999928e-52 1.239013736210000002e-22 2.313662190510000044e-33
1.238333369849999955e-30 1.172396288830000050e-01 4.494452488070000301e-27 2.357642272419999963e-01 4.162317019339999979e-01 1.282053778610000069e-19 4.488906145180000077e-25 1.318859860059999889e-01 6.054636727399999786e-23 9.887845593470000194e-02
6.209371905060000023e-03 1.978841430280000087e-43 1.894884012730000122e-01 2.364047589859999965e-01 4.905426692819999614e-40 2.083437891619999918e-41 5.043787489419999978e-10 3.951556931419999974e-01 1.727417741900000026e-01 2.110203599450000103e-19
1.010842595609999908e-15 2.810476387120000037e-21 1.124150078069999993e-20 5.231019311290000529e-01 1.990374078669999991e-02 2.570989884050000063e-01 3.134650742220000162e-15 7.688163200380000674e-18 1.044966283610000019e-13 1.998953396790000003e-01
5.923584772000000047e-36 8.720572291389999913e-19 1.760281804020000018e-41 1.199577942089999921e-24 4.940608258640000194e-01 2.643291471400000019e-24 1.022838763339999936e-02 4.957107865029999894e-01 9.662632689430000170e-32 5.105072864840000293e-15
2.118559115160000006e-01 3.985301584619999717e-37 4.884982848680000100e-01 1.184385061760000031e-57 6.968728673880000456e-13 6.082860640059999765e-07 1.939864630750000041e-01 1.056586723349999951e-01 5.991988012109999409e-08 1.868785970799999881e-39
3.318482329150000100e-10 2.415784535710000067e-56 2.875884377909999779e-23 7.068291835830000023e-123 2.758903703050000211e-03 7.181018751809999934e-01 2.090229313599999857e-06 2.791366243910000100e-01 5.061639895929999761e-07 3.498642015519999879e-25
1.089600630769999983e-13 5.901162877159999902e-24 2.034090103049999911e-23 5.580502183910000170e-42 7.479935694590000373e-47 5.586841836520000104e-01 1.302563961229999975e-14 4.709191162330000115e-42 6.511012199080000303e-16 4.413158163479999896e-01
8.566619546099999946e-28 2.537204380950000004e-01 6.170260784890000405e-01 5.327343230610000221e-07 1.730705163810000042e-59 1.695186340720000144e-42 7.974155226909999804e-32 1.292529484150000130e-01 2.266252990210000052e-09 3.434319743900000048e-18
9.165705016460000200e-16 2.080966737499999898e-19 2.949352468060000012e-14 4.000635262100000200e-01 5.999364737900000355e-01 7.966098915189999620e-48 2.875643672519999934e-25 9.176861625470000568e-25 6.655028187770000090e-21 4.679650911250000470e-69
1.964070075999999836e-06 3.101530267040000233e-01 5.503697856410000311e-01 1.838935541799999879e-02 6.280227535899999929e-03 1.148056406310000027e-01 1.992903197710000028e-23 7.682515559629999984e-50 3.400349294199999928e-18 6.739428833889999832e-34
6.148856313709999769e-30 9.639595150570000018e-09 6.964103321869999919e-01 3.031503658590000150e-01 2.789687051200000136e-69 2.026357737320000153e-15 4.392923150040000248e-04 2.712714080060000081e-46 4.015708838139999885e-18 1.654551187409999882e-24
1.039063564689999906e-56 1.209418702570000063e-10 2.212863028219999968e-10 1.020571242059999939e-01 3.208462223169999961e-02 3.592668136659999865e-04 6.420512510209999690e-02 1.246352638370000038e-22 8.012938613040000435e-01 1.791781938730000143e-39
5.502993062090000273e-43 6.284332990749999460e-05 8.161230369059999441e-27 5.186326306570000488e-01 9.996905869059999339e-02 3.162383434870000053e-76 2.548053581009999862e-09 3.813354647750000215e-01 3.654315975459999952e-17 6.645309937889999783e-50
1.787638435349999906e-23 2.308257276659999931e-11 5.089402328929999754e-10 3.616764785889999834e-01 9.906904989599999787e-11 2.131490614430000108e-47 1.148830503580000051e-01 5.234404704230000149e-01 3.822522110859999727e-32 1.525145915930000014e-46
4.260607564210000063e-10 7.654836161029999816e-13 6.945647075680000404e-05 5.274410210340000349e-01 1.756982650749999996e-85 1.164959661450000006e-46 1.437381549719999912e-09 2.575418425680000012e-01 2.092154066080000124e-31 2.149476780619999916e-01
5.769069871820000114e-14 3.519782100759999919e-06 6.320147491220000147e-06 6.805938142240000252e-04 2.492759441319999907e-25 3.884908524269999885e-01 8.693870243729999365e-12 2.675642522060000273e-23 5.178293093950000481e-01 9.298940442500000514e-02
2.217105993799999947e-23 6.902672265610000357e-01 3.096807306780000046e-01 5.204276123319999750e-05 2.034526955549999843e-15 2.739607601799999907e-19 1.880582013239999932e-29 1.069628069250000073e-20 1.936336375530000130e-27 1.639839082439999861e-45
1.000000000000000000e+00 4.814788083710000314e-67 3.732023488339999909e-27 1.034706137250000001e-59 4.832019908479999919e-46 7.185292686269999645e-23 4.630329819920000064e-57 2.892386800289999821e-45 4.465030612020000116e-98 1.252394631809999995e-28
1.256484953860000087e-01 8.975302970199999786e-02 6.480659492330000051e-15 2.084438471879999921e-02 3.984999435659999749e-03 2.590211291930000022e-40 2.353547227889999927e-01 5.244143679689999837e-01 8.005449148340000557e-23 2.760881067429999883e-19
1.938215871079999832e-33 2.011650751889999929e-23 7.995074471480000598e-31 6.142886034199999737e-66 4.926839164610000155e-01 4.887893228549999858e-01 1.852676068339999954e-02 4.922275660269999834e-33 1.237130561149999994e-20 3.849108621070000193e-46
7.876981761429999813e-22 3.939009463709999825e-01 2.748618348890000031e-60 9.268103620830000014e-03 5.968308515139999493e-01 1.411598361099999910e-60 9.849445518609999866e-08 5.236140268340000085e-79 3.477724557409999991e-30 3.487780787600000181e-35
2.563890804419999836e-01 5.259764498290000409e-31 2.914956501370000175e-01 1.381147751909999986e-09 2.698425368860000173e-01 3.214056475609999959e-15 5.472771792870000096e-02 1.275450132250000035e-01 4.834889592599999753e-23 4.473844820860000176e-35
7.890892981340000454e-42 1.068642423629999914e-18 3.503676162620000256e-01 2.529821319960000037e-01 1.846420556819999935e-07 3.737510310330000030e-01 3.197960080639999803e-28 1.881453668500000120e-17 2.289903606650000104e-02 4.474910620410000353e-37
1.682019708109999956e-01 5.326501503389999713e-44 2.296772181099999977e-01 6.021206059250000520e-01 2.816381966280000232e-57 1.401459536040000021e-35 6.358367266240000261e-34 2.046562092440000101e-07 4.484359680009999718e-17 4.974695087219999860e-10
5.261229919169999824e-38 2.244215153200000007e-02 6.540643201359999953e-13 3.681232539379999946e-01 4.102333021499999775e-16 5.460430700289999884e-01 9.277897489450000288e-04 2.714815498970000010e-32 6.246373474590000141e-02 6.053204590840000135e-12
1.246493013729999944e-08 2.128313907099999968e-29 5.384576962800000088e-02 2.073395772179999855e-17 4.832228336930000411e-13 5.281308434870000124e-01 3.545926493049999808e-67 2.477977368449999813e-16 4.180233744190000045e-01 4.017856713870000114e-15
1.546801169339999907e-29 3.509299190330000262e-01 1.961679901939999970e-02 4.270286979290000256e-07 1.168235642159999990e-10 3.668214075880000258e-01 5.434005921369999809e-21 2.466416614149999909e-01 1.598976398189999940e-02 2.181810084599999984e-08
3.734481577720000223e-01 7.799117565589999890e-118 6.182737905259999556e-01 2.835606229470000101e-10 4.047438147490000058e-56 6.645873893770000313e-44 4.551646818429999848e-97 8.278051418879999943e-03 1.241496263459999918e-44 9.927128412960000503e-30
1.914980891389999884e-01 6.987479172650000225e-07 2.342099539000000136e-11 6.846305554139999963e-21 1.149291333610000033e-09 5.257269632880000311e-10 5.912008057959999840e-01 1.489844274330000048e-36 2.173004046189999927e-01 1.359647011339999968e-27
4.393690951400000322e-05 5.879398502770000201e-01 1.595944189309999877e-41 3.858539101539999864e-08 2.800448894800000004e-19 1.005595170879999927e-33 1.762982705549999907e-14 4.213379734690000047e-45 7.514846572780000685e-71 4.120161742280000206e-01
1.190789024129999905e-03 5.285870749080000201e-38 3.449030256530000042e-41 2.444758432629999967e-86 3.920203924470000171e-07 4.353494903129999758e-08 1.174294072630000099e-09 7.531399162609999642e-01 1.579061172059999914e-44 2.456688579849999887e-01
5.407472521469999893e-12 8.639200853360000071e-36 1.970874537500000023e-01 3.939430165830000163e-01 1.638218637930000110e-01 1.164389782339999954e-32 5.044158876470000177e-09 2.451476608239999966e-01 9.928126107430000602e-16 3.574837680600000062e-58
6.572373987170000431e-01 1.195557154609999993e-26 1.735863812620000099e-02 3.254039631560000090e-01 9.816273198229999531e-16 5.097009905870000119e-23 1.960458847320000048e-39 2.279338453289999980e-16 1.275709587589999972e-21 4.455808920349999897e-28
1.614852341529999912e-21 6.857863310849999961e-15 7.902842650179999762e-01 1.806264262620000116e-01 6.844401750619999426e-126 8.550125792169999636e-28 1.320714913669999985e-11 6.078710686290000409e-31 2.908930862240000081e-02 8.439545661150000286e-11
1.006047031120000006e-12 1.479163141790000059e-02 3.890337267230000069e-03 6.522519475230000030e-02 6.463930501399999937e-07 2.375491055169999966e-11 4.720728814039999999e-01 2.194745587830000002e-32 4.440193087400000072e-01 1.282430696179999987e-34
3.136669398909999980e-15 1.074130734559999891e-22 2.465920898499999919e-07 2.789766848399999888e-01 7.607573714359999627e-28 1.708454194160000020e-16 8.175460034059999774e-48 7.048889048990000239e-01 1.807391184259999943e-23 1.613416366930000082e-02
4.989231169460000004e-01 5.822589393910000048e-15 3.113072234479999909e-04 4.995979679520000105e-01 7.332206195819999677e-30 1.431315021870000006e-07 2.593235283130000072e-04 6.398658507199999789e-27 6.782337994829999895e-38 9.081412191909999905e-04
7.945082943440000068e-54 1.137130124090000027e-01 1.582339460109999997e-62 7.373416376450000418e-50 2.166857717909999870e-01 1.250993657920000003e-07 5.160107935279999447e-01 1.498163210370000006e-20 2.911751665629999999e-02 1.244727805159999978e-01
3.625864259739999818e-01 2.510436184000000030e-95 1.101190282979999995e-16 2.988060651990000168e-50 4.567165193159999914e-02 3.962601966510000129e-03 1.871259413919999873e-38 5.877793201280000490e-01 3.329978284020000108e-15 2.597879607950000113e-17
8.727190285680000651e-64 1.919604300630000093e-01 7.102864306350000197e-134 1.063322379999999888e-56 7.999616704830000424e-01 1.991284025639999920e-53 7.924327213720000138e-03 1.933554127679999914e-14 3.924131601240000085e-54 1.535722412060000106e-04
2.748241214580000036e-01 1.304007937910000026e-01 4.617083327670000181e-01 6.813704563169999909e-05 4.929899372210000072e-07 1.697758792650000050e-06 3.747560153540000030e-43 3.024830068090000122e-37 1.329964241899999899e-01 3.031902031770000007e-25
8.203450250200000626e-02 3.821873494579999808e-01 4.989196194930000106e-01 3.608408275629999828e-02 1.657721704040000025e-33 4.892207680200000080e-10 6.496229731159999720e-08 2.165480989700000183e-37 7.743803357130000110e-04 3.837717884989999920e-12
1.470465560210000062e-33 4.106101722809999965e-01 5.681259710179999978e-01 2.106031401050000029e-02 1.478061277039999949e-47 6.029935364829999876e-48 8.915796640999999873e-37 3.586288095840000019e-06 1.999564024290000032e-04 5.667844633959999917e-33
1.075147955430000049e-28 1.774464513300000131e-05 1.277830017529999878e-32 1.079457898410000006e-26 2.144735850489999929e-01 7.855086703060000231e-01 1.286846992670000062e-16 7.555753446819999470e-70 1.249074285100000105e-34 1.587478287970000099e-34
1.205099740490000102e-25 1.022870483429999952e-29 3.828519849679999920e-01 2.476535855960000122e-03 3.635725200420000285e-15 6.734863137109999657e-09 3.274302168590000026e-97 1.366817156089999999e-24 6.146714724409999553e-01 6.911005179940000524e-36
2.482000597910000161e-02 2.561184834420000137e-20 7.933901117989999504e-07 3.320800977430000264e-85 7.973122252579999680e-17 2.452263289459999940e-01 7.299528682489999643e-01 3.435627827250000113e-09 1.212748893330000072e-65 6.546662508289999901e-37
5.494117888250000364e-31 5.163199647199999687e-01 7.771819499389999442e-02 1.112293121459999976e-09 2.222362732600000057e-01 6.018685130300000346e-30 3.371508448839999838e-05 1.390401010860000119e-01 4.465174974279999959e-02 5.444317535209999679e-64
9.146941722170000288e-02 3.410396534849999828e-01 4.452596203349999948e-01 3.554439698839999967e-02 1.824978798330000040e-02 3.001590597980000085e-09 3.978059842250000091e-38 5.677745663439999984e-44 6.843712098430000668e-02 8.949266404390000099e-34
1.178373292590000065e-02 2.700680384099999887e-01 2.248330724809999877e-17 5.640283120879999862e-02 2.215660016469999938e-01 2.182530527989999953e-55 1.243273887139999966e-11 4.401793956989999979e-01 9.676071238149999711e-11 2.015940463629999857e-20
5.257373891590000345e-31 4.102592439459999962e-01 5.656226882889999752e-01 2.092712833680000079e-02 6.520807477419999674e-108 5.686937658839999714e-45 2.432908583059999937e-05 3.166465060799999835e-03 1.452592546310000119e-07 2.207836744390000090e-11
7.450481747930000342e-02 5.264947898470000197e-55 5.633903885200000107e-03 3.899092127920000123e-02 1.083906885019999929e-06 6.042161305030000484e-01 9.786952038990000201e-42 2.766530807179999885e-01 3.850988235059999945e-29 6.222774233789999491e-08
4.493871279550000126e-10 2.154573213880000171e-15 1.133517854569999979e-04 5.713761342590000236e-01 1.784608152070000153e-30 6.151487476780000337e-50 1.586273179339999921e-52 4.285105135060000014e-01 8.063997635659999896e-26 3.548381704959999790e-20
1.576780594360000137e-23 9.135228353889999856e-37 5.114269057260000251e-01 8.792761346189999973e-23 7.370407058509999946e-66 1.038781166659999943e-36 1.883144067209999942e-03 1.329202309519999987e-08 4.866899369150000099e-01 1.365477586330000081e-37
3.993305616689999948e-01 1.446284117160000042e-24 5.968049753860000206e-15 2.987688274860000187e-38 7.145951776239999726e-32 2.460625326329999985e-38 9.018854390860000375e-04 5.997675528910000331e-01 1.110155550459999929e-47 3.256233994549999994e-18
2.793676144060000185e-03 3.620192704019999625e-43 1.894182770049999964e-01 2.401100771259999933e-01 1.593453333910000072e-37 2.056028952129999970e-41 9.454006194480000576e-09 3.986413821959999826e-01 1.690365780749999991e-01 3.646939635479999731e-18
2.368407315740000029e-07 9.651922660430000082e-11 4.479683489699999854e-01 1.641016295109999912e-01 4.861671057799999991e-39 2.758133663510000109e-21 1.625635361499999893e-07 3.879296196359999782e-01 2.215489974729999952e-73 2.381935889009999885e-09
2.628706027869999947e-45 1.308896222379999972e-08 1.957655564839999920e-13 9.260883098099999246e-28 2.172987498660000072e-01 9.433235256749999834e-04 4.362346722580000002e-01 3.453387918010000224e-01 1.844494597099999886e-04 1.589165189860000000e-32
4.084034947490000067e-01 1.884001875409999915e-01 9.163988066709999497e-08 1.036171886099999939e-01 1.658018270139999855e-23 6.186366382489999644e-28 1.191114235550000021e-10 2.993077366599999900e-01 1.641874960790000057e-38 2.713006807349999799e-04
1.157634233330000068e-01 2.547471738099999954e-08 7.571063392540000024e-27 3.598195912789999840e-01 2.032398274240000136e-01 2.862123205150000161e-47 4.447561500709999991e-10 6.497100442849999956e-16 3.211771320440000022e-01 4.505805367749999675e-15
1.000000000000000000e+00 1.861334850110000059e-67 7.661157613490000491e-27 4.060746370869999873e-60 1.278381529540000009e-47 3.395655766340000105e-23 2.808374165060000099e-57 3.039886901440000293e-45 3.621302241540000258e-98 2.240118567640000137e-28
3.788231003730000091e-79 7.847455193290000519e-01 2.239550433689999816e-90 2.942647300900000164e-40 6.504606678360000394e-02 4.649804918260000349e-06 2.086842332959999851e-18 4.399141749960000089e-50 5.434754152689999999e-14 1.502037640820000075e-01
4.999846821460000035e-01 4.999978343920000179e-01 1.653142083709999892e-05 5.973280816350000085e-45 2.853508348280000086e-33 9.489631996540000208e-07 4.650915695540000034e-19 8.067395311899999824e-19 9.823917135429999510e-29 3.077796518709999911e-09
4.975750274130000261e-01 4.989605974949999911e-01 3.213533020729999665e-05 1.473455847770000072e-14 7.178537571909999659e-34 3.371284463929999885e-03 6.095529732069999675e-05 6.548468418389999826e-56 1.016460144219999982e-14 2.024484064419999970e-14
4.975995315069999814e-01 4.989804053920000038e-01 1.771318065659999855e-05 1.066953024070000006e-14 3.116369004059999833e-34 3.359433862719999817e-03 4.291605747099999852e-05 1.292261780329999994e-55 3.027213034299999843e-14 6.953753952909999725e-14
4.672089548389999940e-67 7.500006745420000343e-01 1.645909913999999965e-20 2.499993254579999935e-01 8.163982900209999516e-60 1.083545959840000037e-53 1.088981132500000030e-27 1.222265947070000021e-56 3.276311669220000115e-21 7.758224739739999965e-47
6.537385469670000296e-16 9.786553596959999712e-53 5.081953889739999897e-02 4.761082324079999872e-01 4.495909299790000020e-25 1.337152057210000133e-01 6.888446172760000343e-29 2.002538208380000018e-01 2.126648823870000074e-09 1.391032000079999997e-01
3.377375612519999981e-06 1.830717588589999911e-58 1.319122775110000065e-15 6.492137376910000426e-26 4.999979711279999850e-01 1.485362334179999883e-11 3.186819005339999884e-31 4.999984598480000098e-01 1.916343033620000122e-07 8.996571171799999417e-19
7.106877321580000307e-31 2.670554571749999798e-31 9.301564311779999762e-40 8.395261940139999668e-58 1.255590763500000105e-06 5.200679088199999800e-01 4.799308354899999851e-01 1.229771709439999928e-30 9.919617925930000483e-11 5.319936230229999519e-19
5.998217687800000419e-01 6.520857326989999671e-31 2.507238943240000019e-27 1.164467640899999972e-29 4.001782312200000136e-01 1.816943249999999971e-35 1.029759852320000064e-28 4.383387283959999841e-17 1.450029800609999961e-16 2.740516832820000148e-31
9.116547301779999387e-19 5.548217962719999765e-30 2.647211800910000183e-19 1.902517520739999968e-01 4.070842906330000011e-01 4.446625421180000153e-12 2.034172361250000116e-01 1.124246760030000042e-01 8.682022339540000633e-02 1.821764625960000008e-06
1.579807955099999978e-04 1.033564153229999971e-45 4.497958817059999892e-01 5.500461374989999985e-01 2.545217415939999991e-14 1.319120569300000018e-21 2.400546540879999771e-69 2.607783384059999868e-17 5.298969375239999694e-34 5.399420867360000130e-36
4.060215285549999970e-02 2.407480864860000021e-18 5.735231921909999663e-10 1.360195446820000051e-15 2.512685451150000033e-12 2.431270148210000083e-25 4.550224435029999737e-01 5.043754030649999498e-01 3.286534190360000104e-57 1.950471301419999991e-22
5.437689572480000401e-09 2.790062174679999870e-75 2.464006179469999946e-01 1.302606023439999983e-01 1.512766764299999929e-39 4.573319151420000015e-11 1.722329482180000001e-56 1.914434296720000095e-01 6.819217370629999941e-02 3.637031708480000236e-01
7.866888542890000098e-41 7.901492884400000290e-15 1.030361330139999993e-44 3.139506200739999990e-40 3.356913271299999946e-01 1.580675114070000109e-01 5.062397056240000026e-01 5.635151766240000311e-50 1.455838412099999971e-06 2.383940643610000104e-25
2.606165117389999878e-78 2.433365050100000093e-01 3.836194464629999999e-74 1.191907309559999961e-01 3.871450416339999867e-01 8.076867112920000518e-67 1.236005948240000065e-03 1.383142038780000027e-01 1.051095302900000028e-01 5.667982283719999979e-03
7.157799594889999689e-29 2.349857442340000033e-04 5.453491725819999662e-33 1.035311911900000070e-25 2.142712075750000111e-01 7.854938066809999953e-01 9.449548701979999826e-17 2.173454162179999965e-70 2.434025124420000211e-34 1.740184336909999934e-33
6.110936085650000328e-30 1.583604106179999915e-01 2.712964843570000152e-27 1.094828473749999986e-45 2.352803971300000130e-01 2.807809144900000205e-13 7.418800699569999877e-08 2.687099254890000233e-01 3.376491925740000011e-01 6.540323876409999763e-16
2.692935946039999862e-01 1.360996729210000034e-01 4.680025649389999987e-01 1.053287778050000052e-04 2.997952048560000208e-06 3.861842968909999719e-06 2.188103124739999820e-40 5.817555554429999752e-37 1.264919789629999902e-01 1.276433581009999999e-23
3.120441104030000215e-25 4.041902841150000112e-18 3.828785384439999939e-01 2.406069860019999923e-03 1.774163771340000079e-13 5.430314339849999769e-51 1.127791565750000061e-38 3.454319776240000056e-24 6.147153916959999798e-01 8.729759624569999472e-114
3.332096731969999816e-11 5.439971666660000354e-78 4.261890640000000063e-01 1.661047773730000100e-53 1.229915194210000093e-46 5.737916447249999941e-01 4.452944734099999670e-58 1.929124172350000005e-05 7.079360350740000485e-18 1.955335373820000147e-17
2.275208845129999873e-41 1.689686678750000034e-30 2.136109361309999831e-24 1.730069260390000030e-01 9.192989965630000677e-43 3.742753471790000136e-46 3.525404701250000160e-59 2.141510547009999876e-01 1.926651361870000134e-01 4.201768830720000181e-01
2.071511156869999863e-14 1.075376926239999977e-23 6.711438771399999857e-17 6.347013885690000059e-37 8.067670805669999731e-13 9.170341655010000315e-02 2.495964690340000125e-01 8.744754283470000617e-12 6.587001144059999591e-01 5.655523484740000170e-14
3.236293418480000005e-39 8.342646344199999842e-02 9.319454645359999401e-02 1.474313088660000014e-04 5.994355565250000311e-62 7.916723803709999951e-14 1.367824301649999915e-07 6.744717141410000449e-02 4.486455783130000041e-01 3.071386722860000029e-01
2.700456692410000208e-29 2.039207696239999923e-01 1.281309045619999972e-03 1.915451368889999980e-11 6.682004193799999605e-44 6.252510566159999717e-06 4.422992364750000108e-04 1.627897606280000070e-05 3.048401702090000054e-01 4.894929203789999961e-01
7.554701084980000071e-03 5.048637445829999848e-01 1.080907182480000007e-23 1.332961731510000027e-19 3.018032722869999976e-02 1.126158895470000034e-19 6.891546092060000337e-06 8.922566019089999933e-48 4.573943355569999869e-01 1.093555358960000057e-31
5.854231065800000495e-13 6.630478671599999985e-04 5.348266851039999992e-01 1.602859232050000084e-13 4.538741579180000096e-01 1.345897691659999880e-10 1.584812758149999924e-03 2.261927902419999904e-23 9.051296217279999889e-03 1.062366070110000066e-49
7.827517479149999796e-06 1.315881884310000111e-56 1.799058080860000131e-01 3.371762140999999824e-01 8.463560658589999969e-08 6.381756407390000462e-05 5.158419060770000165e-74 4.828330335489999792e-01 1.321454478319999951e-05 3.403416721909999956e-12
4.799334404330000104e-32 2.954543906719999908e-11 4.589409440109999683e-02 2.493157696240000110e-01 1.239605629019999947e-04 7.046332615110000308e-01 5.624113972369999567e-22 2.896890136349999779e-22 3.291387089289999956e-05 4.622899853649999584e-37
3.801679356659999898e-01 7.077367750779999626e-23 3.730954972650000243e-07 2.938731961889999837e-113 1.739070074660000030e-36 1.467983961049999900e-09 5.490322425220000024e-01 7.079944724820000368e-02 1.924200136360000039e-35 3.525975789050000136e-21
1.844595782759999903e-74 2.751722534920000206e-13 3.352811594060000202e-84 9.099615787539999667e-02 3.919800079330000066e-12 1.740633564280000069e-112 4.274621621300000107e-24 3.849043055820000059e-01 5.240993169569999610e-01 2.195817029330000066e-07
8.045164705170000310e-13 4.792621206040000242e-15 1.295868825869999907e-01 4.155024214589999832e-08 4.135690638560000145e-07 5.543452004179999504e-01 8.743880520950000701e-31 1.947756282339999977e-16 3.160674618750000109e-01 1.260804810510000048e-21
4.018503052970000292e-08 4.356983452740000040e-02 5.564347297739999920e-01 2.707775613240000169e-04 1.116489313069999925e-39 3.824963011819999814e-02 3.614749878340000055e-01 2.316695281770000042e-53 1.662051139739999933e-24 5.634980921989999986e-15
2.524074109420000036e-04 1.474708494100000021e-39 4.497090811209999983e-01 5.500385113589999486e-01 6.064929664029999702e-51 1.014586909580000075e-17 7.080480266649999681e-18 3.677530174839999673e-15 2.982550465879999874e-37 1.091743821799999998e-10
6.304398999869999779e-55 9.637674995309999937e-02 5.559465829740000292e-61 8.896469565100000037e-48 2.255702033839999954e-01 1.687104308759999964e-07 5.330424500979999980e-01 6.598225125890000057e-21 3.633701320269999702e-02 1.086734146509999999e-01
3.617486672259999890e-03 7.637977376869999641e-37 2.178800302279999955e-14 1.374143804119999923e-01 2.056645592119999893e-08 1.328586920820000054e-08 4.634627365079999751e-59 1.939668030410000095e-17 3.343860884500000075e-01 5.245820106130000271e-01
1.338457428439999986e-01 3.648486487210000039e-03 2.671055237199999963e-04 1.156521399389999943e-12 6.377652817540000343e-18 8.169677519569999660e-18 2.216762362080000048e-01 1.795762393910000053e-25 6.405624289360000168e-01 3.630479385849999799e-22
4.999356981699999980e-01 2.991033202630000090e-18 1.121952000750000013e-14 4.999852417310000074e-01 1.432198432000000037e-27 4.759369995289999732e-27 1.123900370550000029e-36 3.794819424740000161e-29 1.358747756029999925e-11 7.906008489099999664e-05
7.103075476579999437e-02 4.469545477050000140e-65 2.693354148989999808e-01 1.180460510010000090e-03 3.606258266200000016e-25 5.513593514880000326e-05 5.049742461699999662e-47 6.468516172000000290e-04 1.862139509520000045e-03 6.558892427629999800e-01
1.986662476499999961e-80 7.178688230270000363e-13 1.948951983800000082e-33 4.600400985399999791e-23 4.309259333129999758e-18 1.008354094149999915e-21 6.601032693380000094e-01 1.080096636529999940e-03 3.388166340239999741e-01 6.188461792489999934e-19
7.197048284789999940e-13 2.987277121779999961e-02 1.136962084379999971e-07 1.343874757940000031e-20 3.233688742099999813e-40 2.284178441320000169e-33 4.815110442910000010e-01 1.049465438759999980e-03 4.875666053550000156e-01 1.743021289200000011e-13
4.321260836569999684e-09 3.424459956380000031e-02 1.295002726459999927e-02 2.665201567259999787e-04 4.972909903279999755e-06 1.710211759570000099e-09 4.730085751599999999e-01 4.221821597010000006e-32 4.795252989129999976e-01 1.112636632189999972e-34
8.228306112339999458e-23 5.101809705189999678e-52 2.808730165859999975e-26 1.902309107169999902e-02 2.652544220379999747e-10 2.850467813189999887e-36 4.752830529609999938e-26 3.959744573380000188e-01 5.850024513249999503e-01 2.320194293780000140e-14
3.675001213669999910e-08 3.024709904330000199e-01 5.524012091369999711e-01 7.033735315860000208e-04 3.040747985910000302e-08 1.444243596139999919e-01 1.267952382720000125e-10 1.781036941050000005e-47 6.311119822420000172e-31 2.065082739070000150e-42
6.477853464710000400e-07 1.772845771170000106e-42 6.557390206650000450e-47 2.196612521260000203e-90 1.105119644300000036e-10 1.224162152239999944e-11 3.663810636679999744e-12 7.530979483259999663e-01 6.240987828999999960e-50 2.469014037620000102e-01
5.241735675699999986e-01 1.603176161800000071e-28 2.583154701630000179e-37 4.913007396680000208e-75 5.477348186079999743e-23 1.892993038409999865e-32 1.896317812170000006e-01 2.861946506379999811e-01 2.870549531840000071e-64 5.755754202749999787e-10
3.059944360639999951e-38 1.298204226569999940e-23 3.236770678739999899e-22 3.270621121250000263e-01 1.167344890390000017e-44 1.061294448810000035e-38 2.655198696039999933e-29 3.342851117639999980e-01 7.646346146670000584e-09 3.386527684649999759e-01
1.736991598630000051e-12 2.482384485080000036e-01 1.217796533549999946e-45 7.497805041539999937e-01 1.981047336580000085e-03 5.060514496650000220e-26 1.125011150629999909e-22 2.861939552909999907e-83 7.331383690710000155e-41 8.489430658599999856e-18
4.528474078169999739e-15 1.263815188640000001e-06 3.538783125409999933e-06 1.880250168639999945e-03 9.440140877209999805e-26 3.974702072810000208e-01 4.964971822590000239e-12 1.453741792819999868e-23 5.189370473429999464e-01 8.170769260450000404e-02
2.565087671310000150e-01 2.734411222260000073e-32 2.926563848400000056e-01 1.509644810450000114e-11 2.719425010100000040e-01 2.024287454849999892e-16 5.187077233170000329e-02 1.270215746720000094e-01 5.021483500510000276e-23 1.460156331739999913e-35
1.657589832130000086e-37 3.697080717049999743e-01 6.297222896149999860e-01 5.696386791269999941e-04 3.149661830560000117e-41 5.855141683540000339e-30 6.874428761049999692e-23 1.668370323239999949e-13 2.764871814929999820e-21 8.656364468700000667e-34
7.022016823980000274e-38 3.219046579909999698e-05 4.557042052190000136e-01 5.442634324699999748e-01 2.314408070640000132e-54 1.117838220759999935e-17 1.718454904879999986e-07 6.572463312030000097e-56 4.478892648439999959e-16 1.059086151319999980e-44
3.630534298000000069e-31 6.813031103800000292e-43 1.109777482520000091e-06 7.515009765089999499e-42 4.447529450499999697e-03 6.494635695499999528e-01 1.528885606509999948e-04 2.704116215790000055e-01 7.552328108240000115e-02 3.304738476480000041e-44
1.287299449900000116e-32 2.229144346510000090e-08 1.659679925349999974e-01 3.232153633179999930e-01 3.006732359370000078e-24 2.904534050159999816e-28 1.214103578060000055e-03 9.134193075040000095e-29 5.096025182769999828e-01 6.726380337239999483e-57
1.930411465460000024e-13 7.703479808909999568e-19 1.223299872300000079e-07 8.913791237649999755e-02 1.048315699020000008e-83 3.498827748109999933e-79 2.424065460179999909e-01 6.684554192749999624e-01 1.712892696419999964e-17 4.480150625140000174e-14
1.697224099519999974e-01 8.811416886700000185e-44 2.278513098040000073e-01 6.024262347690000352e-01 1.255258608919999948e-57 2.905778936439999857e-36 4.972900930230000280e-35 4.534158522310000139e-08 1.412574579159999963e-16 1.339186218820000044e-10
1.000231082210000045e-28 3.687293053749999827e-01 9.877474100659999777e-29 1.332128170050000110e-44 1.690186460600000031e-31 1.210674596150000014e-04 8.338738900630000160e-18 6.766591529630000077e-33 1.193860445839999967e-05 6.311376885610000542e-01
9.778699444230000791e-10 5.965587232279999852e-12 6.290658616710000366e-05 5.274625974229999459e-01 4.909932283400000019e-85 2.193213712480000202e-47 1.175322360399999934e-09 2.578077727320000068e-01 5.263077818079999887e-31 2.146667211000000131e-01
6.374888982430000193e-26 4.692284020830000060e-48 2.411027568989999908e-31 6.348552072010000508e-101 1.986687940690000098e-01 7.206181860960000352e-01 8.071301983480000386e-02 1.874387274029999966e-13 5.114725039939999707e-20 2.863980819649999972e-38
2.571551012630000250e-88 3.798281918070000228e-13 5.357261402059999563e-47 1.226834069189999959e-01 4.148650956950000190e-01 1.385350840550000037e-66 6.412250494690000354e-25 4.624485135849999984e-01 2.983800565879999849e-06 5.825932920310000170e-33
2.560004852660000012e-51 2.281340166369999895e-30 3.072689376949999909e-64 2.008735263380000080e-102 2.494242321859999765e-16 2.077924061699999991e-01 7.107645895020000548e-01 5.789802633399999863e-12 2.561153703430000024e-22 8.144300432310000448e-02
7.609395322790000325e-33 5.000005486180000291e-01 1.785440959420000109e-56 4.999994513750000147e-01 2.091727428630000051e-22 4.280094160290000147e-65 1.808448264299999928e-24 5.123400014549999924e-43 2.644714352020000146e-49 6.526709477009999880e-12
3.333316773880000139e-01 6.666683089789999794e-01 1.363301018620000058e-08 3.138289500690000148e-33 1.214687920740000011e-19 5.194744773499999913e-13 2.274900611720000059e-29 4.684198898480000177e-22 5.803890196879999774e-27 6.667032846199999883e-19
4.889525976729999779e-01 5.236257735060000414e-28 7.898884081789999884e-08 1.495943990200000046e-02 8.609430661949999945e-24 1.388803205109999946e-31 1.090131265200000033e-01 1.163170170650000002e-01 2.707576559529999982e-01 8.389828922320000160e-08
4.784846791050000017e-112 4.537470340270000069e-01 1.309435657919999932e-74 5.217254856209999590e-29 1.033516086769999988e-03 3.624398959790000320e-36 8.533892021790000226e-02 1.037412486699999908e-24 4.598805296690000044e-01 2.959187669529999898e-25
2.389132276099999844e-73 1.671566410569999843e-08 1.238900387870000000e-20 5.360974648299999812e-01 2.767127026310000020e-21 1.829633084090000006e-10 1.259282304510000056e-36 1.278022824139999983e-59 4.639025182720000196e-01 4.807909315859999975e-34
2.261894817489999945e-18 3.972704550359999728e-61 1.092000773309999913e-27 8.224299070929999421e-20 6.086379444849999709e-01 5.522905022129999536e-35 1.406150851399999910e-68 8.750642521649999728e-02 3.038556302989999791e-01 6.328051037599999867e-26
3.902081574530000263e-01 4.298427597719999688e-02 2.326735132559999950e-08 2.086628442940000050e-01 6.556817068649999571e-19 5.547026550619999564e-32 5.356618489540000495e-29 2.361748744219999974e-01 2.753140490039999979e-23 1.219698245869999947e-01
1.652517400669999970e-01 3.256900433389999850e-05 9.758681167110000214e-16 4.792112137280000293e-41 7.817738455019999723e-41 6.761523926620000429e-29 8.330493951599999836e-01 5.407241306970000114e-04 1.115375526289999909e-03 1.019611151589999965e-05
