2.463830828820000072e-47 1.873564786919999967e-59 3.653768935349999889e-56 4.000142839740000178e-01 1.328784043360000111e-01 4.262739017700000159e-80 3.981070883419999817e-01 6.297431067589999693e-72 6.900022334750000041e-02 2.481901069530000100e-27
8.365993916180000243e-14 7.984749475929999729e-01 2.015250524069999993e-01 2.610805312239999977e-31 2.610366402560000141e-92 1.000536855309999979e-39 3.506697889429999908e-74 1.102349553869999960e-40 7.390766422579999996e-21 6.226366490170000431e-31
1.676580599300000078e-25 5.415371616609999661e-01 1.926627036740000162e-24 1.298507482959999958e-27 4.789866002139999907e-65 1.044763025920000068e-68 3.315774381840000153e-16 1.235101986990000046e-21 4.584628383389999784e-01 1.271060167369999958e-18
2.321343197489999923e-45 1.880487891169999870e-01 4.005953329210000162e-31 1.873200763310000069e-16 7.368477270810000783e-12 7.551113857549999618e-10 2.371310611749999908e-01 9.405728636390000078e-03 1.105719679700000041e-01 4.548424523399999808e-01
2.686291401200000008e-29 7.837784128339999668e-09 4.997361788410000227e-01 1.144804995199999996e-17 2.224137920150000062e-52 7.986069025990000102e-31 1.438687493039999920e-59 4.156503461840000283e-42 5.002638133210000060e-01 3.039786752559999816e-41
3.550690290239999887e-13 1.906960626459999875e-14 2.196340744930000019e-28 4.985921443480000164e-25 2.540354459170000075e-03 1.108660228589999927e-52 6.556775254199999646e-11 5.034461271310000097e-01 8.792923954990000679e-02 4.060842787939999976e-01
2.537542636250000083e-62 1.631795770119999885e-33 3.355773209770000175e-42 5.961270600599999706e-03 4.404297438430000066e-05 4.955928434399999860e-01 4.891511216180000066e-01 1.320884912850000013e-16 5.693927909330000290e-04 8.681328576659999574e-03
2.100057762910000188e-31 7.677469399760000410e-03 2.302892339439999991e-01 3.092614571220000147e-06 2.173107747800000025e-30 8.655283665799999582e-02 9.108289862629999853e-78 8.273491061719999779e-30 2.984601312769999959e-01 3.770172361069999978e-01
2.349577969060000042e-04 2.112222215520000141e-24 2.281249900740000041e-07 3.647432868570000142e-03 4.802210511139999860e-01 7.491467246480000274e-26 3.766716324360000153e-34 8.838763895059999787e-20 5.500467714330000519e-04 5.153462833240000096e-01
1.594478070909999943e-15 3.561777386790000181e-16 9.085851051350000665e-16 3.990383549120000151e-01 5.192929876520000371e-28 8.408870551889999385e-53 6.859273503550000587e-23 6.769332537879999699e-52 6.009616450879999849e-01 2.791008043289999945e-15
3.262539300289999944e-01 2.481016877370000063e-29 1.420601936199999971e-02 1.064993646029999980e-21 2.159475306760000148e-14 6.595400506090000059e-01 1.574134997039999917e-51 3.117061481400000066e-14 6.635803643550000256e-38 1.528065712429999936e-14
7.279385684319999567e-10 2.330135426160000009e-10 2.352888445669999995e-01 3.138348462989999847e-07 2.733900472090000089e-01 4.682558347029999719e-08 1.176508670559999925e-33 7.805526354559999447e-11 2.121968838509999955e-01 2.791238626740000228e-01
3.213620148499999888e-30 2.410852172540000060e-01 6.939399830779999778e-01 1.529267000579999855e-05 2.461908492569999988e-83 9.275519326799999737e-33 4.617877133550000185e-69 1.854441520169999928e-76 6.495950699789999894e-02 7.284897144589999714e-31
2.777147473759999929e-01 5.728854044340000451e-01 1.677056449899999975e-07 1.492633599010000089e-01 1.873344846319999957e-31 1.926615852270000097e-10 8.090809974080000342e-14 1.078715409980000069e-39 3.895465531949999801e-38 1.363203911099999867e-04
6.103960793779999453e-42 1.166411161969999956e-34 1.662307726789999940e-01 8.065719932839999552e-64 2.092415055469999952e-01 1.338584649589999944e-10 8.791173475209999807e-99 4.746450763899999759e-01 1.498826452500000017e-01 2.367992859179999973e-60
4.596717008149999728e-01 5.560137003970000298e-16 2.442717060449999954e-26 1.037102788400000009e-14 2.702680140099999850e-10 1.500040135629999883e-98 4.265025302009999852e-01 2.621146778409999894e-17 1.138257680739999944e-01 6.395551123420000298e-10
5.810968662509999609e-140 3.993795575509999924e-38 1.207721406609999919e-52 6.008378790409999879e-25 3.269555578810000029e-01 9.873530236819999528e-03 1.399243484069999965e-14 5.972381085570000215e-10 6.631709112850000531e-01 2.294117372100000162e-15
7.797352820409999934e-03 1.864940314839999909e-15 3.604739078279999842e-01 2.602154855029999991e-01 1.506041086750000030e-10 4.959265185219999503e-32 1.374873854510000033e-25 3.882650392149999980e-36 3.715132536979999789e-01 7.685078077580000286e-21
1.934510492009999960e-28 9.146639052340000269e-29 7.499120813199999791e-01 2.081376490840000023e-48 1.325318706059999881e-19 2.903829485080000100e-27 5.932575280039999867e-55 7.819227428589999929e-13 2.500879186789999875e-01 1.495613388220000011e-79
8.210511407950000331e-38 3.471451155460000271e-01 4.722963172230000171e-04 6.375006497139999728e-02 1.225830753290000002e-81 5.886303059259999637e-01 2.292705332249999909e-15 1.268581429219999963e-43 2.217240000440000126e-06 3.339360106549999937e-38
1.269926670890000037e-26 2.528585715989999927e-01 1.585812460880000072e-43 3.297546882170000000e-53 1.982165485519999801e-62 4.746332567040000015e-110 1.795773365850000108e-03 8.571635989169999574e-04 7.444884914370000217e-01 1.028603949040000014e-19
2.885754168540000135e-08 8.502677398439999507e-23 2.689986678829999962e-14 1.067140133660000005e-35 8.414380598960000640e-11 8.852025578050000125e-09 4.998575946400000136e-01 5.001423675659999457e-01 9.877197198560000055e-34 2.563727245550000003e-53
4.930455900340000345e-13 6.456299499809999896e-21 6.161038126899999634e-13 4.394872016709999718e-02 3.722292260759999666e-02 2.844281524580000164e-01 1.177848960849999936e-04 2.809510076860000094e-01 9.665792935839999378e-02 2.566734828259999990e-01
4.041841777740000086e-01 1.682260738639999958e-31 1.645248449950000036e-08 3.473419463110000160e-01 1.698801875220000120e-21 1.548027653269999915e-01 9.367109413520000039e-02 1.556080270489999946e-20 1.581454505890000010e-26 3.269528170780000249e-23
4.074482761079999960e-01 2.151431091300000073e-40 9.927143338240000670e-02 1.588319186749999992e-10 1.994408129180000044e-01 1.033557346729999937e-01 1.889713858179999928e-01 1.512356935230000071e-03 6.554867548740000078e-12 4.178916929039999972e-44
1.884303824059999894e-19 9.786151344750000774e-07 3.890526348070000119e-25 9.554927058200000236e-26 7.857915513850000462e-17 1.189099822409999961e-37 2.295877865309999987e-15 5.540759515880000312e-04 3.058821032799999839e-01 6.935628421539999922e-01
1.982807313600000140e-12 2.652065636009999783e-01 4.552698746249999825e-04 9.158918368169999651e-33 1.611099646349999914e-01 2.450235669230000080e-01 8.401622659860000323e-44 3.282046256700000275e-01 1.156577969380000085e-22 9.294127154770000240e-09
2.649813082880000150e-06 1.715383533640000060e-28 8.486765904719999355e-39 4.312030422080000345e-27 1.694335470989999896e-05 4.416658253960000224e-01 2.308082596519999974e-01 3.054980178539999924e-01 3.410306832680000257e-80 2.200830393099999921e-02
3.743333819589999826e-07 5.442935431660000239e-02 5.618911055599999926e-01 2.768879225759999896e-54 1.160703170459999937e-28 5.040750987949999724e-41 2.514089913599999913e-34 3.836693646139999747e-01 9.801175442149999295e-06 1.894837405599999974e-48
1.826045288640000030e-11 4.982284051920000123e-01 1.420264872099999964e-01 3.869165452779999766e-40 4.955858645429999604e-37 6.807168499410000397e-38 1.501884631379999917e-27 6.255828388909999427e-02 2.971868236899999904e-01 9.346473878629999590e-32
2.766394810150000216e-01 9.762327938949999106e-16 1.896432473030000010e-01 6.015266543390000026e-02 7.188665972400000263e-03 8.592063639000000568e-27 9.081529478699999846e-18 4.134292551959999696e-28 4.663759402759999895e-01 1.248328070810000028e-18
2.464383813869999826e-24 1.412156049280000083e-56 1.542183274069999948e-50 7.272908757380000247e-09 3.496158486320000147e-01 3.289073849540000150e-01 3.214669925829999886e-01 3.007367654279999918e-26 5.701031661049999652e-58 9.766558412120000140e-06
5.690642267809999457e-23 9.860181961809999507e-01 9.904619499679999713e-09 1.752542314560000063e-15 2.563188484740000174e-49 1.398179391470000081e-02 6.977220640969999583e-29 1.198002966599999999e-32 2.682509901399999866e-34 7.552803544070000474e-18
4.805273368019999936e-01 1.727811369700000059e-15 7.331706359120000154e-28 6.664656592380000145e-06 4.002930273949999868e-02 2.163047916940000092e-37 4.794318790709999889e-01 2.123249383570000155e-39 3.520365235049999893e-34 4.816730746710000294e-06
7.901604077979999811e-51 3.562213368350000063e-56 1.702850285589999836e-67 5.143062288949999949e-01 3.684364725839999744e-01 1.088790744170000010e-36 7.785808099009999880e-09 2.281303518700000173e-59 1.193280507290000004e-20 1.172572907350000054e-01
9.162941981999999484e-28 3.642729844509999815e-01 2.732510757050000127e-01 1.634891694829999909e-02 4.464165986079999587e-78 1.303477529330000115e-32 4.831531550039999842e-59 2.890180322750000023e-77 3.461270228950000249e-01 3.310280944039999997e-25
2.329101921370000056e-81 2.706747083089999970e-44 1.391751298160000025e-40 2.807467523539999786e-45 5.059321108190000111e-54 1.167459472059999947e-87 3.388573044100000182e-46 2.197889541419999960e-51 1.000000000000000000e+00 9.431044134680000410e-77
6.984056785879999591e-08 2.882044632480000070e-03 2.902272460179999823e-09 1.334455709199999963e-48 2.069398548650000145e-25 8.898421984840000713e-59 3.877074954060000164e-18 4.019358397419999784e-01 5.951820428830000287e-01 9.432062608550000789e-40
3.239486639630000288e-27 3.258335786090000042e-27 3.333595633549999993e-01 4.854218156569999910e-67 4.437849976240000223e-52 6.666404366439999674e-01 1.955191525879999902e-130 5.929159090649999526e-13 9.132326652629999848e-36 1.314775723969999973e-54
3.099135282760000103e-35 6.111263838619999972e-43 4.697572750510000349e-47 7.508771482399999586e-01 4.044055627740000326e-49 5.922110368959999680e-08 2.491227925389999931e-01 5.706197820920000138e-63 6.980421219479999662e-59 2.737533462499999884e-21
2.189317854019999857e-02 8.114522484850000300e-14 4.379514403709999781e-01 2.402376760109999898e-01 2.341144716029999924e-26 1.771780859379999962e-01 1.227395631620000066e-01 1.620215599840000047e-13 5.597653781970000159e-08 2.702869541770000145e-22
6.666050458569999781e-01 4.902911165239999883e-04 3.329046630270000029e-01 4.148565371780000177e-34 8.680009213509999668e-56 1.139181408740000000e-30 4.927409205629999710e-68 5.898421292849999890e-39 4.942377014059999848e-40 6.551040188159999729e-35
2.595894860740000087e-01 1.504429035900000100e-01 1.443107645609999979e-06 3.478540044730000039e-15 1.973354007449999855e-37 3.394446938070000079e-18 3.003107032449999769e-01 2.896554272790000106e-01 3.670419832579999921e-08 1.652074136400000015e-16
3.942080221189999743e-24 9.972752571170000074e-55 4.977480725410000014e-47 4.626633614169999853e-01 9.718083336790000065e-15 4.901375447749999892e-01 3.239060424179999921e-11 4.723209575300000428e-47 2.487622147440000015e-72 4.719909377559999841e-02
6.099325793080000337e-16 5.412067488429999647e-40 1.965044280509999907e-20 5.723016965280000035e-01 2.472859959390000164e-03 2.837497479650000209e-01 4.255151753709999905e-51 1.038695547090000060e-58 1.290249245280000056e-58 1.414756955479999911e-01
4.480382369140000209e-01 1.643557161039999856e-05 9.300466635519999588e-11 4.814808465030000349e-28 7.840987350000000181e-12 4.928881634699999736e-01 3.334963626740000096e-45 1.726883596989999918e-14 1.251059919080000035e-66 5.905716394330000341e-02
5.492634638710000017e-01 4.763970359740000299e-02 1.036195519440000016e-10 3.949440170170000047e-23 2.983369476470000054e-13 6.782161806940000354e-46 6.738028534769999948e-05 1.390627958730000086e-04 4.028903893469999997e-01 1.724776136370000042e-15
2.825064121299999953e-02 1.404643546530000091e-40 1.603080905560000060e-19 2.116946684999999884e-02 2.115976596329999964e-04 4.210157108199999998e-01 3.158137850890000070e-10 6.375087583439999960e-17 1.953480690310000054e-35 5.293525831419999550e-01
3.549743517650000292e-23 2.355314829110000165e-08 1.672619340850000080e-01 2.390040591910000140e-03 1.065237738269999949e-03 3.309957802249999803e-01 6.039875180180000027e-13 6.696861887369999720e-26 4.982869838050000277e-01 3.350614148039999657e-30
5.394716728880000197e-46 4.210477399260000187e-11 1.830627066890000007e-16 5.715254523960000554e-01 6.665901351099999797e-18 2.983975832319999966e-01 2.517183385290000121e-37 1.597242588500000097e-38 6.154428352470000462e-08 1.300769027850000037e-01
1.959340190990000014e-19 9.571652673220000863e-56 4.332722941700000044e-50 2.134730563389999891e-01 1.716349410460000016e-03 1.881476836189999973e-136 2.417598179899999866e-01 2.683898463630000040e-60 5.430507762609999567e-01 3.797115524370000054e-17
8.726775297090000428e-13 9.004975943239999831e-15 1.739461821999999985e-43 2.150392106139999981e-01 1.709271644720000043e-63 3.784417128060000208e-28 7.515642535930000534e-01 7.827339931189999882e-63 1.019464698189999959e-64 3.339653579179999859e-02
2.415198893539999785e-16 3.011544696940000215e-13 7.981132746199999517e-02 4.108139337150000236e-01 1.896623877699999960e-01 8.704132214430000680e-02 9.972821002080000872e-10 4.059260499520000159e-18 2.326710279099999945e-01 2.345315141869999919e-22
5.378394955340000116e-01 2.160583249900000076e-33 8.652846777120000443e-02 1.097646559000000050e-07 3.756319100009999912e-01 1.458216278509999952e-39 8.430287665940000429e-31 1.561001225780000084e-41 1.692940568119999872e-08 2.161006161260000040e-39
5.450209609110000519e-01 3.336131057460000049e-01 1.617692794870000086e-07 2.679827449710000135e-11 3.455608927289999864e-20 1.213657715430000034e-01 2.191659628130000089e-17 2.858990055600000032e-30 3.536585221089999733e-54 3.261892246529999983e-12
6.637966102179999606e-01 2.108034691009999944e-19 5.913386133840000232e-29 1.572617205599999926e-15 7.368068714279999480e-07 6.594922798099999941e-88 3.362025981719999890e-01 4.808276333919999784e-23 5.479985504489999673e-08 3.649496639099999775e-12
6.254332453810000486e-23 1.363615386049999958e-14 2.073974003630000007e-01 1.275808700730000026e-26 8.201115277149999540e-33 2.457762316010000114e-01 1.005450564910000008e-11 9.866527063570000589e-02 4.481610973899999850e-01 4.671886423580000254e-57
2.751224408559999930e-30 1.066213362999999950e-62 1.079580026759999969e-13 7.567090647220000109e-42 4.000234823259999906e-01 1.728167874389999975e-06 2.809575287730000147e-36 5.999747895060000280e-01 4.539488351199999661e-15 1.031831207530000062e-54
1.493114660960000033e-29 2.330448926510000024e-14 6.666928838610000074e-01 2.846509322989999808e-20 8.658149012520000029e-35 3.333071161389999926e-01 1.135056457739999941e-69 2.470287529840000117e-63 3.334957745190000021e-37 2.788031683080000128e-58
3.505796824529999875e-04 2.130334263370000092e-01 3.729920785410000126e-22 6.919248411629999693e-05 5.703239139280000359e-34 9.898096180900000853e-78 7.467794290250000244e-02 4.437741160320000278e-29 3.431804771659999753e-01 3.686883814279999783e-01
2.040889195219999910e-16 1.422796922589999889e-25 6.388878866189999873e-41 6.428596345989999953e-26 1.068407957230000015e-07 3.886562333149999882e-01 4.080565539029999966e-01 1.496887489179999919e-01 1.451863387229999916e-53 5.359835702310000033e-02
2.694736403699999993e-84 4.550942945879999790e-32 7.583176548710000356e-30 2.267320334990000141e-33 4.049178602440000052e-01 1.348066726200000121e-01 4.099605870709999878e-30 3.908183558949999780e-05 4.602363852990000170e-01 1.565113950389999936e-24
2.297792690400000115e-01 1.541625910010000057e-24 4.232414818050000024e-06 7.702150525099999978e-01 9.018840706690000045e-17 1.446035297679999992e-06 5.705622952139999967e-41 6.727087673870000132e-66 2.709578396709999959e-53 1.207590517709999975e-18
4.059510750290000265e-08 8.946952035530000027e-13 4.944744105100000175e-01 1.300938472620000001e-02 4.924791715599999842e-01 3.699249736839999952e-05 8.861982693490000401e-11 4.684896228240000074e-25 2.269598443369999904e-11 1.073029686060000048e-27
4.039423174289999751e-06 3.259436178760000136e-01 6.740523427010000068e-01 7.999219043530000096e-63 2.058668058459999889e-82 1.301887200480000046e-36 6.450007670909999342e-92 1.354432928929999938e-30 3.935445536560000007e-48 5.367448314229999567e-50
1.309892034360000124e-01 5.392084742749999604e-01 3.575807713170000271e-14 4.832828195570000086e-05 7.793888786829999905e-73 1.964585768779999963e-21 3.243985157340000258e-01 6.926463974700000569e-20 9.459656616409999602e-22 5.355478273189999590e-03
7.400257293739999590e-19 1.807206861280000087e-21 3.464108878220000117e-04 2.902502435899999903e-22 5.987999658949999526e-01 4.008536232170000213e-01 1.075372994069999911e-55 5.145900922430000194e-21 8.565575830420000022e-25 2.056982417379999859e-23
2.956555946109999944e-01 5.753194833520000051e-01 1.274983177949999918e-09 1.289053436079999893e-01 3.129906311959999927e-12 6.673474069930000578e-05 5.091994119510000301e-06 1.843297799639999841e-30 9.595069420059999514e-32 4.775041628289999857e-05
2.231209928310000035e-41 4.331951099349999690e-28 2.610028925389999877e-61 3.035866582360000250e-32 5.312967232529999866e-23 4.076857807840000316e-52 5.021954084530000362e-01 4.973942224899999820e-01 2.888004085620000136e-04 1.215686483799999982e-04
4.292899444559999787e-49 3.089198610489999972e-08 1.427898604200000073e-12 3.965038133209999871e-01 2.784168478770000116e-24 3.054808687669999939e-03 2.589218076930000039e-14 8.819087760539999788e-40 6.004413470980000112e-01 2.923958478570000073e-24
1.342807248740000053e-109 2.688079783850000017e-123 6.651948345570000304e-118 1.688081186949999892e-19 4.050550118510000130e-01 2.284040044440000088e-21 5.949449881489999870e-01 1.106687896799999971e-29 6.641833979300000349e-29 2.696778246570000040e-17
4.757194036519999835e-17 8.399623229780000091e-04 4.164414329560000017e-01 2.422761048629999999e-08 9.974770679410000373e-54 3.333290009459999870e-01 4.679701245890000043e-08 6.590017576970000340e-13 2.493895327500000036e-01 2.832546510800000160e-31
6.562773726310000555e-01 2.296416959570000027e-04 1.781666958549999943e-02 5.645151121509999811e-30 3.547179150710000110e-13 1.085862025809999965e-36 1.044174715990000028e-15 3.224561607099999949e-01 3.220155376670000031e-03 1.256646878949999924e-27
3.262082737329999871e-01 6.746035431569999434e-30 1.429834536850000011e-02 2.952255499720000102e-21 9.105963171499999665e-15 6.594933808970000477e-01 6.220948971219999926e-50 1.646376228330000076e-12 1.474771176229999906e-38 4.924360188279999727e-14
1.152189291469999932e-01 3.547680800599999868e-38 2.128713368450000098e-20 1.187693264690000008e-04 4.250734904230000222e-01 5.773220636119999888e-90 3.296035634190000213e-04 3.978835137100000019e-42 4.592592075399999918e-01 1.932195481810000105e-32
1.253188317399999974e-01 1.470441646369999910e-28 4.476299490669999881e-01 1.898788945290000018e-11 4.407349418740000302e-02 2.444029297150000085e-02 1.261296889999999893e-01 2.324076952899999937e-01 4.772509922909999960e-08 2.501993265500000025e-39
3.157993329179999883e-28 4.461518650199999695e-22 2.530079307529999997e-15 3.217138922970000153e-04 8.394626939849999397e-05 2.783664094320000132e-17 6.664807997900000197e-36 2.640056977439999885e-23 4.862229290080000155e-01 5.133714108300000412e-01
1.766769231070000074e-09 5.610019516409999868e-33 7.925060370680000045e-17 5.143708392310000072e-02 2.566484972690000199e-01 1.268754650689999930e-01 3.514118920150000047e-02 1.680625864599999963e-01 9.606603882360000429e-11 3.618351762140000205e-01
1.306688299890000071e-01 1.128767980610000027e-29 4.665326139229999947e-01 6.086304719469999634e-10 8.704909203440000347e-04 1.722837321560000134e-02 1.536105990099999874e-01 2.310890920179999863e-01 3.148199018980000096e-10 6.560555043580000411e-34
9.825359197830000090e-47 1.463611941150000086e-34 2.389607691589999937e-36 1.119478522759999943e-06 1.528559985570000055e-05 6.260767504969999564e-01 3.738689306129999723e-01 5.509376671860000298e-11 1.265305705929999983e-10 3.791362913180000203e-05
5.539011947290000126e-01 2.289009956169999905e-05 4.023173561539999943e-02 3.533044658660000130e-43 2.280135929449999820e-15 1.718543852770000047e-01 1.560687428599999992e-86 1.309670574850000102e-01 6.518927549399999555e-47 1.030227367930000026e-01
1.551629783239999966e-16 1.325918976719999989e-12 1.918326392830000116e-01 3.819244374660000219e-01 2.335491040379999994e-01 8.460902226380000144e-06 5.441363749879999948e-09 1.327358582820000023e-27 1.926853528680000094e-01 9.295641286339999759e-29
8.619528365430000061e-03 3.392472056950000149e-51 2.549775629310000016e-31 1.880717814000000086e-06 1.903866520190000133e-01 8.007372873589999607e-01 1.356569480240000015e-17 9.406419470570000578e-37 1.229777027800000054e-95 2.546515381160000002e-04
7.330774860230000318e-14 7.563733324100000432e-01 2.436266675900000123e-01 6.782909614960000359e-31 1.082563993960000002e-92 3.602887173959999837e-40 2.901568446119999930e-72 6.824218553079999951e-39 5.941557514039999735e-21 9.286676782469999442e-30
1.988017771350000056e-44 7.701433406419999327e-12 3.062412933980000105e-12 1.163639749960000036e-08 9.897715364390000599e-06 5.713317937559999615e-01 3.034592861629999810e-35 3.282304513149999890e-20 4.286557509739999938e-01 2.545907257980000193e-06
3.418198099170000172e-23 9.860163239789999645e-01 1.050059007549999930e-09 2.857209583959999914e-15 1.148333495319999951e-48 1.398367497090000078e-02 4.353132152210000101e-29 5.564433131969999866e-33 4.130143632229999972e-34 7.240629070000000282e-18
3.578654506630000315e-02 1.867899924299999941e-21 5.524225963729999939e-02 2.222044322509999885e-03 3.546725955600000257e-01 5.520765020919999877e-01 1.619650753629999885e-75 2.000937791759999797e-59 1.319853590360000019e-48 5.332187932030000041e-08
2.682377601360000222e-22 3.252382238699999957e-40 7.895735342820000096e-36 6.372063233630000101e-02 1.593017432059999905e-01 1.220458477870000052e-55 1.127144702580000073e-18 5.081471069019999769e-39 1.587404541519999990e-01 6.182371703050000278e-01
4.100414698380000173e-13 1.848071321349999904e-14 1.402031124140000057e-06 4.453340375420000163e-01 3.077193317939999964e-02 4.798756831520000210e-01 1.159216103290000004e-41 1.496086763350000098e-41 5.079430697179999914e-24 4.401694409540000269e-02
5.628664086079999403e-20 5.637046261600000552e-01 1.518776486110000119e-26 1.084163913300000007e-05 4.154658090150000275e-73 6.664878789680000118e-06 4.361769337699999971e-01 1.265097005619999899e-35 7.950685375139999986e-45 1.009335524000000005e-04
1.597501784219999918e-24 1.251971722260000052e-07 1.674613933730000059e-01 4.754476215249999783e-03 1.346842599080000022e-03 3.293858194059999800e-01 7.975674261259999433e-14 6.038802326399999781e-27 4.970513432099999962e-01 9.078441581249999290e-31
2.982418808639999809e-11 1.549741781639999994e-58 2.760756707390000227e-69 1.119718529739999976e-44 3.544497062359999728e-02 7.341521064270000139e-58 4.847006782550000170e-01 4.798543459210000139e-01 4.863615702790000004e-42 5.170453251500000088e-09
1.486647826589999978e-32 4.436056428779999940e-19 1.053132707189999953e-06 2.316661611220000092e-25 1.185284536030000056e-18 4.331718073440000150e-01 7.251186278510000259e-33 2.545996761059999836e-01 3.122274634169999730e-01 1.423079911889999904e-26
5.473114138119999916e-01 5.160240382910000201e-02 1.137634041399999992e-10 3.760213442360000237e-20 1.094770415950000042e-13 5.164265131990000002e-43 1.967343519209999950e-04 2.932661162139999921e-04 4.005961817770000155e-01 6.480130205370000031e-14
5.465037694600000107e-01 5.303512828029999931e-02 3.613383108519999954e-09 1.247522728529999888e-19 4.610013457800000243e-14 1.995180973690000166e-43 2.454721104000000113e-04 6.266011648050000098e-04 3.995890253709999951e-01 2.216373798560000125e-13
4.993746909919999921e-01 3.593888109600000229e-47 3.727854888380000141e-42 1.535696272330000046e-33 8.755486912529999766e-06 4.393960545710000070e-15 1.989343913420000084e-10 4.986626965959999880e-01 2.654251324940000035e-77 1.953856725900000174e-03
2.963651862319999775e-01 3.435596674290000152e-01 1.130174095230000036e-02 2.674226673750000002e-17 3.282390713430000106e-01 4.013584776759999799e-04 1.951854171290000025e-03 1.818112139539999894e-02 1.949793180479999916e-16 1.213739150709999961e-20
2.102174686209999907e-39 1.002547345589999943e-16 1.755065483919999927e-22 5.988895995459999622e-01 5.867600125200000328e-14 4.570521874579999722e-18 4.485917251949999998e-05 6.287305540089999990e-39 4.010655412820000043e-01 8.874055810310000533e-19
2.311493748940000102e-09 5.813046120460000086e-09 3.405039589270000150e-36 1.055132247330000021e-19 1.270277252499999910e-28 7.357755823149999682e-121 4.050184153940000198e-01 6.895321280730000022e-23 5.949815651530000471e-01 1.132868607279999951e-08
6.256769864090000030e-55 6.798495984340000289e-10 9.890052082080000923e-19 7.003960482950000350e-03 9.947850427579999608e-49 3.694759479190000140e-01 1.702853167449999983e-01 9.944264777579999458e-27 4.532347741719999767e-01 1.228054849239999932e-31
9.659250508529999835e-02 2.909034656819999995e-10 7.944492783129999540e-20 8.791475232260000537e-06 3.259216426039999726e-01 1.814028340179999840e-46 5.774763522410000238e-01 1.417951700419999959e-21 8.571010227199999777e-10 7.074460441910000482e-07
1.829879627079999960e-01 3.103099458989999947e-22 1.154564177790000021e-02 1.714508554420000053e-01 1.288181714949999968e-23 6.340155400729999835e-01 1.611485361809999932e-13 1.216677523199999969e-50 6.016726800550000562e-42 8.791481524280000253e-39
7.026823509670000098e-45 2.236147587440000043e-18 1.573274908340000070e-19 5.715814434689999723e-01 2.804866280870000020e-15 2.984083915379999730e-01 2.282888108939999996e-39 4.935384189940000256e-45 5.550239656839999890e-13 1.300101649919999935e-01
2.981059745419999983e-12 5.371463660349999891e-01 1.327440782950000120e-01 2.609177955510000164e-26 2.771711953009999745e-04 2.652181360200000018e-02 4.473085522450000000e-09 3.033105663910000138e-01 5.915879733779999837e-12 1.148976430309999951e-33
4.546785971430000045e-02 6.440304311599999685e-18 3.892794299000000153e-41 1.184071458220000062e-07 4.670527047419999940e-17 0.000000000000000000e+00 5.225870406560000347e-01 4.400883287239999957e-42 2.690506252109999830e-01 1.628943560120000023e-01
1.670727759940000062e-48 2.697242847740000090e-55 6.275197688180000536e-110 1.529735717749999875e-29 6.886024858719999752e-22 3.084381611819999916e-23 5.892885003629999563e-01 4.851426225660000337e-22 2.216809896120000059e-76 4.107114996369999882e-01
1.152251084269999976e-01 6.861335920000000570e-39 4.288963106559999874e-20 9.801757514779999849e-05 4.250450900859999992e-01 6.193446234299999926e-90 4.009264057890000207e-04 2.118157646990000104e-42 4.592308575069999899e-01 1.325896656060000107e-32
1.874889166369999944e-34 6.280831808559999890e-41 1.019363212269999921e-30 9.709498627180000770e-12 2.483462894800000098e-01 4.151029572820000242e-11 8.770892322480000614e-02 4.160437337319999873e-01 2.479010506450000095e-01 2.866701691099999996e-09
3.313911804439999761e-17 1.172299230060000041e-03 4.163655813179999998e-01 2.144406174159999972e-08 8.673404199769999592e-54 3.332915099100000056e-01 3.015060376810000059e-09 1.719654501030000130e-14 2.491705850819999901e-01 7.194397261489999516e-32
2.760589642009999856e-06 4.505878563539999875e-05 3.917122100650000105e-01 3.489456732199999744e-01 7.135237060190000203e-54 2.501644570909999921e-01 9.129832389179999910e-03 1.828137013819999933e-12 7.856696490200000535e-09 3.769590866789999967e-16
1.822234272189999952e-21 1.965930814499999970e-17 4.999999482160000230e-01 5.406578731589999677e-27 7.779130118120000206e-22 1.313289553579999976e-28 2.053168032789999999e-47 2.084392650489999873e-27 5.000000517839999770e-01 1.585193845819999939e-53
2.729730152960000049e-38 7.044705935689999699e-22 2.233441577520000099e-31 6.106189463949999879e-78 3.097867829369999864e-37 5.012996212879999858e-01 7.637001207900000311e-40 4.987003787120000142e-01 3.160133711299999708e-64 6.511943196059999628e-41
3.533244630310000134e-01 3.130816930829999746e-05 1.908969775239999863e-15 4.092693728700000211e-24 6.485554954409999727e-17 3.121906049190000311e-61 1.072533104169999946e-01 4.965521989559999738e-02 4.897356984580000239e-01 2.874700194540000066e-11
4.945589300089999751e-01 1.509508426329999932e-09 6.794274111980000081e-07 1.138563079100000029e-34 1.195076789689999974e-02 6.081128738410000274e-18 9.803693132340000044e-45 4.929649107180000267e-01 6.783279731439999873e-27 5.247104395799999594e-04
1.621870910430000048e-02 4.527556338179999809e-04 6.452030725160000434e-10 2.784631401729999831e-24 3.290510738389999822e-04 4.799221273320000189e-26 8.431318411060000028e-23 4.099298546799999832e-01 3.498967826450000149e-08 5.730695938730000494e-01
2.015107515190000106e-10 3.929750513890000185e-01 3.817247203879999706e-15 1.327678643420000078e-18 2.774898346370000020e-63 1.698789200050000067e-37 5.149895205650000252e-01 2.197360481289999969e-04 9.181569174440000480e-02 5.185178564139999931e-11
1.269337688879999996e-11 2.303463688350000107e-04 6.542127764770000464e-02 4.219022937910000270e-01 1.759162858290000134e-61 1.874592248710000020e-01 6.273844996989999534e-02 1.222153884039999928e-11 2.622484073269999993e-01 1.482763368520000014e-18
4.743690947930000019e-07 1.172929880160000078e-13 4.995329998979999853e-01 2.842537892749999809e-03 4.975997832090000017e-01 2.420459937509999843e-05 2.550445232039999991e-11 1.012370161670000036e-27 5.954219770929999886e-12 1.643133260640000137e-29
3.355871554090000264e-01 1.339463904060000024e-37 7.754274456729999367e-06 7.958463139760000485e-16 5.544325795890000519e-01 3.167499102010000252e-60 4.569886164050000205e-19 9.312318494319999463e-29 1.099725107269999974e-01 4.334879742370000238e-50
5.989040587399999665e-38 1.104856385110000001e-10 5.929438098300000287e-08 3.083066134250000104e-13 3.845775022340000204e-17 8.042594068880000446e-02 1.701293349770000025e-63 6.919480334300000445e-16 6.430961990239999482e-01 2.764778008820000244e-01
1.889615724599999989e-30 2.435528653380000099e-14 5.865004437950000170e-39 2.869629879079999898e-23 3.240283093709999978e-25 3.914605772060000266e-01 4.029447154760000260e-01 1.381025092039999957e-01 8.404751811590000499e-36 6.749219811390000379e-02
9.410181389909999788e-04 2.750714564620000067e-27 2.928442232290000002e-01 6.214920271899999576e-26 4.195340209799999776e-01 2.354758250650000030e-37 2.654342380529999975e-25 1.688796979890000071e-12 2.866807376509999949e-01 2.216762739400000133e-49
6.270797119540000297e-01 9.327157999130000112e-06 6.368775379720000018e-02 2.141187175569999826e-28 1.353697187669999907e-10 1.560492745559999942e-33 1.955566934549999920e-15 2.959553541030000012e-01 1.326785285190000031e-02 7.525927084419999476e-29
5.451038449470000380e-01 3.331262682989999946e-01 3.624747043740000034e-06 2.659811139270000238e-10 5.453589030210000208e-20 1.217662617409999981e-01 6.351997163769999895e-21 4.963549726170000117e-33 5.999640699299999968e-51 8.446669565059999704e-15
3.222180948629999894e-41 1.087392238680000029e-27 3.968137684670000053e-61 4.879737102379999834e-32 8.988721180339999539e-23 3.302418351290000212e-51 5.020798545179999683e-01 4.972817612429999978e-01 5.120205457750000300e-04 1.263636924099999920e-04
8.945273536650000206e-25 2.550436024500000066e-05 4.853045286870000361e-06 1.533327251080000004e-41 3.726393799079999917e-36 4.385075255389999918e-09 3.330261337109999831e-01 6.669435044860000383e-01 1.277093263419999919e-11 7.287263958829999569e-97
7.416002550669999697e-29 7.794662307349999875e-01 1.014694260810000035e-16 3.245474706670000110e-29 1.085235934190000087e-176 1.100207697670000057e-07 8.351967815699999631e-02 1.370139810869999974e-01 3.128627455870000163e-15 1.376190596380000025e-25
1.038107678599999989e-13 3.282008133129999949e-01 1.553053048230000057e-03 1.861230345559999968e-34 2.333767706040000070e-43 2.621589709500000143e-01 5.195691023640000198e-05 4.080352057789999876e-01 2.397618145409999968e-23 1.782948166760000110e-58
2.436647491819999910e-12 7.558726419010000086e-01 2.207937518649999995e-04 6.778473824180000288e-21 5.582272176050000201e-02 1.412555592000000095e-06 9.417619592459999800e-03 1.751668327310000051e-01 3.497977704850000185e-03 1.011548401570000051e-24
8.262872055680000196e-15 1.630414538710000132e-29 3.231704763649999867e-52 4.663561353290000238e-21 1.260125465879999903e-03 2.480033452480000172e-99 1.216631932220000045e-01 3.149953601849999972e-14 5.191935788700000227e-03 8.718847455239999711e-01
1.382794074900000030e-33 3.155345118649999780e-01 3.182668209159999767e-19 3.560143503420000175e-28 1.449013758559999964e-61 1.727952089119999970e-07 3.013288930610000291e-23 6.844076125319999981e-01 1.054644522319999968e-13 5.770280734570000232e-05
2.595412704150000249e-01 1.505095671130000090e-01 4.041644010770000131e-06 1.618018836809999955e-14 7.603084912769999634e-40 2.085515151770000050e-16 3.003008664929999738e-01 2.896442541020000094e-01 2.326531198159999902e-10 1.606033984429999990e-13
2.146260744959999911e-01 4.683905900850000026e-01 2.630635127240000081e-05 3.719451317980000215e-05 7.152946460130000378e-04 7.304886175830000418e-12 3.161857517950000251e-01 2.431772064400000132e-07 5.291767834690000200e-10 1.854439940879999999e-05
5.001037514310000542e-01 1.220589528310000027e-31 3.392202436649999793e-06 4.998928563660000046e-01 6.037470078720000295e-18 2.490017261669999898e-39 7.030753701059999818e-48 1.300618610999999913e-78 4.094671353690000091e-25 2.763349883909999957e-25
3.522108093580000162e-63 3.891212622629999862e-18 3.128745259389999931e-28 1.588786291760000088e-05 5.750203801090000280e-05 4.181866191449999937e-01 1.017342631900000060e-21 4.387410687799999913e-25 5.592850760530000409e-01 2.245491490099999973e-02
6.017640512700000007e-66 2.458227648379999836e-18 3.477536841559999715e-27 6.782844425979999705e-05 1.548336596420000063e-06 4.178491576189999890e-01 2.146106973879999850e-21 1.407790997279999912e-24 5.588771147279999463e-01 2.320435087250000139e-02
2.044445925729999891e-01 1.715755526159999916e-03 6.841950885060000008e-09 7.795122491749999951e-26 3.863989657319999993e-01 1.958635295030000112e-01 2.131652208889999982e-25 1.901184880700000079e-01 1.337322919670000052e-36 2.145866175269999995e-02
4.919551030550000092e-01 1.419856670640000111e-16 8.301134472010000697e-30 8.222101558339999772e-08 1.865585793990000038e-32 1.227927059930000037e-02 4.957652515889999778e-01 3.374838514510000108e-37 6.061708341200000548e-98 2.925352709359999862e-07
5.487512122440000306e-01 4.875022617630000304e-02 3.502511079730000094e-11 1.269174474810000002e-21 1.998006261980000005e-12 4.893158814279999989e-45 8.979090667830000403e-05 1.010491607989999978e-04 4.023077214760000242e-01 1.728056535359999980e-15
1.632331335350000029e-15 2.316959564370000208e-13 7.529335221510000120e-02 4.086398599580000068e-01 2.012683288000000070e-01 8.342643570490000660e-02 2.283644850529999931e-10 2.353610155989999881e-18 2.313720230940000122e-01 5.945504633280000276e-21
3.265848994580000109e-01 9.733761660259999669e-34 1.353694335069999949e-02 8.464057819379999342e-21 3.059343640429999995e-13 6.598781571909999588e-01 5.881055855759999882e-58 7.503348012339999990e-19 3.019744599430000166e-39 6.318539038680000247e-19
1.000000000000000000e+00 1.739619378520000150e-27 2.508634647369999883e-24 3.169858591860000013e-30 1.185664797989999922e-52 8.752495264599999864e-66 4.241957423530000250e-61 3.844640816189999867e-73 1.081778288589999923e-80 3.980251438820000031e-28
2.682393164379999910e-15 3.497958328270000201e-20 1.513957271360000096e-15 3.990388855340000207e-01 3.923315528029999855e-25 1.548481393439999988e-53 5.650792439689999961e-23 3.503361551330000267e-57 6.009611144659999793e-01 3.976568276259999986e-19
4.140267547889999733e-01 3.217523126060000127e-01 8.823057183369999682e-08 7.641686520980000308e-13 7.322612215749999639e-68 7.824356395579999679e-02 1.859745295849999924e-01 2.750832471350000088e-06 1.791947155589999970e-32 6.485920185169999934e-14
2.332295153760000015e-32 6.182094097110000241e-01 3.715275985140000159e-16 2.742032898099999801e-28 5.606756861719999982e-40 3.597788531250000199e-01 2.775736704139999833e-52 2.288987421509999936e-18 3.685906903859999850e-35 2.201173716430000066e-02
5.450205820950000390e-01 3.336155371869999886e-01 7.646531403799999340e-08 1.650830104609999936e-12 4.585748578880000155e-20 1.213638042480000012e-01 6.157433270040000199e-18 5.913650244420000209e-30 1.876235323359999979e-54 3.365309494659999887e-12
8.240821242800000430e-66 4.431967851960000350e-21 1.047331963000000102e-56 6.617125030490000106e-56 9.388153648619999322e-37 6.737833949699999691e-49 1.188302355269999990e-08 8.515106641190000047e-01 1.484893239979999946e-01 6.298985353339999690e-30
4.480610081229999819e-01 1.590839778490000091e-05 5.372339475830000102e-11 9.811418001360000766e-28 3.860368780760000038e-12 4.928903300340000126e-01 2.670913103060000103e-46 1.464747949879999940e-14 6.668619259139999976e-66 5.903275338829999663e-02
5.296856133030000278e-21 3.303722511770000065e-50 2.721570069330000141e-46 1.045715522470000020e-01 9.598534551319999727e-05 3.783513861119999973e-100 1.059330520089999950e-01 2.851490248149999784e-53 7.893994103979999899e-01 4.759851525900000053e-18
5.537835656530000329e-31 4.403063705519999714e-49 4.055216692639999997e-43 1.291486322350000049e-01 3.439235589549999861e-01 2.693766000100000224e-01 2.407806058199999932e-01 1.649782294129999950e-25 2.284901909680000013e-34 1.677060297960000085e-02
3.295672414629999972e-30 1.540781138529999923e-24 2.987176119779999769e-57 1.883309417000000129e-32 2.275499034590000115e-06 1.387138448049999983e-69 6.649646234809999945e-03 1.127049326470000029e-01 3.899663736910000122e-01 4.906767719280000217e-01
1.751568039810000033e-01 1.013810375670000039e-41 2.377259565470000217e-44 1.903566259019999936e-30 3.179937626730000022e-01 2.211752400310000033e-01 2.016558110230000089e-01 7.690686018030000459e-02 1.443731695230000115e-112 7.111522111409999611e-03
1.982537599099999979e-05 4.471641852139999978e-14 1.334005459790000038e-05 1.079788548149999972e-01 5.489783032179999800e-02 2.383623905860000058e-01 2.349783505489999796e-06 3.365850654209999737e-01 7.296247184430000587e-02 1.891778717979999969e-01
1.381868464109999950e-39 9.999999998170000515e-01 1.096630803570000052e-26 1.828529691689999998e-10 1.236693416139999958e-60 7.895329001990000176e-21 2.656991648920000224e-16 1.882549633489999957e-54 5.295704232319999918e-22 6.440229370000000115e-13
2.864750411639999908e-11 9.694060477130000393e-42 3.146051743369999854e-53 2.342845855289999950e-29 4.270871754589999718e-08 3.606323110540000058e-47 4.118588105439999758e-01 4.522370984269999949e-01 1.892751823399999912e-28 1.359040482920000070e-01
6.224363192349999796e-01 3.784539438660000013e-34 2.561650306380000005e-26 2.862647035359999858e-40 8.087678069829999787e-22 3.020277945399999930e-27 2.024580884889999877e-01 1.751055922760000050e-01 8.128114556899999918e-44 4.802107978769999775e-36
5.046969511790000322e-43 1.338874344959999948e-14 3.936238993050000158e-15 3.058204765640000211e-01 2.509018018409999950e-29 1.505867015650000085e-01 3.659551778960000168e-01 9.668440928030000547e-26 1.776376439750000091e-01 6.431032173449999772e-28
8.910257341100000085e-54 3.560381239949999882e-16 5.463106353819999837e-32 1.626704065360000048e-02 4.244779512109999748e-20 8.712740995729999494e-01 1.104775445569999986e-01 2.911387430619999783e-22 7.346334017990000485e-04 1.246681814130000095e-03
1.815343814340000010e-24 2.748151372920000111e-04 1.239366064249999960e-26 1.384164056779999918e-27 1.677735264649999894e-25 1.441306546229999939e-39 8.059474577109999731e-18 1.381214486890000072e-02 2.938501816379999743e-01 6.920628583560000102e-01
