3.852320335289999833e-18 1.487989529709999936e-30 6.267556379689999880e-28 1.346333285680000026e-42 6.078126484089999930e-11 1.933687352669999838e-30 2.563709840749999993e-12 4.823882123850000148e-01 5.176116680800000314e-01 1.194715498009999933e-07
2.795440302220000112e-07 3.543635044960000147e-01 2.376138010670000023e-01 1.913662111389999865e-01 2.166562037549999986e-01 4.848221228390000061e-24 1.116668878079999976e-24 1.929464097669999960e-24 2.891786500780000166e-25 2.020750793080000013e-35
8.278081937650000300e-05 1.164095484519999946e-01 4.552931913489999816e-01 5.971357843059999596e-16 8.517013670999999239e-06 1.391397670979999917e-57 2.909629026139999852e-01 1.372430597519999906e-01 9.975691541109999459e-26 8.603416008800000363e-32
2.552876324030000034e-06 3.320612942029999709e-02 1.021536281440000027e-01 1.476639221980000118e-38 1.445560974720000112e-28 3.493665430979999781e-05 8.646027529040000159e-01 8.265469816139999816e-13 4.370158235800000100e-19 6.466833243139999538e-30
6.244530411780000456e-01 1.935842925650000085e-08 1.050677718349999942e-10 1.897402148179999914e-01 1.858067245399999956e-01 8.557215885830000526e-89 7.531487357690000119e-27 2.603108636220000142e-25 3.759259967259999830e-35 1.087529971429999995e-40
5.020634595859999897e-22 4.805036542400000221e-01 3.276950876309999981e-29 1.326542661439999967e-19 1.134638424579999944e-02 3.119347120019999933e-02 7.982318064800000508e-10 1.978649090380000001e-04 5.638006784920000129e-33 4.767586246059999922e-01
1.866732983450000117e-57 2.097229604630000114e-60 2.675837355490000119e-33 5.068780131579999840e-24 5.195721677429999495e-38 1.535248423020000030e-01 3.987090274489999975e-01 3.053388027629999813e-25 4.477661292960000150e-01 9.527943234050000560e-10
1.443559791900000066e-27 5.867337861779999870e-54 5.773265572210000141e-01 4.226727257930000259e-01 2.364593570570000152e-46 1.044809181410000076e-28 3.479450000269999832e-13 3.870383804230000280e-48 7.169862512539999513e-07 1.507911817830000090e-55
2.343540766489999870e-10 3.283257968200000154e-01 1.854474102750000100e-31 5.546167632209999532e-01 9.666951296140000342e-04 1.235917875369999923e-39 4.901056614159999687e-09 8.333536418649999206e-06 3.609284021360000030e-34 1.160824061569999954e-01
1.971351916379999888e-28 2.623899310750000102e-19 4.229932587199999872e-01 9.119971407989999851e-20 2.295811984539999906e-01 3.154163152039999822e-09 4.269613099260000159e-16 2.575770261829999908e-01 8.984851348830000251e-02 7.254562557620000176e-27
1.747115166470000032e-07 2.208649833599999890e-01 3.823681681659999874e-05 4.694983806090000100e-01 2.825754656079999877e-36 3.095982244969999742e-01 5.603211527869999650e-12 7.077573010679999755e-46 8.358424360569999282e-43 5.867616911330000062e-27
4.207276001949999814e-05 2.053478817059999906e-01 4.602837953669999815e-01 4.215645538829999817e-20 1.908525231060000048e-44 4.643110754439999801e-12 3.343262501620000160e-01 6.259360956010000550e-20 7.793988763869999887e-39 2.044430510019999864e-29
5.120039904129999875e-02 2.346436756369999905e-23 5.395506102549999516e-01 4.092489907030000262e-01 5.545669686820000027e-15 7.053848447090000148e-55 2.521830493280000032e-58 6.255308813730000252e-62 1.725762750310000105e-29 6.808815161090000109e-78
1.143351071100000005e-01 1.656600403590000048e-01 2.469032416019999937e-09 1.295297686569999995e-01 2.786949694829999880e-01 1.621362446800000100e-03 5.987757126950000335e-05 5.088058819920000338e-15 2.959249630019999966e-01 1.417390890150000034e-02
4.718776484319999742e-01 6.980322784580000477e-07 5.499334543920000243e-06 5.110691768569999849e-03 2.480366942499999949e-01 2.749687677920000239e-01 4.693072511279999805e-36 1.413020000969999940e-11 5.809241307460000479e-16 3.770503510420000004e-10
1.031191762439999960e-41 2.642878755659999757e-07 6.081746599820000130e-71 6.962816647409999985e-48 4.558517691599999755e-01 9.461568812130000207e-42 2.576760579180000043e-37 5.441458585459999497e-01 1.890802367469999906e-58 2.108006066139999893e-06
1.763260628570000044e-01 2.718379698690000047e-30 4.187304163280000142e-08 5.421133654460000437e-29 1.199790894319999897e-28 9.413896667109999874e-10 2.792326143730000099e-01 3.031861081760000205e-23 5.444412799550000237e-01 1.998679834279999853e-20
1.548596029429999909e-18 1.311143860439999953e-57 3.028515338219999733e-11 9.332894392360000175e-04 9.986169670910000074e-01 1.608668863220000090e-47 3.180529572100000005e-137 1.589991243390000011e-38 4.497434396900000194e-04 5.075626557490000292e-56
6.350474769180000090e-01 2.676229749460000140e-01 9.732954813609999423e-02 2.678755615010000018e-23 2.082494099780000012e-23 4.421561012489999820e-80 6.198776512539999796e-78 1.266448284350000110e-53 1.960962804510000076e-87 5.629967212510000058e-108
4.945028195599999732e-01 1.651135219290000036e-25 1.719922159610000076e-08 4.461755990480000267e-01 2.567514341549999941e-23 2.441548016759999840e-12 1.936506515070000054e-04 5.366554293090000140e-57 5.912791353849999876e-02 2.594061950389999949e-21
4.992143351830000226e-06 4.397548033849999759e-09 3.460014279909999768e-01 8.744384133630000375e-30 8.942213013689999726e-03 3.360699265640000229e-24 1.895621466690000028e-07 6.450511727269999662e-01 1.656897188030000074e-10 2.374378939070000128e-24
4.291871870539999967e-01 4.845152913939999873e-07 4.720786843569999798e-22 3.597277936459999787e-31 1.315858696369999990e-02 4.067206133899999939e-07 9.484753540049999872e-34 1.329012421830000001e-05 7.575762240549999790e-09 5.576400370459999589e-01
9.570339718500000708e-56 3.127396923610000096e-79 2.848419465360000125e-57 6.934105932570000519e-01 2.633155884789999956e-01 3.484611294259999735e-24 1.451395153200000075e-67 3.339848003650000222e-23 4.318016620279999801e-02 9.365206141010000440e-05
2.561019165699999819e-22 2.052733149539999888e-07 3.964729556200000116e-01 2.405666866650000013e-01 1.968468758899999947e-13 5.162768378880000004e-20 1.450836029940000064e-09 3.629601509789999736e-01 1.069673896030000020e-11 2.559076141490000150e-16
5.519732604539999774e-07 1.388177945949999959e-03 1.461669050340000039e-02 9.714254169650000611e-05 7.289108852679999639e-01 2.549864980420000204e-01 4.809096667670000279e-50 5.372469058829999706e-08 1.428439334680000071e-12 1.686963146820000125e-13
1.156124977470000036e-50 1.254541120709999918e-32 2.923059700969999823e-12 2.343936817189999910e-01 3.720551979330000017e-04 1.854162469590000042e-05 4.230646242630000256e-23 3.483243836500000135e-01 4.168913378010000170e-01 4.341527339919999739e-12
5.972798388079999521e-01 3.101453362360000188e-03 1.841475939649999989e-26 1.842061098059999920e-23 3.288490608500000008e-47 3.263206344240000001e-01 7.329807322539999559e-02 7.790682505819999884e-50 9.850167031639999362e-43 1.801996514340000000e-10
1.039744074490000060e-16 2.206261565919999945e-01 2.273256684010000052e-59 1.496501899910000065e-43 1.034749847979999936e-60 3.039151767180000019e-01 4.685440158570000069e-01 5.476663983629999829e-52 1.810494972589999960e-79 6.914650832430000414e-03
9.368080877169999637e-06 1.215397062130000039e-01 3.248275562169999908e-01 7.006130621759999917e-30 2.561577004650000267e-01 2.974656690240000123e-01 1.668683398689999944e-71 2.830005698800000076e-19 4.089006228709999661e-27 2.527307689429999862e-40
1.472786731649999897e-07 6.109341289609999948e-03 1.410251081520000060e-01 5.201025962879999589e-16 7.035001351070000464e-01 1.493652681719999931e-01 4.802125866999999881e-30 4.308466136710000109e-20 6.699359219460000171e-20 3.061218825919999821e-29
2.832247134520000090e-08 4.887776667300000044e-01 5.112223049480000281e-01 4.677595922500000053e-57 4.759370360019999745e-41 2.101011252759999948e-49 3.218370266090000005e-13 7.089348647700000606e-17 2.619970903780000115e-56 1.214616818140000029e-61
1.243190469999999966e-58 1.178538775030000068e-51 3.268716033610000103e-35 1.133816678979999915e-28 3.945778323309999918e-38 4.663504392589999936e-01 8.173320826169999746e-13 4.248333277879999971e-10 5.335580574639999796e-01 9.150285191570000449e-05
4.058797882269999935e-01 4.132156919600000339e-02 3.230552420140000297e-02 1.107843208300000049e-01 3.013656573050000134e-02 1.877790632759999967e-01 1.041598438110000052e-01 7.293354035889999932e-21 8.763332467300000150e-02 5.593440509920000099e-11
2.717171721960000209e-28 3.587017943860000240e-21 4.521484964269999819e-07 1.163038215629999976e-52 2.683116544569999838e-13 3.004320287500000242e-01 5.218198773040000309e-31 5.209702112149999786e-01 1.785973078860000063e-01 4.977042029360000280e-23
7.058471311259999836e-75 7.051944525130000329e-50 1.381632616669999972e-43 3.580897163779999936e-28 1.915375285939999980e-24 2.926265598230000028e-02 1.777427663000000087e-09 2.061353699119999883e-04 7.460484220230000352e-01 2.244827848469999887e-01
3.401582988819999973e-24 4.624721547449999858e-49 7.907671486599999744e-01 2.092221504070000127e-01 2.128660718820000071e-17 4.219043438479999959e-75 6.410051190979999550e-23 1.589770372930000083e-29 1.070093304970000013e-05 4.001551845510000171e-63
2.887511158479999854e-02 1.366156862500000068e-23 4.271896826029999983e-01 1.924168313689999998e-22 1.758939141370000070e-01 8.073092851610000278e-43 2.817679092349999903e-14 3.006103799350000050e-01 6.743091174029999801e-02 2.629385943840000058e-27
1.840926299170000024e-04 4.638854208269999752e-02 4.262948752199999802e-01 3.085416697849999935e-68 1.002863392710000033e-13 5.664431942370000083e-11 5.218929137029999615e-25 5.271324900110000433e-01 4.867256316569999903e-26 3.475850508260000104e-34
9.428681496820000285e-02 2.964603885870000048e-10 3.101234305969999827e-01 5.935740497400000537e-01 6.416529197629999667e-48 2.015704398150000055e-03 2.331094246050000154e-22 3.637251865129999972e-73 1.943373570830000169e-37 8.586460927170000174e-42
6.184228309120000169e-21 5.353232361169999851e-18 7.198191981120000419e-06 8.179727934820000407e-03 4.737071909780000351e-12 4.528932736739999930e-33 3.685694888170000239e-01 9.152688226920000338e-05 6.231520581699999672e-01 5.296353430799999890e-18
6.139883149969999434e-20 4.196000218579999991e-28 5.988576540910000023e-01 4.007307886650000039e-01 2.101289850459999905e-13 1.565178653640000074e-46 6.752781824850000140e-28 2.397146140819999846e-08 4.115332724180000012e-04 9.269314839339999857e-31
6.928887426710000144e-07 3.151448757390000188e-01 2.617995886430000141e-01 9.276499517920000493e-02 3.302898475500000153e-01 5.246828629109999759e-17 1.223760950470000026e-58 4.523900653829999976e-17 6.975206495130000407e-21 5.395061787570000024e-30
2.360283915290000042e-48 6.634738847959999644e-39 1.124744720319999938e-37 8.585965606610000385e-04 9.991414033740000367e-01 2.055217347719999965e-24 2.039558244229999852e-45 1.514047733189999904e-15 2.046846314269999984e-11 4.482093522429999793e-11
3.613025658629999887e-39 1.177074541380000099e-43 1.435877021629999940e-51 5.909560522200000277e-01 2.792483371050000065e-32 9.822502252019999983e-14 1.178944575740000031e-07 2.814917454460000172e-45 6.404999932530000153e-10 4.090438292449999902e-01
4.627779090749999619e-18 3.444863163299999729e-21 1.948137273739999879e-24 5.803902151650000008e-01 9.015024785470000350e-17 2.669895132210000077e-01 3.009010252029999826e-07 6.304451665470000141e-27 2.659924074040000141e-02 1.260207299720000063e-01
7.312003328130000364e-09 2.873972853990000020e-01 3.941850161999999919e-14 1.531062349519999951e-17 9.062985774580000209e-63 7.126026599610000289e-01 4.732861117280000021e-08 5.655247892980000205e-75 1.017938143659999956e-53 4.707831336960000184e-33
5.206730433739999776e-33 1.277614812420000030e-02 3.389761851670000103e-01 8.562991810249999779e-70 1.525224647890000075e-16 1.976861998710000012e-01 5.411292619219999766e-30 4.505614668380000243e-01 1.093305951030000023e-33 5.189472502550000046e-45
2.529690149389999943e-27 9.677746192130000033e-08 2.323422153980000127e-01 4.608508702620000008e-01 1.222121637649999991e-24 1.001151452120000070e-02 1.085520151160000030e-01 1.882432878889999939e-01 4.810987322380000277e-12 3.131347827490000019e-11
6.595242264559999512e-01 3.073825008430000108e-25 3.404757477720000147e-01 1.249273019649999923e-61 2.110121938539999932e-63 2.454311804969999947e-38 2.577185173359999853e-08 1.682046733909999943e-37 1.403234494970000081e-17 2.202729262000000183e-59
2.515035350980000111e-20 2.221186681330000191e-37 2.857148170050000102e-01 2.708595518090000045e-06 1.626440192400000088e-43 2.707453038159999973e-04 5.151077709889999579e-01 1.920056766589999912e-43 1.989039581060000061e-01 1.536944920399999997e-33
1.095603450659999948e-15 1.280133788229999939e-33 9.424114482700000653e-06 3.642939238719999843e-16 1.017724922380000008e-01 8.214510044300000227e-61 6.075695865590000114e-38 6.830168219990000456e-01 2.152012616479999918e-01 1.118042803170000058e-33
4.213594922140000036e-47 6.134560284209999962e-25 4.347936836359999804e-56 1.701267469279999975e-37 9.755265343820000261e-20 4.434167118179999582e-62 6.008596175560000363e-01 3.991154173270000105e-01 2.839457424980000230e-26 2.496511716550000139e-05
6.050964243959999767e-01 1.049602331449999966e-26 4.514198625210000112e-29 1.274554682100000058e-01 7.782028312510000378e-02 6.888513440729999370e-55 3.659127376330000272e-17 2.927155543269999961e-19 1.895381134770000031e-01 8.971079200429999984e-05
5.281971629859999852e-07 4.229170435129999718e-03 1.657314072069999977e-01 2.213678362150000101e-18 7.047565448560000334e-01 1.252823492950000117e-01 4.642903737769999801e-82 9.620883303530000517e-12 1.287047578230000037e-18 9.465933469230000152e-29
7.087339081600000203e-05 5.403903087960000295e-01 1.352387626339999966e-05 1.329086829400000000e-34 6.191673197739999402e-39 4.595252939369999789e-01 2.380137890960000049e-22 8.603019581230000691e-53 9.673573213190000158e-36 6.246660332980000142e-43
5.787067207689999696e-43 3.646620931739999876e-14 2.160015614080000035e-01 4.190695759850000223e-35 3.018579552309999908e-07 2.703010418579999963e-02 2.673269595769999954e-56 7.569680325490000250e-01 2.675549665100000033e-14 2.274834663420000041e-38
7.398414452000000718e-18 1.378397569380000027e-19 6.177652134679999518e-01 8.273972380249999926e-13 1.913609176870000136e-08 3.030489078979999983e-03 1.406206385889999877e-13 1.087244400939999965e-03 3.781170339139999781e-01 8.336077133760000323e-13
2.402909761029999869e-01 4.257845892040000281e-14 7.032430139080000182e-15 4.123467888919999935e-01 5.675832263249999676e-02 6.852567221269999882e-05 8.258282796320000165e-44 7.255842254260000434e-08 3.141142799100000026e-09 2.905353110009999962e-01
6.596744712200000027e-01 6.786848069739999661e-35 3.403198108900000185e-01 5.987733966319999965e-17 1.379782644819999944e-49 5.717886602309999896e-06 6.716180141300000073e-53 1.372016483279999916e-119 4.350270027860000208e-12 8.943800976020000075e-69
2.452601066269999898e-20 4.546220455469999755e-01 2.099263030490000067e-05 3.055632354710000228e-35 3.180584431229999980e-17 1.944542995450000029e-53 2.967670239060000159e-01 2.485899379169999868e-01 1.891798405629999997e-41 3.464495202409999967e-44
2.693948320630000226e-01 1.083982337789999942e-09 1.484343839160000061e-04 1.833289862419999966e-06 4.101700570859999992e-26 9.976354012859999518e-05 4.287154985359999948e-01 7.393911223539999811e-06 1.030990375840000056e-01 1.985332056080000018e-01
4.982959282830000114e-01 8.870772816889999411e-33 1.513455228320000000e-24 6.192826872240000634e-08 2.078479778179999855e-12 9.556390130939999838e-03 2.517922774570000066e-09 3.597578859579999866e-37 1.733966036290000012e-01 3.187510135089999808e-01
2.458374379880000002e-02 2.311434415059999969e-01 7.014919930180000195e-09 1.591976017239999930e-01 1.913681720260000108e-01 1.443306454719999948e-06 2.461539894019999851e-04 1.520648858209999902e-13 3.766842825469999823e-01 1.677515408750000075e-02
6.729636608789999475e-01 3.270363383270000202e-01 5.049644110510000344e-21 1.499754255089999955e-48 7.948523678440000366e-41 5.529784254370000363e-10 2.418936995199999840e-10 4.442893375570000029e-41 8.544851584859999473e-40 7.157874224729999878e-22
5.357740898420000066e-05 4.887506706509999743e-01 5.111957519390000204e-01 2.405074151259999837e-18 2.409654154989999820e-22 2.696928958120000005e-13 6.277206900289999585e-57 6.242554579450000321e-53 1.973095721259999942e-50 1.071570206489999998e-63
2.770319987140000057e-32 3.263171539320000075e-21 9.560460255909999927e-02 5.163862400280000431e-01 2.725497473149999899e-08 2.821977604510000115e-42 1.530648776219999886e-07 3.878527957999999831e-01 1.561812924489999949e-04 3.026427844100000167e-27
2.211948811530000114e-01 2.786394894080000130e-33 1.104582904410000028e-10 6.282026040679999754e-11 2.449112080080000045e-27 7.788051159369999699e-01 8.015667102090000086e-53 4.456362218439999635e-71 2.736078871950000185e-09 6.627418517509999801e-33
2.518718713629999820e-09 2.298839789750000047e-04 4.412208658319999866e-01 2.636328766770000140e-18 3.283786183549999854e-14 8.698889967190000239e-02 3.283305961060000062e-03 1.752578380300000016e-01 2.930192024719999733e-01 1.534854112400000065e-09
3.591708828719999875e-40 1.175949195749999988e-47 1.018536820140000001e-30 2.344030627260000055e-01 2.867605413439999954e-09 6.531639142530000154e-33 2.750255929530000255e-10 3.891945216359999904e-01 9.787854137120000075e-02 2.785238711240000109e-01
4.210011235999999728e-14 1.264970994129999991e-49 3.007854616660000091e-01 1.750360776289999888e-42 1.258380533659999868e-32 2.757414826669999793e-16 1.156363749099999936e-29 1.772022538270000012e-42 6.992145383340000464e-01 6.648138976670000516e-60
3.559891259959999814e-59 9.458882468069999576e-76 1.503874886679999913e-55 7.538124813030000054e-29 1.172782054969999964e-34 5.351800097360000412e-34 4.253791123080000181e-02 2.072913119020000072e-06 3.847122407590000126e-01 5.727477750970000336e-01
5.295358760280000214e-15 1.925014144639999944e-19 8.084248901810000554e-01 1.550706271869999875e-01 2.167864837930000044e-26 1.420761078069999986e-27 3.650448263230000184e-02 1.047765696910000059e-21 1.193305176980000068e-14 1.637438208339999934e-24
4.482831544519999946e-20 1.000000000000000000e+00 7.383095928889999602e-33 2.718573553869999897e-71 7.411197041959999819e-44 5.131945462079999774e-52 9.368359306630000652e-49 1.823984954369999895e-46 9.158414188970000420e-147 2.551226240859999773e-66
1.087813821730000034e-07 2.206212725220000059e-01 5.230018411620000144e-04 4.692570971900000276e-01 1.004217682859999956e-37 3.095985196650000160e-01 4.409228998919999805e-13 9.250381461340000156e-48 3.789929761189999745e-42 3.747546865200000072e-28
2.411029552369999836e-05 8.712879614069999967e-14 2.377482358050000133e-01 1.125720478869999936e-35 1.851379341139999925e-07 1.361064731649999896e-29 4.554577624470000342e-50 7.622274687600000265e-01 1.605071435209999919e-12 3.086501959019999969e-34
1.645894540120000049e-05 7.468724981320000456e-02 1.930936542570000081e-01 1.503783259729999940e-07 3.446193722520000113e-01 3.875831143540000023e-01 1.159295400599999991e-32 6.179317949199999718e-14 3.111883957939999909e-17 2.382147766800000009e-17
1.338831326320000063e-03 1.116745144129999974e-22 1.272947748769999998e-01 5.525795815399999755e-01 6.856903368129999424e-14 1.536462397110000015e-62 5.067411543289999931e-02 2.581818321620000245e-01 9.930864661239999572e-03 1.396186158370000116e-20
4.831361755630000082e-22 5.162671825259999623e-06 1.607359051479999942e-49 5.909462031279999472e-01 1.210905460679999919e-11 8.886515743019999694e-61 5.515155620939999572e-07 8.066126525759999556e-10 8.121611101130000695e-52 4.090480818660000017e-01
2.920454052659999800e-01 7.079543054989999584e-01 2.836567059910000120e-14 2.892353933879999902e-07 2.755649907809999929e-20 3.261685982820000029e-41 4.170749601569999900e-15 1.365760076210000050e-30 2.204436661300000049e-48 5.426241945559999663e-23
1.944210512560000104e-01 2.901577115260000186e-14 2.607256245110000037e-39 1.517015006880000072e-01 5.691226395619999979e-26 5.206907527599999752e-20 5.769144907159999835e-01 1.351542001130000067e-54 1.760283080569999875e-29 7.696295734069999450e-02
3.959455508359999989e-20 5.404464269700000045e-01 4.836295619439999799e-06 1.460942955649999925e-09 1.460474551369999914e-38 4.595487352739999753e-01 5.091747591610000193e-27 2.301321344110000180e-52 2.966900432960000207e-57 2.508649891440000031e-43
2.554601232870000053e-13 6.452471169300000470e-48 3.007854616819999882e-01 2.295067895610000091e-46 2.034478422319999874e-31 3.309495937729999893e-12 9.822193891539999499e-82 1.153714589139999927e-31 6.992145383150000226e-01 2.972182968220000097e-58
1.737204129469999969e-01 8.871803355559999687e-09 1.886526401780000087e-11 2.146371043739999929e-01 2.654110230150000073e-50 5.778302013060000464e-01 3.381227248199999980e-02 1.006226490370000051e-72 1.805728340459999984e-28 1.784103424399999935e-18
1.409105974900000091e-06 3.414920201089999829e-01 2.418411500089999999e-01 1.604472515420000134e-01 2.562181692339999817e-01 4.474047091399999570e-22 1.759358556679999839e-21 1.439013354819999965e-22 2.539863805799999872e-24 3.588921367640000039e-35
6.107971552580000463e-01 7.790063464180000036e-30 3.531918503980000153e-28 2.200790381620000014e-01 8.910452280089999521e-29 6.764918855740000429e-20 1.691238040639999884e-01 2.448869825669999852e-59 2.228135856179999989e-11 2.492952715019999941e-09
3.990186346790000060e-01 4.579709369970000332e-02 2.804196252040000101e-02 8.701455228849999668e-02 6.678510794649999971e-02 1.803518139430000111e-01 9.602459076119999881e-02 5.720481033949999590e-22 9.696624409949999857e-02 6.194415088530000215e-11
4.446636915959999992e-01 3.277055367700000138e-38 2.918695072710000047e-09 5.101247177459999893e-01 9.504285351420000353e-39 4.046551390500000012e-02 5.527022152260000268e-45 4.526871692500000281e-79 4.746073834349999639e-03 4.908609874710000061e-29
7.290062518319999668e-53 1.853882860629999910e-35 3.938128428570000050e-13 2.345047415819999925e-01 2.643678064599999849e-06 5.496895888959999568e-07 1.197081504279999930e-21 3.485133364369999986e-01 4.169787286059999931e-01 7.177626293280000321e-12
4.877116449490000345e-15 1.874935205609999903e-25 4.875924863089999839e-01 5.074034988389999846e-26 3.364548339830000191e-81 3.194620571880000259e-01 1.929454565029999902e-01 2.025795460760000085e-55 1.562028690810000046e-20 2.545192185519999883e-43
1.788377127690000055e-31 4.305561393309999853e-15 2.856988340250000147e-01 1.669848270930000014e-17 1.508059266269999896e-17 6.346012733769999768e-06 7.142213566970000427e-01 4.194903041960000307e-11 7.346322252720000653e-05 8.103122525249999552e-26
6.595242263660000548e-01 2.155945191040000007e-26 3.404757482360000198e-01 8.131782244699999977e-62 1.328366083919999937e-64 7.329497847350000038e-38 2.539822058739999881e-08 2.035077039860000157e-39 6.557192084099999913e-17 5.633092187359999919e-60
1.350776733620000083e-50 1.710560894780000053e-12 5.923066827569999764e-40 1.494140592400000032e-44 7.158039291489999352e-36 8.388541296629999436e-03 6.322843728559999807e-07 6.765848540840000425e-01 4.444377206410000087e-40 3.150259723330000039e-01
2.079337652619999907e-02 4.698099886490000064e-15 5.554942012939999563e-01 1.786971737900000046e-03 1.143727582850000048e-42 5.374059182689999998e-24 4.219254504420000274e-01 3.296247933220000219e-28 7.842185984730000052e-24 1.601636944679999961e-26
5.385949206120000202e-27 7.355631979279999566e-01 2.486363908279999868e-01 1.572454725559999995e-93 2.014818881939999948e-51 6.780198940240000229e-38 5.488376785850000196e-03 1.031203445859999943e-02 9.844956518209999482e-56 1.800096950489999955e-64
1.103864786050000041e-27 7.386907807370000079e-01 2.536081960939999824e-01 3.774688657180000193e-93 7.787081728709999737e-52 8.932214579700000246e-39 5.753059596799999648e-03 1.947963572320000024e-03 2.799216540130000131e-56 2.432833094270000049e-64
1.732206880260000139e-33 5.239179422120000540e-01 1.024330959609999995e-51 7.780056813899999601e-11 1.735330305270000077e-22 1.288855179879999973e-27 1.675894230109999975e-12 1.155549531180000033e-12 5.372795303859999992e-67 4.760820577070000170e-01
8.104084108749999571e-02 8.916717567010000142e-15 1.554387005710000141e-08 1.373914869080000088e-20 3.828243624320000205e-01 3.966166392079999992e-01 3.241926614010000110e-65 6.267040545499999524e-19 1.395181417299999893e-01 4.375579925389999526e-19
7.784305585459999965e-19 6.960611836650000344e-14 1.088263764569999958e-01 9.975272614469999181e-41 2.335609403710000001e-12 2.194979114370000095e-01 6.241137243480000124e-02 2.432676651919999863e-02 5.849375731499999453e-01 2.340793291509999976e-20
2.539526628049999825e-16 1.142830017719999926e-34 3.503899792029999911e-06 3.011676778810000110e-19 1.887881568839999968e-01 6.912513528149999491e-55 3.774063255919999791e-38 6.530384388419999686e-01 1.581699003739999998e-01 1.241353665479999912e-34
4.327312316010000215e-01 1.969022807649999921e-32 2.711961006989999871e-03 9.645823588610000692e-12 1.453800372329999913e-25 1.170231587999999998e-60 4.191767669579999911e-01 2.095467527180000139e-23 1.453800404249999956e-01 2.197160562729999979e-33
1.129636595819999943e-19 7.195319038680000264e-09 1.268922418409999965e-45 2.513485777989999872e-52 2.492611284479999967e-01 2.826308054669999834e-17 1.754416339250000137e-23 2.281341400399999886e-01 6.260087389039999600e-20 5.226047243170000023e-01
4.943615297799999753e-01 5.463256457409999884e-23 2.860008105379999831e-12 4.457643018899999920e-01 3.957093404409999764e-18 3.050798795419999984e-11 7.135448993979999699e-32 9.836872281229999136e-41 5.987416829659999995e-02 2.595262856480000058e-16
5.499208011049999999e-22 5.369415433119999985e-64 3.687248571189999804e-06 3.478873685459999976e-01 4.717812849910000138e-57 9.924475321920000598e-36 8.874723650970000040e-15 1.552813742490000038e-57 6.521089442059999630e-01 9.837416235380000206e-50
3.974459815460000267e-01 8.312389665199999588e-10 1.091603223530000083e-03 2.576626467230000128e-39 3.333275624239999836e-09 6.014624110649999800e-01 1.375856058749999968e-58 5.415611674329999846e-31 3.043829470390000132e-13 5.526425922479999757e-38
3.678019896400000215e-56 3.683671796439999776e-28 3.707700152489999761e-41 1.227676822309999944e-57 2.954211329220000177e-12 6.369862766019999885e-55 7.849532350029999797e-37 9.999999999969999553e-01 3.692533606880000188e-36 9.502910646770000403e-30
1.024010529850000055e-165 1.665555441810000050e-79 2.605815145520000086e-63 1.899185813519999914e-35 6.931627680419999931e-37 3.575189230089999889e-04 9.826718696299999937e-06 6.313321514490000177e-06 3.978178253529999764e-01 6.018085156839999561e-01
3.330397348339999989e-05 5.399064826640000222e-14 2.377384190219999915e-01 4.204188421469999717e-34 3.625856096279999675e-08 2.856916823869999881e-30 6.599369445859999421e-51 7.622282407449999519e-01 7.646389396849999648e-13 2.160893189310000077e-34
9.513580238389999361e-03 1.412712078099999935e-01 2.025722294009999958e-13 2.780873983830000062e-01 3.741139518929999935e-02 5.083588823110000066e-07 1.328779774989999884e-01 7.469387540109999504e-10 1.080289291270000063e-20 4.008379317729999780e-01
9.637568001309999477e-15 1.096505101030000041e-18 8.044975114050000320e-01 1.724346243719999949e-01 2.053578315640000066e-30 3.536538065699999890e-28 2.306786422340000031e-02 6.766553855649999475e-23 1.022469021729999976e-14 1.058315159329999995e-26
6.062657956160000578e-11 4.470078473690000109e-01 7.339047205870000228e-07 5.529861426130000535e-01 5.275428319970000374e-06 5.549789311589999530e-26 6.244007616200000483e-10 1.268879692760000092e-21 4.947881855290000297e-30 1.360212789170000030e-24
1.010793385050000080e-24 1.205139296359999978e-48 7.831930461220000250e-01 2.233872124180000050e-54 1.218566823269999875e-13 7.496596172969999709e-06 6.374762212769999678e-98 5.165777062689999938e-18 2.167994572810000020e-01 1.750163153180000093e-57
1.318701543819999914e-03 8.475745728229999421e-39 2.344459035969999875e-17 5.937282687170000045e-02 1.245497765079999949e-22 9.379221063670000191e-01 1.181843011609999961e-33 4.697778417730000297e-65 1.386365217539999983e-03 1.983933897749999845e-15
3.363688375570000139e-26 5.767896244789999516e-01 3.015132709879999895e-41 3.905442576249999712e-49 4.002586094180000109e-01 4.375965021139999835e-21 1.830908400520000007e-18 2.295174564309999943e-02 5.444345138660000231e-45 2.046009969220000074e-08
3.533469507840000201e-32 2.873973316510000098e-01 1.341628765380000033e-14 8.067697643729999598e-23 3.959138798719999944e-12 7.126026683449999677e-01 1.110237593380000112e-53 1.574957162000000101e-20 9.760489313090000628e-52 1.043597631149999963e-31
2.805682518200000193e-44 1.018815312509999968e-06 1.761779030439999949e-01 4.384354640739999795e-42 2.348259675109999949e-24 5.585529165420000108e-01 4.931095899719999729e-18 2.652681615990000186e-01 1.041491739749999999e-34 1.751161674250000034e-37
1.184789011889999996e-32 2.850166291139999974e-01 3.365974957159999950e-20 5.232496996389999990e-36 8.453511914610000188e-19 1.211598487150000052e-67 5.394458520710000426e-01 1.755375188149999877e-01 1.482465696519999886e-60 2.254717197300000013e-33
7.214826130009999556e-29 1.875412304999999994e-43 2.592241521370000079e-01 4.980481890080000196e-01 3.491159764029999895e-12 1.940113159510000069e-85 1.030902958620000054e-23 1.955787456949999915e-07 2.427274632729999881e-01 2.105350002230000059e-47
4.286267905439999915e-01 1.850155376809999934e-09 9.274599038849999947e-04 9.787056294229999410e-36 1.539621844210000073e-10 5.704457475469999483e-01 1.808449139580000090e-54 1.736648124209999911e-29 8.261002072910000375e-13 1.043293135400000009e-35
6.240191685589999843e-02 3.811182280970000225e-01 2.329470234940000030e-14 3.922855551090000107e-31 5.564470853590000043e-01 3.656038400390000082e-20 1.016085541089999935e-63 3.276968818810000302e-05 9.534885216590000530e-29 5.550936120100000068e-19
1.500810099490000084e-02 7.238713855350000355e-20 4.749673949470000212e-01 1.507035274759999932e-01 1.239902360990000031e-21 7.180372177279999518e-48 3.593209765820000179e-01 1.903100135480000144e-17 1.323485348900000024e-13 1.608636640220000068e-29
1.224086576440000066e-61 3.494679111379999901e-38 2.758245766820000238e-66 2.269651918670000012e-21 1.833718330519999918e-26 5.993609255570000460e-01 5.350802567129999756e-08 1.004555662849999955e-36 1.716407151030000055e-22 4.006390209349999787e-01
1.981293163239999933e-01 5.172119936900000381e-01 6.670516941029999565e-10 3.868539398000000251e-45 2.846573755719999932e-01 1.312688337080000025e-06 1.956458705710000041e-52 1.059032394980000045e-09 8.856971563230000128e-26 5.847012195459999749e-22
1.858415898509999942e-01 5.174290244450000520e-01 3.528592852520000200e-14 1.869891291309999939e-09 2.967293838180000143e-01 6.117424860270000191e-52 1.669334340690000083e-50 1.557293516569999840e-11 9.344044902699999930e-36 4.282419281089999584e-25
4.314312280390000254e-01 4.491010543210000039e-02 1.036155822089999999e-03 3.952398500120000296e-02 2.643389579850000115e-01 1.841505965839999870e-01 7.820847854989999374e-24 1.044270900859999919e-12 3.460896887289999918e-02 2.263383493809999827e-09
2.154795486199999981e-41 3.460350097890000216e-47 2.702005421680000021e-32 2.265673085009999865e-01 8.298149256530000019e-09 4.195948546449999892e-33 4.990901530659999752e-10 3.842927412409999910e-01 1.066523586720000000e-01 2.824875827889999913e-01
4.975195026679999910e-01 2.399095656699999895e-03 3.349120948160000157e-24 1.726425044810000094e-44 1.414128753639999932e-10 3.005146641159999743e-01 7.954300473120000388e-14 1.293934226820000039e-11 1.277652650840000000e-18 1.995667374039999942e-01
2.542174599500000051e-27 2.196668606309999889e-11 5.331078698819999850e-01 6.961556755440000133e-02 1.481130700260000072e-07 3.951419958770000264e-30 3.970006452440000277e-01 2.757691847310000098e-04 1.909289600650000037e-13 7.147432223840000159e-26
6.032020822570000051e-01 1.718388856799999975e-01 2.423673805970000061e-27 1.375189035339999981e-27 1.689460963399999994e-31 3.303385814140000143e-10 2.249562873969999932e-01 8.339409143479999522e-33 5.443132629750000205e-36 2.744335836519999990e-06
1.617493046000000031e-17 6.908798346570000415e-26 5.095789409740000275e-01 1.079258805559999931e-71 1.705080740279999979e-28 4.898099322219999774e-01 1.392105644589999863e-26 5.378852790900000479e-16 6.111268041719999629e-04 1.764387687499999970e-41
1.016712893330000005e-83 5.355119889710000299e-39 4.231453952289999826e-22 4.359883879580000315e-02 1.771710495449999882e-07 1.863991782889999893e-01 4.227358088409999939e-17 5.495068779420000382e-01 2.204899717830000050e-01 4.956018935590000203e-06
9.421148804579999698e-09 1.492542781750000047e-01 1.096770205049999994e-30 4.457201678880000073e-01 1.819799786779999934e-14 2.487193395960000041e-32 4.050226310400000251e-01 2.917903258010000089e-24 1.814943425140000026e-47 2.913476300950000110e-06
7.579795850529999585e-10 3.527190777190000182e-01 2.202913665710000000e-35 3.878879099529999874e-01 2.593504739999999975e-01 1.091787754899999953e-75 7.544989280830000592e-09 1.352477281489999913e-06 1.095193030520000033e-40 4.117754822420000021e-05
1.196170260639999916e-15 1.082702375270000034e-05 4.590839276650000275e-20 4.872211613669999987e-32 4.145427054190000127e-01 5.854459337590000034e-01 3.526870756509999798e-12 3.991386293290000197e-11 4.407997371700000034e-10 5.333131643379999662e-07
6.756704759180000238e-25 4.097044644090000060e-09 6.393982033680000177e-01 7.041345258360000354e-10 3.432390229389999674e-08 2.220461069859999894e-26 6.842783465199999487e-32 3.606017575070000203e-01 6.291172011569999475e-14 1.198777982350000001e-29
2.776509956309999809e-16 1.169112847470000029e-57 7.199565358369999779e-02 1.450497557100000029e-23 2.078611643500000218e-56 2.008443613170000086e-01 7.106214795220000567e-15 7.617523274450000276e-64 7.271599851000000170e-01 5.673133915020000326e-54
4.093357039030000033e-01 3.264835651630000236e-41 1.000623217410000036e-02 1.931862944529999977e-07 1.508352544910000106e-42 6.556061960569999666e-32 4.408250322410000033e-01 7.985742716429999646e-45 1.398328384950000003e-01 1.451375471460000009e-35
2.137973856209999971e-38 8.536882161369999348e-22 2.038162180370000050e-51 1.066801707559999978e-59 5.992232383840000047e-44 1.000000000000000000e+00 3.008694736789999927e-44 2.330597129299999966e-55 4.851825029769999807e-52 1.804507754970000031e-26
6.061146791010000113e-19 1.259890880989999947e-05 1.478718755869999901e-01 7.538892903290000681e-12 2.704274852639999909e-16 1.572145404220000042e-01 2.877361464409999847e-01 3.225161515339999840e-01 8.464865894900000520e-02 2.815171872940000163e-08
1.045290232609999960e-34 1.385063547219999962e-02 3.386750699619999749e-01 7.618042094799999472e-71 1.811829641219999954e-17 1.974014898500000004e-01 3.000530033039999952e-30 4.500728047159999745e-01 7.332036513820000409e-33 3.797253345350000196e-46
6.051496558660000025e-01 1.132324086929999936e-25 1.356902851719999996e-29 1.250014378909999890e-01 7.675318505219999587e-02 5.554049156220000471e-57 2.437005231320000131e-17 6.574538976709999852e-20 1.930754761050000046e-01 2.024508597669999935e-05
1.409723957969999941e-01 3.531301040679999799e-11 3.652443515150000097e-02 8.224785767109999979e-01 4.568900815130000142e-35 2.459230570279999947e-05 1.322454396050000103e-53 1.349788272259999947e-48 4.336565592070000118e-31 1.184210968909999973e-36
1.115267138709999950e-20 6.085461128369999972e-01 3.646822847300000212e-03 2.127279205470000017e-02 3.665342693770000104e-01 2.884522204969999899e-09 1.138251948430000006e-55 1.307281876340000060e-13 1.828912233749999945e-21 3.237607681770000036e-28
3.926816109589999789e-33 2.793507643540000074e-54 8.868454281870000178e-02 8.339913198139999799e-10 3.638665886570000008e-01 7.686487692400000325e-65 2.871274705379999987e-84 3.156571283719999963e-10 5.474488673749999812e-01 1.606771219580000042e-65
1.928814699899999919e-26 5.115977341390000321e-02 4.132675443679999776e-25 4.644076033969999906e-01 4.844325910680000180e-01 5.614416255069999985e-34 8.539986634510000399e-16 3.182846157979999840e-08 1.446608916889999958e-33 2.926812153060000108e-10
4.262426916900000085e-03 1.668362567289999925e-11 1.866809895930000079e-10 3.878257509179999785e-01 2.288983861019999844e-24 4.977959468689999722e-01 1.101158750899999955e-01 4.842135369659999892e-49 3.566819169469999803e-12 2.505961854039999923e-16
6.239527302310000629e-05 5.403954922870000122e-01 1.453034539360000029e-05 3.229228843950000077e-35 1.420808710759999972e-38 4.595275820949999979e-01 5.120467750899999729e-22 3.303294212030000214e-54 2.409674225330000147e-35 4.191411473010000022e-43
4.408737753809999855e-05 2.202184060730000100e-07 2.370952039929999922e-01 6.980204582890000080e-16 2.629278293349999904e-14 2.156156053019999963e-01 2.683817556609999766e-01 2.788595250590000241e-01 1.352118946040000055e-10 3.602253719309999815e-06
1.277137171850000032e-08 2.873973085209999834e-01 1.299710469459999985e-14 1.057650537910000074e-17 1.191598168360000019e-62 7.126026659890000170e-01 1.271883225279999966e-08 1.965248401399999994e-75 1.400428133630000002e-54 5.846299320140000291e-33
1.375929151460000108e-10 2.776446570519999979e-38 9.632948213420000107e-04 5.870777771779999919e-17 1.823693398569999902e-01 3.857641045259999860e-83 7.046824551710000443e-44 4.003573794879999870e-01 4.163099856959999734e-01 6.031863609980000296e-41
1.998122147000000018e-53 1.105615348820000035e-71 1.025371693990000048e-60 2.017623788990000055e-01 4.837926805780000162e-17 3.718922203429999798e-08 1.247085458200000058e-36 3.003315844650000023e-40 2.365977184770000075e-01 5.616398654349999964e-01
1.611664479449999872e-26 1.265703850320000061e-31 2.664169963419999823e-21 1.386419321709999875e-01 2.805118377770000069e-06 1.086305485240000004e-15 1.102145874720000079e-09 5.340538260270000226e-01 2.257878712760000017e-01 1.015135643060000037e-01
4.078659528689999969e-19 3.229416436129999846e-01 4.884897858940000366e-49 1.955028393779999992e-26 5.411998007579999733e-50 3.130618032199999959e-10 4.824219653879999875e-02 9.422842474490000128e-33 1.654807057689999918e-59 6.288161595350000299e-01
3.458347148570000153e-06 6.616135195700000027e-02 3.900409463050000247e-01 1.413094547109999962e-12 1.866410424430000141e-40 1.075473699340000029e-19 5.437942433900000427e-01 1.499276185090000044e-18 6.221653251860000368e-40 1.218739950460000067e-27
5.343135660550000407e-16 5.869550021620000127e-20 4.599284308139999777e-01 2.344660655710000085e-19 1.660884635279999867e-20 1.866038401469999992e-11 3.557969396880000246e-01 1.815750263139999880e-17 1.842746294800000073e-01 1.120965434549999911e-27
9.731415939319999407e-76 1.557797370070000036e-19 3.119019376849999977e-88 7.124057291000000126e-19 1.829977898579999984e-02 3.804811851049999880e-50 1.293701096660000034e-33 2.259195457300000043e-01 2.716562728050000058e-64 7.557806752839999476e-01
1.962081496250000185e-34 2.890402647510000034e-02 1.356503556029999948e-24 2.034576181150000119e-18 4.137746961470000207e-01 2.893884475469999940e-01 2.620648578879999880e-42 2.679194530910000149e-01 1.594327342609999988e-28 1.337673936620000062e-05
1.100788590880000058e-20 2.637301491800000141e-17 3.242703625919999741e-04 1.843652506410000008e-33 3.363792511189999945e-12 2.558952406039999988e-02 3.526697680129999846e-01 6.640416117290000092e-05 6.213500333999999459e-01 1.457754878220000035e-16
3.830687887720000349e-09 3.579765809169999881e-47 5.153630507540000183e-01 2.118705555360000036e-04 1.766061841859999880e-76 8.436302810470000524e-02 3.504069720640000107e-01 1.454415811159999940e-78 4.965507469080000097e-02 9.873867566679999831e-33
2.569145947079999780e-25 3.780760277749999898e-01 2.890829293410000139e-06 7.323367546199999781e-18 2.097161147039999957e-19 6.644745596350000466e-29 6.032976230540000318e-01 1.862345834239999970e-02 1.214290471460000079e-38 4.124038409899999568e-31
