1.986237805799999990e-25 1.700546462910000091e-16 1.145132852479999915e-34 3.726275874229999963e-37 1.093986290089999982e-12 3.294888348770000109e-22 3.976779821620000099e-01 4.243228227340000158e-01 5.738546766229999696e-29 1.779991951029999964e-01
1.831945947550000023e-03 1.208239836559999933e-02 6.580848553029999826e-01 1.936264914269999949e-28 2.353427155079999899e-71 9.227796075560000401e-30 5.123851481390000043e-27 1.349639250800000042e-03 2.714284911960000157e-18 3.266511611330000231e-01
5.058402495539999696e-03 3.793234843220000263e-01 1.336989451530000038e-03 1.943876171170000110e-22 8.567920272030000101e-60 1.511510363859999969e-46 1.149835879289999998e-24 7.298152086639999978e-11 5.032016164820000003e-22 6.142811236580000278e-01
1.637831975869999973e-14 1.961934927679999940e-01 1.310628297069999973e-42 1.428427384250000043e-01 4.754257000769999596e-13 5.179298258280000027e-89 3.920458664450000019e-01 1.541218005609999936e-44 1.788584214109999913e-07 2.689177235029999724e-01
4.702867531799999795e-05 2.729125252460000081e-02 6.489412959179999829e-01 6.952871498239999556e-19 6.211844552429999671e-77 3.736344331870000161e-34 8.725385967629999545e-30 4.283623334849999968e-13 2.599182134199999882e-11 3.237204228550000229e-01
5.083624352990000483e-01 2.491492495510000058e-02 1.212327864480000010e-40 5.349730462990000002e-07 6.676518370080000126e-14 1.106670454490000042e-107 2.956492443859999875e-01 3.302393253290000203e-27 1.710685426740000126e-01 4.317713589960000280e-06
9.304010379159999433e-50 3.883098696039999909e-01 3.855535359669999865e-36 2.056063932269999968e-16 6.035101042960000428e-11 5.439175601549999741e-23 6.116901303359999487e-01 1.703493529960000044e-20 7.591518984510000006e-87 5.953152917509999642e-57
2.338098025079999804e-71 1.000000000000000000e+00 4.140723722529999998e-21 5.694033137690000081e-73 1.839860323920000037e-129 3.885547593359999762e-65 1.138283638299999986e-91 6.215083166079999810e-26 6.264079461159999674e-58 6.779423461740000335e-53
3.543464280799999981e-35 2.389895458790000093e-01 4.876646121759999793e-23 2.858263864949999822e-28 2.446607722739999953e-41 1.145274804130000082e-30 1.806494181840000090e-22 1.653685775929999991e-09 5.839526253140000511e-01 1.770578271530000025e-01
3.023642909929999956e-01 9.950993746319999889e-02 1.668900204700000079e-10 1.598125607480000025e-44 1.422447458770000034e-43 3.328883519739999850e-52 3.873485364850000271e-15 5.975538819979999694e-01 3.270690364819999869e-45 5.718893780780000182e-04
2.574365345420000019e-19 1.956381327799999980e-11 4.859291486630000212e-01 5.140479358930000187e-01 2.382653996829999851e-22 2.291458895100000021e-05 2.646870373700000028e-41 3.539875962930000073e-38 8.348524910720000119e-10 1.073888038630000001e-44
1.061306124170000031e-02 4.707013474639999973e-01 1.733111894369999899e-09 1.022878392799999973e-02 2.666917730890000141e-16 1.058200196510000052e-51 5.837873667479999999e-26 2.930759740469999913e-36 5.084568045539999970e-01 1.079406392220000092e-09
3.739854325789999994e-37 3.071949124650000251e-01 6.923598927349999821e-01 2.716104731089999910e-72 5.674142751939999762e-270 2.064850447270000156e-30 5.355118281690000179e-76 4.451948003800000088e-04 4.869502557490000172e-54 4.108746205300000136e-27
2.902462299989999919e-16 6.368759028849999352e-08 7.230987463929999945e-09 1.424910271770000053e-12 9.319920153780000501e-22 5.526038634240000302e-01 5.471388552459999839e-08 4.802024267629999982e-02 5.123125207829999519e-07 3.993752559529999968e-01
4.436336169649999772e-01 2.444513811629999978e-01 2.074335974300000052e-01 3.782707663799999946e-03 4.095424648449999837e-13 1.002011042760000066e-29 2.057227548389999935e-35 6.028948004229999884e-22 1.006986967769999963e-01 1.397035031160000022e-50
5.002109581739999644e-01 1.700274799780000090e-82 2.594452898410000136e-44 6.944584727129999743e-55 1.352507536750000053e-27 1.210031021520000055e-41 2.776222001450000144e-21 1.306201548859999879e-13 1.988719969069999891e-07 4.997888429540000010e-01
1.277929103100000029e-17 5.788377685279999518e-01 3.862195326520000246e-38 2.321303302860000086e-18 4.336641229080000161e-11 6.612489344559999955e-66 4.211622314290000002e-01 4.141957046380000281e-17 1.506783842199999913e-42 1.001906629479999943e-26
7.359077912750000515e-18 1.020935618759999967e-34 2.514060339509999742e-01 3.958793282649999977e-73 6.228475883759999666e-85 1.440573858260000052e-07 4.167291920559999886e-75 7.485938219909999969e-01 6.895744383349999286e-24 3.075440463679999987e-35
2.508897825670000081e-01 2.729113737730000179e-34 7.488142392900000166e-01 1.333529707170000053e-10 2.172631409049999993e-55 3.468780333249999782e-29 2.020341667289999882e-67 7.207808493009999960e-51 2.959780093650000044e-04 5.998851866240000541e-26
3.283434339810000222e-39 3.563934903800000109e-01 7.480650498170000190e-03 2.614830961790000122e-09 4.697695090500000477e-69 6.361258565070000426e-01 2.319159855629999891e-20 6.334333014349999808e-23 1.235396194160000017e-82 4.471629692800000264e-49
4.327922165359999740e-01 4.923294227150000132e-03 7.154176721309999805e-19 9.129498367430000208e-40 6.340288799579999843e-41 1.731466577699999976e-71 2.375096571210000235e-10 4.315953549920000243e-01 2.758685186090000229e-41 1.306891340069999963e-01
1.116512167289999968e-01 3.749433022539999793e-87 7.136269898240000242e-26 2.412026779129999837e-13 4.295405902910000018e-01 4.588081885199999932e-01 4.459951262860000044e-09 2.440387094900000000e-24 8.148347304579999658e-20 3.689871328280000129e-26
1.534304924090000055e-30 1.983342640680000046e-01 1.171987968690000063e-19 1.412881482140000073e-11 5.589598915079999758e-02 3.323642494810000181e-01 1.628909912570000130e-05 4.133892081750000225e-01 1.243966304810000054e-11 2.569769599819999911e-41
4.650299607199999874e-28 1.490027853880000053e-13 2.347656957340000061e-12 3.816872705680000076e-29 3.758620957440000132e-08 5.704026038180000091e-01 7.297954891109999966e-15 1.445036202449999927e-03 4.625119531090000145e-14 4.281523223900000064e-01
4.059599737740000047e-01 1.094516407779999944e-63 6.697553374509999638e-19 3.799390143260000058e-42 3.107037492310000051e-04 5.491615670839999908e-01 2.029332985649999878e-16 4.456775539320000090e-02 6.876921649620000210e-16 6.282393805900000380e-15
3.480771731860000151e-28 1.861055787320000099e-01 1.159735827149999965e-54 7.031617644359999524e-38 8.097608223669999772e-02 9.151192334869999530e-64 1.272360411790000034e-01 6.056634690219999673e-01 3.516358907849999708e-08 1.879366686570000129e-05
4.661445303790000177e-06 5.484174108219999720e-08 5.794385440429999923e-02 6.615258508929999781e-01 2.848491757089999973e-30 4.727285486569999776e-34 2.001942446589999878e-46 1.620556859519999899e-41 2.805255784160000099e-01 2.700723863450000000e-34
2.575570127000000130e-31 2.183174096310000193e-84 2.979159862949999879e-66 1.000000000000000000e+00 1.726600768930000065e-15 1.827782897529999923e-50 3.119133245559999872e-30 3.942795330819999751e-219 6.913817523899999336e-27 2.675003527009999968e-61
5.029377420699999712e-01 1.031392174560000044e-33 4.970622574140000083e-01 8.336972797809999552e-55 3.323491442299999737e-55 2.392258095110000222e-22 4.474156629689999866e-65 5.165809213329999569e-10 1.782320475089999935e-37 1.107952848670000037e-46
4.267854727240000257e-01 3.407343130900000142e-10 1.412303033439999966e-01 2.766689209999999963e-47 5.021023459009999961e-76 2.118583531640000159e-33 1.263444629479999930e-37 4.319842235910000272e-01 2.928688781959999873e-40 1.459174028660000005e-20
1.419721288520000013e-01 4.866858086220000271e-05 4.248466951350000076e-01 8.020990379730000243e-13 2.275639773519999887e-25 7.994675931489999586e-31 2.319644018340000120e-26 1.230733296479999957e-21 1.313599367099999959e-08 4.331324942959999813e-01
1.170843293119999942e-67 6.669442822220000454e-04 8.727472578289999486e-27 3.368004153449999896e-30 6.737173107239999847e-01 3.256153618270000161e-01 2.047564086909999845e-12 3.831641919969999788e-07 3.061314638039999889e-49 8.886154107620000492e-53
4.971392538330000004e-05 1.808974901300000049e-01 4.824112937280000124e-01 1.166577795899999964e-01 3.837333171680000100e-26 1.322667739830000024e-04 2.117459799749999982e-01 6.134093050649999794e-06 4.461397650909999957e-21 8.099341784440000289e-03
7.248689459869999720e-03 4.091560242420000126e-35 5.809371336499999808e-15 4.414411489400000142e-35 5.652034574750000040e-01 4.033137582069999926e-08 6.434313843219999500e-10 4.262241172780000253e-01 4.496260659959999917e-17 1.323694811959999929e-03
3.354197139969999765e-50 2.116474813070000072e-01 5.524719442919999831e-50 4.004929260290000175e-39 2.159654804099999867e-02 3.733132146829999900e-29 3.285332152039999731e-01 4.382227554479999898e-01 3.039621175520000007e-25 7.251113808030000250e-14
6.359867084139999488e-39 5.499491895350000492e-01 2.351491382450000001e-01 3.599035868229999658e-89 9.125907185169999410e-167 1.029773865909999951e-32 2.480796924760000187e-74 2.149016722190000006e-01 3.299254216369999853e-65 4.715366204600000145e-22
3.045009008930000260e-01 1.043657267390000060e-01 5.437623351660000031e-11 5.621304561500000359e-40 6.941515231430000449e-47 1.871071178620000081e-55 1.688451502030000128e-17 5.900117426690000277e-01 5.352724965280000156e-38 1.121629643900000015e-03
6.679542926529999924e-01 3.515570312290000263e-05 1.906789204280000037e-10 7.728392425780000405e-32 1.134035454999999915e-16 1.231361972279999977e-43 1.076403273310000031e-14 3.320076396589999868e-01 5.363942759750000344e-28 2.911794041519999982e-06
7.167278563989999828e-48 4.301350781160000192e-02 5.720735577290000373e-01 3.317509339310000249e-01 1.069328344609999992e-35 5.316200052839999829e-02 2.987511573999999916e-59 1.209557530380000115e-44 7.537517951990000193e-26 4.449933635309999855e-101
4.178185442529999825e-75 3.894934185689999905e-03 1.976789976750000016e-29 3.113490135460000055e-32 8.936077121890000688e-22 5.281770866570000278e-01 3.645405308269999978e-01 9.997017055819999720e-02 6.273499434280000314e-44 3.417277772269999934e-03
1.323267143200000059e-52 8.745863274610000051e-06 1.429479077710000116e-07 9.734944460239999821e-48 3.056229948259999856e-33 6.011259464789999729e-01 7.142670826900000089e-40 3.988651647099999975e-01 6.339333708689999569e-31 3.009183015210000265e-17
4.633670421770000243e-09 5.840710949239999722e-40 5.020424814589999896e-01 1.889523688860000155e-45 2.780238388780000009e-39 7.258610060879999715e-02 1.201694497889999965e-56 4.891126515670000225e-05 4.253224978419999913e-01 4.191655535599999637e-09
2.205855742730000041e-02 7.065503679479999988e-51 4.143292362470000159e-22 6.983565983530000524e-27 5.115161323409999582e-10 3.058365393090000106e-01 2.022626389770000033e-01 4.698418383269999943e-01 8.538702246179999912e-16 4.254475575419999917e-07
3.828174278440000264e-64 1.513424240350000061e-01 5.946485006029999923e-33 1.324540122610000092e-01 5.194583782650000411e-06 5.134091184229999660e-01 2.027892505549999946e-01 7.376256311220000177e-22 1.421028807140000105e-10 2.120514158419999857e-21
9.567078278260000422e-36 3.922499083950000132e-01 9.547514949909999728e-20 1.157044623040000020e-04 4.700959829460000132e-06 2.545459665140000216e-01 2.972752231109999921e-02 3.602415813209999895e-11 3.233550895269999836e-01 1.107794672700000047e-06
4.664687173000000030e-05 3.127953436090000028e-07 2.982573697629999909e-01 6.254064061709999622e-01 2.096209034679999888e-14 3.440885291380000192e-18 6.340340861199999558e-30 2.460833350909999934e-31 7.628926439899999523e-02 7.180731214270000281e-28
6.650057785390000031e-01 3.917118587840000161e-09 1.571245268639999835e-08 2.909989099500000248e-42 3.174577459340000060e-17 4.541539411620000002e-35 2.858344680759999777e-17 3.349941070990000158e-01 1.943083110880000081e-33 9.473256852210000454e-08
4.094365402600000138e-39 3.056736989050000131e-01 2.086946312359999934e-13 1.916525607400000053e-14 3.197846098079999977e-01 2.182620991900000029e-01 4.478994238940000093e-17 8.756543511259999724e-09 1.562795831659999912e-01 1.744387120399999991e-10
3.732102165599999804e-04 3.054279081679999730e-01 3.885935220050000249e-01 2.810534650450000060e-01 2.580113939579999903e-08 1.884395307489999965e-11 8.088354251729999772e-07 1.246927033940000078e-11 2.904823923929999980e-19 2.455105989780000109e-02
6.569736348320000267e-31 7.735960537849999596e-01 7.864504608189999386e-36 2.399714204370000106e-05 5.532299749789999947e-11 2.448579446639999985e-41 2.263799485330000028e-01 3.734903536199999773e-35 1.083450310579999975e-21 4.853027245849999808e-10
2.469399774340000145e-19 8.724690912619999978e-29 1.811444997409999981e-40 2.545157009750000193e-69 1.249209234450000006e-29 7.698276056929999908e-51 1.450423844330000028e-15 4.969972239150000082e-01 9.192354291580000146e-27 5.030027760849999918e-01
2.541196504390000123e-51 5.577478662389999757e-39 1.917500560629999859e-51 1.611913547290000022e-08 2.084379764450000003e-13 1.576373820299999945e-08 4.769066411589999999e-01 9.616429373640000286e-36 1.952159210700000077e-20 5.230933269580000378e-01
3.283758831670000127e-20 3.326431717140000081e-03 3.049023502359999874e-05 2.313981462109999961e-10 6.249011463540000148e-31 5.677884936139999672e-01 5.398699662099999826e-12 5.614366433429999765e-04 1.698455239159999978e-05 4.282761630010000209e-01
4.381441431920000129e-01 9.910634323629999630e-47 6.525587443880000171e-02 1.575735966110000074e-52 1.923066700380000099e-24 1.050724760280000031e-01 1.507591971149999890e-48 3.912059113119999987e-01 3.215950300070000178e-04 7.846855801569999491e-15
2.394608652030000007e-01 1.065362753799999893e-28 3.905598508890000264e-01 3.682558248239999887e-01 1.188536972170000067e-17 1.723459083670000067e-03 4.715624882399999730e-23 5.993745176740000278e-34 1.904302080650000084e-13 2.025354927950000006e-20
3.951203012519999835e-01 9.795348694989999964e-44 1.802608301759999886e-18 4.390164850990000190e-49 7.576323618640000424e-02 7.204406025760000606e-17 2.536882306920000139e-20 4.366726304049999841e-01 1.176932053489999905e-06 9.244265522429999382e-02
2.687625947029999795e-04 1.420383440119999958e-04 3.358844541129999972e-01 1.059246982780000021e-12 1.818050688810000015e-03 1.969227132459999974e-01 7.395749635649999376e-02 3.910064846560000196e-01 1.547433682899999941e-69 8.025130336100000040e-39
1.607513454999999947e-04 1.573013681800000117e-14 2.017205110089999830e-03 2.049077973119999849e-12 2.755320312999999799e-01 2.912800702139999864e-01 1.082598476549999951e-19 7.993266983930000236e-02 3.510772721889999781e-01 7.111004219219999890e-34
8.945001048939999691e-37 1.006758628050000001e-16 6.674842094970000472e-01 2.847661050690000048e-06 3.027977279620000166e-44 3.325129428420000033e-01 5.894544181920000052e-52 4.242660670700000230e-48 4.156830627049999939e-53 3.743632495580000259e-85
2.480918991590000122e-01 2.593245624499999989e-03 4.375104237420000396e-12 6.336362864279999943e-14 1.653326369540000075e-57 1.651306626160000095e-79 7.214887918380000078e-20 1.283645636749999968e-32 1.751356910420000086e-24 7.493148552120000305e-01
2.004745674169999937e-64 7.731752850739999653e-04 1.315035361499999951e-24 2.944184021999999845e-01 5.305502138130000489e-01 1.742582087000000002e-01 1.960982986969999925e-13 2.441852668150000148e-25 1.922117573569999911e-12 1.798347745100000091e-27
1.955541732859999993e-01 4.776147336289999767e-01 7.407559486510000415e-13 1.652349847619999923e-01 5.863345699929999527e-10 1.645469339880000003e-24 1.615961074720000112e-01 2.635256613939999967e-10 1.373648486229999918e-20 2.830774482230000036e-33
2.423240283710000025e-24 1.796314720579999979e-05 6.421479342359999883e-08 1.194355574009999956e-20 2.445660931980000006e-31 5.643414366200000254e-01 7.995760724180000132e-13 1.642677615749999973e-02 1.883940447830000074e-10 4.192137596719999748e-01
2.302027516219999903e-01 2.194642407930000028e-32 3.829216865919999879e-01 3.868755599029999881e-01 2.344478272559999906e-29 9.901625204980000325e-10 1.989141384039999864e-36 1.042575225400000023e-44 8.925051835380000480e-10 3.629219209399999875e-22
2.509770905620000159e-01 1.715040221329999859e-36 7.490229094379999841e-01 1.752430974919999890e-25 2.394688084069999857e-54 2.308582275819999988e-23 6.483738227509999774e-65 1.344929059019999886e-32 1.047511865839999976e-13 1.183672323759999909e-25
3.847150006639999948e-47 1.243713813950000066e-09 4.507136281239999926e-24 1.679224300670000051e-24 9.342587596499999612e-20 3.185596646030000034e-01 7.307315275320000513e-04 2.470780769529999921e-01 5.508672226650000139e-26 4.336315256719999733e-01
1.555984634370000119e-01 1.016427010200000036e-01 3.580742949310000145e-01 1.103589216839999942e-01 2.743256188930000006e-01 3.515363915559999816e-11 3.684453708919999987e-15 4.756977727519999652e-16 1.603941844310000117e-17 5.557671713850000305e-52
7.353476370339999436e-15 6.826589777420000432e-05 6.985021793490000218e-05 5.257984424690000038e-13 8.815103461870000059e-03 5.442623757079999569e-01 2.863773409840000140e-11 5.994886536710000019e-02 1.806883457170000058e-05 3.868174704840000033e-01
7.794392637570000359e-29 1.513940578170000018e-04 2.742446159890000066e-42 2.988451116959999961e-26 3.107811389650000020e-02 6.843151272879999620e-35 5.593515232079999677e-01 4.094104124219999918e-01 1.342323769539999914e-09 8.555073483559999843e-06
1.556945977019999926e-22 3.419455746839999977e-01 4.984026102789999630e-15 2.709875134140000120e-27 9.396181925689999331e-24 5.839818446510000155e-12 1.649865333639999876e-01 4.930678919459999809e-01 9.802428887590000084e-115 5.352771866289999988e-36
6.933080307270000249e-77 1.631873432940000035e-01 5.529158118899999940e-43 4.096378578909999720e-24 4.192477689799999907e-01 2.326391240480000098e-08 4.175617631229999738e-01 3.101339453549999805e-06 2.865972526889999869e-32 1.799936827900000066e-25
9.302490215039999535e-35 2.963892860530000228e-01 3.864601212389999763e-01 5.364868344069999880e-20 3.951100588769999916e-30 3.171505926989999780e-01 4.498642941160000422e-28 8.894746895829999635e-12 1.516526258940000098e-56 7.992368195840000308e-34
6.971884608130000105e-01 1.134900447100000017e-43 7.373836861380000246e-04 1.637283760049999920e-09 2.671663738970000118e-59 3.614254039040000002e-31 1.424224440959999957e-66 5.243474857300000299e-67 3.020741538630000167e-01 5.728295341779999617e-15
8.929239130279999914e-20 5.791986616979999681e-11 4.859300548550000154e-01 5.140483518130000151e-01 2.470222741909999955e-22 2.158309475810000062e-05 5.214683230140000206e-40 1.300825264950000113e-38 1.017906986560000063e-08 2.363956897120000074e-44
4.199166804750000259e-01 6.495694549909999958e-30 3.853129505980000088e-11 2.124018646679999927e-36 2.920525932679999843e-03 1.197870382229999938e-14 8.360626061019999731e-22 4.209238321839999797e-01 6.311263561659999875e-04 1.556078350129999899e-01
5.061427192590000068e-01 1.385508106390000028e-36 1.525080834770000116e-01 4.359224877820000117e-17 5.895642383400000323e-21 3.413491972639999816e-01 1.176450939599999958e-25 3.217023057709999810e-19 1.606364107889999979e-40 7.330587978430000379e-45
5.318387231839999535e-54 5.631013387069999654e-01 5.743296092599999685e-35 6.834576708610000213e-40 2.210111290810000088e-26 2.363749550609999869e-35 4.931017712450000199e-23 5.560734665269999880e-05 6.830128383519999680e-02 3.685417701109999777e-01
1.702489668169999871e-38 1.170941784330000041e-01 7.191750377400000047e-20 3.043682097170000156e-03 1.364451219220000065e-16 1.723824162089999945e-01 1.825299394359999883e-01 1.347772639930000062e-10 5.025261743329999531e-01 2.242360935709999947e-02
2.493107515930000073e-01 1.950326537469999928e-44 3.553818481089999759e-01 3.632826221120000199e-01 7.956149497319999623e-30 3.202477681330000159e-02 1.950858694839999995e-35 9.119988951270000269e-45 1.372771021309999940e-09 9.054816211280000185e-20
4.039867910500000115e-46 2.364332848300000067e-01 2.436663480900000144e-34 6.518781328129999997e-01 5.758799610170000024e-31 1.877560357310000058e-25 1.116885823569999936e-01 2.133385305779999839e-34 1.927331150959999915e-33 1.426709952220000048e-21
6.624548462779999980e-02 2.622751807379999898e-08 3.652030362370000116e-01 4.620839601869999869e-02 9.655363750220000435e-25 7.848171672129999736e-32 7.737019580449999840e-40 2.850264838170000030e-42 5.223430568889999570e-01 4.327419881550000205e-30
1.399053379150000007e-25 7.224100617359999743e-16 1.208392945809999962e-12 3.714290354069999911e-33 2.709564233100000049e-03 3.987531189240000051e-01 1.271775719760000057e-17 5.985373168409999778e-01 7.570985712289999764e-39 4.548383029060000300e-36
4.710014953450000173e-44 2.511669027769999954e-09 1.447185232979999905e-04 6.240902579320000143e-01 5.791476225040000060e-28 3.757650210330000240e-01 7.111088302360000185e-45 5.079009345379999675e-53 6.358765130270000426e-36 2.776050685559999805e-91
1.103963620290000043e-03 4.842557833089999701e-03 6.628343684869999475e-01 2.714442298390000111e-27 6.359716665769999660e-71 3.378991323519999980e-29 8.498669694780000651e-27 1.040565297840000082e-03 3.512013088519999711e-18 3.301785447619999814e-01
2.159340063410000110e-20 5.786368517269999678e-01 9.554840966539999740e-08 4.213630527189999864e-01 3.536257380059999828e-45 3.108398326459999972e-26 9.098335403650000198e-32 8.836389294590000413e-37 5.586949073220000228e-12 1.101122830949999984e-33
3.606155693339999774e-04 1.832661585560000084e-01 4.821189610980000095e-01 1.155361725499999964e-01 2.374943693500000139e-27 2.406404106810000089e-03 2.162284207119999913e-01 1.163524092920000071e-06 2.290368317550000181e-21 8.210388365870000145e-05
9.313645601370000522e-45 1.969561213419999957e-01 8.425371402620000132e-04 1.332183441099999942e-09 2.826722870389999957e-19 5.806417154270000491e-01 2.649643825640000026e-56 1.398324291360000066e-26 2.215596247580000067e-01 6.955642987130000119e-57
1.482470748560000037e-30 1.932397468000000007e-01 2.018568401870000037e-49 1.396179315630000022e-40 1.362923893059999891e-01 3.760251361819999961e-53 2.420388145839999852e-02 5.489874827449999772e-01 6.591073511949999578e-08 9.727643377990000118e-02
1.139147764839999967e-16 6.134231954390000352e-01 9.971366604149999292e-07 3.865750667210000047e-01 7.406845976969999985e-07 2.397369202420000138e-17 5.553067701349999910e-24 3.174775986369999914e-32 1.958820123680000122e-11 2.199280376849999958e-27
1.138934916740000007e-19 1.501438030679999869e-01 5.509305079939999863e-04 1.793068444449999899e-04 3.051141076979999865e-26 1.828539406270000001e-01 6.649272993350000549e-01 1.350060385039999923e-14 2.399296407159999970e-42 1.344719617820000100e-03
1.890532896309999906e-04 3.035692728819999742e-01 3.878268267950000237e-01 2.797539836569999938e-01 1.007520573130000015e-08 3.253821543339999776e-11 2.551209269050000124e-07 3.391387472510000067e-11 2.070792452440000106e-18 2.866059811479999830e-02
4.127272839029999823e-08 1.083930296560000009e-47 6.622962332319999909e-49 4.112376541360000228e-36 7.678870808450000141e-01 4.764354657879999802e-55 1.410095868669999970e-13 7.999028647049999460e-21 2.167475680590000009e-01 1.536530982280000061e-02
6.019490278459999848e-18 5.211377319290000365e-01 8.235833547699999632e-03 4.706264338250000234e-01 3.359906784780000093e-16 1.764494718560000032e-15 3.036367127720000141e-29 2.687869393540000138e-26 6.988657187889999808e-10 5.805753026590000192e-28
5.002107484469999754e-01 1.172767277930000101e-13 1.484998209440000037e-08 2.549357084109999937e-08 1.347929182039999902e-25 4.041921020910000162e-45 2.476450037609999866e-26 9.132991160670000143e-37 6.698719139480000223e-07 4.997885413379999919e-01
5.002107337179999558e-01 1.033569936050000017e-12 2.497285818780000163e-08 1.167832474429999985e-08 3.877561377810000211e-25 2.822917273720000295e-45 4.014215556319999793e-26 1.323201995379999902e-37 7.070662223700000300e-07 4.997885225629999928e-01
3.732456037259999748e-27 3.190119808049999876e-77 6.002474143060000221e-50 2.742155597390000255e-01 6.328554315470000247e-02 3.737487630280000211e-17 4.235412257240000193e-21 4.735123154379999683e-78 6.624988971059999621e-01 5.430715461950000111e-28
3.698529378200000051e-01 5.559217499020000480e-38 7.533542812119999199e-12 4.903243972339999886e-27 7.667378812600000176e-03 5.079953681490000372e-01 6.647356121790000053e-16 1.144843152109999984e-01 5.040300851279999925e-13 4.237778222980000212e-20
4.510238095200000326e-05 1.269704889549999882e-01 6.288338334470000098e-09 9.509757451199999767e-25 1.604715529169999912e-22 1.902097855479999876e-23 4.471514993030000218e-01 4.258329026339999768e-01 6.065003461549999693e-58 4.393189860220000163e-10
2.733313175000000055e-16 1.317604516480000063e-33 1.270905312510000040e-46 2.693231498469999980e-68 1.818901777940000058e-28 1.926103418849999957e-60 6.717051398600000489e-14 5.055495567809999979e-01 1.650647178639999831e-27 4.944504432190000021e-01
1.296319646019999982e-23 2.799451998179999790e-01 1.396564107360000000e-05 5.712992698640000089e-04 1.324067555949999901e-29 2.651397405609999813e-01 4.543222968389999950e-01 2.059926799030000131e-11 1.287683150530000016e-47 7.497850824669999832e-06
3.512749387219999964e-01 1.618998460009999986e-68 1.622362696860000034e-37 1.051005804269999960e-16 3.556151911120000210e-03 1.656815725590000060e-12 3.160234864550000022e-01 3.545745209780000121e-18 2.564240884620000102e-05 3.291197805009999922e-01
2.299995862689999998e-80 1.093135915019999973e-55 5.584590239710000270e-25 4.838595070210000049e-40 1.302203059849999980e-56 1.000000000000000000e+00 1.882660704059999872e-77 3.919071234180000165e-51 1.764183263149999930e-58 4.629798222229999957e-92
6.954393726760000043e-144 7.058261005260000331e-01 1.208291349899999966e-46 3.512275990449999739e-36 7.808414356450000121e-08 1.750903469239999954e-01 2.831617693930000062e-09 1.190834716340000016e-01 5.056811106519999751e-21 2.485024271590000134e-18
5.024047049330000458e-01 2.991152404009999741e-17 1.644115174490000109e-01 7.370333209580000615e-05 2.553298664730000070e-08 3.331100487509999764e-01 1.281091230679999908e-12 2.017359195970000028e-14 7.819187750900000430e-43 1.927680545480000100e-51
5.128522088359999780e-07 1.396737842610000091e-68 2.343823682179999867e-85 1.006838874149999968e-96 4.263522849160000028e-14 2.167433579960000159e-98 1.068102489270000011e-01 1.670111761230000103e-01 1.240874241689999963e-34 7.261780620979999545e-01
4.600508452489999872e-83 3.088248523360000188e-09 1.733794282330000040e-52 2.643382212850000231e-41 3.440076417439999912e-03 3.578660242900000164e-10 7.400521175130000406e-01 2.565078026229999919e-01 2.060698682340000075e-54 1.484470584589999916e-34
4.208779956900000063e-01 5.314010807880000105e-30 1.795038420809999903e-12 4.884791418630000121e-37 1.253956302620000103e-03 3.461253847789999946e-15 6.160585820569999658e-20 4.210983453220000228e-01 5.919762898180000281e-04 1.561777263939999882e-01
2.887255487240000251e-01 2.419083708370000085e-01 2.362463946900000102e-08 1.237983804660000020e-01 3.537788714800000006e-12 7.390113384310000402e-17 3.455676736089999812e-01 1.956141042319999988e-09 7.800262272849999812e-10 1.136465136559999926e-14
8.325907705330000534e-35 2.963892860519999894e-01 3.864601212389999763e-01 6.546307007680000391e-20 1.255019392860000098e-28 3.171505926989999780e-01 1.372133147839999889e-26 1.004346983560000018e-11 3.252881641949999954e-58 1.389728002249999908e-32
2.295378565170000201e-09 2.558100900810000161e-02 4.884132134279999815e-01 4.021840369999999873e-03 1.045980148709999951e-34 1.364819633409999899e-01 2.340218877580000079e-01 3.613253427259999836e-08 4.115073854620000156e-26 1.114800476669999957e-01
2.718938260160000084e-06 9.496704624519999828e-08 5.018560206979999494e-01 3.260776559910000011e-57 1.968683918319999893e-38 1.363329852339999927e-31 1.268714850529999993e-43 4.981411653960000074e-01 1.845382141449999864e-54 2.769794286279999904e-36
5.659564528449999700e-05 2.233050436689999863e-06 6.880687096739999953e-02 4.574335641150000242e-01 2.578613285160000212e-01 2.158394076900000125e-01 1.499814219220000045e-11 1.307768357889999918e-12 4.598490300410000099e-48 8.165971230349999675e-104
7.501544259700000383e-01 5.889028946839999553e-35 1.257597534640000033e-39 4.876220390899999961e-46 9.746588327589999526e-55 1.556439799410000111e-87 1.440223677790000030e-14 6.676176092000000315e-18 6.935393862050000517e-33 2.498455740299999894e-01
6.793047481320000358e-01 2.437167513869999969e-01 1.030942645080000020e-03 4.633291329289999897e-06 2.214687675689999924e-05 3.245664512169999830e-24 6.817414252499999450e-26 1.634513871099999888e-17 7.592077766709999509e-02 3.638745215289999951e-42
4.779076835759999975e-01 3.533104747310000238e-01 2.896151651230000240e-16 2.276697737799999791e-22 1.687816819390000056e-01 1.067835572330000033e-47 8.314371591010000727e-12 1.597458008310000121e-07 3.231538175470000185e-13 1.833445733019999973e-15
4.729165694259999978e-07 7.530836880790000404e-13 2.128175505970000086e-19 7.293067853379999778e-03 4.312928241980000267e-29 2.514832182470000078e-35 4.542386609460000169e-01 4.010017678699999710e-31 6.915181051219999701e-31 5.384677982840000432e-01
2.647693824539999896e-90 2.105098592270000096e-02 5.521623829670000151e-21 5.230147004039999861e-48 1.888344943370000061e-50 3.939911272139999809e-01 1.172126558670000088e-24 5.849578868639999651e-01 5.666047684390000123e-51 1.345606913449999897e-16
5.012297198680000232e-01 1.713813952559999931e-19 1.640308367949999957e-01 4.498935209720000407e-06 1.853407628169999932e-07 3.347347590590000199e-01 1.808999164890000033e-12 2.615375616459999957e-18 6.258864395219999827e-39 9.960673703410000027e-44
6.026482245380000435e-01 5.405070140709999716e-43 1.263402149480000050e-04 7.421844018899999714e-45 1.012252799460000051e-19 2.971613579830000018e-02 1.065487376860000018e-37 2.735445058450000078e-01 9.396355617729999776e-02 1.237427254900000010e-06
8.496695058729999465e-11 7.834538643509999511e-01 1.549033567179999979e-27 4.384546771419999755e-07 9.671077460410000443e-29 1.836503688530000069e-79 1.794655573640000068e-16 6.961151621750000554e-33 9.437928879110000016e-03 2.071077682299999889e-01
4.015044543809999715e-08 7.271965172319999615e-02 5.864185127110000412e-06 2.455455063679999883e-01 1.460116664849999948e-08 1.091048126559999998e-01 5.726240959039999856e-01 1.441197598439999989e-08 7.959974409449999995e-39 4.602466316370000311e-47
7.533021579809999757e-01 1.650405782380000106e-32 2.466978420189999965e-01 5.880003365040000107e-33 5.586053976749999946e-49 4.876765903410000100e-23 1.856942835350000005e-58 7.984949618039999920e-25 1.293170532999999990e-20 1.717671156389999994e-32
2.964916018280000162e-02 9.454674108519999407e-48 2.932041089290000069e-01 5.291959276640000426e-34 7.173060340880000274e-41 3.787076723010000318e-05 1.752050629569999937e-52 2.842273279720000130e-11 6.770911779820000254e-01 1.768211073319999840e-05
2.464576105900000039e-04 5.039241742439999951e-26 4.237713487719999700e-02 2.590034559139999996e-17 5.907541824650000128e-17 6.147599935369999491e-01 1.922503238259999963e-29 9.726596942680000263e-11 3.426164118289999894e-01 2.049817541880000030e-09
1.015528234100000106e-28 1.330965177069999919e-04 2.354821454059999848e-42 3.187028667569999830e-26 1.401626969679999925e-02 7.208126244490000379e-37 5.739189922359999585e-01 4.119247994410000224e-01 1.715609538030000107e-08 6.824952339569999697e-06
3.946314262699999742e-01 5.083764110549999984e-50 5.232349224400000338e-15 4.310834357350000201e-01 4.545661118810000135e-04 1.738304840219999925e-01 8.786194199109999743e-08 7.846150332869999761e-31 1.566567701610000092e-47 3.926847212339999954e-54
2.167152267519999884e-11 3.519614031569999746e-01 1.351203935799999978e-01 2.219806325460000015e-07 4.649654170599999795e-25 5.073087431409999820e-02 2.913905211560000041e-01 2.478972096639999942e-02 2.914491865370000018e-34 1.460068648239999933e-01
5.396145384299999570e-03 1.046580267589999953e-51 6.923687493460000276e-04 6.890003584799999636e-01 5.764739894410000496e-29 3.049111273860000138e-01 2.032244416830000054e-28 5.143365356780000032e-45 2.491113251730000055e-29 4.103029825000000282e-31
1.336112662589999944e-01 3.033457446220000006e-02 2.848084413329999842e-01 2.045391882159999885e-10 1.862673070989999957e-01 7.038775164920000139e-06 1.588030139369999982e-01 2.061683579290000123e-01 6.498429289660000162e-48 5.656497829109999670e-26
2.442977818210000008e-26 6.560922283270000099e-02 6.567295861889999356e-55 3.586302239989999765e-41 2.696036638629999982e-01 5.139024963639999785e-69 2.497202447760000013e-02 3.942073833940000216e-01 1.809368525680000141e-05 2.455896117480000085e-01
6.934775422050000427e-05 3.112209948429999762e-01 1.965346327820000113e-10 5.809501846489999455e-01 6.165624095009999951e-29 2.059201411850000084e-25 1.190728775760000006e-08 1.885862416990000044e-15 7.261421308200000091e-02 3.514524756810000206e-02
4.623249658609999520e-13 5.660753822310000383e-31 1.743608301630000073e-15 4.095958602869999937e-07 8.883634084909999938e-23 4.261761694680000212e-01 9.663165142410000579e-08 5.681500481540000364e-13 7.225825127720000331e-03 5.665974991750000189e-01
3.564903717060000088e-01 5.660299445559999822e-05 1.204003864159999965e-01 7.517157005090000217e-11 3.642931963370000064e-22 2.860038864430000096e-05 3.984596381339999827e-01 1.245644002859999933e-01 1.711648002529999901e-39 4.085652962199999836e-18
1.617357909579999859e-20 3.422956966730000079e-11 4.197722598520000070e-01 1.050163682729999963e-39 1.246025785689999956e-23 1.238503067429999951e-02 2.969619526870000002e-40 1.342361272170000119e-01 4.362857920010000082e-04 4.331702964299999903e-01
2.366355816900000094e-30 7.116726774089999763e-01 9.874405467929999537e-40 2.551332703840000169e-43 6.010120099089999846e-12 1.565599501940000024e-47 1.365133508170000010e-01 1.518139717679999889e-01 1.074147302300000037e-94 2.482228940310000012e-55
3.701599860669999837e-34 7.729621681220000262e-01 9.646206451690000771e-43 2.269716555390000057e-01 1.008758160850000049e-17 3.159853843990000281e-61 6.617633961890000366e-05 2.963179263230000139e-43 3.027688307760000064e-23 2.084472453680000062e-16
3.300429284099999916e-01 2.111553920810000165e-02 1.924268448960000100e-01 2.461318884400000018e-01 2.102827990239999889e-01 2.088696945139999864e-11 1.666569442900000090e-15 5.514672456939999560e-16 5.510418691619999975e-16 1.082397507839999972e-47
7.753235894460000264e-33 2.390835209670000125e-31 2.803840446779999902e-28 5.697972171599999812e-16 4.968433381949999839e-01 4.984440995600000202e-01 1.622451627589999949e-03 3.102297486099999888e-19 5.285128620429999976e-22 3.090110617490000183e-03
6.650057841480000453e-01 2.272575023280000006e-11 1.201362384539999992e-08 2.746921080550000176e-41 3.761440346949999942e-17 1.459141660020000022e-35 6.898112268359999646e-19 3.349941176740000026e-01 2.995310639039999904e-33 8.614157400279999435e-08
8.797110141289999399e-20 3.302459323269999955e-03 7.099675450739999477e-05 1.805424302559999900e-10 3.377995053720000000e-30 5.675274666159999537e-01 2.606178079730000060e-11 1.159346452879999895e-03 2.418719194449999832e-05 4.279155434549999915e-01
1.567638850470000034e-50 3.380691941910000248e-02 1.648280629650000053e-06 1.422292184739999939e-08 2.600883580700000224e-19 6.223143611339999604e-01 5.524652439510000009e-56 2.945817760310000154e-28 3.438770569440000036e-01 1.304534682929999961e-60
2.765100781269999933e-02 2.107721525689999964e-47 3.691378309950000269e-01 2.261524354680000086e-44 5.402645380079999925e-36 2.259643825079999876e-02 1.555219588550000030e-48 1.726427649050000014e-07 5.783851468959999576e-01 2.229403402619999867e-03
7.231890027349999904e-63 4.714237649919999740e-25 1.741450585929999830e-33 7.639933920759999637e-182 4.921497390330000543e-91 4.243424050269999978e-45 7.654086326590000061e-63 1.000000000000000000e+00 5.870093107050000186e-73 3.816658605059999758e-32
8.742527213180000908e-19 1.236665013159999960e-23 2.705044429749999983e-14 4.908226278059999833e-24 1.633153479850000110e-30 5.600168887059999712e-01 7.352385056109999793e-12 2.964992325409999963e-02 7.502951756069999417e-12 4.103331880250000174e-01
3.797190429330000168e-11 5.854810244389999641e-01 3.384593271670000105e-06 4.145155908240000242e-01 9.367027470460000296e-29 1.363253535300000050e-18 9.164102614679999240e-18 8.102136408370000158e-21 1.058893853540000043e-10 1.392579288089999968e-22
2.395393973159999912e-01 4.577775534610000272e-28 3.904330626299999940e-01 3.681472871939999725e-01 4.245722577440000112e-18 1.880252859669999908e-03 1.404889548349999947e-23 1.557812625300000096e-34 4.575178012069999936e-13 1.100533663040000041e-19
2.155810164049999922e-01 2.436847515209999981e-01 4.631424527259999929e-10 7.198319762679999956e-02 4.687438946610000268e-01 8.628965515510000547e-27 7.139321345480000246e-06 1.239672771610000081e-12 2.035323493769999844e-18 2.678916326470000034e-24
2.674359755860000160e-05 6.983504086080000122e-08 2.981757316820000114e-01 6.252626834640000464e-01 1.553323156950000052e-15 1.865507857880000061e-18 4.358816218830000126e-30 7.440310586400000094e-31 7.653477142100000019e-02 4.676326933630000211e-26
6.612835187799999876e-20 3.708763983099999828e-22 5.845414213380000394e-34 2.547855960739999819e-60 3.639757806229999810e-34 4.704012292160000156e-47 5.580449020739999586e-19 7.483498917409999729e-01 6.813526720489999389e-24 2.516501082590000271e-01
1.399616948999999916e-44 1.332063964190000006e-04 1.719752728800000027e-29 4.600614713170000359e-13 1.789803631280000029e-01 4.570290877109999816e-01 3.638567967379999768e-01 5.460259838220000132e-07 2.137341180009999909e-24 5.525872806589999801e-39
3.033785554500000102e-20 1.579814439970000095e-01 3.247047725270000134e-49 3.030742421660000158e-32 4.961909974120000399e-03 8.066720104619999632e-68 1.832554058610000036e-01 3.396884580399999742e-01 1.266027820110000000e-02 3.014525039270000151e-01
4.951257361390000161e-42 7.505461074840000593e-86 1.763977912429999885e-61 5.609161736059999903e-01 3.131711568969999804e-01 2.849895810179999903e-15 2.719177960899999816e-23 4.124468881749999682e-93 1.259126694970000016e-01 8.263484455280000401e-34
4.639793837689999855e-08 3.872720348950000058e-01 9.413957593629999550e-11 5.386171242589999908e-01 1.204006266029999955e-04 1.915863272369999992e-26 2.303302001970000133e-12 1.058188599219999950e-22 7.135075267029999946e-02 2.639641054799999904e-03
1.018498913989999955e-08 5.732356697680000002e-01 1.532742945180000024e-02 4.224932996749999989e-11 5.621883045830000517e-26 2.484494103809999809e-06 1.952790721309999866e-01 1.133890106799999992e-02 2.658782848169999930e-39 2.048164328600000084e-01
1.640894565889999978e-07 1.047411455359999974e-55 2.336212112059999851e-53 1.922959856090000149e-18 2.342608031819999950e-02 1.180722461879999969e-31 4.810565780900000199e-01 1.205853836650000019e-23 4.955170428680000239e-01 1.346339865299999916e-07
5.134404460860000352e-01 5.767687308039999927e-83 4.042259360280000157e-23 6.913682876590000467e-35 1.094077160370000024e-01 3.771518325220000190e-01 3.956448998500000247e-14 4.607445640379999601e-09 5.775401625660000207e-10 1.695434696739999941e-10
4.642619841839999942e-19 2.919655776660000021e-02 1.502719545800000014e-05 3.820202088799999840e-21 4.455526107530000196e-24 1.691087748100000149e-02 6.464439997349999967e-01 3.074335378220000026e-01 1.213845470470000017e-102 2.323792447230000137e-27
1.046232740479999979e-73 4.975297376650000269e-01 5.962906149709999972e-12 1.828153822119999994e-01 5.322433026599999797e-17 3.196548801169999954e-01 6.474667989860000046e-33 7.398382814819999866e-45 6.253431231469999611e-60 2.376789461339999947e-104
4.702569374430000147e-07 3.436963469420000195e-01 1.675220298069999870e-39 5.223396065299999724e-02 2.200794373939999862e-18 2.756002151540000045e-123 2.250977445150000080e-05 9.902734692029999953e-46 3.550569076830000208e-03 6.004961432969999624e-01
