1.815766415499999980e-28 7.356586072359999890e-22 1.079519467630000040e-19 1.010694539209999943e-04 3.776912223319999762e-01 1.951581500530000082e-13 4.329449147020000277e-01 2.721359415740000118e-21 1.892627935110000048e-01 7.782737796659999538e-13
5.741345726270000172e-02 2.605812850920000145e-03 4.879220873360000099e-01 1.384106122219999901e-01 6.347381598590000405e-05 3.135845565129999901e-01 3.670563024179999700e-30 2.457115799490000023e-25 1.258078406010000010e-14 2.566767782179999856e-14
4.655998487110000420e-34 3.065532645400000241e-36 4.483546414120000207e-29 4.726711627070000199e-02 2.800860353030000249e-01 6.726468484269999548e-01 6.672227901580000442e-29 6.824064416800000294e-56 2.142649855240000034e-24 1.343088617320000028e-25
1.936006496789999948e-02 3.267695827880000160e-71 2.689676774009999934e-93 3.203087146840000177e-01 5.723339236050000167e-01 1.889156225549999823e-12 3.119900586759999754e-35 5.492609475069999608e-47 8.744669048910000408e-02 5.506062521589999859e-04
1.841421668099999873e-10 3.056021352589999990e-02 4.582497234030000199e-01 1.255139688119999986e-01 2.392714118999999958e-19 3.856760938300000108e-01 2.048838090599999990e-31 1.670272067150000034e-35 6.873602379850000239e-62 2.445362218340000180e-10
5.748426969349999804e-02 4.231827868200000245e-04 1.480475708519999894e-28 6.223502295930000324e-27 4.027848731149999972e-01 1.703593008949999846e-11 7.539229380089999852e-44 2.133168708219999876e-01 1.510561532489999902e-03 3.244802420330000214e-01
2.300935694160000157e-05 6.364651288960000317e-30 1.303882905420000052e-84 3.177492353690000021e-02 3.886698298709999905e-37 1.177367105390000070e-44 3.819039912580000085e-01 3.782194073450000208e-37 3.587919410479999960e-01 2.275061348000000094e-01
1.531470685420000147e-08 4.128339579960000157e-05 7.860872300660000074e-05 7.432608237740000456e-01 6.694402591839999916e-02 1.896752428740000052e-01 1.382733521319999978e-22 4.043223976110000312e-30 2.844481666510000268e-17 1.456166935330000022e-40
2.444911438050000052e-03 4.262059081039999759e-23 3.687030550920000205e-01 7.026857883560000337e-22 6.288520294730000071e-01 1.994473819060000063e-29 7.948520586620000715e-34 3.996629300770000373e-09 4.485872352820000294e-21 7.394902466469999462e-23
1.217101309089999955e-14 4.723127175319999926e-01 8.664236726520000415e-15 1.748626142620000046e-01 2.169859354979999987e-04 1.609706976060000082e-14 5.447953827399999962e-07 9.426523009500000465e-29 3.526071374759999766e-01 6.074035775880000136e-41
5.978611578100000434e-01 1.024407112699999983e-01 4.850894620210000237e-03 6.660662673160000125e-18 1.134502967599999967e-24 3.061272231610000162e-15 1.241478003869999918e-15 2.948472362980000261e-01 9.943472196870000692e-50 1.965515817379999982e-12
2.514335692190000082e-01 3.493278993200000178e-13 4.673962513049999849e-21 1.790202783009999925e-06 2.076450901980000097e-01 5.409195503789999693e-01 6.870035695490000426e-33 6.026319070860000352e-23 4.295068204629999802e-23 4.916514157779999584e-31
3.303200133499999993e-10 1.890293418489999988e-01 5.271445838780000059e-01 2.838260739430000235e-01 1.090960921019999949e-51 3.088724066020000090e-18 2.105334357660000052e-37 1.431064906700000030e-80 2.196101047010000084e-70 4.978302080430000105e-47
8.028481450120000806e-03 4.914819117730000071e-29 5.837764215530000245e-01 6.951720553960000215e-02 4.765428483880000111e-13 1.098577872590000055e-26 4.058952090739999897e-13 3.892159228029999910e-33 3.386778914560000242e-01 5.044837187019999697e-16
4.712487914509999667e-13 5.917936384709999720e-01 2.580259120830000136e-23 8.783644941960000012e-36 1.444876657240000018e-19 4.673303602099999898e-02 2.222782913270000123e-44 1.866099889700000014e-01 1.559907386680000067e-34 1.748633365380000138e-01
1.994027920889999896e-23 5.237277078850000201e-07 1.981787995279999867e-02 1.067659531419999945e-29 4.982927834440000203e-01 1.587091316480000029e-22 8.408729652569999569e-22 4.797104911499999735e-01 2.178321725560000092e-03 7.447036169420000584e-15
8.736306452279999833e-26 1.149323496109999968e-23 1.220777608099999899e-56 5.271228065240000094e-01 3.242717508509999935e-15 3.356260394880000134e-10 5.792817270520000516e-04 2.778525365409999799e-37 2.274033125960000026e-02 4.495575801539999916e-01
1.106586653019999942e-36 2.691087831269999842e-01 6.026375116119999653e-01 2.946885544729999853e-19 2.840585795849999955e-41 1.811927314000000045e-51 1.282537032889999873e-01 1.838956811059999955e-25 1.972355492800000139e-09 3.562157236019999879e-27
7.558063389849999719e-20 4.320176890599999875e-01 6.463682287250000356e-06 2.284163800390000137e-29 1.375686625550000098e-43 5.679758472579999884e-01 7.729581394469999375e-80 3.457127292169999913e-36 5.556950616309999810e-149 4.581306882909999856e-29
4.750700700440000225e-04 1.474430789720000050e-04 2.917003673079999833e-05 5.793400140790000430e-01 9.320177576090000238e-81 3.978939162400000281e-31 1.477853953779999924e-02 1.623915869659999935e-40 2.171055326970000060e-65 4.052297631980000259e-01
3.123343809119999854e-44 6.542829264920000304e-06 2.285634427840000172e-30 4.299237210960000401e-06 1.634725276119999978e-04 6.129737702440000158e-01 8.803675514250000177e-04 4.280555972629999981e-19 1.249420383559999986e-01 2.610295092550000140e-01
5.401531624509999986e-45 1.110396228210000088e-18 4.154671562880000053e-14 8.525905096130000006e-40 5.251617378490000319e-37 3.307204926980000049e-24 4.826023657630000094e-08 4.454157476200000243e-01 2.101093508949999921e-26 5.545842041190000016e-01
7.084543669670000609e-21 1.405082425260000055e-04 2.282892164599999996e-01 2.570204438600000188e-29 1.612608177089999899e-35 5.443393819669999730e-52 5.473975860299999940e-01 2.241726891509999986e-01 1.032774660509999922e-15 1.162810234359999996e-10
1.229014582430000014e-20 2.281394673599999999e-15 4.015593902730000275e-01 7.485638367939999583e-15 1.533996929950000032e-01 1.134897586189999995e-08 2.281995068350000100e-01 2.168413985490000029e-01 5.035370211649999787e-16 5.999095406020000002e-44
5.437407408380000038e-29 3.529101847500000222e-01 1.190420117440000036e-01 7.680184993119999823e-44 9.429688359940000533e-50 3.368923369729999784e-58 6.949708298009999894e-04 5.273528326759999718e-01 8.055003674439999933e-26 5.804752164319999985e-32
1.735739451580000072e-42 2.922255846019999881e-02 2.637628252870000134e-01 5.652042360920000002e-14 4.252376431709999766e-02 1.549093703700000048e-03 1.686555556680000134e-05 3.203681059950000226e-11 6.629248926440000078e-01 1.120453764350000051e-24
4.903232382320000249e-01 1.001414774860000051e-22 3.312002245239999973e-25 7.769916691229999755e-20 1.318806701399999957e-15 2.967750955990000050e-01 4.484681508780000045e-62 2.644013530579999922e-18 9.878388008490000125e-34 2.129016661689999979e-01
5.294637008029999814e-01 2.471579207929999965e-55 2.149460179070000110e-45 2.157791402199999921e-38 7.654340713359999870e-08 8.043008780359999280e-12 4.196909895589999961e-60 2.856218940940000173e-01 1.078911616479999994e-35 1.849143285519999902e-01
3.184329382190000313e-14 8.233360043020000463e-01 1.440295407470000095e-18 4.092984292909999603e-43 1.677315048359999967e-21 2.347661050239999896e-04 4.366663212879999863e-55 1.764292295930000032e-01 6.268949049910000051e-17 4.656002598400000090e-13
1.757378043590000090e-10 7.048379685969999864e-01 9.657010497880000698e-09 9.628786601829999991e-08 4.698266905200000320e-11 1.224403486249999946e-12 6.013454348770000277e-14 9.041454399039999724e-14 2.863496716219999794e-01 8.812253612419999188e-03
6.373904146349999603e-06 4.619205830700000405e-09 1.935590022300000085e-13 9.177507019389999838e-09 2.215536979000000128e-01 7.784399143989999548e-01 2.670512489059999983e-36 1.696064519350000105e-27 3.512404340829999709e-30 9.901492438480000443e-46
8.580462849640000249e-15 1.997459611150000124e-17 1.619649323619999943e-24 3.222517639580000127e-29 4.422662866350000199e-29 6.069083554869999928e-39 5.309178075360000415e-01 2.948409333099999974e-01 1.742412591530000110e-01 2.377148296570000164e-22
4.316272077830000109e-01 1.675039469770000067e-08 7.985303632829999685e-05 5.682791869219999681e-01 5.619306832170000507e-20 9.918664012910000166e-08 3.622118805150000259e-23 8.022339776639999998e-34 1.486880111990000038e-15 1.363632131459999941e-05
1.454636688499999957e-17 2.483673621240000129e-01 2.194396881720000073e-05 1.202069894350000103e-25 4.606355605249999690e-13 2.613161379139999837e-07 2.119277635600000137e-15 6.601650885709999840e-03 7.450087817049999561e-01 4.967297351510000096e-30
7.664213256850000004e-19 1.405701301109999957e-29 4.992031807019999673e-24 8.057181977090000500e-05 7.792625992119999636e-35 1.393547043459999935e-69 2.829243578949999782e-01 8.343836091739999783e-65 7.169950702849999802e-01 1.121554456169999914e-53
1.719320016599999901e-31 7.134389494359999473e-02 7.625093591379999980e-02 6.764510416660000081e-01 3.480226076379999852e-22 1.759541274770000108e-01 1.401879689809999962e-27 1.361164543629999931e-71 8.205809533900000001e-54 1.900326814410000050e-71
1.697995480320000106e-47 2.276496109339999907e-01 5.508474333680000429e-26 1.531639710019999934e-01 5.597684439669999786e-14 4.423379795569999939e-01 1.768476562699999866e-01 3.763919458490000218e-31 1.090617290910000073e-17 7.822369853359999877e-07
1.400436076230000010e-59 2.545484819639999841e-01 1.338551896860000032e-48 1.998050354720000147e-42 5.813188957890000251e-22 7.430488925629999963e-01 2.557764854910000140e-22 2.370368458800000029e-03 1.585704387010000103e-14 3.225701417220000038e-05
2.811316692120000016e-01 2.510019352410000071e-01 2.159093670730000136e-01 5.043704834900000256e-13 3.406570345690000025e-33 2.485684273530000023e-04 6.129324245229999493e-14 7.030229693060000007e-02 1.361772013520000030e-61 1.814061631149999909e-01
3.940880216299999963e-07 1.067493272360000064e-57 1.731062985599999884e-07 1.187552864379999989e-01 2.628319204990000046e-01 2.843876396740000089e-41 6.059759863720000084e-01 2.138794024969999946e-27 1.243623949719999990e-02 1.834701492059999828e-46
1.531090941589999929e-44 1.404298921970000025e-12 5.109568360980000223e-01 9.026235343340000557e-15 2.212456829750000199e-19 1.324773193429999996e-01 3.565658445529999998e-01 4.189432168620000258e-12 2.559126414230000136e-43 1.504939053040000110e-36
6.327210121240000218e-14 6.354236176210000151e-17 8.013164507250000179e-01 3.843353241100000015e-48 5.123123741009999986e-05 7.897535657530000298e-04 9.628643790769999745e-74 1.978425644709999875e-01 8.990546514830000879e-22 1.131400961659999946e-38
1.380274695129999992e-31 1.059789814710000066e-06 2.544254120189999857e-01 4.713701737459999958e-29 6.817296785920000437e-25 1.435916620220000019e-35 3.691019455549999773e-01 3.764714745709999977e-01 1.430965367780000021e-08 9.375599053219999838e-08
5.031354152050000472e-01 3.603982847240000023e-51 1.081226322789999995e-05 1.270290104279999981e-19 2.437039727069999921e-13 2.719107358090000105e-77 4.967026496029999794e-01 5.859711098350000166e-06 1.452632179629999927e-04 3.470348071830000050e-16
4.198843685890000232e-01 1.633903624449999904e-40 2.514016209989999862e-01 9.833261992409999390e-08 6.938364061660000416e-14 2.438415544940000112e-71 2.078072159049999893e-13 3.683844774159999744e-39 3.287139120800000036e-01 1.987137575719999908e-48
1.000000000000000000e+00 1.020411285519999965e-28 3.567428918499999847e-33 9.753394658730000554e-37 4.281350286460000092e-24 1.564127461879999937e-25 1.403700481009999953e-75 3.921958903120000035e-23 2.259345840229999961e-20 2.242751733270000098e-29
9.480230033839999739e-14 3.884088701710000091e-01 3.424871424050000034e-26 1.113696298740000054e-20 5.493179034060000424e-03 2.392493089169999976e-01 1.813970187409999905e-28 3.286873758280000052e-08 3.668486090079999817e-01 8.082378259710000782e-31
3.987883767900000093e-06 7.050921261749999831e-17 2.279334968370000103e-01 1.466491681899999844e-11 2.276211556219999987e-01 1.962095062690000082e-14 2.442938744129999895e-01 3.001474263789999930e-01 5.885112737100000025e-08 4.649736799410000052e-39
8.759048049509999791e-20 1.099276182629999961e-19 1.221131497770000004e-30 4.055994982710000030e-01 6.904061885570000257e-42 5.944005017290000525e-01 4.898306407119999653e-28 1.565299307679999872e-69 4.699050615709999718e-54 2.063205990729999912e-21
2.785124373760000105e-01 1.920128654589999899e-57 4.805214725479999686e-49 5.957634718530000484e-01 3.626832709180000026e-14 5.596152371079999899e-46 1.150448976910000052e-23 2.001997481399999928e-69 1.257240907709999966e-01 4.520855360320000100e-46
2.675930010270000210e-41 1.111490442599999962e-01 8.966094520760000349e-06 2.780907074509999871e-14 6.254503988339999987e-01 4.779523221199999776e-12 2.633531351269999821e-01 8.686158877230000113e-10 3.845481066800000169e-05 1.264666082129999912e-25
1.399463954779999977e-26 8.010761915279999402e-92 1.391641439299999974e-42 1.152843018049999998e-14 6.439740487749999742e-01 2.636381510539999766e-26 3.558188830940000047e-01 3.261134361240000215e-13 1.235508125659999946e-05 1.947130490369999964e-04
3.801200785229999859e-13 1.698317996200000041e-29 5.594409156090000002e-01 1.253322521980000104e-01 1.712441249490000150e-02 1.041028068600000055e-06 1.067201555570000048e-11 4.510334938139999764e-20 3.860590842360000076e-21 2.981013786580000158e-01
1.538137211839999969e-14 4.539051913880000066e-01 2.466657871240000022e-01 2.217582177080000093e-44 4.228631111720000094e-24 2.650071239109999989e-48 1.050082340800000005e-20 2.993963175489999795e-01 3.270393807879999788e-05 9.498465216130000411e-48
9.590874964329999530e-01 3.968476658750000330e-02 1.124090687030000063e-03 1.962047420269999992e-13 3.612560786959999963e-19 1.036462925900000020e-04 6.816185249249999782e-41 4.654570132940000463e-22 8.676408300459999436e-25 4.053706484009999682e-21
2.089011473710000030e-33 2.889534027680000228e-01 3.914401160360000097e-03 8.535503623490000198e-34 9.529842257729999322e-02 9.701164101090000391e-09 3.191079406750000117e-21 1.688794940510000009e-01 4.429542697430000064e-01 3.411249644869999997e-52
2.521380224859999962e-56 6.197465181529999700e-01 7.494588223019999383e-30 1.302819744659999947e-18 1.631127577489999966e-47 9.497143371840000351e-05 3.801585104129999726e-01 3.164013970310000242e-23 8.505795102330000305e-47 1.908611230709999975e-18
6.884009621300000071e-44 3.328844976490000218e-01 1.842957432499999946e-04 5.658633997569999602e-37 3.531311189089999752e-44 7.461452217090000520e-17 2.156958568829999928e-08 6.662857701390000331e-01 1.239954146800000072e-56 6.454148991829999470e-04
2.899768729819999780e-01 4.004410929189999857e-01 2.549134144830000090e-04 3.093271206850000121e-01 3.892248779059999892e-80 6.414897714339999708e-16 4.736515749759999835e-33 1.350402266420000041e-77 4.432421841639999980e-71 1.237390263749999995e-32
2.150732127129999900e-18 4.069530005809999818e-31 2.609226973629999755e-38 3.789736439540000073e-06 6.238891769819999711e-01 3.761070332820000139e-01 5.089040311189999617e-46 1.692241684570000098e-48 1.250210135649999976e-26 9.086332817000000141e-31
2.574843845429999862e-24 3.660217317280000301e-55 5.128748795679999958e-24 1.095228106950000059e-15 2.613382512840000116e-01 2.313134419210000070e-01 3.888046859710000004e-05 1.743751647540000005e-01 1.532713705830000013e-08 3.329342462459999874e-01
1.486642921730000092e-03 3.358147269979999856e-03 2.061422274400000081e-21 3.000178349070000139e-01 2.010181042410000149e-30 6.607472258969999993e-18 4.459611208549999979e-15 1.658360465760000104e-37 4.134439183799999952e-13 6.951373749010000269e-01
2.275926151730000013e-01 3.508665010759999821e-35 5.256156266589999682e-01 4.901170613110000102e-02 1.724926504529999977e-18 4.267200127730000136e-66 2.443838245810000122e-08 4.034742086920000224e-48 1.977800275980000078e-01 1.501424253790000059e-46
6.679482872480000388e-01 3.230776204989999702e-05 3.534194340089999806e-09 2.790296836460000081e-09 1.668201870039999911e-16 3.319307390089999976e-01 1.067086999400000063e-35 8.385624489669999592e-18 5.766973531499999642e-47 8.865965666710000207e-05
6.706251099670000604e-02 3.717141595160000089e-01 1.294632374670000030e-01 1.261682718459999977e-25 1.479479239340000082e-25 4.317600920199999859e-01 6.925473658009999767e-72 3.474690496090000238e-19 3.401518391579999841e-44 1.158993406130000001e-30
9.521683481340000476e-34 2.327668540020000015e-25 1.782156562520000043e-01 1.074050816250000020e-09 3.910257303910000259e-01 7.053392684519999694e-06 4.307515588690000174e-01 2.027409161920000082e-11 1.984285872690000054e-13 8.381187781679999846e-24
7.027733197030000545e-01 2.952373257900000048e-01 9.848427394090000007e-34 2.781261724050000181e-25 1.261718165889999987e-50 2.239626736079999913e-50 1.880328521800000084e-13 1.412524955940000087e-12 1.989184309540000146e-03 1.701951395660000126e-07
2.871299494619999973e-09 2.786002491810000031e-19 2.234288043750000119e-01 1.423353672050000074e-01 3.454235475180000156e-07 3.322839754670000034e-01 4.316954970630000121e-12 5.363663689199999725e-26 3.019515046540000025e-01 1.760890228429999990e-31
5.673846265329999893e-79 8.609285674319999665e-42 2.171754628070000037e-38 9.984594926729999962e-31 2.930586220840000200e-01 1.036089540999999986e-11 3.719826450909999860e-01 3.098554182350000130e-01 6.989316195690000373e-06 2.509632526269999983e-02
6.864967190019999821e-29 2.144207780909999916e-02 4.105452495160000316e-34 6.662217678780000263e-01 1.084033833340000015e-70 7.985087844790000143e-33 3.123361543129999918e-01 5.005969618820000050e-82 4.798662777670000194e-17 6.006766042060000579e-23
7.231802325630000305e-48 4.101398710830000257e-83 1.101661842350000017e-70 4.100858252590000011e-36 2.169450942170000063e-01 3.472846582319999953e-43 5.001373953269999673e-01 3.009853781400000095e-03 1.883325728989999892e-01 9.157508377549999912e-02
2.647536411810000162e-25 1.932597714540000011e-01 5.135017772599999921e-08 1.024805589129999979e-02 8.554254151260000006e-42 5.065220945630000138e-01 2.899700267409999754e-01 2.992249735549999824e-24 5.753127548460000051e-65 3.105706852549999977e-18
2.834733593089999726e-01 1.484489186719999908e-06 5.942802867380000243e-08 2.418777805890000069e-43 2.062256468099999893e-03 5.277078604189999744e-01 9.547183397610000771e-109 1.867549798869999889e-01 3.621734047919999896e-44 1.731871310100000052e-20
5.980515391159999528e-01 1.051460732399999987e-01 2.002502242070000084e-03 1.854661787180000184e-18 9.844203303029999756e-27 3.352662141109999811e-14 2.660420815980000226e-16 2.947998854009999947e-01 1.521474955740000039e-54 2.569015469939999884e-13
2.634763012169999795e-41 3.921196215419999742e-01 7.179178299709999499e-07 1.192105814110000056e-23 4.446929458769999788e-01 1.824009282840000036e-03 5.378586839220000355e-07 1.613621647490000033e-01 2.772709451759999906e-09 1.174426773759999937e-32
2.038198216310000078e-12 6.432834961219999759e-01 9.606706733719999178e-22 1.400114445879999941e-36 4.199670895439999887e-51 4.376731377609999843e-42 3.196239774050000022e-12 3.567165038719999903e-01 2.295839214640000024e-35 6.060291331460000458e-13
2.349943806070000000e-32 2.899754346399999957e-22 1.835188428829999940e-01 2.094172904480000041e-01 5.899006968769999748e-01 1.716316977760000070e-02 1.404090704789999937e-11 1.750743326009999895e-32 8.738843485510000562e-23 2.865528769789999878e-32
8.404093495479999961e-08 1.093203667790000048e-28 2.487612043130000006e-01 1.031191687819999942e-10 3.165275568829999941e-01 6.486718621689999652e-31 2.473581068320000048e-02 4.099750158029999980e-01 9.378808172789999974e-23 3.281738966139999999e-07
7.537882424750000365e-02 1.654750964649999989e-01 2.275825070059999886e-02 6.315588075339999929e-15 3.208171647270000133e-16 3.318193726270000088e-01 2.135495419270000109e-25 4.045268549000000102e-01 1.440249907380000021e-75 4.160106001959999793e-05
4.440096183610000025e-01 7.482063687539999964e-51 4.337640876180000376e-31 5.172583766599999700e-05 5.073074885850000338e-09 1.477718988509999930e-28 3.752986728150000075e-14 2.151200965710000124e-21 5.388444989409999607e-26 5.559386507289999502e-01
7.595896583079999598e-01 4.458235255509999939e-02 9.624233173319999624e-05 9.922365699639999665e-40 9.078675490590000507e-02 1.239910226679999915e-02 1.197174219980000009e-91 9.254588963279999914e-02 6.631280094660000398e-28 2.527132835769999979e-38
4.261786560680000071e-22 4.150159476260000257e-01 9.094073455020000238e-03 4.096278014109999807e-04 2.260306552439999850e-30 9.756542686139999036e-13 5.741625474589999722e-01 1.287254230860000060e-34 1.317803657110000080e-03 1.052824353139999999e-36
8.142967229730000422e-01 1.378517789289999959e-16 3.055421848079999920e-21 6.352937891619999569e-19 3.817885100859999953e-51 1.878540141100000130e-36 2.195494850269999899e-04 5.810726010569999708e-05 1.376322891339999980e-39 1.854256202819999921e-01
5.799962604330000104e-02 2.618740151789999884e-03 4.894185373250000137e-01 1.362284784070000032e-01 3.598051076539999740e-05 3.136986375620000045e-01 7.902741871329999873e-30 4.763220075819999984e-25 4.439001526090000146e-15 2.616880299299999996e-14
1.068235253899999931e-01 5.114593960049999938e-22 1.644425070549999944e-18 4.710124119640000107e-01 1.629508004289999957e-17 2.236774347420000152e-05 3.621696338760000029e-31 1.999335067870000092e-37 6.340978331730000018e-38 4.221416949030000199e-01
4.315904449719999980e-01 4.691711971039999885e-08 1.671767309390000003e-04 5.682181875239999957e-01 9.748920799250000239e-21 2.368517092709999979e-07 8.029349856310000151e-24 3.021290960900000144e-32 3.336714232089999964e-15 2.390700394919999952e-05
4.924816978139999746e-01 1.041942362200000090e-18 5.075183005879999598e-01 1.588663745059999966e-09 3.046468785670000169e-32 2.994781876560000170e-31 2.415793285299999972e-14 1.624502050900000002e-28 9.414951716590000763e-12 6.193194244450000117e-23
8.654447330950000569e-27 2.565082291309999990e-04 3.054482996010000062e-01 2.112759648169999943e-13 1.037750714869999959e-02 9.559101135990000639e-27 2.275377807679999898e-04 2.775425084259999909e-17 6.836901472409999680e-01 2.014773379950000004e-56
6.649503737840000150e-01 2.202957764989999985e-18 2.740549872550000207e-25 3.350477627730000241e-01 2.811610826330000083e-11 1.618108296289999982e-06 2.724620954829999849e-21 3.379277934799999801e-38 2.453062612329999771e-07 3.288004064919999809e-40
1.020929623649999979e-01 3.158762198800000100e-46 5.675267678790000067e-40 3.430888071939999784e-01 8.752030842499999852e-02 3.744166622829999818e-16 1.139982513390000035e-01 4.608384175320000036e-15 1.970732233180000070e-01 1.562264473589999869e-01
2.553906330560000087e-19 1.082349398589999977e-19 2.103741381550000071e-30 4.055994982710000030e-01 1.561602965860000001e-41 5.944005017290000525e-01 2.505044275090000089e-25 1.791774029500000102e-69 4.048322871050000124e-55 9.459372755639999725e-20
8.156436479769999602e-92 1.430316054250000114e-76 5.618765665470000084e-84 6.126157684419999803e-74 2.464400312460000020e-01 7.750469041749999487e-26 4.920438405770000292e-27 7.535593165139999883e-01 6.522399714999999720e-07 1.161629447179999926e-33
1.772695798419999982e-27 6.237494569829999757e-23 7.163055846669999944e-33 2.475553090230000138e-17 2.824424745189999846e-17 7.225654643250000175e-01 1.009480430670000006e-08 5.827721099369999975e-04 2.260177496149999925e-49 2.768517534709999950e-01
1.945033633729999967e-20 1.700307548829999919e-29 3.112194883110000102e-37 2.312662139690000121e-33 3.141218217810000102e-01 6.858781782189999898e-01 2.784731379269999901e-85 6.298708008229999715e-24 6.079098710470000270e-36 2.874808839370000062e-46
1.923358941840000170e-21 1.603705230249999904e-30 4.590874269429999855e-38 2.465713443200000142e-33 3.141218217810000102e-01 6.858781782189999898e-01 2.593649058750000103e-83 8.934229723609999544e-24 1.739945275809999952e-32 1.104652893149999934e-46
7.602843482689999673e-21 8.303893773749999616e-65 8.081274460510000206e-17 2.532780445000000043e-68 2.464406668789999866e-01 2.019568642200000132e-18 6.407022222420000436e-92 7.535593331209999857e-01 1.558193175879999973e-55 2.286990499729999819e-37
2.928969431370000193e-07 4.833908443389999809e-01 9.929836045430000258e-02 3.057981099470000232e-22 1.551964820880000118e-35 8.998629759450000374e-25 6.837888905120000573e-08 1.373279716679999887e-04 4.170638069120000124e-01 1.092990470289999960e-04
1.332200651019999889e-10 3.221006912950000288e-11 2.818997836069999926e-36 5.793646385709999569e-01 1.438036618850000090e-35 1.428132256709999913e-40 2.915245663430000075e-03 1.379115458489999867e-57 4.177201155999999971e-01 3.552931966279999962e-29
3.405118474709999844e-63 1.327544130449999924e-03 1.141386025290000072e-08 8.509208610689999986e-18 4.695455910240000086e-01 2.177872683919999941e-01 2.654884342530000052e-01 1.053482885919999966e-04 4.574580117319999861e-02 1.324173190599999937e-09
8.354129510239999515e-41 4.472616130449999848e-43 5.624279541369999684e-43 5.786793000690000355e-01 3.701240092550000020e-25 6.931106110919999994e-03 8.359092960470000666e-03 2.794459009090000109e-42 2.981311868369999770e-57 4.060305008599999765e-01
9.137261002110000276e-10 5.660806270530000000e-11 6.269965924650000404e-03 5.206985874620000029e-18 7.904903778300000072e-02 8.912878701520000462e-18 1.148739691839999940e-14 1.887627248490000020e-01 4.412768090249999942e-01 2.846414614480000105e-01
5.740540866370000233e-06 1.254785118260000053e-11 6.196543587599999681e-01 2.944520942849999824e-13 9.773565028899999327e-66 2.471968946720000088e-29 3.789045130009999762e-01 2.749646152030000078e-12 8.349804075530000213e-42 1.435387682350000062e-03
7.563068125720000428e-19 3.325640907420000130e-46 1.230560467699999940e-03 6.817216891809999568e-01 3.034937523799999731e-11 1.002557112690000002e-37 1.785531993499999911e-04 2.105176651829999951e-52 3.168691971220000125e-01 1.535240061530000019e-54
2.495835585779999921e-01 5.153490540659999564e-01 6.405027137870000137e-19 7.039070822700000362e-13 2.524947371940000166e-38 1.271983262629999955e-14 5.906205361390000564e-20 2.062542200619999960e-18 3.526622419859999830e-04 2.347147251130000112e-01
4.383741812249999906e-60 1.732391181589999965e-06 4.502391634219999661e-16 1.073568758820000093e-31 7.148778153710000360e-01 1.296125983039999967e-13 2.529436022730000132e-08 3.821842588870000279e-02 2.469020010549999866e-01 6.890430235260000477e-20
5.564732170639999704e-62 2.402555663099999817e-118 8.508485695680000224e-100 3.114882703560000007e-63 1.992973135520000087e-32 2.397739236989999999e-118 2.846506182970000021e-01 4.652722863249999615e-09 7.153493770509999905e-01 4.878705026530000042e-14
5.085479179439999538e-41 3.906720440279999873e-01 2.585517809240000195e-06 9.320004236450000524e-23 4.427538080810000110e-01 4.628264969690000161e-03 1.520732576830000081e-06 1.619417701199999948e-01 6.551493219490000097e-09 1.286446860679999922e-31
7.369215450770000007e-10 5.670367988450000091e-02 3.502780548280000256e-14 8.283993403940000268e-13 1.324447572579999949e-09 3.039918839689999965e-22 1.207873955590000074e-03 4.080745423439999797e-01 1.680550731879999924e-18 5.340139017530000087e-01
1.823658067309999886e-24 1.948455021409999932e-01 8.994365024670000242e-08 4.655891755490000096e-03 1.912966154300000112e-44 5.091202474479999962e-01 2.913782687120000103e-01 3.895542250479999943e-26 1.134140764759999908e-65 1.152278677370000062e-19
3.072526355149999833e-01 5.503638309839999770e-02 3.723832981710000212e-01 1.321520490310000051e-05 1.378978623679999942e-13 2.527401814349999878e-17 1.810710136620000132e-01 7.988883625520000475e-02 4.977936630139999797e-33 4.354618093740000341e-03
3.078170938600000058e-47 7.252664964330000075e-01 2.724685155559999918e-25 3.204943700030000314e-02 1.231976355679999932e-31 2.426744078510000013e-01 9.658715357950000040e-06 1.021168262620000030e-58 5.172224833800000112e-22 1.266910155970000029e-48
3.482078976890000122e-01 2.756757478089999838e-02 1.405054155619999928e-24 5.465349644630000298e-23 3.597812383729999988e-71 5.167037574530000184e-43 7.053284812020000404e-06 4.578767941650000147e-10 8.553760859519999566e-08 6.242173882499999493e-01
4.378712075059999865e-07 2.579116024870000135e-01 5.323792458540000277e-19 3.896002899140000045e-20 4.015873640420000168e-01 7.074555868350000361e-08 1.125019478410000037e-31 1.008479048119999971e-01 7.786298723519999900e-07 2.396518414119999940e-01
4.570260936700000221e-01 2.395178179920000039e-01 7.321836313780000035e-25 3.906047476529999891e-40 2.576284015159999957e-14 6.718756938580000365e-21 5.553925626799999848e-51 3.032263281490000240e-01 2.297601885300000111e-04 6.713575907130000303e-20
1.004478502239999949e-05 2.471974345819999974e-01 9.638508823669999969e-33 9.704784270890000350e-26 6.876013077140000380e-04 2.044880931409999991e-01 1.182772575419999986e-38 2.669915552009999998e-02 5.209176706639999654e-01 9.448104699049999481e-23
9.307648978760000003e-27 1.314678757119999922e-35 9.713651394250000292e-42 1.408379747600000100e-10 5.733433792440000287e-01 1.628997615989999925e-01 6.526700868990000437e-10 4.423435088030000198e-11 3.479800402530000130e-31 2.637568583189999760e-01
2.383556191899999794e-47 6.256862200289999660e-27 4.838155323950000253e-01 2.310879953289999975e-05 3.451585031959999764e-10 4.147554814420000084e-12 5.161613584559999746e-01 1.299693438419999926e-34 2.053593130459999984e-33 4.904104692510000105e-48
4.870298423600000204e-01 5.129701575609999509e-01 3.561576503239999829e-23 6.577677982309999688e-16 1.566198860399999935e-56 1.810795584259999978e-46 5.773371779309999470e-14 2.951976496100000010e-27 7.818551524089999658e-11 9.015972901299999306e-16
4.209763706889999845e-26 3.501413754370000242e-01 1.225204000590000009e-01 1.075607727959999970e-40 1.031984472559999966e-09 3.148703907280000019e-14 8.359956550579999483e-35 5.273382234719999895e-01 7.750446715450000615e-27 1.556138373260000016e-29
2.958979156549999822e-18 3.798190053949999732e-29 2.928379935090000096e-29 4.077289657959999869e-01 2.243697212649999884e-01 3.679013129390000247e-01 1.543315908440000036e-24 1.351887540819999966e-39 1.335091156899999929e-23 2.224757335339999798e-19
6.113540815850000004e-02 2.361127429689999990e-29 2.235921659099999852e-52 4.674815860619999763e-29 6.772582954859999646e-46 1.273226279590000072e-82 4.175898272330000147e-11 3.133297922200000090e-12 4.210018273480000128e-01 5.178627644490000348e-01
9.146841736480000297e-13 6.424792921030000326e-01 3.919905970889999788e-20 3.311757043190000156e-33 1.301160512690000070e-07 1.347248108379999962e-03 2.095854348299999956e-52 3.561733296580000263e-01 1.089327343760000046e-32 1.373079316960000069e-11
1.765968895129999871e-32 7.134701146939999425e-21 3.982846108540000207e-01 4.974585383010000304e-61 3.054658971090000105e-03 4.358872231209999781e-01 2.637587471439999765e-85 1.627735070540000106e-01 7.065543966310000068e-49 7.324971025279999595e-31
4.320996198159999802e-01 1.840455592710000153e-18 5.442594835880000259e-01 1.844180557910000070e-11 4.559275162880000024e-14 9.240411953229999047e-13 4.479716713640000070e-20 3.235861830800000245e-14 2.364089657319999940e-02 3.460987548089999957e-12
1.257977994489999966e-78 2.760546846280000099e-40 8.123511687349999374e-37 9.954524266190000070e-30 2.967958632950000175e-01 1.239966828490000012e-12 3.595489895439999972e-01 2.999174533869999881e-01 2.217261005760000136e-05 4.371552116320000236e-02
1.151147782049999951e-35 3.092205819480000178e-07 1.818811303969999869e-35 6.186054763649999841e-51 1.658833411569999989e-66 1.082092294330000036e-10 1.151372142889999986e-36 3.429820857910000131e-09 6.678060485760000120e-68 9.999996872409999682e-01
2.433184214840000232e-16 9.965591036860000005e-15 4.590983877719999780e-11 1.601108781929999891e-01 5.355836921669999973e-04 5.129566703200000299e-01 3.263954860830000082e-01 2.859670324400000004e-10 6.626820253730000096e-13 1.381379524660000098e-06
7.414505368049999795e-10 2.201798507550000124e-22 6.178912166900000088e-19 1.323786971450000076e-21 1.270093545710000008e-33 3.801709778149999774e-01 1.757065092109999891e-41 2.442945931759999886e-17 3.144316079100000110e-72 6.198290214430000056e-01
1.238066487810000017e-11 3.447193813319999744e-01 2.151337701269999974e-28 1.398749949270000070e-01 1.339691102739999967e-30 2.125387557779999936e-01 1.105153649730000014e-06 1.278165269920000093e-28 3.028111873109999852e-01 5.457548611870000006e-05
1.186957725000000065e-42 3.632429026139999825e-25 8.258624775769999762e-19 7.347777253340000048e-48 3.099079812569999759e-01 5.604504087410000190e-36 1.001300059819999975e-33 2.501334325499999861e-13 6.900920187429999686e-01 2.074630860460000099e-69
6.016581972879999709e-11 2.481602159069999902e-27 5.015092026490000122e-15 1.629471989640000059e-19 2.800313618659999726e-01 1.122465057069999966e-01 3.060134122190000004e-37 1.243637477149999978e-04 3.258573345579999966e-42 6.075977686189999449e-01
3.382452306850000101e-32 3.852723329990000009e-30 3.241012899010000115e-01 3.681691374790000062e-18 2.283410764790000103e-01 4.043532082249999901e-07 3.087586721669999958e-10 1.736445653039999926e-01 5.329796539740000149e-33 2.739126636540000215e-01
2.473862930400000104e-01 2.648654353880000034e-01 1.153865549339999971e-18 9.070706325490000356e-09 6.597142620729999398e-33 3.008984702839999748e-32 5.203872102310000128e-11 9.695745218430000268e-23 4.837021181000000225e-01 4.046144348709999894e-03
3.238733488140000028e-16 2.489473986030000098e-14 6.368349966190000044e-01 2.771693109450000084e-07 3.631647236519999766e-01 2.252816510799999919e-09 8.659073766599999570e-19 2.519705701579999859e-34 3.070264008990000147e-10 8.679954351550000278e-97
1.283520392230000056e-14 1.900029171460000003e-14 9.177227287699999451e-49 6.240388043350000302e-01 6.833275499400000107e-46 1.987724594099999855e-36 1.812636194370000065e-01 1.437170425350000085e-55 1.946975762200000015e-01 7.049180095639999771e-12
1.121516795029999926e-17 3.989845978939999763e-57 2.827882171649999941e-56 7.298123061969999936e-01 7.510433678540000269e-02 1.243926354660000039e-01 1.043075980059999964e-23 3.503595722009999781e-39 3.031670949259999844e-18 7.069072155139999314e-02
7.091720234989999927e-01 5.021801615199999666e-03 7.283313564459999747e-41 1.122394074289999998e-40 1.501378668910000050e-38 4.155915875329999927e-35 6.123264606529999715e-32 4.039413067229999724e-03 2.808822152959999929e-01 8.845465231430000002e-04
2.931970858349999820e-01 8.199647726849999763e-25 2.274845143770000064e-02 2.439515026220000058e-06 1.234650538879999981e-01 7.229581950160000026e-07 2.966837549770000027e-01 1.601182511160000044e-01 1.037842402740000031e-01 4.956182781539999637e-18
1.116739179119999979e-13 3.851718492769999891e-01 3.504681257139999662e-24 9.294335349359999115e-22 2.293338315590000114e-03 2.435198313180000074e-01 6.450903154609999661e-30 6.038510165770000384e-07 3.690143772389999910e-01 1.425325173909999952e-31
7.090728405640000249e-13 2.414080791709999985e-29 5.592785910930000437e-01 1.254489539900000006e-01 1.731268128779999901e-02 1.301931242759999906e-06 1.702485557139999899e-11 2.365961217199999979e-20 4.679382680069999774e-21 2.979584716809999811e-01
8.232183467059999874e-10 2.808592945970000024e-13 6.404101930409999976e-01 2.851569352469999972e-28 1.764093306939999943e-33 5.844631741879999895e-27 3.411165213430000069e-13 3.595898061350000230e-01 1.419178173399999997e-38 1.208786934509999912e-16
1.140485949350000035e-06 7.473288519029999830e-20 5.709155180210000458e-01 2.326492106510000156e-52 1.759744978389999881e-01 4.980190217969999870e-23 1.547327677699999999e-72 2.531088436530000152e-01 6.069734967869999652e-13 1.876685855900000012e-55
3.128647074119999934e-48 5.666944021959999939e-02 4.377045282670000148e-01 3.920485401969999971e-06 1.187695484929999931e-14 4.768960005280000350e-16 5.055757678550000245e-01 5.553730149719999799e-39 4.634317311250000214e-05 3.377233161479999972e-54
1.751701450960000020e-16 2.049753850139999957e-29 6.398042105410000069e-01 1.824251807890000053e-14 4.809971464909999946e-03 1.038433793119999954e-21 8.398182714559999928e-02 2.713754676769999929e-01 2.577378053470000258e-07 2.826543372920000088e-05
5.591184801030000262e-01 2.815918595260000071e-20 1.185762073260000020e-16 4.405958357609999765e-01 2.752371698990000077e-23 2.189711993129999972e-15 2.242724480399999931e-22 5.534243398770000043e-40 1.261711180540000061e-10 2.856840106129999784e-04
9.595175568460000415e-01 3.867580636660000043e-02 1.554604069400000082e-03 1.343324555629999939e-13 2.880538377729999965e-19 2.520327175040000230e-04 4.245732499960000109e-41 1.142602327729999996e-22 8.447776564589999959e-25 3.597962207879999814e-21
8.014749746079999671e-61 1.371774500899999956e-26 1.152311175369999938e-73 2.376928665359999922e-43 9.310796708589999042e-16 4.397190727549999956e-01 2.902119597889999874e-21 3.605708663450000184e-01 4.519420042010000277e-26 1.997100609000000138e-01
1.000000000000000000e+00 6.289767688329999801e-29 4.626620109640000290e-33 6.800734754409999781e-36 4.615094822740000330e-24 6.741618518149999931e-26 7.330719634080000303e-75 2.427285027250000068e-22 1.205243218340000029e-20 1.548188043050000037e-28
8.721040979760000814e-59 3.635334070219999741e-02 6.200385050389999736e-02 1.005637250249999940e-10 2.498953606440000030e-01 2.224653180289999921e-01 4.292821294599999948e-01 3.430484030970000013e-12 5.573437263330000155e-10 2.166321915549999970e-19
1.136501899869999943e-01 5.290123926559999878e-23 9.006930156620000591e-15 6.942410351910000054e-34 2.811222293360000109e-45 2.733889792660000117e-133 5.294797422999999448e-01 2.158663785409999925e-01 1.409988222749999909e-01 4.866898237720000242e-06
2.818301107059999949e-57 1.761517362859999983e-10 3.726851195670000063e-15 2.541010204620000087e-18 3.756838235580000074e-01 2.553756752149999865e-01 4.126019716420000014e-04 6.435476790019999810e-04 3.664455047879999761e-01 1.438846612430000078e-03
3.811895614610000260e-01 2.643123801739999825e-86 4.363002737050000251e-28 2.988812098040000153e-31 4.683242282719999867e-04 1.110465910930000031e-30 9.872978435439999869e-32 6.182230660359999685e-01 2.582916533040000146e-12 1.190482720749999970e-04
6.777393840350000017e-09 1.076580028560000037e-17 3.456051816279999856e-25 8.403247259529999559e-08 8.604446841100000382e-03 5.976878844799999868e-01 3.374655345140000325e-05 3.936134834810000038e-01 2.936047042369999908e-29 6.034783384450000235e-05
4.420039450270000231e-10 8.099426731920000620e-34 2.100496765150000070e-28 7.811633058100000415e-01 6.880094118690000113e-04 2.317537358140000017e-02 3.376867365010000238e-27 1.274921465620000080e-40 1.949733107540000121e-01 8.911518030389999775e-17
1.382104855629999917e-47 2.111397273930000041e-76 4.672562668770000033e-48 1.332990897200000005e-54 6.773787813470000252e-02 4.190685402020000028e-72 6.570354373750000053e-19 7.756984492109999518e-01 1.565636698429999918e-01 2.810716900169999919e-09
3.739625451629999881e-20 9.532803537749999501e-02 1.549527947740000078e-01 3.208837698989999916e-45 1.772324660140000031e-39 3.816692761329999756e-55 4.211559631480000103e-12 7.497191693789999611e-01 4.648451884749999788e-10 8.797138193709999608e-38
4.885655896789999758e-02 2.581185007480000086e-18 1.747705420020000149e-61 2.593034781460000215e-01 5.324282421010000285e-31 7.003332934350000158e-39 5.023762619539999807e-01 3.070600138129999857e-29 1.894437321299999866e-01 1.996880255590000150e-05
3.383446013570000077e-01 4.077934088560000170e-09 7.975414343299999703e-20 2.960926712549999951e-01 2.570161030510000249e-35 2.638882257280000115e-02 3.287708600259999780e-01 1.711613893779999895e-16 1.461260656149999983e-27 1.040304071100000075e-02
1.021013073839999965e-06 3.072121671289999939e-37 3.284159662699999878e-68 2.113636412350000033e-05 7.515107800589999609e-01 2.484670625640000019e-01 3.408687679270000092e-56 6.390376517140000094e-44 1.057102950400000056e-18 7.581388503340000666e-18
