3.089206332439999869e-01 5.868724454270000264e-27 1.242940489029999907e-07 7.611775980650000319e-78 6.235289691430000447e-01 7.989630939639999737e-35 7.019431027569999747e-29 3.418177536770000178e-11 1.458350560429999969e-46 6.755027328460000424e-02
3.779512256479999888e-01 6.498126388339999496e-08 4.606115507439999677e-13 3.303348335400000158e-27 1.646360437660000119e-42 1.817734040599999998e-29 3.604198311760000162e-01 1.765096067259999843e-18 2.616288781939999919e-01 3.638038599020000001e-28
7.258114737269999797e-03 5.662521075910000075e-17 4.690091063619999945e-01 2.664921709250000030e-36 1.509536538050000052e-12 9.002109496809999487e-28 5.237327788990000510e-01 8.455043734179999523e-32 2.591754960800000120e-24 3.954479367649999986e-27
3.406054008130000033e-01 2.185015706060000029e-16 4.583895881540000345e-43 3.981205948799999916e-27 6.593945987220000138e-01 1.031564137049999983e-26 4.648967452850000072e-10 1.728989326390000110e-20 7.778220565159999281e-34 5.877260770260000107e-15
3.534446556020000019e-01 6.712506747730000167e-02 3.727174240400000227e-01 2.474422854739999939e-26 2.708670946929999797e-41 2.537114268509999863e-26 1.809290081570000095e-11 6.572197521429999719e-38 2.067128528630000073e-01 6.792820736849999461e-30
3.575071355080000085e-12 1.842604391819999913e-03 9.000871904440000392e-07 5.253323362170000399e-01 4.728151229129999855e-01 5.810405415200000368e-28 1.259236630989999977e-24 6.214060870709999748e-15 2.081025430499999852e-24 9.036387406629999231e-06
4.371114114229999736e-01 4.922256036180000228e-05 1.061311215350000006e-22 7.057202013270000296e-02 2.902997092999999862e-01 1.016674022739999936e-10 8.100704455130000252e-07 3.014014455900000094e-34 2.504952780770000032e-07 2.019665759170000130e-01
5.364526420220000480e-01 4.503096371649999985e-01 7.073658346919999701e-03 5.886255485930000003e-38 4.142606915280000257e-35 5.986595589829999883e-03 1.773844589479999867e-04 1.375372520030000052e-83 8.241786512089999426e-08 1.715528152739999997e-90
5.112535487939999541e-32 7.894102005580000414e-01 4.726931986389999767e-23 6.105133297210000202e-15 2.105897994419999864e-01 7.441375341489999973e-14 4.463166825209999881e-50 3.758600941650000235e-23 2.154128298429999921e-46 4.993237211270000353e-16
4.044762984640000170e-01 1.432459186660000050e-01 3.790371063829999776e-01 5.313628409269999643e-32 7.323932880779999988e-02 1.316828120899999898e-10 1.289566724099999969e-06 5.682404086590000070e-18 3.569610224310000238e-20 5.798157657560000167e-08
2.313759501870000143e-20 3.067953791709999967e-04 7.769876955259999936e-35 1.862786852160000159e-02 6.175410755869999966e-34 4.041229381929999920e-01 3.549510881949999851e-38 5.503092853699999640e-12 5.769423979009999925e-01 7.426366520460000644e-24
2.770934338970000143e-11 2.331407530350000254e-10 3.999239376650000066e-01 3.282282329360000227e-10 4.986791012710000228e-05 6.000261938359999769e-01 9.656427163490000429e-36 2.844010550910000104e-18 3.799796778160000034e-19 2.636549154289999884e-28
5.423207139579999669e-01 8.027840915829999357e-05 6.166543710410000209e-09 7.606280170390000034e-61 3.589591557179999958e-78 1.769146060039999974e-23 8.024774519100000074e-20 5.725282111090000248e-54 4.575990014669999995e-01 6.303723337850000196e-72
2.622615064339999802e-01 1.024320008540000092e-03 3.834025774250000033e-36 2.542040351480000148e-30 2.463093251190000101e-13 1.934410044950000057e-19 2.323404150660000056e-01 5.043736716019999733e-01 4.667141753490000029e-14 8.688908263179999372e-08
2.672528379559999897e-36 3.548976101730000046e-12 5.371139421409999448e-01 4.628860011450000034e-01 8.223823244829999638e-25 5.671011679779999778e-08 2.005559028200000034e-85 1.227194273499999950e-35 3.400482378869999955e-21 3.019525620799999899e-64
3.676468206129999965e-28 2.553762431989999859e-01 6.029180504920000211e-02 1.926704824559999927e-04 1.057901396119999976e-01 7.017262344079999974e-15 1.423416394499999926e-09 2.514332882310000000e-03 2.454197365190000029e-24 5.758348073519999888e-01
1.689349488259999921e-01 5.759966799010000252e-16 3.819362250719999796e-01 4.049540234100000025e-24 4.491288261020000006e-01 9.952277174500000375e-27 1.597928817020000020e-32 7.497878346679999662e-54 4.349894729930000031e-32 2.901855571669999860e-30
1.754936872320000078e-05 6.005242917240000144e-01 3.994581553020000175e-01 1.413438839440000091e-26 8.056070057859999509e-20 1.308927331750000015e-20 5.281967572729999924e-11 5.956474206749999926e-15 2.877644227190000070e-09 6.753258467850000126e-10
1.501561776020000115e-10 2.713769349399999902e-19 5.210771864450000068e-01 5.630096556299999970e-32 7.261792244080000083e-63 1.760097436989999908e-16 8.111301097989999888e-37 2.869755719250000094e-23 4.789228134049999808e-01 2.360519506219999996e-58
5.423637054350000097e-01 1.660552332110000153e-33 4.771309322989999694e-42 5.720019431010000137e-38 7.363337604349999621e-70 1.296611284499999979e-62 3.257922011819999919e-09 5.969118097950000040e-33 4.576362913029999868e-01 4.194139635110000088e-12
2.502318010769999898e-16 1.648503528149999857e-33 6.093833723689999760e-01 2.389156125580000167e-19 1.553256519329999918e-01 4.071629471549999997e-56 2.352798960530000094e-01 5.656628541439999843e-33 3.896112789349999899e-39 1.107964517609999918e-05
1.308788894409999965e-37 5.601375872250000238e-67 3.542462277480000230e-08 4.097393420930000030e-01 7.984635691460000649e-31 1.233863810850000084e-43 9.305311836669999642e-14 2.847519050369999929e-02 8.121001003239999340e-09 5.617854238570000325e-01
6.418643705220000205e-27 6.036480138399999973e-01 1.170259016019999900e-16 3.963519155629999791e-01 1.259496253459999910e-24 4.133733558819999864e-17 8.520355408069999933e-12 2.507032397470000107e-47 7.058773429470000518e-08 1.468335559089999921e-13
1.300938787689999984e-18 6.196599123169999597e-16 1.305588695680000081e-19 5.030491270299999995e-28 3.412324954859999909e-36 5.472997056859999487e-01 2.397236407140000136e-01 1.495259374509999930e-06 2.129751572330000065e-01 1.108385349420000085e-09
4.039116801059999881e-29 9.784525275270000090e-08 3.480139314680000089e-03 8.969799186440000072e-02 4.954369454490000246e-21 1.223059997929999976e-01 5.642424862670000539e-20 1.856317584190000092e-01 4.025130612730000168e-01 1.963709514910000065e-01
1.985388037990000079e-33 1.222284953129999935e-01 1.208625454359999980e-10 2.945973796110000085e-05 4.525512364529999942e-01 3.090045701449999946e-06 4.251877183289999862e-01 2.787665231999999970e-39 5.535339002330000080e-31 1.991328613449999966e-28
1.177122472859999935e-01 2.246849345049999896e-13 4.978522010209999598e-09 5.353973883749999496e-01 5.021383380439999484e-07 5.629972104449999717e-07 1.184393957690000022e-28 3.468887956130000116e-01 4.986118682829999968e-07 1.958378686500000068e-28
2.867353104430000041e-08 1.875560999709999939e-20 5.257613214629999840e-50 5.817160369399999587e-01 3.840628712309999938e-14 1.740348567799999987e-16 1.745492161920000110e-19 4.181454007350000057e-01 5.221863384640000395e-06 1.333117875380000078e-04
2.701943432329999851e-25 8.973436568469999433e-40 3.139934397260000232e-01 2.230661695160000013e-01 5.945388392320000280e-40 3.911864846739999744e-30 2.927334969539999975e-10 2.277052618869999934e-01 2.352351285779999968e-01 6.970073886799999853e-20
1.729413308320000009e-01 1.290895886719999899e-10 2.697314156599999735e-01 1.917826916410000047e-03 5.836125177930000206e-18 2.648491056780000223e-38 2.282818049600000010e-01 1.077618799880000073e-05 1.228123593669999958e-01 2.043044859489999976e-01
8.878708497589999499e-03 4.852023546260000390e-13 5.957482298530000220e-01 3.912728363739999921e-31 1.266484581299999880e-10 3.795365931749999922e-01 8.218612503909999322e-15 1.583646829309999851e-02 5.411661372170000061e-11 1.381355592560000003e-15
1.609173376810000031e-22 6.084352083570000189e-19 1.066349526509999958e-28 3.321746592549999939e-03 1.253214823919999998e-01 5.741857956960000342e-01 4.082781898639999792e-23 3.453983613620000105e-07 2.018068446960000055e-14 2.971706299210000179e-01
6.518642301970000164e-01 4.767421806930000429e-31 1.605350385290000105e-33 5.343619366670000010e-20 3.381303582499999814e-30 4.041000670449999787e-55 4.770742202119999942e-02 3.004185646690000211e-01 2.215139418079999960e-06 7.567973652349999874e-06
1.468200747069999966e-21 7.469959671550000301e-38 3.755964563440000040e-19 1.011704770219999904e-37 3.733509278400000131e-01 2.770705891030000195e-12 1.525722829549999907e-13 6.266490721530000307e-01 1.621132765780000117e-38 3.205435221999999885e-12
2.671047202499999996e-06 3.907216019649999983e-01 1.445474778490000104e-37 7.041265906399999897e-67 6.091726516850000106e-01 1.030753022760000050e-04 9.976512750370000086e-44 5.987500522710000402e-23 1.862838468309999963e-49 7.315721106929999653e-33
6.636275404170000058e-01 7.452402446360000291e-04 1.282307985389999905e-01 3.913865377090000158e-63 1.869452789069999894e-59 1.022708921639999947e-09 2.064420979970000014e-01 1.442196461459999913e-68 9.543217798649999972e-04 4.188971587199999943e-81
2.261696173140000099e-01 7.612270834039999943e-12 7.693865874209999678e-01 6.122213095189999810e-43 2.212162435140000143e-03 6.470654387569999828e-45 2.231632811070000111e-03 2.986870080490000028e-64 3.075845071550000088e-38 1.116415826099999941e-11
5.256094255309999805e-45 7.639859552740000122e-70 7.614299462000000407e-01 2.365977274640000128e-01 3.154700492710000073e-12 8.053797330100000282e-41 1.972326330259999844e-03 1.158454646499999944e-13 5.803092284919999961e-27 2.625318654230000102e-12
1.477592660420000034e-38 6.410095880769999883e-07 7.401850397420000013e-29 1.388026365639999926e-01 2.459542326670000015e-66 1.147760812619999932e-01 5.582759325180000378e-41 4.027597733249999603e-59 7.464206411649999540e-01 7.573077519150000277e-88
4.452497769350000079e-01 2.519551258329999835e-02 1.270016454799999957e-52 1.193109843509999990e-61 1.104166998499999953e-04 6.296254790239999878e-06 3.235455339930000118e-01 2.478768922290000060e-11 5.212365884779999946e-24 2.058924635080000010e-01
3.779837679119999811e-28 6.173775688960000174e-19 2.015462617850000103e-12 2.788724393340000043e-33 2.278554054129999876e-59 2.270587922470000131e-01 3.753629492200000195e-01 6.855071942310000387e-35 3.975782585320000173e-01 3.279291722309999858e-45
1.203415255140000009e-27 1.936955352879999925e-10 1.499931017009999968e-12 1.248300663659999963e-09 6.595070910799999834e-38 2.184303864039999904e-02 1.757161928990000066e-01 5.277612399450000158e-01 2.746795270719999960e-01 4.377329042690000412e-31
1.134214856809999966e-28 1.983706374450000167e-15 8.025332199849999911e-17 9.115655191230000176e-02 1.642184011359999893e-35 7.286806480110000192e-34 5.925744293889999570e-01 5.537575694389999826e-17 1.956803488710000000e-03 3.143122152100000233e-01
4.042093729069999759e-04 6.714937890909999929e-01 1.301546219269999937e-90 7.726533409059999878e-23 5.509868941980000121e-12 3.891707270370000234e-13 9.177101081139999571e-23 2.810815098049999903e-08 1.510763915269999926e-16 3.281019734219999817e-01
1.806290787569999889e-01 7.553199358569999688e-01 6.566060258879999901e-77 8.223874524120000031e-60 5.179350452110000058e-02 8.755060825870000263e-12 3.084696499929999973e-67 1.225748085660000042e-02 3.949537129800000189e-48 1.298998287259999986e-20
3.077474645989999869e-02 2.985342404319999738e-07 1.255609301649999940e-30 2.386378131680000070e-01 2.512836863530000038e-12 5.064766127410000318e-02 2.629162384309999874e-38 6.799340141480000321e-01 5.466413433569999602e-06 2.901320851660000203e-32
2.361833053700000028e-15 1.012106458619999929e-24 5.410475958560000409e-01 1.758205399930000050e-11 1.240341298960000002e-08 1.549323307470000104e-08 3.273825746390000152e-02 4.262141187569999934e-01 6.158154824920000090e-12 2.223903127499999953e-12
2.856481143379999766e-48 1.539225386479999930e-12 3.286552341440000017e-52 6.349656336269999656e-04 2.753184375190000048e-33 8.002445821239999590e-01 1.991141623209999878e-01 2.912395768820000074e-36 6.289919412179999817e-06 1.915332125419999876e-14
4.718958154349999767e-01 3.820544491409999857e-39 5.281041843370000155e-01 1.451652217730000127e-38 5.584873901009999828e-19 2.116573934759999954e-13 1.801178935269999971e-23 2.241178553249999929e-10 3.164050895909999956e-12 2.456307473249999986e-33
6.424993047620000119e-01 2.188900833459999917e-01 1.210175247229999975e-49 4.943133636420000293e-58 1.386101411050000010e-01 4.707869844629999753e-07 6.125304984510000375e-39 9.817402611359999935e-35 1.030407656869999987e-48 3.412675986969999887e-45
7.524241224859999839e-12 2.323930147689999906e-02 4.843662838719999808e-01 5.357617470320000475e-41 4.922017721049999905e-01 3.808136167339999941e-12 2.749934694710000158e-07 6.084268473660000262e-19 5.217559717919999472e-32 1.923675404689999952e-04
3.333107161110000007e-21 2.236297875510000066e-30 1.973915849260000070e-81 3.420521185630000238e-57 7.655556230349999796e-06 2.580836027290000084e-36 3.972105360070000146e-01 4.623143080259999801e-21 1.725803017380000002e-56 6.027818084370000218e-01
5.100462647140000527e-01 1.780499918260000092e-01 8.750049720020000197e-04 1.923841929849999956e-19 5.263772369550000219e-02 7.801447299480000524e-15 9.649988699200000215e-17 1.673361935229999943e-03 4.000689457149999724e-14 2.567176528569999894e-01
1.063168580210000065e-24 1.169140307510000052e-05 3.004922517670000071e-01 2.963246628909999921e-16 5.103910841329999869e-24 2.443616335959999941e-01 4.243857797620000152e-42 4.551344217500000178e-01 1.483914657579999959e-09 1.084389684469999924e-22
1.834252555339999924e-01 8.027211544420000022e-43 1.404715502799999984e-25 5.079772940550000275e-37 2.119330378519999893e-53 8.182593069049999685e-34 9.886002446710000463e-33 8.150540425490000462e-01 1.520701916499999978e-03 1.434658100080000012e-32
4.831928209700000196e-36 9.723296552480000242e-20 2.232512860599999982e-01 3.126226470770000160e-08 1.211698882290000029e-01 2.069222717049999938e-01 6.006411298900000278e-02 3.885923994209999899e-01 9.746821241500000098e-23 1.033297926290000055e-08
2.487053310850000142e-28 1.575588759020000071e-46 5.016632975589999655e-01 5.308263372399999832e-16 5.209340766179999595e-56 8.108741862650000583e-24 8.741171798699999638e-04 2.827591896019999851e-46 4.974625852610000121e-01 2.350060841869999904e-30
9.263702313130000554e-48 1.269987512940000087e-07 2.511804331979999860e-02 7.096831087260000448e-01 1.259643251599999925e-27 2.651987209430000103e-01 4.152250435929999997e-45 8.405791548129999834e-34 1.220825788900000027e-11 3.842672631690000230e-33
5.423529075730000315e-01 1.133039133680000033e-38 2.346159407459999975e-08 3.637554803939999927e-53 2.523788828569999819e-69 2.161739598759999902e-19 2.204775568419999871e-66 2.048476441360000036e-05 4.576265842009999973e-01 9.028559282140000006e-70
2.752922881770000219e-01 1.464807485640000038e-12 6.567070745530000303e-04 6.777852404619999713e-25 3.649577183709999950e-01 2.547443814580000092e-22 3.590812505589999759e-01 6.910019133850000299e-13 3.313084014999999788e-22 1.203581614679999969e-05
6.613081587560000264e-19 4.871727447969999743e-23 4.730262932280000034e-33 3.039344843380000216e-01 3.302443969239999833e-01 8.770167167610000425e-02 2.780652755560000244e-01 5.338192905689999790e-05 3.137282193120000173e-12 7.895736324459999989e-07
3.733076063519999988e-01 3.067475731289999973e-03 9.704958482200000403e-02 3.093442227339999739e-01 2.172311103600000071e-01 3.084109128960000043e-25 5.275228781859999609e-59 1.836778037450000053e-19 1.042764434520000028e-15 1.987374821049999924e-14
2.926491041100000023e-01 3.280899249359999770e-01 3.862783081949999881e-51 5.422413262579999942e-76 3.839581348280000353e-12 1.708856382370000007e-13 7.816430520639999730e-36 3.792609709499999981e-01 2.768137259219999972e-33 1.440809225040000023e-13
1.594941543129999861e-01 3.624361028019999870e-31 3.170961550899999981e-01 6.719400766430000038e-30 1.340432828059999940e-27 4.164122925310000200e-22 6.227889427819999515e-66 5.234096882659999839e-01 2.330988523569999912e-09 1.578095866210000007e-24
2.947490535010000061e-12 1.721499682239999965e-22 8.099939038099999294e-03 5.180999337390000148e-16 8.308417502549999944e-41 5.118552135710000145e-14 2.612167581560000147e-07 3.880065918510000045e-01 6.038932078919999613e-01 3.297770663140000028e-41
3.207705071670000228e-44 2.096294867819999897e-29 1.488988938830000025e-59 3.270557237450000180e-51 1.021257910629999939e-58 8.068465926619999775e-36 1.000000000000000000e+00 2.317223154849999959e-60 1.993829012200000046e-29 9.494585138309999267e-40
1.628594224809999935e-01 1.021856431929999973e-06 9.041306598779999537e-02 1.991452762819999889e-01 6.911790311250000374e-02 1.929383084069999921e-01 2.643590484679999990e-97 2.855250018350000141e-01 3.867011815929999744e-11 9.049855621559999189e-28
4.284815843720000093e-03 1.186690657389999911e-24 1.083401926649999982e-13 1.552251816249999949e-39 5.840210625369999513e-13 1.489997709110000082e-02 3.962005863590000176e-01 5.846146207029999653e-01 2.264743901350000089e-12 3.984636812959999707e-30
1.117903404799999892e-75 2.200857525749999867e-20 2.034835921999999895e-36 3.401855132980000085e-01 3.398040989509999998e-01 5.815028262700000368e-32 3.200103873169999891e-01 6.500021788259999673e-78 8.565319146610000684e-62 4.346104816570000134e-10
7.258474723300000209e-01 4.951856865529999608e-35 2.741505576020000223e-01 1.465087195919999935e-46 1.970068605510000159e-06 2.494613125020000248e-44 5.979290010699999673e-22 9.344807426989999897e-31 2.001717976760000153e-34 5.409828687929999628e-16
1.151125280520000104e-19 1.670700299120000121e-01 5.448043487799999797e-31 7.485599290619999964e-18 5.532344958930000001e-01 1.657524743520000110e-11 3.524096606049999890e-27 3.813292944070000084e-48 4.965900378429999862e-37 2.796954741780000031e-01
4.276216545749999769e-15 5.781332982280000378e-34 2.836750056970000194e-03 8.468670700770000216e-44 3.548267035960000086e-65 3.966678248659999726e-09 2.598912328519999981e-01 3.266534527509999989e-57 7.372720131240000363e-01 1.301097201510000057e-68
1.074882240189999992e-18 3.380287373539999920e-19 3.423388608230000241e-01 4.671884487019999782e-02 4.621287416419999740e-26 2.146147638170000084e-16 3.962770372180000151e-11 5.630878223619999456e-01 4.785447190440000192e-02 4.332723666849999795e-13
1.866456105269999957e-20 1.807725282729999937e-04 2.784345789420000135e-34 1.863314660899999947e-02 1.068526001240000067e-34 4.042297249919999946e-01 1.534619426619999988e-37 5.158687531749999674e-12 5.769563558660000258e-01 1.008487134480000046e-24
4.969112615200000250e-36 7.142123522310000522e-17 5.795424091049999893e-01 1.043825428839999972e-24 1.760081289909999902e-01 2.432601461339999882e-01 8.615988579059999763e-27 1.189315754249999947e-03 1.430140417269999943e-34 1.536692948899999949e-11
1.449034828030000038e-22 1.074897829939999942e-28 2.313210402910000074e-02 5.019102638339999894e-02 6.612641708949999651e-31 4.442448470089999633e-21 2.489814781080000099e-34 1.201995765629999997e-02 6.576436969019999745e-01 2.570132150289999862e-01
9.554235848209999570e-23 6.878600426459999806e-01 6.060307245419999881e-04 6.571292110509999932e-19 3.103190172029999805e-01 1.173959080460000018e-03 4.095034583309999695e-05 9.181485576080000498e-66 2.719066166379999970e-35 3.778020396830000192e-38
4.760271454250000352e-37 6.589708324149999852e-01 7.343277227750000256e-41 9.316093847169999720e-02 1.642710280380000054e-13 1.942195418760000115e-15 5.749965266559999947e-16 1.063977057559999987e-31 3.880891675509999714e-21 2.478682291129999937e-01
5.831704443319999433e-17 4.401911554479999874e-22 1.166058826770000056e-02 2.997675945240000153e-02 2.805007726639999821e-24 1.502445113579999963e-15 2.050410920769999854e-24 1.695496540750000012e-03 6.768141115379999739e-01 2.798530442009999897e-01
1.934404639750000043e-01 2.845834333769999835e-01 2.039412894969999983e-35 1.196321658970000007e-01 2.392703333870000045e-04 9.033490008140000373e-17 1.226420864570000084e-28 1.174719659529999945e-18 6.810710335710000096e-12 4.021046664110000113e-01
1.067773667760000012e-12 5.065133674100000006e-05 3.602449386760000262e-20 3.010136181449999948e-01 2.398721087999999913e-26 3.155196620269999919e-01 9.529156594610000471e-22 3.313804893910000104e-01 5.203557909820000216e-02 3.048874665979999840e-33
1.715156767600000132e-01 2.059415526979999894e-19 4.317834797369999866e-01 2.786237993649999901e-42 5.916412383859999576e-03 1.223468485880000040e-01 3.202052263220000273e-17 2.684375825309999741e-01 8.644276293389999969e-17 5.291119466989999886e-18
5.946239554939999894e-02 4.292572837129999894e-06 5.052333773720000050e-43 8.454720912869999327e-02 5.995001768750000619e-14 2.131489495749999963e-01 4.238984953250000047e-44 2.494124033410000107e-01 3.934247498319999869e-01 2.618660950930000127e-13
3.779511150989999790e-01 2.565274871310000223e-07 5.318952359940000223e-13 9.716210095489999602e-27 8.676336746549999556e-43 2.787821357119999859e-29 3.604198287959999858e-01 1.069783616490000034e-18 2.616287995770000263e-01 2.635188957429999948e-28
5.514968792479999493e-01 2.124133541600000119e-01 8.423109798130000263e-04 2.109947737369999993e-02 2.141479782390000031e-01 1.828006987849999881e-17 3.069868785039999960e-43 8.017432704319999481e-24 8.441328853330000055e-15 2.767848142310000068e-20
6.527370418019999843e-01 1.692781447379999834e-30 2.071781888759999950e-33 1.288872726299999978e-20 2.027393674149999889e-30 3.533308026580000108e-54 4.494223101269999993e-02 3.023111558920000275e-01 1.899041273440000002e-06 7.672252019190000416e-06
1.897243983949999935e-01 3.349125373200000014e-06 7.218466459720000125e-25 1.572861422490000039e-25 1.964843351779999915e-23 5.160730815499999791e-01 2.610788281189999932e-61 2.941991374999999853e-01 3.342982657470000257e-08 3.460006956749999905e-44
7.975195177069999712e-32 6.046976099549999928e-01 2.990177842239999729e-20 2.476806165339999966e-33 3.945145595660000115e-01 7.878304787720000158e-04 1.423491471500000072e-30 5.894853567710000086e-42 1.658724147030000044e-53 3.033519600379999959e-34
4.260227813490000126e-01 1.927965491659999920e-18 3.104757324389999937e-24 7.138249173690000019e-38 4.783016829080000246e-09 5.739772091010000299e-01 3.496192514640000043e-55 4.767114941569999737e-09 2.175720356080000156e-24 1.640650185800000113e-44
3.666199432150000215e-01 2.183800371740000114e-40 1.028054924870000027e-61 5.253616323859999879e-50 4.115697708189999821e-21 9.307329356429999892e-49 3.416574133809999747e-01 2.347831664899999877e-14 2.414757123959999986e-23 2.917226434040000038e-01
4.718958153750000273e-01 1.749267145459999883e-39 5.281041843370000155e-01 4.235894442669999677e-39 1.636952440279999946e-19 3.597430140690000251e-13 2.166753268570000110e-23 2.865839843980000002e-10 1.559762241599999960e-12 3.314496932649999688e-33
4.114612761780000412e-115 2.506355918159999823e-37 1.157367545030000087e-44 5.420561659870000160e-01 4.579438339979999828e-01 2.085527073040000014e-16 5.088551055139999964e-15 3.478767763180000048e-32 4.382461502529999969e-68 1.554033389740000100e-11
4.031295548319999844e-23 2.844499086199999965e-15 2.506745377919999962e-01 2.851911157090000204e-01 9.818787289300000559e-29 2.175582508470000065e-01 8.678273195940000248e-05 4.619403477590000311e-61 2.464893129200000088e-01 2.383826720510000156e-42
3.373596476150000033e-12 1.762658349959999889e-22 5.397473307010000054e-01 9.239013404829999607e-14 2.759642215289999843e-09 5.037816695500000041e-05 3.450841940419999837e-02 4.256938689170000067e-01 4.795245866589999693e-11 1.936055991239999886e-15
2.832534109339999817e-12 2.578022243360000137e-22 5.397487340090000307e-01 1.459737037929999930e-13 4.005136944830000347e-09 4.528139472250000181e-05 3.451019110490000097e-02 4.256957894649999741e-01 1.844190753740000113e-11 3.156386218550000183e-15
1.290893564680000085e-47 1.503956766239999921e-04 1.748667830970000060e-62 6.173268196059999990e-01 3.334148148790000015e-20 3.825193325480000239e-01 9.157856898219999394e-11 3.452019773220000067e-06 2.367350451739999984e-15 5.793983020419999787e-11
7.455818481729999399e-18 1.539897526010000096e-28 2.566369608490000065e-01 1.193636084509999936e-06 4.140456991930000098e-22 3.406563044250000000e-18 3.952186082809999960e-14 7.431178297060000437e-01 2.440158092259999984e-04 5.665185714499999830e-18
7.151095093039999684e-01 7.959240096549999734e-35 1.149823255100000045e-08 1.221292387830000033e-51 2.848817330449999741e-01 7.603441334099999814e-42 1.576254114309999930e-35 2.156255894540000027e-16 7.048788681339999862e-44 8.746152648150000615e-06
3.179223117280000059e-31 9.396649281339999785e-21 3.310504684669999809e-01 5.630921577749999972e-19 3.546841630470000117e-01 1.889099721320000078e-28 3.142653681750000039e-01 1.721781816760000081e-28 1.220338623219999963e-39 3.116910165480000248e-10
6.385200672590000126e-01 8.814603850179999903e-41 6.415371389540000334e-07 2.122312324540000036e-24 1.054173801809999967e-15 1.291742258939999971e-46 8.034705863190000352e-02 2.627966596499999768e-41 1.845825743689999985e-14 2.811322325719999848e-01
8.618048580749999082e-22 1.129887075339999958e-31 5.370418878120000163e-33 4.488931963650000195e-41 3.127439724950000222e-01 1.978180363210000050e-56 4.339367056069999983e-47 9.025717051959999959e-02 7.813138945280000605e-71 5.969988569849999926e-01
1.537397122310000061e-07 3.686289924620000382e-15 1.247637353140000047e-31 1.145958880849999935e-29 8.989691833169999206e-34 1.646487834080000091e-06 9.426310223570000061e-18 3.923819390609999957e-01 6.076162607120000336e-01 1.837339119440000022e-15
5.140034158709999579e-01 3.964883308439999809e-01 4.989445120769999801e-39 1.256016609909999896e-65 6.684271250440000645e-02 2.266554078089999882e-02 1.991986606359999944e-19 6.656929738039999749e-36 6.732557705320000432e-42 6.512688762510000280e-47
5.534530229079999699e-07 3.134707253310000153e-54 3.753322281350000011e-01 1.404600204280000097e-10 3.567498146700000016e-35 8.577265729580000401e-44 8.288476081640000625e-25 5.755522165140000146e-01 4.911500175789999811e-02 2.321795788249999990e-17
2.238554559950000195e-31 8.361375664059999645e-17 2.987699002699999856e-03 1.030818432290000069e-20 6.378055992550000219e-01 7.412078547080000295e-22 3.088034054150000096e-01 1.839548764369999913e-16 3.328303927410000235e-38 5.040329632780000263e-02
1.226259566019999915e-24 6.819925595619999648e-06 2.384234066270000000e-80 5.181927702680000106e-14 6.355023315109999960e-01 1.924733147949999996e-10 3.085091653889999730e-01 9.245706340290000962e-19 2.750100000950000034e-31 5.598168298129999748e-02
2.175277011810000016e-36 8.584431897529999785e-17 5.795375699650000545e-01 2.261170653149999986e-24 1.759411516499999883e-01 2.432636516879999877e-01 1.290638665250000031e-26 1.257626693119999950e-03 2.430860788019999886e-34 3.927409624919999669e-12
3.725802283309999865e-07 3.229117497919999913e-01 1.496122392459999948e-03 4.971675045189999920e-01 4.576642248040000006e-08 3.721422950820000075e-23 1.605800148939999840e-30 1.218842607459999894e-38 4.180860247970000390e-12 1.784242049449999978e-01
1.930396018680000129e-15 1.748391288229999923e-33 1.493101840730000091e-03 3.776957990049999843e-44 3.886258279559999827e-65 2.376336473960000084e-09 2.607461167710000138e-01 2.439820117509999866e-57 7.377607790119999898e-01 3.197684209929999803e-68
1.295099255369999980e-01 1.405679015229999995e-01 1.873922058120000055e-33 1.578219802130000125e-26 8.905560013819999611e-37 4.243518860989999642e-22 3.180700135379999809e-04 3.469801230129999912e-16 5.690462749000000375e-01 1.605578280259999935e-01
1.396935957810000069e-04 1.160701478790000017e-15 7.504638787059999538e-01 2.127276703599999964e-43 3.730053183290000199e-47 1.452665175580000051e-02 4.978442403289999760e-08 4.793471734450000013e-27 2.348697261580000029e-01 6.225720071470000277e-66
6.253054241560000194e-07 2.037987606759999845e-40 1.090278732229999931e-25 6.746676607199999509e-01 7.756920070539999563e-23 8.552630935539999936e-29 2.760762242909999911e-26 2.679256164869999735e-01 5.740609551979999892e-02 1.967845340679999856e-09
1.306174555219999978e-10 4.660329522990000229e-11 3.840248554060000097e-01 1.752331124489999901e-07 2.906886174029999892e-07 4.257546357729999919e-33 1.468610223699999959e-14 5.798516688229999959e-06 1.177360906950000095e-18 6.159688799779999835e-01
1.103013458180000017e-16 3.234084072270000130e-07 8.345754925640000164e-07 5.493961416770000161e-01 2.833280920700000155e-16 1.586309378100000111e-01 2.632846908849999887e-37 2.919717299899999841e-01 3.253946144120000275e-08 1.248258469459999948e-32
2.946979270559999833e-13 3.439454920839999967e-14 5.478101790300000246e-02 3.516672813089999905e-01 1.332044321889999938e-01 4.603427062889999810e-01 1.200046476789999945e-10 4.562190449949999647e-06 4.359453355070000085e-13 1.888896277110000027e-20
5.259732242180000156e-18 7.553620004839999859e-38 3.965729805390000313e-27 1.956915977949999907e-21 4.167735520070000208e-20 3.501712324330000188e-50 5.622807277300000406e-01 1.020570809500000020e-31 1.751611272310000006e-25 4.377192722700000149e-01
4.119425726510000169e-07 2.083218376229999946e-01 1.011764835729999984e-13 1.231074990670000046e-60 4.225921539360000041e-54 7.750533689369999529e-08 7.687598109550000114e-01 1.657549430069999934e-56 2.291786197380000015e-02 3.644595617199999863e-43
1.585952594370000079e-01 2.662107251729999797e-35 3.182719300979999777e-01 1.324766325150000031e-35 2.435221913920000051e-32 6.724951151000000251e-26 8.017621024509999875e-82 5.231328078539999593e-01 2.610712409250000050e-09 1.650408362850000046e-29
1.506064046280000094e-40 1.000595354419999945e-07 5.601401554449999542e-01 7.705319996819999697e-09 9.773123282439999987e-08 9.725611200709999510e-04 8.047526086150000250e-48 4.388870779290000024e-01 1.479381548469999926e-24 9.608467742500000708e-12
1.506928203899999923e-02 4.533400784320000265e-01 5.315746675410000233e-01 2.183024389460000149e-22 3.832200814829999735e-08 6.185175588320000247e-10 1.593304826739999990e-05 3.331107033299999861e-65 9.797953711560000216e-20 6.069570049819999933e-42
1.706742173620000025e-01 4.971861528830000265e-02 4.327705051930000097e-57 2.795125752209999814e-01 7.851662004130000082e-04 1.716675954810000006e-19 1.130391081570000062e-15 3.568885180680000025e-07 4.657759449869999986e-12 4.993090690349999972e-01
7.928070580609999818e-23 3.022395311479999854e-25 7.229957598870000446e-01 6.647891870749999864e-13 8.166610810989999911e-21 4.619707130940000027e-24 1.716622528340000103e-66 2.770042401100000218e-01 4.467854129879999895e-17 2.411033286220000158e-12
4.906588894949999975e-27 4.328693636189999846e-10 2.498963629619999904e-01 1.576476344880000102e-01 8.298930104169999986e-24 4.316527779619999759e-04 6.679827059350000595e-02 5.020246109029999904e-01 2.320146784240000037e-02 1.240532561790000049e-17
4.298335461289999980e-08 1.219177108239999940e-17 1.344007280989999931e-17 2.662271899450000173e-24 1.363565266850000088e-34 3.106439005809999958e-09 3.583454434400000153e-08 7.914241371769999978e-01 2.085757808990000017e-01 6.139627733999999971e-34
9.355985324719999489e-75 4.910729104910000198e-19 2.368733676199999948e-34 3.401855132659999947e-01 3.398040987140000246e-01 3.884010598859999656e-30 3.200103873890000061e-01 2.581405177690000091e-77 4.236619514870000413e-59 6.303555896339999619e-10
4.054940951660000009e-22 1.067888123140000011e-107 1.113726855649999938e-02 5.304233705919999542e-01 3.025542455970000052e-43 1.799602318790000071e-79 1.139888468759999933e-20 8.475366140840000651e-06 2.013067559109999946e-02 4.383002098939999813e-01
2.912790460790000229e-17 7.113469394480000003e-48 4.744120832649999914e-29 1.324593633629999964e-42 8.927098773570000291e-94 9.361091323969999791e-59 9.999982706109999953e-01 6.237858348220000469e-72 1.729389104910000088e-06 1.774514635659999948e-45
5.912918685419999886e-15 2.513739579409999855e-71 2.737324970070000014e-14 5.288202243850000095e-02 1.604125023049999919e-35 8.014419180250000225e-54 1.244067870299999901e-12 3.362532123510000165e-02 5.043586226470000433e-01 4.091340336779999975e-01
1.571067513130000037e-01 8.159173300399999631e-51 4.735189887269999898e-01 5.023697053609999896e-18 5.625999736649999850e-07 1.657143029250000116e-24 1.154074994720000018e-02 3.578329473740000100e-01 2.167662426509999893e-11 1.750804836379999851e-11
8.975080936449999539e-42 3.844041154010000017e-01 3.756512731819999990e-33 5.987020947509999970e-12 5.987215613480000309e-01 1.649911286309999891e-05 1.685782413240000110e-02 1.429056185360000099e-26 5.738172160650000076e-43 1.586517002669999906e-19
2.317976050340000086e-14 3.310572361010000230e-04 1.677002595660000161e-30 6.466058269729999530e-01 4.651918812849999900e-34 2.937948918519999912e-31 3.530195162579999879e-01 3.981843295160000150e-45 4.359953285079999662e-05 4.890570988210000284e-18
3.651629143940000236e-29 5.572036114909999532e-13 2.162395714810000131e-21 9.335241907480000545e-02 2.862865301769999928e-35 3.532379984809999877e-32 5.936885306310000221e-01 4.452322809580000222e-15 8.427788346749999883e-04 3.121162714590000054e-01
2.878030053410000066e-01 8.705088813049999689e-32 1.638269658789999884e-23 1.638948981770000138e-30 3.313291234720000067e-12 2.275418541110000036e-57 3.472611256369999897e-28 2.384729684209999923e-01 5.283962708140000296e-28 4.737240262340000063e-01
1.013598144879999940e-02 1.365372362480000059e-13 8.400957132889999915e-03 9.811337645030000225e-65 1.306448347470000083e-33 7.446681085399999844e-01 1.101220032640000054e-03 2.356532961080000099e-01 4.043673749710000097e-05 4.317278039189999773e-24
6.328235257559999827e-01 3.628149164099999947e-05 3.413234936989999885e-02 5.410652456030000274e-18 3.330078305770000080e-01 1.280547637950000026e-08 1.953195558819999950e-26 1.336150208199999977e-48 6.423192177480000435e-23 3.121876608060000017e-40
6.541285694439999965e-01 2.473906025879999939e-05 2.847903211850000078e-10 1.460769078599999931e-24 3.458466912109999791e-01 1.974016820449999931e-13 1.199546058650000076e-21 3.431645514800000059e-54 2.943379152369999869e-28 9.477299858559999721e-41
4.041612278410000081e-14 8.739678513450000263e-16 1.031618138880000002e-20 4.065259418530000057e-01 1.437940431600000062e-02 6.425166782809999728e-09 2.131816063029999971e-63 5.790946474050000514e-01 1.927099939899999938e-22 1.725405113209999958e-26
5.271739963330000152e-21 3.311049754579999749e-36 6.991164399349999873e-50 1.253390266400000062e-27 2.549009977629999952e-18 8.029476424879999839e-10 4.117482035439999910e-01 5.882295755069999466e-01 4.944205818380000069e-16 2.222014622350000073e-05
1.012888209439999973e-15 7.778117215139999888e-25 5.410475986110000468e-01 1.094585084530000025e-10 1.222714207440000068e-08 3.039751360309999740e-08 3.273823527229999947e-02 4.262141233539999963e-01 2.658430128350000059e-11 2.476924578850000006e-12
5.117045348880000510e-01 1.713886262150000062e-01 2.152992641369999918e-03 2.019485093240000103e-18 8.333413366759999386e-02 7.705176271820000110e-15 2.434812336059999883e-16 1.663220861149999896e-02 1.165604131019999980e-13 2.147875039769999994e-01
6.103047983700000029e-51 1.440096612409999922e-06 6.146952905009999812e-38 6.307007626719999789e-05 1.677429105390000082e-67 4.441677055370000238e-01 2.078598367119999949e-24 3.407330900829999813e-40 5.557677842899999554e-01 1.726672038640000001e-53
1.861686985850000013e-30 3.837701814589999664e-06 2.901317641019999907e-21 3.255220086979999842e-13 4.167820664569999677e-40 2.479818294920000110e-01 3.123989414000000002e-06 7.403677037000000460e-01 1.164350511629999932e-02 1.284533819430000046e-26
4.170917556300000227e-08 2.320675293389999894e-01 4.418935283339999742e-01 5.865408295329999847e-45 6.805767700610000368e-06 5.178878848320000160e-09 3.260320896710000027e-01 9.415146056570000472e-30 1.257255960519999999e-24 6.038179547070000124e-19
8.008812065839999962e-28 8.218279020660000395e-05 2.993401356020000009e-48 2.202877481849999941e-12 2.830475479890000101e-51 6.195030088250000267e-27 7.459658228859999962e-01 4.540138351039999757e-17 2.539519911590000234e-01 3.161668130790000132e-09
5.859373883649999781e-01 1.271782633399999862e-01 2.645752200079999901e-42 2.838808084180000080e-01 2.672387463830000042e-03 1.801496111039999899e-16 3.304305574870000238e-04 7.218560499240000199e-07 1.166816558980000006e-13 3.056093273140000108e-13
1.834624076789999891e-01 1.999559027710000145e-42 5.806800521350000336e-26 2.924654846510000151e-35 2.132796252600000220e-53 1.773705332559999883e-33 2.825499311789999748e-32 8.150563408019999567e-01 1.481251519770000096e-03 8.873809760269999927e-32
1.265297267920000032e-52 3.428162420179999854e-58 2.155103465659999884e-01 7.451827214839999991e-01 1.715814633199999947e-14 1.188935360359999954e-23 3.930693194959999914e-02 2.560438175459999818e-66 4.706015150129999793e-29 4.535069372230000226e-31
3.001340911400000172e-02 8.974267486260000359e-07 4.080642376929999928e-31 2.393467337029999975e-01 5.539142530489999954e-13 4.976911738999999918e-02 1.256867418270000124e-38 6.808638084789999656e-01 6.033886589090000111e-06 2.366361287899999899e-33
3.324102947649999751e-14 4.257243089349999760e-02 6.324970551559999654e-01 2.081875192390000145e-36 2.586879429849999745e-01 1.869271910349999985e-15 6.624257094480000274e-02 5.116648206229999760e-36 3.674741384110000081e-36 2.142378691800000000e-11
6.464290268749999665e-12 5.066996600080000412e-01 6.209384742279999524e-44 2.563363221510000049e-11 1.941732185330000094e-03 3.728825164469999705e-12 4.312424569509999757e-39 3.501494913880000063e-12 6.690628238850000444e-22 4.913586077670000218e-01
9.806981442800000648e-47 2.960836033470000102e-04 1.216388984800000014e-05 1.804309921089999880e-01 6.252441452610000283e-01 2.634984745179999957e-10 1.940166148730000095e-01 1.658008171850000041e-56 1.651856664380000035e-38 2.627464228110000101e-30
3.262297023980000095e-33 3.096088309449999817e-13 5.138180051939999807e-81 3.918239026429999883e-01 3.843632591809999915e-04 2.198277832590000202e-06 3.401053307189999767e-20 5.176974626350000497e-01 2.890818226259999922e-23 9.009207318449999335e-02
6.507188586239999571e-11 2.378592253129999791e-13 4.232146200879999959e-02 4.009662459189999861e-01 1.047483861169999955e-13 5.179888451230000301e-01 4.867911694030000242e-08 1.745140312439999933e-27 3.872339820480000250e-02 1.534881482980000102e-13
7.067572746860000255e-01 1.222165022619999875e-38 2.450808431730000066e-33 1.085340207120000022e-54 1.520576498659999912e-21 1.094718966309999929e-45 2.932427253139999745e-01 1.754569342819999945e-21 2.256186721229999909e-28 6.968485344639999988e-23
1.045044890819999939e-72 7.737807301969999438e-08 4.362979651279999670e-58 4.175314375370000053e-01 1.483896252149999873e-01 3.750939908300000186e-30 1.615253467810000130e-20 1.680348629519999973e-35 1.213765711469999952e-60 4.340788598700000001e-01
2.372201066790000099e-46 4.641536299979999862e-27 1.059140947579999967e-20 3.458792437189999736e-01 4.638180590099999967e-39 5.753950910879999627e-18 4.878364752150000103e-04 4.843403643890000221e-01 6.965291064360000506e-02 9.963964477299999678e-02
5.623994994469999620e-01 3.699578773220000018e-32 8.972286482310000268e-14 2.764692272720000062e-38 5.794421398399999912e-11 3.710277615100000032e-35 5.005528900410000180e-09 3.577669231350000285e-27 5.964562103709999856e-19 4.376004954889999854e-01
3.307994100439999863e-01 2.143661478609999934e-19 6.215233289599999914e-22 1.930088360100000027e-05 4.132344857659999709e-11 2.947351206869999740e-01 2.386717656269999952e-07 3.511156230239999937e-24 3.744459296720000219e-01 9.736376355820000732e-22
1.916329631420000124e-01 1.431330435990000038e-01 5.643254967020000403e-07 3.605514159859999842e-05 4.994520228730000011e-01 2.826817721840000024e-11 1.657453508900000039e-01 1.430091775259999893e-26 9.084207985199999628e-15 1.287576149820000084e-18
