1.783782230150000107e-46 3.542297309870000022e-01 4.314115392199999760e-90 1.731772177529999941e-51 2.244837340730000002e-29 1.465389428160000033e-29 4.111001041169999883e-37 1.599669092150000072e-41 2.683932266830000260e-32 6.457702690130000533e-01
7.900357906860000501e-01 2.124888117479999895e-22 9.604128997409999702e-02 2.803262276489999886e-75 1.844890228449999908e-19 6.176315329420000092e-07 2.151890226260000016e-91 2.930223516659999966e-12 1.139223017050000064e-01 6.141015874619999960e-61
4.793953268419999802e-01 3.333518682580000059e-01 3.835452526540000160e-26 2.095407108789999920e-11 1.143766489540000014e-01 9.080674392389999350e-03 7.137794067529999694e-50 2.175240615839999811e-43 1.994623057810000072e-02 4.384925095480000229e-02
2.786963364810000066e-01 1.185984682029999901e-22 6.689658789209999923e-20 2.813127839919999928e-01 1.927134112450000030e-06 1.226485293000000059e-45 3.688637246529999781e-07 2.135218044099999879e-02 3.926911464519999907e-54 4.186364030879999865e-01
3.977791675299999774e-01 4.307736840720000132e-13 2.027366462010000148e-11 8.035049048989999869e-65 5.584093986250000110e-08 3.914139710920000318e-18 1.176917279560000047e-73 1.429112121150000093e-12 6.022207766070000190e-01 2.377950555889999901e-35
5.706490851000000086e-01 3.249144060250000101e-37 4.027337978419999796e-26 6.856992736289999849e-11 1.279863361759999926e-19 1.841249659509999929e-32 4.293163592309999776e-01 1.082081850810000092e-09 3.487936932209999824e-31 3.455451819210000327e-05
2.105944760479999857e-27 3.251488990399999844e-19 2.011698664130000078e-36 9.644032797940000056e-09 7.473386310120000053e-12 3.565968417499999755e-20 9.394958809529999423e-17 7.142357482059999985e-01 3.148427657290000264e-120 2.857642421420000245e-01
8.977242211260000326e-02 1.384123525800000108e-19 8.760348379009999520e-02 9.209050353149999946e-43 4.654685862090000015e-01 3.571555074439999866e-01 6.565070243709999869e-113 4.450036939999999883e-10 3.659266090800000133e-19 3.246188569589999997e-47
2.630766007029999853e-01 1.521086269770000065e-24 4.647747795489999711e-17 9.413504974599999631e-02 3.403083919720000239e-01 1.001593377730000003e-55 8.402654411830000111e-07 7.537115523309999664e-28 3.024791173120000010e-01 1.135019599320000098e-12
3.685589258940000223e-01 1.212382124659999982e-08 6.078008257620000343e-42 1.146343974130000004e-45 7.353437149189999874e-25 5.881618209360000016e-01 2.985094920559999968e-54 1.253582739970000063e-15 1.844778677260000084e-42 4.327924104599999849e-02
8.426517366590000058e-02 1.100824682309999937e-102 7.853553696339999890e-01 1.303793937390000102e-01 2.545017081129999938e-40 1.481448699590000031e-37 6.296054610239999474e-08 3.833736537099999958e-23 1.868785028910000003e-35 6.825408412700000312e-51
5.474006569069999677e-06 1.419670500360000056e-22 4.291582350419999997e-02 5.369971898280000433e-01 2.424314933999999993e-10 3.762265397489999996e-01 3.843003325989999800e-30 4.060098432740000172e-37 4.385497266979999920e-02 9.780176967450000268e-27
5.462655301280000542e-01 2.204372416240000107e-18 2.212734134949999876e-01 1.338582035049999908e-111 2.125370399239999954e-16 8.043128263479999620e-04 2.529422844330000175e-136 5.890240261600000198e-08 2.316566846479999886e-01 3.647240237970000216e-67
4.709358720330000248e-01 5.289962192970000254e-01 2.270159258539999971e-24 2.490081950559999857e-39 5.797929246840000158e-18 1.363064804069999984e-31 1.068833254559999929e-21 1.770473230409999933e-10 6.761800040629999575e-05 2.904928920049999937e-07
2.375936107049999895e-38 1.694330739450000089e-18 2.407124444550000075e-01 1.326927643879999925e-23 9.469474303989999933e-20 2.795879472650000253e-01 6.040031258419999854e-02 8.937986290549999879e-02 3.299194327910000002e-01 2.905266713929999957e-34
3.995070730949999982e-01 2.185936435369999993e-24 4.066937032970000126e-47 2.598990703720000059e-14 8.199169295859999747e-32 3.808108016179999800e-34 2.059160440800000109e-04 4.101616247859999840e-50 6.050407945540000080e-04 5.996819700659999919e-01
2.212038820370000001e-37 5.367597927749999664e-01 1.768682325610000014e-25 1.816827098410000105e-31 9.598243596000000873e-07 5.300958620360000499e-10 4.896499851590000085e-26 4.632389938550000030e-01 3.427295523759999788e-29 2.530153570340000257e-07
7.024639811230000419e-02 2.046315054460000060e-01 1.452405994679999954e-15 1.350628259850000052e-70 1.168476346269999874e-13 2.613472159829999808e-01 9.878474025450000791e-43 1.719559786800000101e-01 2.918189017780000172e-01 7.000202303349999563e-17
6.357306812789999450e-08 5.195471970180000106e-42 2.442300960690000078e-01 7.266695382440000674e-52 5.019595115140000259e-47 1.068776816210000018e-06 1.859088463050000140e-55 3.661104585359999987e-35 7.557687715819999541e-01 7.823633857409999896e-73
3.059509306309999843e-01 1.656666062340000123e-11 6.552198044670000388e-02 1.429875114800000071e-73 2.224371241289999911e-17 6.383212714539999770e-16 3.273535905749999973e-65 6.264828882359999573e-01 2.044200670200000021e-03 4.692347160550000169e-43
2.174985095660000173e-02 7.764352070790000407e-05 3.962898012869999996e-29 1.178523581509999915e-22 7.171403815910000474e-11 4.890655277859999872e-01 2.010260979809999881e-34 9.907739034869999384e-21 1.077940231289999919e-11 4.891069776540000191e-01
2.552092121999999904e-42 1.694431697809999915e-01 4.926774194730000036e-24 2.382529067669999934e-33 7.912531233319999233e-34 6.698701173910000311e-13 6.785329639329999996e-01 3.100504789439999861e-13 1.520238662600000012e-01 2.408209582170000148e-11
4.115324304140000206e-33 7.926043220829999562e-23 1.060154488320000024e-04 1.592083278090000074e-26 4.364043311610000253e-01 7.333678884099999525e-15 3.734744651300000187e-22 5.634896533900000115e-01 1.200324444080000049e-13 1.084798032599999985e-42
1.956226873749999968e-11 6.541919820609999975e-13 8.024976449099999664e-04 5.688233040000000296e-01 4.516499616470000256e-04 4.267383896940000199e-01 1.913340776759999998e-32 7.700218369740000175e-35 3.184158679109999873e-03 8.579299491710000140e-25
5.838053539040000412e-09 1.278407527160000034e-21 1.049865420940000044e-01 3.429003927679999949e-11 1.502751456110000079e-22 3.644162451760000199e-01 4.215051054430000166e-01 4.916184804209999891e-11 1.090921013660000050e-01 9.475774513480000605e-22
3.710990305250000138e-03 8.540787666360000549e-11 2.605783988819999990e-14 1.079380442189999985e-04 3.975897283839999741e-01 2.615568497460000197e-01 6.375791979039999715e-16 1.300847940179999983e-03 1.169080706850000047e-32 3.357336454950000104e-01
1.158710978609999998e-01 4.184187763349999859e-16 2.503427541969999726e-01 3.840375941639999805e-13 1.392641904750000076e-26 2.349483029750000019e-20 3.773518933139999865e-01 3.900809622889999917e-06 2.564303538180000008e-01 1.535325836090000078e-15
2.383468843409999958e-03 1.684648203930000015e-74 3.012498193279999903e-01 7.006181633529999508e-02 7.683644669909999727e-35 9.107316018469999231e-65 6.263048954940000357e-01 6.676698268670000551e-17 1.654197667850000076e-29 3.603224692120000238e-42
4.004348950819999753e-01 4.381712574119999990e-42 3.627844565250000082e-07 1.061057228289999920e-43 3.330144859030000104e-83 5.995644240190000085e-01 1.365685633129999986e-09 1.074742695900000037e-16 3.167489040659999822e-07 8.186401332959999216e-34
5.865969236039999535e-01 4.029615070609999727e-17 1.611170246099999978e-19 3.862408755170000194e-80 1.472466523959999972e-44 3.589460062650000061e-01 1.147775710410000027e-34 5.445707013050000295e-02 4.438202633419999772e-17 8.287538203240000010e-21
1.199539252980000026e-01 5.837817072370000101e-18 3.245940054989999876e-18 2.514394397229999800e-01 1.186071771669999982e-22 3.747597849839999773e-01 4.536388741200000091e-34 3.959734326060000167e-67 2.538468499939999790e-01 2.176876640449999894e-12
8.161648653350000389e-61 2.655477733229999991e-03 4.428517676100000317e-15 1.767025693840000022e-01 2.035380165259999935e-08 1.856274281120000036e-01 4.002483105799999885e-01 2.347660602630000093e-01 8.660521634809999629e-45 1.335739142910000033e-07
6.667044869420000186e-01 3.388438439739999986e-06 2.429231614810000029e-17 2.647515030069999950e-85 1.081344823539999971e-35 6.038304870800000343e-19 2.518314898080000078e-46 3.332921245930000054e-01 2.702976828679999847e-11 4.105501773580000190e-24
3.195680649700000077e-14 3.407941609300000056e-16 1.129458367029999942e-35 2.137625009470000014e-11 8.369322345929999335e-71 3.330815037100000042e-01 2.123895409949999938e-03 4.487544558170000226e-42 3.134868151159999923e-28 6.647946008589999956e-01
1.553974497600000095e-22 1.126971225539999955e-01 1.390337901909999991e-26 2.863597335910000088e-19 1.133384105320000011e-04 5.329943643120000142e-10 9.165229768840000752e-21 3.897934062839999991e-01 8.087973196780000308e-43 4.973961322179999978e-01
3.106696156020000155e-01 1.693719815849999964e-08 4.516482081019999889e-10 2.132066358010000212e-56 1.503976921369999942e-01 5.389326705839999621e-01 2.266699439439999939e-241 2.259978474620000027e-20 4.288091798639999661e-09 2.687127780169999953e-40
1.380592163090000120e-10 4.324265093829999795e-01 3.356392010030000018e-28 9.496229580879999239e-40 1.096560468119999975e-05 5.675615668500000321e-01 9.282044984590000215e-51 7.209394571719999534e-16 4.392364053810000154e-08 9.141005410070000026e-07
5.359247669859999921e-12 6.264349020319999945e-17 1.278639023339999871e-29 1.079153251539999997e-02 1.534770422250000058e-31 6.648308841309999995e-01 3.224333787430000240e-07 1.171973824100000028e-54 2.050681519600000124e-04 3.241721927630000222e-01
5.128386132320000222e-53 1.336485037539999874e-85 1.000000000000000000e+00 1.309095571629999929e-45 4.331483883330000227e-33 3.322984993620000009e-34 7.956779114580000130e-60 3.295510954290000221e-22 9.271231341249999909e-33 0.000000000000000000e+00
1.329090784979999884e-01 3.383088939580000121e-01 1.989312084119999992e-12 1.378700894459999940e-13 3.112388058739999908e-01 3.004788501760000207e-14 6.937411635479999445e-26 3.809871577309999896e-02 4.316056277529999904e-28 1.794445058949999949e-01
2.101613111459999952e-36 3.828939405169999881e-16 6.582267182260000127e-02 1.076145159379999997e-07 4.434058386160000254e-01 3.439997866119999803e-01 1.306491375249999916e-47 8.241557744949999511e-38 1.467715953350000047e-01 5.379155460770000325e-50
3.997186699120000020e-01 3.446514760679999983e-34 4.828408345509999858e-11 6.043189783239999751e-12 2.831155335060000070e-37 1.405553526820000002e-11 1.537935051939999974e-24 1.543234793610000001e-53 6.002813300189999701e-01 4.272169136129999946e-32
3.237305849129999968e-01 2.976258062829999847e-04 9.717682885839999243e-09 8.758004388320000791e-09 1.665864995249999869e-01 1.818690840029999964e-03 6.102671710879999795e-02 2.977460037079999733e-01 3.398884395420000148e-02 1.148050156679999989e-01
9.645155722959999900e-02 1.269107181260000042e-20 6.261776638560000341e-09 1.169047748879999994e-02 2.855434051069999923e-01 8.586896023460000300e-64 2.392760306260000025e-01 3.670385232799999731e-01 8.008367680139999302e-24 6.944552376929999865e-12
3.192563244050000137e-01 1.154580797950000015e-01 1.048575442040000010e-11 1.393057093610000043e-10 1.552148409140000074e-01 3.165553118439999913e-38 1.113575512090000073e-02 2.911839750119999959e-01 2.103696826329999969e-05 1.077299876340000045e-01
5.187452962180000293e-01 2.955089644129999836e-46 9.862584346849999350e-02 4.356672532870000010e-13 9.397435197379999459e-54 6.655688250019999973e-29 3.826288595690000016e-01 7.441604435050000415e-10 2.626544791319999842e-27 2.443836055140000037e-30
3.712562924730000158e-01 1.726820278589999965e-40 7.435029012870000474e-42 4.239026993900000001e-06 1.070397069790000006e-77 5.889977948660000129e-01 1.735138151380000043e-10 3.160893774539999838e-61 3.241005468400000296e-42 3.974167346130000333e-02
6.115666438130000270e-36 1.042648728650000036e-29 3.512014873820000216e-01 5.538945231599999852e-01 9.490385749889999889e-02 1.319589790740000016e-07 2.827867203810000068e-36 1.052048439039999915e-24 1.282319731960000056e-23 1.601820879109999985e-49
4.040854686000000239e-16 4.866558469869999848e-01 3.077083629080000096e-06 5.316877962370000034e-25 7.366832294540000566e-21 3.468039019610000273e-01 3.594291519019999871e-32 3.499705365929999852e-17 1.665371739690000019e-01 7.171881899320000592e-18
3.227688976290000178e-01 5.063357576349999944e-02 7.365544711539999980e-13 2.792479541309999927e-12 1.807552169860000002e-01 4.147511113340000283e-09 3.345127745469999954e-32 3.056807357829999794e-01 2.525252879899999857e-37 1.401615696869999983e-01
1.040001487490000063e-11 4.261528676939999732e-02 1.337712414710000007e-37 2.401848099909999800e-10 8.487892308120000007e-02 1.634770891129999904e-01 3.199250641749999817e-37 4.377062661510000241e-52 9.929817615229999395e-02 6.097305246340000151e-01
4.050929869659999925e-15 2.388508257850000184e-18 1.658182880830000110e-50 4.000017084279999802e-01 4.104951165760000256e-05 4.698974155890000204e-81 1.239652091589999951e-20 8.749746855120000290e-45 3.937696328999999975e-36 5.999572420600000067e-01
3.584355886300000175e-13 6.131019034650000421e-01 1.089897077960000004e-33 3.838659332849999896e-61 2.505421362879999885e-14 1.922382447140000131e-54 7.021479237719999920e-32 1.048171544300000044e-14 3.868980965339999800e-01 3.640373234500000012e-13
1.782125748229999862e-01 1.084618936830000051e-16 1.000731884580000032e-20 1.783484997609999977e-16 9.064058407370000019e-45 3.688974309260000251e-01 1.477167025330000105e-01 1.974485600030000140e-33 3.051724876069999981e-01 8.041118634360000454e-07
7.139683900469999678e-01 3.795154207580000337e-30 2.831429452370000092e-09 9.600476892730000625e-25 2.029700797240000031e-106 3.715927749950000217e-12 2.860315959290000154e-01 1.210809605350000036e-27 1.118859316119999934e-08 3.908950805449999873e-23
7.337698975919999681e-04 2.646131426770000111e-26 2.657057433179999955e-40 1.210151246800000024e-01 4.189213429999999893e-48 4.634909644770000003e-01 1.603541081050000076e-12 2.432308356089999805e-74 3.911290573969999740e-20 4.147601409430000108e-01
5.833362466569999670e-58 9.107408465140000318e-35 2.469080644069999997e-01 8.650098413489999527e-32 3.999557075000000197e-19 7.497243646600000311e-01 1.148283357710000079e-33 3.367570933489999994e-03 1.537157089700000042e-38 1.165898557899999995e-63
2.045713212939999882e-85 6.494208048199999893e-15 2.176314893709999920e-01 8.460914191119999781e-12 1.362066188899999919e-01 4.087885523129999670e-08 4.092559206979999864e-01 3.550935394610000239e-04 2.365508366140000041e-01 8.883442145269999763e-44
1.867090157830000006e-03 3.803094887270000053e-07 1.000194057279999993e-01 1.360810089469999861e-85 1.933570947500000019e-57 2.095045423939999873e-01 1.118610183599999922e-37 2.921576691039999840e-01 3.964509123070000252e-01 1.835100036820000055e-34
5.865816656640000515e-01 2.427591546640000132e-21 9.693303352710000245e-54 5.242614439929999676e-02 8.239374054849999669e-14 8.263266222410000226e-26 1.508741402560000097e-46 3.201436242620000113e-86 2.835490551100000106e-24 3.609921899369999965e-01
9.537617016790000285e-80 1.026992711440000011e-01 1.553546554199999938e-18 4.239188112610000059e-01 2.117279922120000046e-01 3.067174856940000054e-33 2.616539248209999724e-01 5.616354044929999504e-10 2.797856794899999791e-23 1.137606024310000066e-12
6.681197591069999967e-20 3.462407994550000256e-01 7.244494411910000202e-24 2.115567868209999964e-40 4.803342380279999704e-16 1.110260097749999927e-22 1.475562876850000014e-07 6.473848455580000216e-01 6.367209092260000397e-03 6.998337961960000394e-06
4.709060585109999808e-01 5.289532340479999872e-01 2.911615669710000015e-23 1.250772588810000028e-39 2.539255277549999843e-18 1.195122305549999997e-31 1.222359535679999990e-21 2.285415228389999892e-11 1.370533086909999981e-04 3.654109282140000026e-06
3.048728831740000200e-01 1.711214784279999862e-05 1.842986752450000055e-10 3.337135968299999906e-33 9.794510230419999554e-51 6.277386674750000352e-15 2.353457156190000010e-01 7.596134289879999867e-09 4.597638151940000029e-01 4.660841118020000026e-07
5.463887209709999970e-01 3.330488324479999830e-52 2.215503943459999903e-01 3.575780556740000249e-35 8.759908501699999921e-60 8.431237709719999847e-05 4.167346847900000164e-43 2.350513988160000109e-45 2.319765723059999951e-01 2.232502146400000070e-67
3.831893279840000166e-01 5.844671829289999949e-08 5.881315732840000054e-21 7.191543249679999917e-06 6.166680884609999636e-01 3.598413102969999919e-07 1.200685820609999926e-37 1.049620337380000101e-28 6.994582371169999714e-17 1.349737235449999934e-04
4.819458322390000188e-02 2.632448505019999886e-21 2.962026550810000050e-05 3.622717335549999977e-33 9.653563167130000711e-62 3.003233425110000132e-01 3.089482529520000131e-01 3.425042010470000231e-01 9.965083628200000400e-16 9.043070319859999651e-16
6.217437234280000224e-02 4.785710470589999987e-01 1.203363994580000052e-11 1.633661758549999898e-01 1.602859475600000010e-19 2.036208287869999967e-01 1.400369267489999973e-14 9.785723512660000532e-36 1.658582749379999832e-02 7.568174845099999437e-02
9.808912529120000111e-53 4.849565222750000380e-16 5.976176752230000053e-40 8.259458047230000544e-02 5.909475771759999940e-01 1.886695991339999948e-23 5.554012589190000099e-02 1.645173369669999950e-09 6.808387368510000176e-49 2.709177148149999881e-01
3.413276999199999754e-16 3.942443093620000005e-01 2.486871830330000092e-37 5.553310269450000096e-130 4.926458188270000357e-37 4.484619175049999740e-01 6.094975754599999403e-79 1.572937731319999921e-01 8.823867839299999818e-43 2.510343971900000046e-15
5.913453970349999592e-88 8.924262998849999545e-07 3.003452744239999801e-50 1.011539610769999978e-08 3.645604903219999970e-01 1.306442659120000059e-52 2.549857435119999849e-01 6.032605033700000341e-02 2.920241581479999877e-70 3.201268132860000115e-01
4.082861390449999942e-28 1.473711886760000026e-25 5.006210985900000354e-01 5.605138948099999838e-23 8.282341713060000126e-10 4.993789005820000182e-01 2.346376736159999849e-77 1.203874820020000066e-31 4.675860233919999736e-14 2.614663803089999818e-62
5.870415110400000192e-01 1.767972578139999894e-60 3.151630299780000008e-21 4.568758516120000057e-02 5.146150341109999647e-68 5.387604631509999790e-29 1.096510104969999920e-05 2.434085819449999869e-94 3.672599386979999991e-01 2.908145895300000212e-28
9.669345166899999400e-02 6.348847613639999888e-103 7.845828525439999535e-01 1.187233593459999931e-01 3.449492041070000128e-40 3.695754473720000006e-37 3.364407400440000245e-07 3.625020867579999876e-23 3.764676105410000220e-35 1.595386159310000068e-51
1.547666206609999942e-31 3.203039414310000200e-06 1.464451701519999890e-44 3.299585646420000185e-02 5.516804359500000273e-24 2.971980095580000203e-01 1.276911269799999991e-11 9.670535367630000281e-80 2.676460483900000020e-01 4.021568825349999821e-01
1.782535590390000035e-01 9.029942557739999751e-41 3.072218934500000054e-01 1.604883163679999986e-25 1.274913620120000055e-54 3.657848527679999906e-01 1.486887592810000047e-01 5.093546224079999792e-05 9.392314067950000354e-17 1.714680727040000088e-28
7.749296099569999925e-24 1.992733208809999851e-02 4.079489473439999713e-40 8.277549590549999875e-24 7.263971907099999736e-01 1.883667354739999908e-15 5.801803703929999647e-72 5.128421192539999810e-62 2.536754772020000104e-01 3.335458210199999901e-16
3.998469089310000002e-02 5.894929371189999776e-41 9.722177932629999574e-05 3.009594884199999834e-02 6.271868548369999852e-01 1.028688770650000019e-72 3.025020901900000170e-01 9.647403631989999234e-12 1.331934489430000004e-04 1.299384458629999927e-27
1.788735253479999954e-01 2.718142910489999918e-40 3.189344473660000179e-01 1.781769045780000060e-01 9.446412020009999810e-27 3.789751022009999924e-19 1.598114982340000014e-03 1.475771558350000041e-29 3.224170077260000156e-01 1.790858208770000009e-28
1.203783397059999954e-01 1.386085325450000061e-28 3.051947083490000263e-05 2.769248244890000141e-02 1.917465224100000087e-01 5.313369334799999616e-72 2.514651635480000258e-01 4.086869724170000273e-01 1.732819418910000138e-17 9.171868539279999560e-18
5.871498423940000322e-01 3.075377119259999946e-105 3.634608442819999841e-01 4.938931332049999873e-02 2.614820526950000081e-54 2.588510893090000217e-29 2.929200177750000094e-12 1.349412688859999998e-46 1.595334767130000086e-21 7.774933386680000263e-60
1.017812865470000029e-66 4.785564300779999725e-01 1.991136770030000123e-38 4.160006669820000129e-55 8.013273997559999892e-43 5.214435699220000275e-01 3.603071264809999930e-35 1.848578159069999955e-28 4.544592117980000437e-19 1.398070296090000146e-20
7.359824026220000173e-10 3.428395772910000098e-49 6.260097416859999875e-01 1.115897768760000051e-13 4.729562770100000090e-38 4.519507448140000039e-40 3.082280399149999739e-01 6.576221766320000661e-02 2.014350340200000115e-38 9.130509175190000453e-36
7.900091621170000078e-01 2.031110550809999982e-22 9.779956588410000651e-02 4.639234136710000222e-75 1.852399439999999967e-19 6.394589304220000395e-07 1.425786356689999918e-91 3.397316950499999847e-13 1.121906325389999959e-01 1.125932853570000096e-59
3.829976615250000237e-06 4.986204245710000138e-05 1.752435220920000044e-08 2.487388038019999973e-31 2.004670294779999952e-03 1.190405358779999999e-36 1.661699033460000068e-21 5.698612957309999727e-01 4.280803244299999921e-01 2.254155604899999981e-17
6.667051266550000355e-01 1.352748801939999980e-06 1.013787987289999946e-16 7.362653123820000303e-85 2.162236409699999967e-35 2.018976101539999969e-19 8.686422668029999357e-46 3.332935205629999897e-01 3.312548877150000228e-11 1.067133747300000043e-22
2.586700671170000201e-31 6.471980071239999410e-02 2.031529938040000094e-01 5.282986487240000388e-22 1.436239956389999990e-10 7.269113040319999499e-17 7.580260352110000585e-09 2.857197461439999753e-01 4.464074516159999839e-01 9.431074040970000677e-27
7.170243408829999991e-03 4.053331680139999843e-10 7.053999438579999828e-16 2.363137549839999991e-04 3.982065592829999723e-01 2.606139638680000092e-01 1.872868144929999973e-15 6.938177873839999617e-05 3.018691284089999993e-32 3.337035375010000138e-01
5.061711588159999858e-02 2.701702160809999961e-02 2.711174244349999762e-01 1.498593993079999909e-01 1.053496085880000072e-14 2.336199493170000030e-01 4.305193243629999765e-05 1.052165929729999977e-01 8.334412617239999467e-18 1.625094445449999925e-01
4.425094050569999826e-01 1.890196872960000102e-17 1.081599480450000017e-16 1.346339304749999966e-01 5.388988167040000314e-05 1.222048628469999938e-24 1.347052488680000028e-17 1.741834712210000025e-01 3.787255575059999837e-68 2.486193033640000105e-01
3.201274174289999758e-17 4.866568177160000008e-01 4.111192551259999621e-06 5.254636021989999736e-25 3.772693391899999724e-20 3.468031334719999803e-01 8.504747378479999358e-30 2.761247654400000067e-16 1.665359376190000129e-01 1.862577900960000057e-17
5.159677273829999961e-85 7.211306957920000244e-38 6.975124139749999821e-68 6.672617904459999805e-01 4.270416984300000177e-33 9.470064597320000121e-33 3.327382084789999861e-01 4.349527219770000241e-50 1.431160644619999949e-70 1.074184315840000048e-09
9.962280504429999367e-60 2.369231601189999991e-29 4.831347244240000172e-01 1.239136311649999961e-01 3.929516432090000011e-01 1.200480058329999926e-09 6.379594076819999965e-32 9.373966151940000325e-27 6.613236312719999844e-13 4.208947108460000094e-56
4.796869083229999831e-01 7.932813455500000007e-25 9.358131142760000546e-32 4.883103465520000075e-01 1.333686135139999962e-42 2.863426599939999928e-02 8.671240139720000011e-28 4.292278369770000098e-106 3.368477984970000023e-03 1.140330587540000088e-09
4.800745861249999802e-01 1.204602138880000050e-23 3.510122389179999925e-31 4.882778475569999888e-01 4.319288172189999777e-42 2.733218882299999833e-02 3.072017916759999932e-27 2.916302552879999887e-106 4.315373065180000238e-03 4.429836657599999650e-09
4.199552776089999795e-22 2.382386392440000239e-97 1.282988398289999978e-13 6.672617900920000400e-01 7.619408390769999889e-34 2.501901855209999963e-89 3.327382099080000155e-01 1.864599274450000093e-49 1.694465573500000029e-15 8.971190105079999859e-62
2.806472791440000128e-02 1.062071443010000060e-01 1.862150069289999885e-18 7.081135073299999858e-43 1.400805379709999984e-56 3.744678450680000159e-01 4.273108040270000019e-01 4.564404985139999836e-08 6.088508211959999666e-02 3.064350925960000055e-03
2.259316421350000131e-02 1.502954970839999981e-02 3.136789176799999708e-36 3.489736098609999831e-69 1.225631121639999996e-41 4.030711226579999917e-01 1.296890910349999964e-42 1.153015344679999971e-01 7.548750365870000609e-49 4.440046289519999911e-01
1.183186493030000069e-10 4.283570984380000168e-02 1.093173043090000057e-36 9.124989861869999703e-10 8.966620752619999801e-02 1.684259293750000053e-01 1.449611953049999987e-36 3.453338663579999944e-51 8.944520453889999445e-02 6.096269476850000313e-01
9.079068974330000151e-06 5.614610340979999670e-01 1.914553760379999979e-06 5.894196538880000297e-27 1.579684407839999916e-01 2.141709601170000155e-09 2.234689797620000008e-40 2.805595292820000086e-01 7.262580621079999454e-11 4.006780465900000278e-14
1.089643731669999970e-02 2.722178286039999828e-23 5.752137776739999675e-65 6.945402487419999777e-57 1.910035629549999878e-72 9.477074667240000639e-69 2.413740786420000006e-01 6.737561754500000176e-27 7.504459242929999643e-18 7.477294840410000365e-01
3.544459591859999797e-32 1.336908786580000008e-01 2.560561100009999813e-01 3.431996411629999974e-28 5.137986343769999953e-16 1.379110208849999955e-15 1.897461685639999970e-10 2.269462715270000042e-01 3.833067396240000257e-01 8.218897535570000317e-27
8.806393737640000190e-18 6.223289223040000540e-01 2.822377225589999849e-12 7.679061178849999754e-42 3.003783955170000186e-01 1.754849502049999989e-12 4.826998473280000293e-59 7.729268217430000643e-02 6.521376595569999511e-27 2.223506845069999962e-24
1.916502348069999973e-01 1.161540316630000056e-13 1.089972875890000086e-15 1.282799244159999945e-60 4.573318204210000197e-101 4.531489166580000005e-01 1.964424927719999880e-01 1.587583554289999921e-01 1.464987057440000001e-12 3.331106489659999885e-10
1.004441475500000014e-01 1.578256581650000050e-21 1.862206812850000122e-51 1.151122927290000042e-01 2.849580704699999812e-13 8.637889662770000021e-12 3.219057429759999755e-35 1.222917802170000088e-96 3.648299138670000308e-11 7.844435596750000128e-01
3.049495915620000193e-35 8.096796633100000874e-28 2.406670030890000166e-40 1.768844927250000088e-01 1.079051523470000036e-10 1.969778372959999870e-46 2.105574680510000161e-03 3.693880828680000117e-01 4.688905945359999654e-128 4.516218496189999820e-01
7.073479190200000504e-33 1.852285624359999994e-06 8.061498960740000405e-43 3.093897652919999977e-02 6.190931949240000122e-24 2.966322266110000272e-01 2.155100179060000028e-12 4.258045708189999844e-78 2.690452079940000019e-01 4.033817365780000275e-01
1.008134908170000010e-01 4.236340268800000080e-35 1.919005483879999974e-02 6.394663262749999966e-02 1.606860657049999919e-01 4.738937286960000344e-21 2.338580533690000074e-01 4.215057026430000242e-01 1.598267468049999939e-13 7.903886160549999761e-18
2.238110400509999891e-28 2.042732907849999939e-26 5.006210966199999834e-01 2.963066040529999940e-22 3.282693343750000098e-09 4.993789000980000115e-01 8.068467751289999624e-78 3.578066211229999963e-31 1.603459374759999945e-13 4.137460430070000136e-62
5.996932261349999793e-01 8.979833620789999738e-34 3.974226892230000030e-01 1.085084253940000003e-33 7.269816369380000263e-14 2.206800339120000166e-21 2.025566989560000032e-40 2.884084641970000029e-03 1.052126930969999915e-18 1.518743463399999921e-46
6.751552200000000520e-45 9.907439775489999856e-33 1.415288352940000048e-28 9.465408838860000649e-81 8.974029723059999601e-58 1.000000000000000000e+00 1.865690904479999922e-93 8.311274381580000005e-43 1.174856242660000060e-28 9.042541415890000691e-65
9.047132271679999993e-32 5.705824505989999974e-58 7.506552361809999685e-02 1.346736848299999961e-25 9.071549490469999970e-64 3.081080238860000166e-17 3.804446795509999757e-01 5.444897968309999614e-01 6.129187725289999782e-44 5.344769513989999801e-52
5.999991789609999682e-01 1.633092400070000102e-29 2.579590232470000214e-50 2.586093710919999841e-33 6.192664858719999953e-56 5.276318471580000450e-25 3.218945304690000047e-06 2.420726802650000007e-29 1.989876536260000168e-21 3.999976020939999821e-01
4.373400402050000024e-01 2.181667966080000151e-62 6.648946487580000009e-02 8.857876073739999528e-14 2.195348479639999959e-60 1.541161673650000008e-01 3.420543275540000039e-01 5.329254458470000176e-13 3.892791577339999861e-26 1.930471000759999841e-33
1.045126409199999967e-01 1.525070004410000124e-48 1.320617246290000066e-11 3.719523491339999932e-01 4.794173060769999691e-43 5.150341249109999797e-01 8.500885021679999501e-03 3.242915351089999776e-16 1.547804206030000113e-53 5.266008391709999945e-14
4.937828973310000036e-01 4.756471070220000112e-25 2.089323822180000097e-32 4.938103195079999730e-01 3.616508760940000244e-07 5.791997174699999559e-29 7.446049387389999714e-27 1.568942192619999953e-32 9.692286176859999389e-37 1.240642150950000029e-02
5.810023774320000177e-10 5.260018133950000035e-02 2.580848844039999991e-15 1.329628965950000098e-37 7.214777930089999458e-01 2.259217929579999951e-01 5.453236107029999966e-87 1.283796979770000018e-22 2.321128079870000033e-07 9.008100303329999615e-24
1.916254169680000063e-01 1.857943662379999914e-11 4.026136386399999872e-16 3.782628026160000085e-62 7.373688227400000414e-100 4.531685590210000059e-01 1.964670739390000087e-01 1.587389486899999924e-01 1.957952379330000014e-11 1.342860224999999920e-09
9.416509007479999677e-19 2.342839727109999998e-12 9.957601636289999782e-41 2.850856980060000052e-18 2.085655648879999986e-46 1.706383996569999873e-04 2.065624643879999944e-01 2.228133370460000175e-49 6.409819411730000027e-01 1.522849560370000133e-01
5.714527105029999776e-02 2.219245914099999952e-11 5.177042500079999951e-04 6.398468788070000045e-26 6.577067158070000197e-01 2.806443241539999800e-01 1.188024845319999976e-64 1.453075488140000053e-15 3.985984716520000158e-03 7.232137958380000331e-27
1.082942435559999944e-01 3.156351638180000222e-70 1.469283272110000062e-39 1.126875123790000052e-24 3.853990080950000063e-63 5.196526664930000261e-69 3.362237607090000080e-01 5.554819954859999687e-01 1.903467085300000095e-133 2.495005694150000062e-10
1.778802154630000076e-01 1.775392489229999894e-26 3.690007698360000112e-17 3.979722027109999725e-26 1.706638817389999924e-62 3.643121841509999737e-01 1.487963295970000099e-01 6.261729136689999753e-27 3.090112707889999810e-01 1.534952249100000053e-13
6.617068880160000000e-02 1.392004345480000070e-35 9.851111828649999428e-37 1.467564497709999971e-01 4.197837845809999900e-42 9.800486289309999842e-37 3.470033674689999806e-07 3.528172958259999932e-95 7.870725144069999901e-01 1.732169974010000057e-11
2.914418824850000256e-01 2.159269015480000109e-01 1.447855184610000014e-09 1.045297282999999989e-21 8.679335086649999680e-38 1.356718702899999941e-09 1.308397494430000030e-01 1.811273404139999949e-11 3.617797980429999782e-01 1.166565810160000036e-05
2.820182625610000090e-53 5.136896222910000003e-15 1.168998128500000036e-38 9.020995519440000443e-02 5.920174905209999450e-01 5.029865548339999935e-23 2.542485421319999953e-02 1.394039910430000007e-09 7.572204824820000215e-49 2.923476986770000008e-01
3.942020777210000104e-14 1.036913885519999928e-06 3.142187392359999997e-12 6.180966721789999842e-44 7.968798222239999763e-53 2.926335262120000058e-01 5.615160643480000546e-01 1.268768533869999993e-01 1.897251913059999975e-02 4.385447793899999791e-12
5.125368139470000139e-01 8.927921072849999430e-19 7.517244688280000234e-04 2.116694342620000020e-13 4.251057302410000127e-01 6.160569803979999703e-02 3.155849865209999965e-50 3.330291854229999753e-08 6.542178557809999705e-31 5.501194914289999995e-23
1.160838754029999975e-01 4.754823936530000127e-14 2.477899119009999984e-01 1.259350782950000045e-17 2.369680352279999862e-30 4.853971084600000256e-16 3.761657937880000246e-01 2.824589379309999822e-03 2.571358295289999929e-01 7.466894315319999645e-17
1.865852692339999874e-10 5.943907459859999742e-10 4.306628327859999915e-30 4.656645422480000308e-36 1.025181701430000049e-73 6.671843813540000445e-01 1.167750725479999973e-08 2.866963408059999903e-11 2.336864383989999975e-38 3.328156061590000214e-01
2.506269418570000185e-01 2.459568777040000024e-18 2.705258115630000064e-14 2.581298143979999793e-01 3.802884561679999859e-02 4.100569300319999860e-02 5.043110979780000356e-13 3.385719512699999784e-03 1.224663512420000050e-48 4.088229856110000004e-01
2.547073037679999929e-01 8.691883717790000024e-45 2.835561188380000264e-01 1.313003881500000025e-01 3.260818429060000079e-01 2.887433756570000136e-55 5.672235840839999705e-04 3.787122752959999877e-03 6.351069988209999741e-15 3.512997536569999700e-27
2.635557850910000277e-01 2.658186355510000129e-16 1.084160986039999971e-16 9.111953608049999653e-02 3.416199557290000022e-01 9.600452111560000046e-46 1.937876310760000033e-03 1.302192484809999953e-18 3.017540131790000246e-01 1.283361001649999948e-05
5.556133014940000114e-01 4.974376408609999963e-25 7.641782645279999887e-55 1.066024026249999981e-95 4.403691796920000206e-122 9.825648874879999771e-26 1.534300258520000007e-10 1.108214302180000055e-01 2.311129591019999979e-61 3.335652681340000036e-01
1.145367689220000013e-01 6.011979363280000300e-14 3.342123927029999906e-20 2.569510729889999956e-01 1.404300880790000021e-15 3.834247546790000016e-01 1.699736149649999899e-40 5.731630660389999927e-77 2.450874034090000098e-01 1.200932780800000018e-12
2.711012427509999931e-27 1.801304777050000139e-01 1.068656365629999961e-25 1.733697295729999975e-57 5.239009655199999718e-14 2.583246956560000251e-01 3.400500158310000193e-60 5.615448266389999610e-01 2.000071701999999994e-44 6.912325417330000362e-16
1.368999226379999953e-05 5.614298466779999996e-01 4.312462528990000167e-07 3.942613235599999979e-27 1.579132011559999937e-01 2.355593632850000000e-10 2.279876957980000088e-38 2.806428305109999743e-01 1.803843291920000065e-10 3.487530114300000244e-14
3.820463481629999825e-01 3.820779116150000302e-40 2.495230690319999874e-08 2.160155924510000122e-33 2.442296259260000142e-89 6.377638834849999876e-06 5.219699436239999546e-01 9.597730562200000592e-02 1.893709903279999878e-35 2.628129315910000138e-21
2.116578366820000001e-01 9.777966923870000030e-06 3.912022907229999945e-05 4.704707283439999999e-01 2.224476780330000033e-23 1.115464815839999936e-02 4.139327972919999710e-02 2.037232442080000041e-06 1.853156794890000047e-25 2.652725716570000225e-01
3.728943161719999733e-01 7.075593635450000309e-41 2.315771995659999848e-42 4.970810018949999582e-06 1.011867312280000032e-77 5.895182356810000357e-01 2.250768142210000115e-10 2.065457805060000013e-61 2.134725054190000138e-42 3.758247711169999949e-02
2.271506441319999884e-13 6.131019034629999753e-01 6.129097026249999615e-34 2.975582877109999840e-64 2.886835086489999812e-14 1.816103754139999937e-53 9.825428026149999854e-32 4.069677600429999810e-14 3.868980965359999913e-01 1.008971583099999936e-12
7.740186074110000128e-59 1.662852303080000066e-29 7.181708452970000378e-01 1.760015641810000055e-07 2.498745280580000061e-01 1.754659112159999949e-29 9.894182984639999796e-21 5.492450064629999926e-26 3.195445064389999812e-02 3.482679597889999697e-67
5.849434579369999776e-01 4.242614382910000363e-43 4.739423714620000234e-21 5.978274803559999878e-02 1.739306485929999842e-49 9.088432505099999844e-22 7.249414287259999640e-12 3.012607878830000150e-89 3.552737940210000112e-01 1.175803379510000064e-23
7.949108417100000332e-18 4.792674041350000191e-01 8.853099005440000162e-36 1.939850646579999827e-52 2.665468919340000117e-05 5.207059411759999978e-01 2.309099466549999955e-83 4.110394088310000024e-26 1.199075742550000103e-16 1.822989407159999939e-15
5.404778708940000120e-01 1.497421374250000131e-14 2.420148466249999984e-03 2.092546410000000033e-12 4.519406133239999845e-01 1.071079786940000020e-22 6.467473875109999599e-16 1.105916892129999925e-08 5.161356254290000271e-03 3.498657745489999856e-20
4.999492903150000167e-01 2.453191152849999932e-28 1.190672622789999985e-06 2.471744272100000260e-32 2.150400279699999872e-18 2.569311457609999854e-39 8.140471775449999798e-28 5.000495190120000100e-01 9.875950313089999882e-26 1.158085601000000094e-31
7.139683928059999962e-01 4.221305191339999651e-30 3.742251125830000392e-09 9.949986887140000563e-25 4.816476288759999760e-107 3.514907313729999878e-12 2.860315988289999778e-01 1.165512097460000059e-27 4.619560941470000213e-09 1.715599924149999950e-22
1.532589411749999894e-44 8.221855887730000196e-27 4.589320695600000374e-03 5.259074822749999489e-01 1.219367680489999981e-10 3.753365731419999740e-01 4.037662195459999770e-02 5.379000181109999668e-02 2.557975931800000147e-29 2.502923725850000125e-27
5.187452909740000173e-01 9.530344541639999694e-48 9.862585332409999628e-02 3.992748255010000149e-13 1.639077439150000070e-53 1.087435917549999996e-28 3.826288551290000228e-01 5.728311439579999712e-10 7.210357371630000430e-27 2.057090830020000062e-30
3.412059711689999883e-26 6.119275521829999898e-01 1.255566599620000033e-40 4.137771017619999935e-26 5.436795049249999734e-02 2.729444413630000010e-01 3.324639616210000064e-55 1.793615123800000017e-47 6.076005016850000162e-02 5.792696369609999876e-09
4.000604150870000299e-31 1.958847433430000090e-16 2.247360843520000186e-34 1.623072024609999916e-18 7.280885645679999573e-13 6.519878077919999429e-51 4.000200830869999891e-01 5.999713151690000412e-01 3.353872790780000079e-46 8.601742803790000206e-06
1.814144574559999997e-28 4.228676810149999801e-07 4.092801762059999727e-36 1.349204626030000070e-05 4.860636214180000247e-01 1.673703492719999855e-11 2.089902990099999906e-16 2.846197496040000203e-26 6.186830987249999768e-20 5.139224636520000056e-01
3.964304934650000022e-35 7.599414516759999793e-56 3.007659716409999859e-28 3.339442713340000091e-01 1.468469902070000028e-29 5.249676411129999736e-131 6.660557286660000464e-01 5.629606019200000212e-44 2.585390864970000086e-30 1.171054458900000089e-34
8.608598071840000803e-34 4.030211417579999893e-36 3.999656480709999906e-01 6.000313153140000022e-01 3.036613732459999999e-06 1.090765338479999949e-12 6.427386537870000014e-26 1.378540755679999929e-22 1.197261165519999981e-21 4.382611833930000231e-46
4.708930015839999927e-01 5.289507842499999724e-01 2.976033784389999861e-23 2.171554563449999974e-41 7.492795390969999969e-17 1.536644937660000087e-04 3.271342587620000181e-60 1.122775970789999921e-08 1.584962595299999963e-32 2.538443558219999815e-06
7.247825363490000309e-04 8.370535664670000475e-35 2.845226845800000040e-33 4.735605007819999879e-02 2.924769328869999963e-01 4.497282131859999674e-64 6.465297325669999706e-01 5.958002693690000281e-09 6.679308692659999664e-38 1.291249597319999928e-02
3.708870748759999780e-01 3.594813217629999867e-34 4.707305988240000030e-09 1.121398334890000048e-04 1.718708720590000128e-36 7.201087517290000184e-02 5.569899039419999864e-01 1.799305823900000003e-26 1.467792890510000074e-09 6.553502181830000054e-18
2.463651646049999964e-09 3.204148401679999828e-06 9.660981652220000475e-32 2.533459473630000033e-42 2.367429074999999966e-29 4.314423843179999996e-02 9.885786218809999521e-33 5.488486017150000507e-01 2.724871075300000077e-58 4.080039532409999725e-01
9.427255120670000189e-61 6.455768272870000271e-05 4.503362322839999932e-01 6.162760558219999406e-08 1.639194155929999952e-01 9.664310972419999646e-02 5.532571745919999700e-28 2.890366230890000221e-01 3.540682302520000028e-37 2.356141888249999842e-28
4.999818261260000063e-01 2.657299365880000232e-32 9.079133237130000103e-36 4.999870542950000107e-01 3.110717543860000016e-05 1.505078514909999988e-38 1.200650560220000057e-34 1.991667439850000003e-37 1.141688225359999994e-40 1.240316126190000019e-08
