2.394050390840000070e-45 1.990474684870000011e-01 4.945238605090000125e-32 2.842529974110000044e-28 3.066226967430000138e-74 1.426886867000000045e-04 2.417108851410000036e-22 8.008098428269999625e-01 9.455528211770000511e-19 3.806084378409999773e-39
3.213974326280000238e-02 5.264495843349999843e-02 3.460040206450000211e-01 3.745534094410000198e-33 1.072464199569999957e-23 4.500828362470000116e-23 7.801241319379999988e-16 2.231963521769999993e-59 6.720867952410000309e-18 5.692112776590000367e-01
8.780745671380000507e-26 1.634089587399999988e-01 4.650760328590000103e-01 5.869381237090000261e-11 3.538311838830000139e-02 3.675078048089999869e-20 1.871462573069999913e-01 1.376725320510000004e-07 1.489737280260000074e-01 1.176694838779999999e-05
4.253272790480000091e-61 6.162271575889999672e-08 2.498409017469999874e-20 5.001312885299999955e-01 1.010433548530000039e-19 2.347372601209999893e-47 7.498438061579999845e-06 1.368152983509999999e-05 4.910866253300000261e-01 8.760844549610000143e-03
4.036785637350000109e-19 1.890077173609999994e-01 7.859461210710000367e-01 3.074741304340000085e-103 5.819851097060000381e-56 1.508510731729999959e-49 1.841721045780000019e-50 2.106592336169999978e-22 3.462475631019999993e-05 2.501153681219999911e-02
3.735007353220000234e-41 6.117671406190000554e-14 1.091399865880000038e-08 4.193003530380000066e-01 1.965826282020000057e-17 5.069504195680000324e-50 1.251281810360000067e-14 1.157539736109999976e-19 5.243401705529999735e-01 5.635946549569999936e-02
5.552554566080000010e-44 1.966701978859999866e-01 1.701848069780000003e-57 3.897720267079999856e-01 1.926120214290000018e-48 4.872118538630000164e-29 1.170519764320000072e-02 4.018441062640000228e-01 2.979093867510000253e-29 8.471498625010000604e-06
5.147991171249999970e-02 4.667961679389999730e-01 1.928542796809999913e-08 2.626716914670000236e-07 6.618300842640000015e-03 1.429840203069999960e-06 9.619577836069999333e-02 2.186348606829999796e-40 2.535102641519999819e-25 3.789081293480000001e-01
2.834985715339999790e-07 1.264330378369999898e-29 2.145422907020000050e-07 5.095948025870000302e-63 1.521600350249999912e-27 4.151188265029999887e-35 5.961649052130000164e-54 2.142554673149999834e-24 9.999995018239999922e-01 1.352400307480000094e-10
4.227987958039999992e-10 6.495354778070000501e-01 2.638687161770000019e-11 8.559329477629999683e-02 1.737506879410000079e-38 4.958064845750000526e-07 4.266189948629999790e-26 1.664530529780000118e-05 3.248401127950000067e-15 2.648540858560000100e-01
3.789148985560000238e-01 2.288687503049999907e-48 1.428450774679999914e-07 1.591434605680000156e-02 1.684414164489999926e-03 3.719804275750000174e-40 8.761450049290000404e-44 1.595561820119999975e-44 2.104239363880000054e-16 6.034861983779999939e-01
1.774400494300000045e-15 2.096634930710000023e-29 5.090888595339999600e-01 4.907830381039999801e-01 1.274100557689999882e-04 1.004362518310000012e-22 1.187856976600000101e-37 6.251029846809999695e-15 6.919701019779999812e-07 3.353906380180000039e-10
2.025443732589999879e-01 3.158590117280000165e-01 3.499654385159999825e-01 8.524905704459999805e-74 1.373910758139999907e-68 1.134315318840000061e-31 1.480157967300000045e-64 1.720821722620000126e-60 6.309219097620000127e-32 1.316311764960000075e-01
2.448748198300000067e-01 7.982345923000000454e-02 1.357237711159999963e-14 4.888536206700000226e-40 3.126192936700000146e-18 3.088797850249999833e-05 3.466836735409999926e-01 3.692192378120000300e-18 3.156288056329999980e-01 1.295835378779999943e-02
8.269623725689999379e-14 2.249750293650000121e-10 6.789891913029999504e-01 3.208887128790000043e-01 1.220838981509999872e-04 1.169447961919999960e-08 2.636613832529999799e-13 2.600845881809999990e-33 8.476904162839999706e-30 6.018110529519999948e-26
3.840471216770000179e-23 5.304810428559999699e-12 2.186968436900000097e-13 2.369446375870000229e-13 6.515043405389999718e-22 5.084490915299999748e-11 3.791484744609999840e-11 2.423975286560000053e-01 7.576024712500000202e-01 1.792912403479999970e-17
1.064043396470000061e-52 4.892447665429999759e-01 8.432066716509999983e-05 2.848603296199999843e-02 2.424747335919999816e-03 2.568962653530000086e-23 2.638365823189999793e-01 2.159235496880000105e-01 4.853966989179999700e-10 2.558759153870000059e-23
4.915449118649999893e-01 4.434782393849999726e-01 2.057462000060000113e-16 8.406639667560000053e-55 5.146107086059999636e-31 6.497672564999999734e-02 5.339405157129999483e-10 2.799234450780000099e-11 1.225254900129999947e-07 1.250707514870000053e-11
3.660932409830000149e-15 8.615972572649999585e-41 1.000000000000000000e+00 1.157463739800000034e-83 1.433385102039999898e-53 3.843191499090000321e-40 2.307240152490000034e-151 2.111219490280000001e-84 3.781679808050000290e-55 2.149593120880000017e-45
2.587205828370000016e-01 3.825973722470000227e-01 5.629820340419999705e-04 7.855425178220000195e-49 2.535657568859999976e-23 2.945832468230000083e-25 9.414600964449999897e-24 7.859843806369999811e-10 1.217842261940000020e-14 3.581190620959999737e-01
5.190094679219999837e-31 2.866095566199999833e-01 3.785616481640000086e-01 1.735910266939999849e-02 1.367307914719999946e-03 1.484024614330000041e-13 3.150388235620000255e-01 1.063555465730000021e-03 5.603942946219999766e-09 4.203552481510000258e-15
2.432408361279999974e-09 5.208015136140000109e-17 4.530772615709999923e-02 9.412751004809999279e-16 5.311890821720000044e-01 7.400275028720000592e-02 2.024094480509999994e-08 3.495003845090000061e-01 3.420116339319999846e-08 1.144942044260000057e-32
5.545256761939999501e-01 3.625284122069999906e-08 1.075188965929999988e-19 2.390107227279999922e-32 1.435580167960000055e-05 5.151864203949999857e-11 4.453441627220000032e-01 1.432799130980000066e-10 1.940513210459999917e-08 1.157494295120000012e-04
6.583858192089999672e-01 2.924169891320000211e-34 7.031011710239999953e-20 7.103308693889999873e-06 1.066267726150000100e-06 1.829905672620000005e-03 3.006492506659999797e-26 3.397761049049999871e-01 5.836789638250000062e-10 5.370261325649999876e-11
6.583945042429999450e-01 1.098181901170000086e-25 8.747958689929999761e-18 2.759138650279999942e-04 5.677039927479999526e-17 1.824849198580000015e-03 9.317912622700000539e-25 3.395047314979999786e-01 1.147907350619999996e-09 4.731358800679999918e-11
2.229808618650000050e-04 2.085872904950000103e-16 3.262268601599999850e-20 1.129213109149999983e-14 1.624351626290000128e-01 3.349800708940000021e-06 8.373385063949999596e-01 2.266054602779999833e-44 2.339065952269999855e-20 3.138850952300000059e-10
5.537323296009999918e-19 6.230360223810000238e-09 4.412675724219999873e-01 3.777230225709999889e-01 1.800716436779999929e-01 6.728745021910000175e-23 9.336884634940000255e-04 3.937206747359999842e-31 3.477028958749999956e-06 5.896059483970000169e-07
9.244029967310000559e-23 5.561631967610000252e-40 1.598073698349999905e-02 3.775697536529999954e-01 3.262125005600000072e-01 6.151413422570000164e-66 1.252081495590000013e-31 2.137081336009999878e-21 2.603351642389999943e-01 1.990184456410000122e-02
1.633660692639999912e-01 6.760351847619999743e-03 3.823551010219999879e-01 4.146398837790000180e-01 4.489531973009999945e-22 3.287859408709999792e-02 6.674797202120000405e-19 1.765145698270000103e-54 1.204407387139999903e-43 3.471215734469999865e-15
2.074240453059999979e-04 5.092090993879999639e-01 2.664120763559999980e-02 2.183627151940000121e-07 1.567515374550000090e-13 1.001544472060000023e-13 2.120591789460000206e-03 2.625802145589999876e-42 3.129184122039999793e-17 4.618214587789999936e-01
3.629251812099999745e-17 2.660194875810000208e-19 6.638687864100000224e-01 2.383975255309999930e-01 1.461782765239999918e-19 6.376516355010000010e-09 7.131735649510000669e-49 9.773368168250000376e-02 1.045024625680000037e-13 5.837206463439999545e-17
9.305559624520000833e-22 5.932430468090000151e-27 8.215550378120000700e-59 4.075724951279999786e-01 8.601628403780000181e-14 1.599638902859999989e-01 1.065267379540000073e-02 4.218109407910000108e-01 2.303903754230000100e-30 4.647153187800000014e-33
1.049825424129999993e-10 4.543353667780000160e-01 3.425130767739999937e-09 6.340735628670000117e-23 8.021697596369999583e-26 1.084897174439999928e-24 1.811444248230000022e-07 6.257610308730000409e-44 2.220383185500000138e-14 5.456644485480000029e-01
1.204804665770000077e-36 1.331832992929999993e-23 1.564939623889999953e-59 4.816637934010000177e-01 6.057867552389999614e-34 5.174288006249999627e-01 6.395145656279999869e-06 9.010108284860000134e-04 1.846935100050000016e-25 7.841708606869999691e-38
5.994845790300000214e-33 3.259484344270000000e-02 8.631545965680000688e-65 8.607390423690000321e-04 8.911540334809999973e-56 1.261912148489999921e-05 5.710355364670000045e-01 3.954962617860000029e-01 1.310815952219999943e-15 1.400003967959999913e-10
2.919568690239999764e-01 6.480037407249999992e-01 5.947661499770000304e-02 8.851959512870000263e-37 3.390782514290000043e-30 1.170646071270000099e-13 2.999182366920000191e-35 2.852247198129999993e-38 1.636226385829999896e-28 5.627752529659999859e-04
2.432903732650000019e-30 6.085404099519999832e-01 3.776982707220000179e-01 2.324344904029999796e-28 9.183208726900000059e-23 1.371364749300000032e-09 3.721780849159999741e-26 1.376131795430000047e-02 6.018382847120000514e-26 2.491033732920000195e-35
4.799311332790000085e-28 3.869168112730000015e-13 4.582636225460000046e-01 4.374658190560000159e-01 1.296345681570000054e-03 1.029742127160000048e-01 7.176320590570000240e-17 3.864542606259999752e-17 9.397969957679999592e-38 9.105201706400000004e-50
4.703311064590000035e-01 1.663468935400000120e-26 1.177510862630000016e-01 1.177950503499999957e-07 1.367573330659999920e-01 4.477806869190000071e-38 2.932761756639999849e-29 9.333675003950000477e-76 3.240141898609999703e-33 2.751603564169999849e-01
2.608579014780000157e-05 2.575778796880000026e-06 3.051408601320000116e-39 3.027989173020000122e-28 2.609634160099999881e-35 2.471302320320000053e-05 4.081371442929999891e-07 6.631978731009999795e-01 1.314362447270000032e-11 3.367483441560000235e-01
7.145666882560000044e-01 6.347055928890000371e-30 2.027684376159999990e-16 9.265850924720000629e-36 5.994981625279999574e-03 2.794383301189999891e-01 2.677677804310000233e-26 6.419712666110000042e-18 1.515573019669999912e-36 2.495757930090000118e-35
7.778594078720000304e-01 3.955904875850000182e-34 3.747388767659999955e-10 1.319890037439999996e-18 2.221405904300000067e-01 1.077204592900000037e-09 1.341660823499999979e-13 8.674915488819999919e-64 2.464905640720000067e-10 1.302084268429999944e-14
5.542873445649999509e-01 3.736522408000000136e-08 2.870326389099999831e-13 1.215326331950000005e-29 2.933253690480000101e-07 4.413209004850000171e-11 4.450356289030000245e-01 1.205766035569999963e-07 6.599236832530000528e-04 1.665153745520000117e-05
4.070411352909999940e-11 1.279990619129999944e-14 2.898522312580000071e-45 2.216414891639999938e-30 2.583690353719999940e-27 1.765468536489999951e-23 8.461365008230000220e-03 2.825527041979999932e-01 1.297174586959999876e-01 5.792684720570000501e-01
5.599423375319999706e-09 1.571763738430000112e-01 1.181793460559999925e-41 2.085635873799999952e-26 8.692351933070000612e-43 5.844941139150000279e-08 6.416778280050000616e-02 1.658692453339999894e-03 5.369508911379999860e-01 2.400461957170000049e-01
1.055408007840000022e-10 3.768403267560000004e-30 7.190811762679999834e-17 5.125216620429999814e-01 5.573868418989999684e-21 9.293099828219999230e-37 1.834390439699999965e-26 3.216896675750000020e-65 4.698765603240000311e-14 4.874783378509999765e-01
2.528136052409999843e-05 9.779461355999999978e-08 2.231579793620000127e-02 7.271604824080000196e-01 4.959036538949999642e-32 2.504983405010000053e-01 1.310511355399999936e-39 2.280582039980000019e-25 5.031400581579999977e-36 4.461642270120000302e-14
4.802825026559999766e-01 3.038904573369999830e-34 3.204296232609999843e-30 3.243103763790000094e-01 1.952042944840000072e-01 1.961090230490000176e-06 4.064923845140000287e-12 6.982984504610000183e-05 8.354544014829999546e-07 1.302000871690000118e-04
1.561700197939999980e-23 3.288312423070000046e-01 5.717991045050000443e-01 2.459440955110000189e-18 1.015277746740000083e-30 9.936873952249999919e-02 8.894449084400000582e-36 9.136654873080000152e-07 9.164153384289999623e-38 8.426004981969999708e-38
2.146339360269999850e-33 4.100979292649999941e-01 2.493173513280000163e-41 1.789231156520000032e-01 2.072185302559999978e-42 1.260394857489999915e-21 2.550529661459999853e-05 1.119777181140000013e-11 6.518343231649999767e-20 4.109534497760000127e-01
5.974470926369999932e-09 6.596411465790000482e-10 6.660309860959999495e-02 9.617420055530000493e-24 2.356665248350000052e-16 8.836529625469999316e-02 1.325720585310000081e-25 6.082572596880000404e-01 2.367743388140000071e-01 9.515095815560000377e-17
1.296588192930000006e-55 3.790783295700000150e-49 1.284337554419999974e-45 5.266228117450000159e-34 1.123588466250000025e-11 1.722234857229999953e-50 4.619701035149999659e-13 5.737654782340000370e-01 4.262345217549999843e-01 5.098358037989999999e-26
4.226410773240000076e-05 2.256379949719999889e-01 2.667215088450000104e-01 5.404684513319999721e-93 5.490006647400000280e-28 6.719105011450000268e-07 3.504941898219999882e-26 4.056204843840000018e-02 4.670355117259999966e-01 1.194834752529999932e-21
3.740000803310000177e-01 1.723653149140000052e-18 1.118190525860000008e-13 1.097827185100000019e-01 4.356242280899999920e-33 3.742181970419999892e-01 6.920925025629999559e-32 2.487334878120000051e-02 1.170779966809999961e-01 4.765865565189999716e-05
4.763143111010000041e-02 5.085172011089999876e-05 9.861482795699999526e-02 3.221568328480000076e-01 1.520057204070000018e-35 6.733124691189999829e-10 1.913090377300000090e-31 7.969070055340000686e-24 8.851803620070000296e-13 5.315460556909999967e-01
1.450809854410000004e-07 5.129185626210000174e-36 7.785572307109999941e-23 4.736655882840000165e-01 6.139123073310000044e-06 5.263281270590000060e-01 1.946801381399999878e-14 2.437191765430000019e-14 4.533837180129999995e-10 6.906139172950000457e-19
2.988548996179999917e-01 3.158299871870000330e-02 1.636237249149999906e-01 1.087505438940000041e-01 9.763502956820000587e-12 3.971878328439999994e-01 3.515917252899999963e-25 2.109961396350000131e-17 1.466830968240000059e-66 2.244404270109999860e-19
6.304116621070000349e-03 6.169626672819999653e-19 1.119124996810000050e-01 1.782370330029999944e-24 6.583268050849999664e-01 2.234309565760000116e-01 4.472093184589999757e-20 2.562203666670000019e-05 4.035769433360000043e-17 2.859878167439999852e-36
3.275094302050000072e-01 3.967223685590000049e-01 2.757681977179999855e-01 1.711382353939999990e-31 2.018962258720000093e-63 3.517693551279999932e-09 2.631119942890000001e-64 6.567117524109999952e-57 4.997967720270000011e-55 1.494731316149999942e-16
7.246433879799999789e-28 4.180611887990000112e-06 1.435804080109999992e-01 2.276377536230000109e-01 6.494209946080000390e-12 1.217258251179999970e-24 1.405951203980000008e-14 7.540262631680000327e-02 4.261050015919999878e-01 1.272700298380000095e-01
8.074232161910000425e-46 8.781641270670000087e-37 8.261845891789999723e-41 1.328815852639999976e-14 7.663337928850000313e-01 4.598103945479999936e-17 2.336652230700000110e-01 9.840440815319999500e-07 1.381423575440000048e-24 9.638882162249999445e-54
8.630655242719999632e-32 4.639063414879999736e-01 1.581596770969999899e-01 1.860629724500000012e-06 9.674481906249999746e-06 2.938098530470000095e-30 1.407156183649999892e-01 8.431955386870000102e-10 2.372067986009999963e-01 2.849419151160000049e-08
6.671419806289999874e-04 3.201839741190000144e-01 2.609895675009999820e-24 5.443171036260000254e-46 2.074344689109999959e-56 9.111562020259999486e-05 9.303548261169999881e-21 4.748155793409999936e-02 5.150729882379999625e-01 1.165032221089999931e-01
1.815646261640000056e-18 4.422870148119999752e-07 7.060090544860000428e-01 3.048827136490000200e-06 2.100987846949999889e-51 1.162027757079999935e-20 1.749889941899999983e-53 2.826048407699999765e-01 1.065802493440000040e-02 7.245886953700000476e-04
2.472290582199999920e-01 2.705843845059999750e-23 4.955223383919999947e-01 1.964594951660000033e-01 8.216885147870000260e-04 5.231523184980000040e-24 5.798303802250000192e-17 6.139516552720000603e-95 9.202061403139999652e-23 5.996741970680000144e-02
4.705096065050000109e-01 9.357322972820000467e-10 1.679306256329999913e-15 5.955807165159999694e-36 1.355252461700000022e-01 3.227944690719999768e-08 3.900721834390000198e-01 6.789554884799999326e-05 1.132820160270000030e-04 3.711753105410000100e-03
9.733659217810000652e-02 1.860848853089999977e-01 2.242393071480000045e-08 5.708174159540000403e-01 2.554848796679999914e-47 2.338681973110000084e-09 1.305822900110000122e-29 1.772203237169999970e-27 7.311158600850000061e-23 1.457610817960000027e-01
2.744361699680000072e-02 1.789878204829999819e-15 6.881590267949999607e-15 3.004539624820000052e-09 2.545682728459999766e-01 5.956771399939999601e-01 1.223109663179999945e-01 1.052794955140000099e-28 2.946138925689999807e-11 8.113608654189999692e-10
4.428928546799999971e-64 8.420409642640000571e-42 4.012441761320000199e-47 3.010858187459999824e-34 5.688454981130000032e-01 1.364087401169999925e-39 4.311503809309999991e-01 4.120955945689999581e-06 8.423677360300000377e-16 2.116264522799999908e-47
2.001647919780000104e-53 1.000000000000000000e+00 1.371193475250000068e-56 3.373399180670000172e-36 2.309366382139999798e-112 3.813516814639999650e-15 2.675357937089999981e-28 3.576811727020000267e-30 7.589314394429999764e-96 1.147047847070000027e-51
1.418766542260000031e-91 3.193535824289999765e-50 1.296018652680000097e-87 4.402343262469999783e-17 7.506264882540000303e-16 6.945695928029999542e-54 2.050742711100000115e-01 7.949257288879999495e-01 1.491348334109999937e-12 2.277785398289999919e-40
4.376977895970000088e-01 1.606527156770000162e-05 3.144447646319999956e-01 1.850398822960000120e-02 1.638876384200000096e-04 2.291735046310000024e-01 4.543470103910000178e-21 7.326895208110000573e-15 2.117076749870000030e-51 2.696324296300000189e-15
2.764518944240000151e-21 1.752205289959999922e-54 5.763963840310000197e-01 3.674827297589999819e-03 4.904077549930000285e-12 1.171089073899999887e-53 1.890992281959999929e-56 1.680299809520000049e-39 4.199282163029999793e-01 5.723636376859999495e-07
3.788506706759999787e-01 7.506223284149999912e-49 1.945763305039999965e-07 1.716041053690000109e-02 1.350445359120000044e-03 2.409837528849999807e-40 2.675182302669999814e-43 3.797472369149999902e-44 2.330535192150000046e-15 6.026382788520000533e-01
1.429205750699999897e-10 3.135405533189999962e-36 1.531445618170000078e-01 1.244467511820000025e-09 7.655913375760000275e-07 4.532312845329999895e-01 1.287023372589999980e-43 3.936232572750000269e-01 1.293952282579999970e-07 9.654530083209998961e-35
5.525270352390000417e-01 2.717320244949999934e-06 5.693446816139999950e-02 3.810207393600000270e-01 1.778313552329999926e-32 1.342126537960000028e-09 6.834550798680000473e-41 4.480529237060000206e-05 3.637528830460000117e-21 9.470233284319999612e-03
6.569225316869999999e-08 1.594302956399999971e-01 1.156693823540000041e-02 2.485230410019999848e-38 3.533695318069999813e-01 1.323429204690000083e-01 5.026795414190000222e-05 5.064259360949999698e-03 3.381757208400000270e-01 1.417667833969999991e-12
8.451454118280000313e-13 8.689853951330000878e-50 4.652253465860000363e-16 6.946462995919999712e-70 9.174024963660000203e-12 3.712213365930000022e-54 2.441022487589999851e-49 5.379066749680000416e-13 9.999999999890000213e-01 2.691574351239999978e-13
1.246569589329999955e-12 1.371841331139999905e-56 7.833076881539999814e-01 2.964708786720000232e-19 8.533913852769999980e-17 4.452418451479999770e-56 3.210831605390000296e-101 1.637154950129999850e-05 2.166739554980000038e-01 1.984797568370000195e-06
3.288824757380000314e-33 4.950136564530000040e-10 1.782396922240000030e-09 1.070906092579999946e-18 8.749640010529999847e-29 1.538227965960000008e-57 4.655982209299999917e-27 2.855781058040000042e-01 1.313307863490000005e-01 5.830911055699999901e-01
2.268263747939999828e-03 1.509840190669999993e-58 1.784547858710000156e-08 4.262430386900000201e-01 1.218633604349999941e-05 8.009294682719999635e-47 2.995536975509999956e-40 1.781599761640000101e-111 1.453249142599999888e-14 5.714764933810000391e-01
2.485427437190000195e-35 2.088543672170000050e-16 4.012716195440000004e-55 3.270619187010000229e-38 1.552976985940000095e-66 1.000000000000000000e+00 3.314669288919999783e-29 1.540232591119999922e-29 2.805724921860000201e-90 1.746838252630000182e-80
2.457593576390000034e-01 2.019998134399999917e-15 5.664265369709999758e-09 1.751589582589999916e-01 2.490888028580000073e-16 8.966987557309999880e-19 2.697272674740000074e-25 1.447137919600000054e-15 6.118515286199999565e-16 5.790816784379999582e-01
3.006463688009999857e-02 4.924600289989999879e-02 3.502860000299999887e-01 9.931016665710000573e-33 3.747823915310000011e-25 1.219490953000000110e-22 7.532594541759999872e-17 7.570582670000000118e-61 2.984637592319999985e-20 5.704033601900000416e-01
3.344114064550000019e-24 2.680230973080000023e-01 3.099027555369999742e-01 2.129925358759999843e-22 5.936519426949999841e-12 2.110402956920000006e-35 1.011453094299999948e-09 8.246356417349999820e-19 3.953440560429999917e-01 2.673009009489999907e-02
1.384853437879999990e-10 4.543354529899999994e-01 7.342585882899999507e-10 2.755241527910000076e-22 1.827931736159999917e-27 5.260677356249999974e-25 6.610474561049999939e-08 2.717887949929999822e-43 9.360274545199999229e-15 5.456644800319999655e-01
5.959889813009999759e-01 1.611187799639999997e-12 9.948052174360000132e-19 1.824796935559999921e-10 5.823190487989999727e-06 2.943018169099999998e-02 3.745749937610000080e-01 8.399385632319999521e-35 1.670170290239999939e-12 1.987071751069999879e-08
3.122474643079999838e-09 1.704162763400000019e-08 5.959558395749999828e-30 1.290738531100000044e-02 5.033300378839999655e-16 2.974507855529999745e-01 3.360644751699999877e-01 1.604982811020000122e-01 5.851819105570000082e-03 1.872272335940000088e-01
1.485442396609999993e-01 1.322321831980000084e-01 6.304548951319999504e-10 6.110134902839999826e-01 1.047444286830000042e-29 4.201076144369999990e-04 5.174749282359999767e-25 2.014203767110000036e-19 4.490437295130000293e-23 1.077899786130000065e-01
3.635569903180000030e-31 1.640592677940000106e-03 1.210459430300000028e-32 2.944249518440000130e-02 3.421598916189999652e-30 6.920610869579999988e-25 5.189591021399999520e-04 2.798869196809999904e-01 1.070500365189999983e-15 6.885110333539999905e-01
2.548851469479999866e-24 3.339813725779999798e-01 5.725604193390000374e-01 6.426912735850000105e-19 1.973958237100000073e-29 9.345807952210000158e-02 1.135188101380000060e-35 1.285612189619999936e-07 3.840347004169999945e-39 1.797351851959999991e-40
4.238575727460000144e-74 1.169774587790000024e-85 9.098363945030000301e-66 3.927546989249999787e-01 5.936100176599999889e-01 2.162164277890000000e-34 1.540214235730000068e-10 1.363528326059999969e-02 1.455371435770000065e-18 3.492533312260000072e-63
9.535663420469999576e-15 1.106837498559999954e-16 4.267255395880000246e-01 2.730918492400000120e-08 5.732744331029999696e-01 1.157728672760000049e-13 1.122790973589999939e-30 4.970679627380000119e-21 2.297386335940000007e-42 9.311579362519999521e-28
3.629118177409999794e-23 1.383171699009999945e-33 5.108216554369999773e-01 4.891420334389999791e-01 1.534233606689999941e-05 1.094680938159999919e-22 4.972989899519999551e-38 5.353377401890000333e-12 2.096878227019999903e-05 5.401260703750000002e-16
1.440831643540000072e-22 1.632977157149999975e-34 5.108250114300000311e-01 4.891448483849999973e-01 1.367627853710000007e-05 6.869437518409999732e-25 5.888276856540000550e-39 1.951635035229999825e-12 1.646390444640000143e-05 1.404715395929999847e-17
1.429461160089999914e-28 5.697879062910000528e-181 7.581064066029999397e-27 1.047194089530000084e-30 6.512752993160000337e-01 1.096899759310000077e-84 8.309812207909999332e-58 1.503200380319999916e-43 3.487247006840000219e-01 6.816238325860000484e-24
2.815036648690000254e-01 2.810153622740000061e-09 5.366111147920000320e-10 7.256734056619999523e-05 1.413023966519999930e-09 3.533192274670000077e-01 3.651045330139999767e-01 2.977212311689999977e-27 2.473747495769999862e-09 7.554658941059999881e-11
3.075230517610000067e-55 7.334925595460000114e-01 8.636040533089999310e-59 3.216630044450000114e-02 5.681413203689999813e-129 1.392569742420000081e-21 2.694076261910000082e-22 2.343411400100000042e-01 6.393230263600000394e-31 2.204779170169999911e-13
5.920173113489999676e-16 6.188664470340000208e-04 6.428511305609999581e-03 2.410732997499999919e-23 2.251901293380000058e-01 2.189828851720000136e-01 3.336495140849999874e-01 1.942902180230000053e-01 2.083987563050000019e-02 3.152707122299999886e-21
3.626236780469999951e-21 2.310185725789999922e-01 3.456813340079999963e-01 2.658629690220000021e-44 8.941409443979999264e-19 1.930515685189999941e-26 1.055175051790000067e-26 4.233000934130000115e-01 2.840701915689999813e-16 5.602842718489999815e-14
1.607589820110000115e-38 1.863789693989999959e-08 6.090464165190000337e-28 8.962761283280000713e-18 6.194030849989999937e-40 3.407862289330000153e-20 9.898323869159999609e-09 3.754820982750000091e-01 6.245178731889999835e-01 9.935011613719999924e-18
7.803702332199999869e-01 1.618646624699999861e-08 1.226216068110000059e-15 2.159223832030000123e-31 1.804184298819999846e-15 1.201578062599999996e-01 3.961314324039999832e-12 9.947194432939999997e-02 3.262881864289999882e-15 2.165543047570000041e-18
2.511293576359999724e-01 1.181852686050000045e-01 3.505305708099999737e-20 1.946871561039999810e-34 6.587747133659999636e-13 1.175787128479999916e-02 6.180672337620000123e-01 8.603050647250000039e-15 7.648738251980000371e-09 8.602610631899999675e-04
5.867776073719999791e-02 3.567613574030000234e-01 2.201389632580000033e-01 3.639975027569999910e-01 1.173212191920000063e-24 4.244158385619999844e-04 1.206943315949999885e-16 1.031216160359999926e-48 3.609135193549999964e-35 6.896059029019999876e-12
1.616553812869999858e-26 3.372076780140000079e-16 3.914321682749999649e-15 1.430035779649999961e-04 2.815530517059999826e-07 2.608910394020000069e-05 6.785835972869999882e-04 4.532906278830000080e-01 5.458614142850000128e-01 3.797749490669999727e-20
2.777933746670000112e-105 5.359374170210000278e-59 1.101532495480000041e-193 5.469413673719999980e-02 8.814026820399999258e-40 4.561983423010000022e-61 5.982857215469999934e-01 3.470201417150000078e-01 1.676705096650000086e-14 4.382920003979999791e-26
1.150836145930000011e-10 2.516136548530000003e-35 1.531412356029999977e-01 2.584280136090000062e-10 1.400941025990000101e-06 4.532343874750000001e-01 1.006142805589999957e-43 3.936229618659999874e-01 1.374177417129999991e-08 6.976536101689999617e-35
2.399453068840000153e-24 1.627672864130000040e-09 4.725358168330000275e-02 7.935980727999999290e-03 3.077093759350000202e-09 3.500255337349999924e-38 1.657036310870000057e-15 3.788455495370000037e-01 3.788539288340000283e-02 5.280794904640000453e-01
4.268231252820000043e-01 5.165240206770000020e-06 3.265797391620000045e-01 1.945209286629999944e-03 5.577517330690000003e-05 2.445909858560000039e-01 1.470916506049999938e-22 8.030168361190000408e-16 2.059251939910000072e-51 1.811633181420000151e-15
2.009648264929999872e-01 2.123862019510000123e-10 2.289481699240000084e-02 4.664712409130000030e-51 1.762889955880000091e-46 2.483768540950000048e-30 2.686602180030000013e-64 2.292923115499999892e-11 4.365697800959999959e-13 7.761403562790000210e-01
4.905002950360000387e-06 2.526555460100000094e-01 1.840022669199999905e-01 6.918315209489999843e-09 3.905596626899999989e-47 5.633372751490000052e-01 1.147105475859999974e-52 9.903592517199999945e-59 3.609655834339999791e-93 1.689647097959999881e-26
2.988122899539999988e-01 8.075507329529999553e-07 4.128938935839999895e-06 5.160417050590000443e-01 3.135207786580000017e-02 8.374132378120000519e-18 1.529115340330000072e-01 8.645890300420000272e-41 4.011283409129999791e-27 8.774565983480000358e-04
1.530984867830000083e-31 1.471141904870000017e-01 1.109365583559999979e-01 1.885088289269999939e-01 4.155882304970000135e-30 2.989554435760000168e-29 1.382856311650000085e-18 3.815007104849999918e-04 5.488600806540000487e-01 4.198840865740000212e-03
6.937932945889999526e-05 2.446065067120000158e-36 3.668768121630000176e-09 7.089282639010000553e-01 4.972280762750000345e-16 2.529175782040000240e-38 1.289589024619999949e-32 5.213879786110000212e-81 2.178274699509999971e-16 2.910023531009999775e-01
3.924803243560000131e-21 1.597190589260000001e-43 3.525331661119999916e-27 1.000000000000000000e+00 1.688649926279999949e-17 1.109290357349999926e-28 1.124427819440000062e-31 3.382052194379999795e-75 3.237944386010000074e-42 3.502392651500000054e-20
1.190551009960000041e-28 1.027076069799999956e-16 2.806388238060000123e-02 5.877231311840000125e-03 3.682802697939999842e-04 2.109113128709999954e-43 7.349505327400000036e-21 3.376510446439999757e-01 8.941534442350000667e-02 5.386242169699999582e-01
6.526056847269999794e-01 1.109416995969999924e-02 9.155900155189999661e-18 7.350020195559999913e-46 2.054374451179999893e-07 1.748059184019999917e-03 1.798647925349999843e-02 3.165643267609999922e-01 1.228463669979999938e-09 1.073448978730000065e-06
2.278745046869999902e-01 3.803582877289999886e-01 1.515487460320000083e-02 3.723582952180000127e-01 1.967636169420000104e-65 2.016956187279999864e-05 4.806891633920000396e-50 2.931095857520000185e-15 1.064702429169999962e-20 4.233868200379999926e-03
8.136382971190000220e-05 2.174090081330000024e-29 3.841831103369999778e-01 7.631274630609999915e-15 2.304893898660000039e-14 2.028357003060000108e-01 4.146824415450000064e-40 2.325260819859999994e-01 1.803737435409999978e-01 2.687039955249999912e-26
7.112660381130000176e-21 3.731766858439999890e-01 3.197362259109999827e-01 5.485721733339999817e-13 3.024268021639999748e-01 3.702365748110000013e-20 4.534515556910000025e-04 5.024164377719999885e-11 1.221474622639999951e-04 4.084687012419999964e-03
2.370112762640000067e-48 1.878583966790000009e-13 1.973834187290000149e-55 2.307754430539999957e-01 2.950562748499999935e-39 3.163341536440000145e-58 1.083744437030000063e-01 2.228848471810000016e-17 6.786774489789999918e-16 6.608501132430000258e-01
3.592319744539999710e-20 3.734948836429999849e-10 6.639686489930000102e-01 2.400318747640000083e-01 6.620629933189999789e-42 3.011042417690000224e-10 2.960351020440000091e-51 9.599947556879999400e-02 2.100832365080000031e-14 7.783059539420000305e-19
5.666546228580000150e-03 2.837699297829999896e-47 5.466950165709999476e-01 1.147981683490000069e-51 4.475397693059999793e-01 6.781162609180000196e-13 2.155660986870000058e-37 6.364716402399999429e-36 9.866789400890000011e-05 2.048929277850000056e-32
5.967058839300000139e-01 1.648894449800000086e-11 1.402277973309999974e-10 9.077199192879999655e-09 2.911485871710000047e-06 2.810094694200000048e-02 3.751884976870000221e-01 2.642850985389999975e-26 1.749540901049999899e-06 1.179925545369999940e-09
9.747455949379999864e-62 4.824932658870000002e-41 8.105800575259999554e-45 2.511343053880000036e-33 5.688456783949999984e-01 3.054605228279999931e-38 4.311508131469999894e-01 3.508458524820000159e-06 3.061962264120000168e-15 2.290427275440000012e-46
8.336112054089999309e-21 1.381881596030000004e-06 4.596023469430000064e-01 2.762104611749999772e-01 4.837936640530000193e-02 7.465048446919999509e-10 3.252111845070000245e-05 2.157739217300000123e-01 1.100397942259999925e-19 1.910986893199999932e-26
1.015982623120000039e-02 3.122097636610000060e-01 1.365578354269999942e-03 7.730199304140000312e-13 1.894589703250000035e-01 1.012873399489999944e-10 5.628959127890000025e-03 3.321927039229999954e-14 2.533778224759999922e-19 4.811769021980000227e-01
5.535172323130000421e-19 1.770592625009999986e-07 5.025195644569999676e-01 6.170846086699999927e-02 2.973278776619999730e-01 3.950097550820000264e-18 1.065069205809999987e-03 1.373788289439999977e-01 2.180481725010000069e-08 6.508899028639999910e-14
4.484961103359999963e-29 3.585440963129999936e-01 7.676861643400000375e-26 4.087086918300000260e-01 2.706569535390000243e-41 2.327472118570000081e-01 1.096801902099999951e-13 9.543055726760000471e-40 3.520910468239999898e-81 3.034199347659999938e-40
1.658273826079999909e-16 3.502196315299999776e-32 1.116900080289999999e-37 3.275774337169999884e-01 1.261446504090000079e-05 1.249307037980000079e-18 4.989410555970000272e-01 8.236159416889999732e-26 1.477982686039999993e-01 2.567062761730000073e-02
1.947149681140000183e-24 2.082669251400000122e-26 1.242448174559999952e-02 1.986371717459999877e-33 5.266306936210000123e-01 4.001161868959999805e-87 1.495790117640000047e-20 1.747325861880000054e-41 7.974657320890000132e-04 4.601473589019999810e-01
5.017120676920000216e-07 6.866592822099999770e-26 1.127011646200000022e-01 4.502898267460000033e-85 4.053248742910000035e-01 4.875563006620000100e-27 3.946436869190000065e-21 3.595275889599999987e-12 4.819734593730000127e-01 3.355291115469999791e-19
1.481213117489999947e-36 4.074547140249999977e-01 5.060193887160000031e-34 9.074210585049999334e-02 2.225692281620000144e-64 1.656022708110000157e-30 4.549210750389999861e-08 1.804221659609999840e-11 6.937138797850000345e-10 5.018031339199999774e-01
3.495622668100000219e-01 3.571890003699999967e-27 3.959427503119999889e-16 8.704650356019999480e-02 8.162242246409999722e-18 3.998469787680000165e-01 1.530172741810000021e-32 1.941215423120000103e-02 1.437480449369999969e-01 3.840516932520000220e-04
2.708476139199999857e-48 6.709345653730000025e-01 9.947435555669999361e-55 7.071294225140000226e-06 2.460955950210000032e-46 2.327859609860000009e-19 3.290583633320000034e-01 3.484981957929999999e-37 3.660733386169999883e-59 1.369370538799999998e-22
1.398778174110000023e-28 5.718081414290000497e-01 7.672525597330000224e-02 1.108480267300000042e-10 2.101477911419999955e-01 2.739584126379999821e-24 2.816219940869999980e-03 1.971480563920000177e-06 1.384938090539999944e-01 6.810869613390000306e-06
1.075512625300000045e-13 2.268655435849999968e-19 7.846089768169999809e-18 7.696033774299999575e-01 2.366618300559999885e-35 2.942084544709999828e-32 1.158249180840000034e-23 3.587413223609999877e-58 8.502674206039999672e-19 2.303966225699999870e-01
2.870991169780000019e-01 6.533897656149999651e-23 3.183603050909999779e-22 2.918779837430000024e-01 1.148574910440000041e-01 2.191992859709999963e-02 3.443607173909999877e-05 2.711527146809999955e-01 1.117185355070000018e-02 1.886475333669999921e-03
1.319661520800000044e-04 1.183653794519999945e-08 2.165697076850000083e-02 7.271963066709999923e-01 1.572574122760000063e-30 2.510147445709999814e-01 5.695426567860000161e-39 1.292253520810000113e-25 1.879187975970000036e-33 4.142153699420000070e-13
1.073457756760000034e-04 2.258561399900000100e-01 2.665328891450000071e-01 1.608730528659999941e-92 2.520943273320000074e-27 3.561576159839999970e-06 8.533113637110000419e-27 4.023895284370000019e-02 4.672611106690000016e-01 2.416023885890000009e-21
6.983016929699999986e-01 5.257589899419999898e-54 3.674790990049999776e-24 7.561871363619999206e-37 3.016983070300000014e-01 1.344961427729999946e-26 1.253271851600000051e-25 7.707875895200000077e-60 2.693057408510000040e-24 1.818393376739999894e-19
5.025041839589999837e-01 1.924273477259999827e-43 4.091217642870000177e-14 7.349133890049999946e-04 1.315976829639999977e-08 2.351579822660000196e-15 1.052932034460000052e-22 5.282413183620000011e-36 4.824394494170000103e-01 1.432144007559999974e-02
1.629648923819999916e-03 3.425501047989999992e-01 4.426338501710000009e-17 3.706443233680000077e-45 3.837069160379999964e-19 6.558198119460000308e-01 4.332108004630000042e-07 8.016124580499999616e-10 2.972817003060000280e-11 2.886937692709999929e-10
5.533175930010000299e-01 2.407115449540000117e-17 2.253714280649999950e-17 2.924749719009999921e-46 2.149076272730000153e-02 7.838132258800000354e-22 2.116137575200000009e-02 3.820945671950000039e-20 9.045462061070000392e-02 3.135756479089999993e-01
5.798230883410000347e-16 3.094726862829999883e-02 9.583265240290000572e-19 1.002587121039999964e-16 3.613116135579999987e-23 1.453649136749999931e-33 4.027613759490000223e-01 7.954323055670000556e-64 4.358340930779999878e-21 5.662913554230000202e-01
4.197394889460000222e-02 4.769249361900000102e-05 1.096127300179999958e-01 3.197306939649999791e-01 6.376236687690000355e-36 4.186542541150000092e-10 6.970902467520000042e-31 2.156830065450000011e-24 9.655678833069999540e-13 5.286349342089999848e-01
1.168993479760000033e-39 3.584828584110000062e-27 3.637538392750000304e-11 4.015519319129999820e-01 5.984480680499999483e-01 6.793499171809999429e-26 4.884858969809999539e-19 4.095396032149999913e-33 1.261146450479999941e-55 4.307396480430000137e-46
6.550224100220000434e-11 9.517988823609999393e-31 6.730331661070000230e-15 5.125216620250000465e-01 2.748484674459999733e-20 1.422621535580000052e-35 2.792868476760000213e-28 1.102099623899999978e-68 5.814250282390000358e-16 4.874783379090000257e-01
1.247365951610000080e-12 3.588801352430000084e-03 1.534224352630000066e-01 5.466508873450000309e-50 1.266805587139999915e-10 4.510724837549999755e-01 1.859815088459999873e-14 3.919161911699999834e-01 8.833283693770000402e-08 3.486503357109999864e-27
1.599603230430000122e-14 1.724848452039999875e-10 4.892125829060000140e-45 4.212111543339999990e-17 4.305236928919999928e-32 1.060098672780000037e-20 1.777808847119999869e-01 4.473600842200000094e-01 8.283670881469999995e-04 3.740306638070000078e-01
5.374234742879999963e-32 3.247506815270000040e-16 5.774389427850000274e-16 1.253343373260000059e-20 3.720697981580000091e-01 4.303131218930000094e-13 6.278945031329999926e-01 5.568953515120000182e-11 3.569865243169999735e-05 2.565093697519999884e-28
1.459979804040000100e-35 3.361159052269999899e-49 5.987658020650000297e-34 3.234797192759999995e-02 4.459124867609999820e-01 3.179218617690000057e-31 5.213248479850000217e-07 7.191925018799999805e-03 5.145470949679999961e-01 4.135640619029999876e-24
1.976192396989999920e-13 1.480873753449999936e-33 3.416968992739999877e-01 3.276462567930000236e-01 3.267413159629999897e-01 6.709656524340000599e-30 9.350002504950000845e-44 3.914231630709999639e-03 6.743343343699999550e-07 6.220052083779999707e-07
2.101572825330000074e-15 5.756537599069999622e-01 1.191627461949999927e-14 2.142968213239999956e-10 1.762928008460000072e-17 1.130923092569999996e-16 1.219962371220000008e-01 1.806907416960000139e-29 2.109132462420000056e-16 3.023500027570000248e-01
5.229859564220000011e-55 1.325738728090000045e-53 1.653027187310000066e-49 1.745856567069999885e-11 2.273351536550000107e-01 1.406483570970000080e-50 1.402924285820000005e-01 7.668059066070000152e-02 5.556918270859999565e-01 2.863902055610000037e-28
5.751082281820000253e-01 9.632210940569999892e-30 5.798613497110000041e-18 3.746162122250000226e-01 6.238619543279999916e-03 2.014585465899999879e-05 9.503813378780000253e-10 2.300277263780000150e-02 2.101402024319999964e-02 3.630700081989999818e-10
8.703945171360000202e-48 4.948959157330000136e-01 1.691756159889999939e-55 9.370558643590000164e-05 3.398575247660000147e-77 5.306103602210000104e-25 8.345418590270000353e-16 5.050103786809999606e-01 2.715181373229999854e-45 7.339916691910000442e-15
2.603942969120000006e-01 2.886255207840000003e-01 1.061502264779999987e-08 2.442650966890000108e-01 2.054577290840000070e-01 4.732454749669999885e-04 7.835786457259999579e-04 3.177710860300000096e-19 1.023583229130000034e-34 5.217956197110000021e-07
1.205335580820000037e-40 1.401286818729999915e-21 1.566319217510000100e-09 4.187446943970000168e-01 1.399843147559999979e-04 3.760271496780000151e-48 6.404748594730000255e-14 1.014071475799999908e-18 5.232311727799999757e-01 5.788414694220000295e-02
