1.492540558480000001e-01 9.134990569210000414e-06 1.580233997930000015e-12 8.491076180699999885e-10 3.851367191069999707e-15 5.775934695530000050e-15 4.334285376059999750e-01 6.872332844399999668e-04 2.676068940920000028e-01 1.490141433280000038e-01
1.501092288559999973e-12 4.732023011329999918e-01 3.780991174330000093e-01 1.483492467670000092e-01 1.787780165770000081e-17 3.493346654849999785e-04 2.873257651670000171e-28 3.939362669339999829e-28 4.758143503979999834e-30 1.349253494629999912e-35
7.629068847470000070e-22 3.043125136589999724e-01 9.780148376159999504e-09 2.159061699629999942e-01 2.224508102499999918e-01 2.573292462930000246e-01 4.044522977849999832e-25 3.892246618739999881e-25 1.250055216009999934e-06 4.693869207619999747e-29
7.766563043550000025e-119 5.161260055680000347e-01 4.978021588580000141e-91 8.546246084489999942e-16 4.389173209950000265e-01 4.594676720310000116e-52 4.495658001919999869e-02 7.751676662360000593e-58 9.341801943429999638e-08 3.811366680390000112e-18
6.160320210590000159e-16 1.036816123050000028e-09 7.072663160509999603e-02 3.046713146130000105e-01 7.232144734369999710e-22 6.246020523469999475e-01 2.559109212480000096e-37 3.980711310969999650e-46 3.984994203900000151e-10 1.261135274500000093e-46
2.371037516330000120e-20 2.593295797139999989e-08 3.485478565349999931e-35 3.594267518540000261e-01 1.234055157190000057e-01 3.681172609370000207e-20 8.898564507570000393e-02 1.712731268200000101e-01 5.655366316350000286e-37 2.569089345969999827e-01
4.106638401889999571e-62 4.493322859439999960e-14 5.317282589829999904e-84 3.758849175630000206e-01 6.520285691820000334e-05 5.108325123959999827e-31 2.997707919100000007e-01 9.059824812190000394e-32 1.724625976280000084e-01 1.518164900420000130e-01
4.895759605380000032e-41 1.005578201870000002e-06 1.216196213210000016e-01 7.839272336410000319e-01 1.862819702560000001e-11 1.150734533039999937e-09 1.526184452999999980e-41 1.806189020530000054e-128 9.445213829029999730e-02 4.061252820370000288e-132
2.479089214219999914e-08 5.855780449829999566e-23 4.283469914629999820e-01 1.714160898460000093e-09 5.709990526839999747e-01 1.058243865320000035e-14 2.071230537259999808e-09 4.756729035309999916e-15 6.539272759780000036e-04 6.275471296849999605e-37
2.561738443600000085e-03 3.509501446309999939e-01 7.382745043459999559e-15 6.464880625700000216e-01 6.856402598729999491e-21 1.344351106529999940e-21 1.095784677430000002e-08 4.339761226160000260e-08 6.888997240539999725e-52 8.293228581209999944e-16
1.085642679250000025e-09 1.245716153260000014e-01 9.432070931039999995e-02 1.243159021459999958e-01 1.992816619560000002e-01 4.575100693959999743e-01 1.940780969930000142e-08 2.626230524550000202e-09 6.592096170780000371e-20 1.874588545939999970e-08
2.044784203480000079e-16 1.344620889650000040e-01 3.298665630819999798e-06 2.771760571299999865e-01 2.810739892199999868e-01 3.072845659569999888e-01 1.373466167389999925e-14 5.417027037870000051e-18 6.197256152850000625e-11 1.217007405309999942e-17
3.684658723459999774e-19 9.157470410410000383e-07 5.388344857060000104e-01 3.758468928950000065e-01 9.094392680839999911e-46 8.531770565179999655e-02 2.100453282029999950e-51 3.644472349369999790e-65 5.437518801910000043e-28 1.304911448139999937e-53
2.539096443110000063e-11 3.738582603000000226e-01 4.463380062749999766e-01 4.553860795639999727e-20 1.411216343940000078e-22 1.895690429350000109e-33 1.798037177269999898e-01 1.018641351909999978e-31 1.567240624440000142e-08 8.767145246399999793e-33
1.470670214149999988e-01 1.301820273720000080e-58 4.240460333360000107e-16 4.253673416500000082e-01 6.888858058870000078e-39 4.275656369349999930e-01 7.496756971639999986e-38 4.176319249540000026e-14 1.007443266050000065e-23 2.671081405950000193e-16
8.923744876140000517e-06 2.854346459329999797e-16 1.550180419699999896e-16 1.460202722300000088e-20 4.409814110550000250e-08 2.383046350900000150e-39 3.329939182480000093e-01 6.669971139089999612e-01 9.553249749470000176e-36 4.106880452920000051e-23
1.344934541849999934e-50 6.132763542929999692e-31 5.473741902759999902e-75 6.072707425069999720e-01 8.541685021870000724e-31 5.488380305210000292e-29 1.194397320379999950e-15 4.554505935219999750e-52 3.927292574929999724e-01 1.693317234480000105e-13
7.511910139509999640e-01 8.057703489300000393e-39 3.336957366039999720e-08 2.488089526789999950e-01 4.348968929920000144e-34 4.349805216200000247e-39 1.380270963100000066e-13 1.849230719360000045e-38 4.974085780159999653e-21 1.319081962559999950e-73
2.160039990719999803e-12 3.692774955460000236e-27 3.324814174910000197e-01 7.817496647229999680e-28 5.739273863890000078e-85 6.675185825070000245e-01 2.835803399830000070e-95 5.547302815809999900e-45 1.275731622310000056e-58 1.944379228330000087e-48
4.559515473310000277e-22 3.454364307469999784e-01 2.079296630289999976e-08 1.564691214919999851e-02 7.402674111549999659e-39 4.300138743629999816e-01 1.682670496090000091e-26 5.220941360160000181e-53 2.089027619480000042e-01 1.584102666200000063e-18
5.714815859269999570e-13 2.061766365910000162e-02 8.778907916920000586e-23 6.055062295719999543e-01 7.633413656249999572e-04 1.477733947920000044e-04 4.503535443509999996e-13 2.511396424349999768e-01 1.833462202300000110e-15 1.218253495720000024e-01
2.498968507110000126e-01 7.332591097869999903e-47 1.997557292859999975e-10 2.284976282559999813e-40 3.092197577899999814e-36 4.496503299710000234e-06 6.845603708809999897e-30 2.500036547889999961e-01 1.100901777269999986e-04 4.999849076189999963e-01
4.457899486040000081e-01 1.592204906390000021e-82 3.780122750949999923e-16 2.300334123599999947e-01 3.217758671099999762e-08 7.579705037439999994e-16 3.182936642399999870e-16 1.311707085040000004e-12 3.241766068570000048e-01 2.648300375229999864e-34
1.625232390669999875e-08 1.368388017990000031e-07 5.619744898999999849e-01 6.067843829600000286e-29 4.148202400379999988e-01 1.947410096659999996e-05 9.436824817729999744e-20 2.318564282649999975e-02 4.287385205629999686e-11 2.764535489860000003e-14
4.999999378850000231e-01 2.863053390170000141e-43 7.141950414400000376e-11 4.729152345380000045e-40 4.590777164519999949e-36 2.450062412730000066e-15 4.021137308390000226e-37 5.000000620429999598e-01 5.372885678940000320e-46 7.858505878399999698e-16
2.400968976420000099e-04 2.296164299359999952e-45 7.366395713720000066e-14 4.997845726119999887e-01 6.434519653419999706e-08 4.737316873820000179e-57 4.999752661449999858e-01 1.392722111850000079e-29 1.696168128409999978e-18 4.882780297769999678e-87
2.293217246490000202e-16 3.619045104549999947e-01 8.161163490600000246e-06 2.545149556199999968e-02 1.589425157539999919e-09 2.189315857849999936e-01 1.081064768569999942e-05 1.569995534680000044e-19 2.391028604019999892e-01 1.545905743959999912e-01
2.757570325910000069e-79 3.010252672589999903e-07 1.743455057759999961e-37 2.312195082849999891e-47 3.333230914279999846e-01 7.477754995549999620e-05 6.102341755540000333e-33 3.431584194159999831e-23 7.494973575980000289e-10 6.666018292480000440e-01
6.413078125290000431e-01 1.674344299299999894e-01 5.327917923979999970e-09 1.372421331749999964e-08 2.294432601440000071e-60 4.133044047360000305e-06 6.790153906970000511e-32 7.465669605469999853e-08 3.068054248980000146e-117 1.912535307880000035e-01
3.594328697790000193e-01 3.121461778210000149e-01 2.086726052579999980e-10 3.275763694000000115e-01 2.670927879180000120e-27 4.042452435440000186e-14 1.634112938499999902e-09 8.440082382880000501e-04 1.866145493840000003e-59 5.729189573680000278e-07
8.051941358309999636e-18 4.743304459259999883e-01 9.568571501579999587e-08 6.307832428009999964e-13 1.054156002679999989e-04 5.255640427859999964e-01 7.666400261140000431e-28 1.186263119410000079e-12 1.403230178420000063e-18 1.771263483130000115e-19
1.493504161299999966e-01 1.660008991009999917e-27 1.406760588340000054e-14 1.197042859230000063e-08 6.991268354629999787e-15 1.336762861050000065e-14 4.334329285449999847e-01 3.301013280979999891e-06 2.676032978690000008e-01 1.496100444729999979e-01
1.076025812689999930e-12 7.514622126719999740e-01 2.421076513609999870e-01 6.429906712079999989e-03 3.540406020980000126e-53 2.292536058089999958e-07 3.377365089629999992e-28 1.097019702610000078e-55 2.929428663509999916e-17 3.840789279289999971e-30
9.734382248400000326e-02 3.220555242700000043e-01 1.538386914320000009e-12 1.297538756679999927e-46 1.182401041469999947e-48 6.982324506199999935e-53 4.960060594149999780e-01 7.752961419920000041e-02 5.662992024159999794e-74 7.064979630099999831e-03
1.121635178489999968e-19 4.912187076489999952e-37 1.850506599829999893e-32 2.522670631000000219e-01 1.871590014849999901e-42 1.370783915919999958e-74 7.477329368959999556e-01 2.160756329460000049e-73 4.201738220770000308e-12 1.261564265520000034e-68
5.775789775169999844e-22 9.143353631349999955e-02 3.355727489149999965e-01 5.729820932550000467e-01 6.220037232439999809e-30 1.162151629230000027e-05 1.305297243350000056e-47 2.943584202260000102e-72 1.903306099779999927e-16 7.691590082280000043e-69
6.639537131950000426e-07 1.046656896230000022e-20 1.825369192010000081e-18 6.657146963329999556e-01 6.989856386890000404e-22 3.342846396929999853e-01 1.086625032640000064e-31 1.705154720479999983e-11 3.202863066449999771e-13 2.717261612719999950e-12
3.189862957640000191e-02 1.266198955229999937e-02 2.062540870559999974e-11 4.283107864840000056e-01 9.665591232560000668e-18 7.685348554800000564e-02 1.313137825130000010e-16 2.336166740570000122e-01 3.502376568080000128e-29 2.166584347609999961e-01
3.034061432350000051e-15 1.624946389960000091e-34 7.172889433599999309e-02 3.046489105579999745e-01 1.527214031459999900e-25 6.236221950989999652e-01 2.503680411120000161e-40 7.624283176109999783e-48 6.913793423720000329e-12 2.767052902250000082e-47
8.149892823060000347e-17 4.535771755799999916e-01 3.254655871199999864e-08 2.404276773640000103e-24 1.049808855080000027e-05 6.180093805419999803e-24 3.341740835649999880e-04 1.951491005459999894e-17 5.460781197009999532e-01 2.955371301419999776e-19
1.256116128889999975e-08 1.991433345049999992e-28 6.262057017069999620e-01 5.923380774690000122e-20 3.318532091700000011e-06 6.635998610599999625e-02 2.947940782470000223e-35 8.931442199189999924e-17 3.074309810940000220e-01 1.024086709270000021e-36
1.260985170289999955e-10 1.282829736760000101e-03 7.996530179049999854e-01 2.040632626849999992e-61 5.889063793770000000e-19 1.792453930440000091e-33 4.211415146939999790e-17 1.990641522319999968e-01 1.243988956209999902e-69 6.039371592540000164e-23
4.826314869950000253e-01 5.559560650939999508e-23 6.942625856160000189e-13 1.797652753119999950e-05 2.179849574930000089e-01 6.259697742349999695e-20 3.590693545310000290e-02 2.634586172780000179e-01 2.625323327390000006e-08 1.241560295489999915e-16
1.128678978029999951e-11 8.779355233470000032e-04 2.187909261669999939e-01 1.840361539720000041e-21 4.820419933750000330e-02 6.752721057730000081e-09 2.660221366270000276e-01 1.848625041399999942e-06 4.305518152119999775e-01 3.555113174389999686e-02
1.610090426670000019e-15 1.632702559280000115e-04 3.807816295590000233e-01 1.408351081569999919e-12 2.458549442840000022e-15 4.088065949900000180e-27 5.184126176559999966e-01 7.070578902350000155e-40 1.006424825279999963e-01 2.669272973559999957e-36
3.623580455859999910e-16 7.597050829679999895e-01 3.325041358769999862e-05 1.759412499290000117e-10 6.994831095680000377e-15 1.123699951370000077e-11 2.032432423449999914e-01 6.701873183439999551e-16 8.325680425129999719e-24 3.701842408599999995e-02
1.888834900570000030e-01 6.011572330359999938e-01 9.725998595619999504e-20 1.618293953029999871e-02 4.548664459720000240e-26 2.683761174639999895e-30 5.436743968110000326e-05 1.937201508989999932e-01 2.308689901330000105e-91 1.819037334409999924e-06
3.547159719860000168e-07 2.263729003769999813e-19 4.284528052800000153e-01 4.861186449280000123e-11 5.711379706600000494e-01 1.102016553729999933e-12 4.022261306280000111e-10 1.177037556120000001e-16 4.088688913339999921e-04 8.823421779850000116e-32
2.421217522129999905e-18 3.969920800200000266e-01 3.909478620719999878e-07 1.066882886899999956e-03 2.549762545530000060e-42 4.247208777750000053e-01 2.680534263509999934e-31 1.974005266360000029e-53 1.772197683710000082e-01 2.341757204170000106e-19
2.577727813580000094e-67 5.366606043470000253e-01 5.181218724930000324e-41 4.616336301999999780e-01 2.379416757989999876e-15 3.286324995949999914e-52 1.627850732819999908e-03 6.606798148450000193e-114 7.791471998209999422e-05 1.238507226239999923e-55
4.086187741060000045e-01 1.256752670710000062e-17 4.311471537090000219e-13 3.081941222320000104e-02 3.785291141520000235e-01 1.982180960889999956e-17 1.242811245009999982e-01 5.654176511629999818e-02 1.209809901139999918e-03 3.745447277499999946e-19
4.141634549620000235e-64 2.373590806729999891e-01 2.125130816299999980e-45 4.215548383599999976e-77 6.282028822799999856e-01 7.140389121449999532e-39 2.317216443899999889e-10 7.677522229850000510e-12 6.410555769919999796e-07 1.344373957520000051e-01
1.634423032820000034e-09 9.560947771500000168e-09 4.999992885610000104e-01 8.117667478659999929e-24 4.150527062139999836e-32 1.904899842029999975e-07 2.097708250749999813e-21 9.917605662959999974e-25 5.000005097540000110e-01 3.243464296679999863e-16
7.498955206299999787e-01 3.361371174519999847e-16 4.690496194719999768e-10 1.735580807240000084e-41 3.085500647539999932e-41 7.896671860290000046e-42 1.324089284979999927e-14 2.501044789010000158e-01 2.403375268690000000e-93 2.378566497780000038e-20
1.620402374349999855e-17 9.866859651210000415e-01 4.876058102100000338e-06 4.864474634259999856e-70 1.990658461489999982e-78 1.594528708890000121e-13 1.011246986930000026e-49 3.568075836540000050e-14 7.613458410530000599e-111 1.330915882059999916e-02
2.889111380300000143e-01 3.908970497219999902e-05 1.339567339389999894e-10 1.626804877170000106e-28 8.353328335320000538e-20 7.864822876619999832e-51 4.214349920489999790e-01 2.896147800819999785e-01 4.067457354450000117e-72 3.643538033369999978e-21
1.478657456280000060e-01 1.017502890169999969e-22 7.153893299079999815e-15 4.250249835720000258e-01 4.337824832329999713e-33 4.271092673179999744e-01 1.948549939949999918e-31 4.864791719300000282e-12 1.862899952389999928e-24 3.477886469360000086e-09
2.924723753039999985e-01 4.604404670580000048e-144 8.736423959620000812e-19 5.916964185479999619e-15 1.678371589640000057e-13 1.055358115919999978e-01 8.172442058379999798e-37 2.922543848899999963e-01 3.097374282140000212e-01 1.725614008010000071e-19
1.647085636679999860e-14 3.892104665969999822e-01 5.338113860730000493e-01 1.179248970329999949e-13 9.503258289609999859e-156 7.697814732990000686e-02 4.321754653440000227e-57 1.037441248259999980e-72 1.146554361449999989e-40 3.420961961839999808e-20
2.668347116429999830e-40 5.415039385240000280e-01 3.229904685100000120e-26 2.062181051019999892e-24 4.584960553060000166e-01 6.168098498300000085e-09 7.354400698849999499e-35 2.259839289479999962e-12 3.091991536830000128e-33 6.690448169800000189e-18
1.396437662829999967e-23 1.177738583550000038e-15 1.042152721180000076e-12 1.070404798099999982e-47 1.249335451690000015e-01 8.524401610870000017e-10 5.446556995260000316e-15 4.735938886749999793e-04 6.329482137140000075e-01 2.416446463749999940e-01
3.457049191650000191e-15 5.885331310739999927e-31 8.423242096409999654e-26 5.436560777819999801e-01 7.005643988470000327e-39 3.454702897310000208e-03 2.431802696069999988e-21 6.622254859980000505e-24 1.522301555330000111e-01 3.006590637880000028e-01
1.140763272580000098e-09 3.738679729789999850e-01 4.463357952279999874e-01 2.024048860859999917e-18 1.601898594209999968e-21 1.352028030639999944e-30 1.797947726649999911e-01 7.806482595959999965e-30 1.457987263899999948e-06 1.820072523139999939e-31
1.195260860900000062e-20 4.513770511819999998e-01 7.420931477989999823e-09 1.850562783400000071e-37 3.513867793880000030e-54 4.248230713289999905e-01 9.416137875529999374e-44 1.662597097709999967e-20 1.047656629210000024e-34 1.237998700690000065e-01
7.606152948129999438e-14 3.898854490120000071e-01 5.359029185129999817e-01 2.716471694160000117e-28 1.887283208930000083e-49 7.421163247430000165e-02 7.917369220010000356e-59 8.135802639419999812e-18 1.879146123820000021e-89 4.054032419369999791e-17
4.581465557440000258e-10 7.501321964280000422e-06 4.284721794779999815e-01 1.196474767909999932e-13 5.711926445180000034e-01 6.097450255070000225e-16 4.186748939450000322e-11 4.619991026350000182e-18 3.276741816269999733e-04 6.481995919139999712e-37
1.598793079559999997e-01 2.150904821509999967e-02 2.105439266720000130e-09 3.099596645989999844e-01 8.294522975549999487e-62 4.887863900239999889e-23 1.473138557919999869e-01 6.973657071809999850e-22 5.566213556950000287e-46 3.613381213319999952e-01
6.013963385259999686e-09 5.165516714900000306e-01 4.231792256440000122e-01 1.547787458309999859e-26 3.477279392570000150e-25 1.302209029599999984e-40 6.026909685179999976e-02 7.457522074000000277e-31 2.011630089000000086e-13 6.837909541660000055e-33
2.676342193460000151e-07 2.268312336600000160e-89 5.217125399420000293e-46 2.611464617709999825e-01 5.574648587170000225e-01 1.825643177890000095e-33 2.055347232039999965e-03 6.283522711410000072e-02 1.164978375310000008e-01 8.224109497750000304e-21
2.767304624220000124e-05 3.440264601570000025e-01 7.070170559150000485e-14 6.559458667969999546e-01 5.532531994129999886e-99 6.964622497340000447e-23 1.236683883389999981e-17 4.938879948230000204e-50 2.225356308200000036e-30 6.823302252540000177e-18
3.221484816880000176e-47 7.728546746000000101e-56 2.625976194980000146e-96 1.248291036380000070e-20 2.818934167000000136e-03 5.058925350110000220e-51 3.987326419039999847e-01 1.386473618489999970e-14 5.984483357230000466e-01 8.820522251759999584e-08
1.670248721740000071e-14 1.831535758029999902e-03 7.009516684319999635e-02 3.038897332370000259e-01 2.574402627950000071e-18 6.241835640330000157e-01 5.242493423749999965e-33 2.806238901090000033e-41 1.289699333119999918e-10 4.576862020689999796e-36
5.453651184319999873e-22 4.381874879359999864e-01 1.508104223499999927e-06 4.197542962379999837e-52 7.104977573370000521e-24 2.809079919349999899e-01 8.861918728770000144e-52 2.809029428459999811e-01 7.465040359129999905e-75 6.917844151719999586e-08
4.972582256039999938e-10 1.222641949569999997e-01 9.904440682289999964e-02 1.222879707729999932e-01 2.013838033079999867e-01 4.550195895299999904e-01 2.431903398300000094e-08 8.128764163909999916e-10 2.616671494119999940e-20 8.980100262209999493e-09
4.688415143849999911e-01 3.946301081089999931e-15 1.844369595370000063e-11 9.187565188050000290e-05 1.930828966250000001e-01 7.399333383479999986e-16 6.034309678259999754e-02 2.775730140580000005e-01 6.760247844830000218e-05 7.356369104470000079e-15
4.229466352440000021e-01 7.820969521300000495e-14 1.138647100340000052e-10 6.164942909970000290e-13 2.272464062570000048e-42 1.433151623510000028e-01 2.298587894539999886e-36 2.079879263470000086e-02 5.686133183549999775e-70 4.129394096549999782e-01
1.304143888010000021e-11 7.861135314159999459e-40 7.952590931340000613e-02 3.386877488889999954e-01 9.081166348539999812e-05 4.084197451400000073e-25 6.618306134550000102e-20 2.562019582680000035e-48 5.816955301209999485e-01 4.556599010870000007e-120
8.723501350849999998e-16 1.067906869049999920e-56 7.304470803170000283e-10 2.684390120280000141e-36 6.249189819799999546e-01 3.064586606220000009e-01 1.901222996359999808e-40 1.493933291669999970e-05 6.860741733519999663e-02 4.250327123029999747e-26
5.597541867280000326e-48 1.653601666370000073e-19 5.526959776430000182e-32 1.709707676660000028e-80 1.088758598889999955e-15 7.408405233079999874e-01 2.097591854999999944e-72 1.578164683790000133e-01 1.033966490490000030e-51 1.013430083129999992e-01
1.346785562010000079e-68 5.669740834889999971e-07 1.959530321239999905e-44 1.259216493989999968e-13 3.926401385259999620e-03 3.225254647350000309e-02 2.627610867230000111e-25 5.780749400880000488e-32 5.555762161880000161e-01 4.082442689790000134e-01
1.344837452480000071e-09 5.145355080429999672e-01 2.327460286159999947e-01 6.852308622739999855e-02 1.841926705040000112e-01 3.454082299769999905e-07 1.605336651769999935e-06 7.544791162900000330e-07 9.954980190090000241e-38 4.079157388810000145e-11
6.665785703629999448e-01 1.455704699609999980e-06 1.731425313940000059e-08 1.934845606810000067e-04 1.213185377529999997e-69 1.615660759219999916e-38 3.332264720579999895e-01 5.643151122929999836e-46 3.762234550460000145e-15 1.268064018619999930e-21
2.573504633189999970e-22 3.589730611859999754e-01 7.810510805849999750e-10 2.892862565939999936e-02 3.403766311220000109e-08 2.172292579979999971e-01 1.003039913870000050e-05 4.062493529850000222e-24 2.366395040619999890e-01 1.582194858759999878e-01
1.392793908079999931e-13 4.736448865590000001e-01 3.788174984329999995e-01 1.473861495150000089e-01 7.473788560480000491e-14 1.514654930469999975e-04 1.169170231060000058e-25 3.881136789920000188e-29 4.292424886569999903e-27 3.287259556390000259e-35
7.041012249129999872e-23 1.252634901049999930e-02 8.038240020149999667e-07 2.862968545139999987e-01 2.114705751159999893e-35 2.869884705219999943e-01 1.051573439039999994e-20 1.358105384370000007e-54 4.141875221299999854e-01 1.218515936270000010e-16
1.213271472360000096e-13 7.520569697350000249e-01 2.433352871159999986e-01 4.607652566639999954e-03 1.753086957409999959e-51 9.058194722259999688e-08 1.914231864300000074e-28 9.726653395350000377e-57 9.772775298290000537e-17 9.044578517670000076e-29
3.907817488220000008e-10 1.438629721119999944e-11 6.630636470240000024e-01 6.608564791959999719e-08 4.061165651060000106e-48 8.728262124009999526e-31 2.421730074960000076e-02 9.475687935960000385e-63 3.127189857359999881e-01 1.655850017340000051e-34
2.259437467280000058e-04 8.481732127749999713e-44 1.183139506459999923e-16 4.997962160739999882e-01 1.206297108530000043e-06 8.028623863130000447e-54 4.999766338819999767e-01 4.878990985480000163e-25 1.096734200120000005e-18 4.871390553899999736e-80
7.477735640479999522e-20 6.470722309690000174e-01 3.912715703330000049e-07 3.529273745950000096e-01 8.020482206139999795e-29 8.946765879209999489e-14 9.088409935850000465e-12 9.694299562009999986e-54 3.154708800129999898e-09 1.263270304439999910e-24
1.034379360189999935e-95 7.441085325780000259e-01 5.247383418269999773e-70 4.558920877840000080e-40 2.390059157699999937e-01 4.375450240149999659e-24 7.069258786360000317e-22 7.687131188210000324e-25 1.992016820380000099e-13 1.688555165200000124e-02
1.508243681139999952e-18 3.961808922150000245e-01 3.772233966740000207e-07 2.069946902590000162e-03 1.149861698509999918e-41 4.241388183570000137e-01 1.152613013269999959e-28 3.376691410189999766e-54 1.776099653010000112e-01 8.489832965239999914e-18
3.042618118730000143e-30 1.434168179200000024e-63 6.908033942269999697e-63 1.474094148619999902e-35 5.000773709419999991e-01 7.596195062580000271e-50 2.045704317539999899e-08 4.999226085999999847e-01 1.123977466250000064e-24 5.760319897409999536e-13
1.678185616280000055e-44 2.014724201680000158e-42 1.870961793170000043e-32 1.605489975009999939e-05 3.629378237420000091e-06 5.999355088910000022e-01 1.590983072460000020e-50 8.536441800869999557e-45 4.000448068310000216e-01 9.335516609339999894e-39
1.041497835390000008e-28 5.641432482189999709e-01 4.496691437090000040e-15 1.310226607410000075e-36 1.619515324530000078e-01 1.744883922780000041e-01 1.727400087890000000e-39 9.941681552759999707e-02 1.162777777129999953e-39 1.152178305230000054e-08
3.202424474039999918e-30 5.642166580349999849e-01 2.946452448289999958e-15 7.406535425519999906e-35 1.613811560300000003e-01 1.735097280840000034e-01 7.062166948600000215e-40 1.008924575299999932e-01 4.272627959799999845e-39 3.192447517269999771e-10
6.783313205239999923e-34 4.658129843379999919e-46 1.485386312649999867e-17 2.516996247759999751e-88 5.001301159979999467e-01 3.903988979029999917e-09 3.273266785189999967e-49 4.998698800979999857e-01 1.654371419210000060e-21 1.857154055590000070e-18
6.219404369919999676e-01 2.373303746479999907e-02 7.257439932829999955e-09 4.136238866070000132e-37 1.631933983549999940e-66 3.270338021630000226e-45 1.773983033759999883e-01 1.055076557259999991e-10 5.018502727600000018e-54 1.769282148050000114e-01
3.355967611979999892e-17 5.167614588540000442e-01 1.170245015060000030e-35 4.462528060900000093e-01 3.074039451440000164e-57 1.677123553670000054e-44 3.698573505129999772e-02 1.973863650939999891e-36 1.353680346030000001e-40 4.068849642839999919e-12
4.307501137899999999e-01 2.728891719789999979e-19 1.441867640169999919e-12 1.035278652419999905e-03 3.934974069580000067e-01 3.168459208629999757e-20 1.309062301170000053e-01 4.343523320240000318e-02 3.757372779719999755e-04 7.134690519500000271e-20
8.221201439799999951e-60 1.226935904210000022e-03 9.567131012899999537e-42 7.665678367029999666e-13 1.015736232279999976e-26 3.990180863619999796e-01 1.517368320080000023e-44 6.335486468249999900e-54 5.997549764299999753e-01 1.302718817040000085e-09
1.819729797630000112e-16 6.490624307130000124e-10 7.733432122989999733e-28 4.408754554119999953e-40 2.413360235889999814e-22 5.266827181989999919e-43 4.678924749710000053e-01 2.730128452630000147e-01 5.995774117900000441e-32 2.590946791159999818e-01
6.101727274080000149e-10 2.328728086819999800e-12 6.293255282790000127e-01 1.966510780039999990e-41 1.382011382279999925e-42 4.574948735039999909e-02 3.314134429659999722e-27 1.018656643339999946e-20 2.826903090339999980e-01 4.223467472390000227e-02
2.666825049010000116e-21 9.834356374629999244e-10 6.128731321869999513e-04 2.463206503760000110e-01 1.665576169819999993e-31 1.488974092959999963e-60 2.074641155330000097e-01 6.739735100699999706e-129 5.456023599760000398e-01 3.950289514130000253e-128
4.193711715480000213e-01 2.967928828190000146e-01 5.354460392640000087e-11 2.072561184710000126e-10 2.266059609469999792e-115 9.726051527170000490e-21 2.956724348999999843e-19 2.971040301790000177e-26 1.677848833789999843e-73 2.838359453720000203e-01
2.137328440580000193e-12 2.470718699109999987e-14 9.866984293380000090e-26 2.308060108289999930e-21 1.430495548569999942e-01 1.716506491830000081e-44 4.282106828380000119e-01 4.287397623020000048e-01 2.282730205989999986e-30 4.529175506909999762e-23
1.530355723829999961e-76 1.144900876020000063e-44 3.701363987009999986e-117 1.558614963380000018e-42 2.500349171360000122e-01 1.083129989850000036e-81 7.499650828620000320e-01 1.474871241630000025e-22 4.045802481780000231e-13 1.165455423339999920e-12
4.699969844369999983e-01 3.465660564169999891e-15 1.263825280939999909e-12 2.605230123279999956e-05 1.951571216459999925e-01 5.256047795659999920e-17 5.847693660710000241e-02 2.763278350650000270e-01 1.506994269780000028e-05 1.766824001849999965e-15
1.060600688639999968e-21 3.072607314039999930e-48 1.390268421809999937e-43 3.357527204279999733e-01 2.031971020170000031e-01 1.455774007470000131e-01 1.376833162039999953e-24 7.407499245979999591e-02 4.179422926139999940e-08 2.413977425540000110e-01
9.834638136290000434e-14 1.906003563820000100e-03 6.998298930959999387e-02 3.038788161339999738e-01 1.280307714150000033e-19 6.242321908600000357e-01 3.669100096910000187e-35 6.853103989569999938e-41 1.322439628949999876e-10 8.775548652909999252e-37
9.720705997780000479e-17 3.847359002799999872e-01 8.106671686660000262e-06 3.402871674499999971e-02 7.530035228190000429e-02 5.059269240210000351e-01 4.797372270000000020e-19 6.142688805239999688e-17 1.730669096640000098e-13 6.768681119710000353e-21
5.017276675320000434e-01 6.232471380149999821e-12 9.721288296029999999e-08 4.982721183709999946e-01 9.793964964919999768e-77 1.168774383089999971e-07 1.030658338779999954e-43 8.391802099640000422e-36 5.213496786780000020e-58 1.673676353000000040e-25
7.434673567100000376e-06 4.978993204809999882e-17 6.367015212050000157e-15 3.765868347949999917e-01 3.656224813969999802e-37 1.033380412589999938e-12 7.030928772709999712e-08 2.643005350560000226e-19 4.489789457510000298e-20 6.234056602209999687e-01
1.126071494959999937e-13 2.022666443020000038e-01 5.636811514780000464e-26 2.209201256149999903e-01 1.530152202489999899e-06 1.524700402150000118e-14 9.053486387880000817e-06 4.094319967799999738e-01 4.708685253109999688e-41 1.673706496640000041e-01
6.825654832899999414e-02 1.052037483550000013e-01 1.010907073369999968e-10 3.210140520920000129e-01 5.507904755280000045e-24 2.863756572260000174e-19 1.137347033150000047e-01 2.332430412560000110e-01 8.409210586629999459e-83 1.585479065519999897e-01
1.574922647869999865e-05 2.286219548879999952e-01 6.059271402159999660e-16 4.008585411630000150e-01 1.248659822919999978e-12 1.286041548080000057e-21 2.076676749030000046e-01 1.627976612329999906e-01 2.049491216930000160e-68 3.841858577469999686e-05
5.477421461130000071e-71 2.137325788680000116e-01 6.611489542239999771e-48 5.389281491920000108e-40 6.076266743099999479e-01 1.382179134360000117e-01 3.602156360490000220e-52 8.460204941500000056e-11 7.042897066479999644e-34 4.042283330190000329e-02
1.054373260830000052e-09 4.474732278039999908e-21 4.999927288950000159e-01 1.282260372329999981e-07 4.327209323430000222e-05 3.725004997519999924e-10 1.008330962770000046e-25 4.521948112249999875e-29 4.999638693590000016e-01 2.230073286089999921e-58
4.193707116770000187e-01 2.967882003330000185e-01 3.784342061690000336e-12 1.533633580920000028e-09 4.820272954500000014e-117 8.657833814250000124e-19 3.910827507309999902e-20 5.945917284079999858e-28 6.322340682370000386e-72 2.838410864520000132e-01
4.996866732870000050e-01 4.656932827820000062e-44 2.040765215990000063e-10 1.159747388260000058e-42 1.591118375890000070e-40 7.460343444709999570e-16 1.294085116930000080e-40 5.003133265089999560e-01 2.318693040089999936e-47 2.540454722779999923e-19
2.975055198500000125e-41 2.266407573480000112e-22 1.298572029400000034e-16 5.828110468399999577e-01 6.275015741069999741e-07 6.850181955030000547e-02 3.452369227310000178e-48 2.221833595449999877e-64 3.486865061080000050e-01 5.511028677290000228e-64
2.079471151500000095e-46 3.145984606639999991e-10 2.215124002870000033e-62 6.043511437800000293e-06 2.780239683160000130e-15 1.038832349390000098e-34 5.001521351019999617e-01 2.070797207650000078e-24 5.763452829560000005e-27 4.998418210719999810e-01
4.209438075029999782e-01 1.116249326910000049e-12 2.852736345489999841e-10 9.620204746130000829e-13 7.240338656990000105e-47 1.446721352839999974e-01 2.611125062419999899e-36 2.596574285500000134e-02 2.654067854739999914e-72 4.084183140700000103e-01
8.952574932080000579e-14 1.872983857279999935e-25 5.991873217440000232e-01 1.385355131400000128e-66 2.134259423980000038e-16 1.143657104670000061e-03 2.461168392230000108e-52 3.996690211519999814e-01 1.122872480719999924e-27 1.946907087839999966e-22
1.491279970859999949e-09 4.113623649579999930e-01 5.886376333320000320e-01 1.077901694450000054e-53 1.692364459350000032e-47 2.010023389669999832e-34 2.190760599449999935e-10 1.595880817490000077e-18 2.327992398320000106e-36 1.059846130229999932e-14
8.428827415710000286e-08 9.797605565020000436e-89 9.588217833160000674e-46 2.678624713459999973e-01 5.670989092170000134e-01 6.600421541209999514e-32 8.940782102170000308e-04 5.636467689920000163e-02 1.077797800390000033e-01 3.433426514170000031e-20
1.659688232550000093e-14 9.764603488899999430e-42 9.736083858590000280e-26 1.235825119160000047e-29 5.051219954599999900e-72 2.499107386730000102e-01 4.040879081219999669e-61 1.837131076330000149e-17 3.473289441439999890e-29 7.500892613270000453e-01
5.594550137169999555e-23 3.043426359010000248e-01 2.057006945850000014e-08 2.161357094470000018e-01 2.226092671969999992e-01 2.569082367120000265e-01 3.371607198210000243e-23 4.676962466990000156e-27 4.130173982109999646e-06 2.341604909209999855e-27
9.889815985320000045e-51 4.903485186980000256e-10 2.395391098380000012e-25 2.157701065110000044e-69 2.717393660999999795e-34 4.999665229540000144e-01 8.683325975420000333e-63 5.158753104929999935e-23 3.212453398600000046e-24 5.000334765559999450e-01
1.980517046370000034e-01 5.637438720259999592e-01 9.868832759770000727e-18 1.972190360440000123e-01 2.745326024569999859e-75 9.471993687739999977e-29 1.013160299289999915e-06 1.539234504970000018e-24 1.113003956290000116e-47 4.098437413230000131e-02
1.674303740439999912e-07 1.214713768410000124e-38 1.196110855079999917e-21 1.436333214269999915e-06 2.500338405440000189e-01 8.144741341050000436e-67 7.499645556930000234e-01 2.542241566319999950e-15 1.304108160389999959e-48 7.065387025169999818e-74
1.947454579740000101e-50 5.326981560160000547e-29 3.562008330099999671e-36 6.793313268979999759e-12 5.000824089600000022e-01 4.999166797449999811e-01 1.274265871869999947e-39 5.497681035139999774e-27 9.112884866640000494e-07 7.272217776620000270e-20
1.841103421289999995e-14 3.135367699459999940e-34 4.809562271930000084e-03 2.113547913420000112e-47 4.252518708570000028e-01 4.221287330629999723e-01 2.185511216570000099e-46 1.450242804419999976e-01 2.785553367259999830e-03 1.857139019169999909e-22
4.135872846600000366e-12 5.467683187940000078e-01 2.043570122340000063e-31 9.774493052480000193e-12 1.198108761400000006e-58 8.726876136299999718e-47 2.068201051820000025e-01 3.749531949089999695e-15 2.324732000609999893e-81 2.464115760099999941e-01
2.342049913819999930e-07 2.817326950219999904e-01 6.231819691229999458e-01 2.978963539169999820e-18 9.487905664199999811e-02 2.723468987459999871e-29 2.060450081779999947e-04 5.880159092640000178e-15 8.692611623120000237e-20 1.196099815500000082e-41
2.764521083339999810e-50 1.945995515389999901e-13 2.849522505390000150e-65 7.748819591990000477e-01 1.996773655170000135e-82 4.445160331809999988e-85 2.251180408000000022e-01 6.761685041130000432e-154 1.914630547140000183e-15 8.783019916799999895e-40
1.879175786929999935e-63 2.088603653650000184e-06 8.039055240379999563e-38 4.031907186629999917e-01 4.280420026529999999e-28 1.772059577109999973e-18 2.294438377599999961e-27 1.662827230829999962e-111 5.968071927339999583e-01 1.944825691299999870e-39
3.490654791809999821e-08 1.391615124439999907e-01 9.252148404369999940e-20 1.122611427759999975e-07 1.855597707249999892e-56 7.172379712969999823e-35 4.309943750529999784e-01 2.926161764520000186e-19 3.121545605889999965e-75 4.298439653360000001e-01
2.163568835429999805e-22 5.941310767090000056e-01 6.128892284219999766e-10 6.240673998400000440e-64 1.756887661290000013e-01 1.560816853980000102e-26 2.819873439840000118e-04 2.298796050159999937e-01 1.306079668500000066e-09 1.856288310340000028e-05
9.721247698580000318e-02 5.387578670120000135e-01 1.819778023199999948e-17 1.691462235320000118e-01 7.349723371970000421e-27 7.808418815220000357e-28 2.308995743040000127e-04 1.946495002599999968e-01 3.830631831820000105e-93 3.032635787270000110e-06
1.177454054380000082e-09 9.767676891019999643e-09 4.999992412109999784e-01 1.653327277119999859e-23 1.416833068610000033e-31 2.586323830870000203e-07 1.243925357529999992e-20 6.502850657349999574e-25 5.000004892110000432e-01 8.098039623359999998e-16
1.316553967970000119e-07 2.618701434169999855e-68 6.265053642750000318e-01 1.790119128859999944e-17 2.480576034400000249e-10 6.588457678310000176e-02 3.186441389449999902e-39 1.098530007740000059e-20 3.076099270379999973e-01 1.081747878740000021e-44
1.284958196270000058e-12 2.514176286099999991e-01 4.987769997170000136e-01 5.204368693810000377e-69 2.464459865899999891e-18 1.486446387419999927e-37 1.903652610289999915e-16 2.498053716720000095e-01 5.148042137160000144e-84 3.783264432210000318e-24
5.017278001599999593e-01 1.160800446210000005e-29 2.808162460430000068e-09 4.982713469669999840e-01 2.660935515919999887e-25 2.441958750789999845e-47 8.500651727109999827e-07 2.703269933789999991e-38 4.541403325070000075e-14 3.178983403810000127e-78
6.119188798970000357e-09 5.261541644090000233e-16 5.710717748710000263e-01 6.161244885340000461e-29 4.281130332520000081e-01 1.237524935090000066e-05 4.614359695440000180e-22 8.028104513830000349e-04 5.727838082149999830e-11 3.928507323880000169e-20
2.163621046210000131e-17 6.018200802769999580e-01 4.553729420910000020e-02 3.526421449079999992e-01 2.114657420539999902e-22 1.631597135070000043e-10 4.926313401020000269e-08 7.065650756500000198e-43 4.311800640700000147e-07 4.800279314250000084e-23
1.868387543659999942e-17 9.870642762810000193e-01 5.845585059820000419e-06 2.226046091400000154e-71 1.557575393670000022e-79 2.255486538609999930e-13 8.341661966569999586e-51 2.138352316170000102e-14 4.321463893120000104e-111 1.292987813369999954e-02
3.893204434319999873e-18 7.415332037519999965e-39 9.611821618529999799e-36 3.334428249299999925e-01 2.070624295390000036e-01 1.472969285790000082e-01 2.042600673489999968e-21 5.861526379080000265e-02 9.161310325159999743e-08 2.535824615480000155e-01
3.879650871399999814e-15 7.622368686149999517e-01 1.922863926939999950e-06 6.837696305950000033e-09 3.644235542210000061e-14 1.839808906239999907e-11 2.030107808809999970e-01 5.265355483830000214e-15 7.663003496639999659e-23 3.475042078380000121e-02
4.463311563189999998e-01 1.029978769449999909e-34 2.872729590519999947e-14 2.291149476769999971e-01 2.148219804669999917e-07 9.607856678210000449e-17 2.493619604810000133e-12 4.632136299640000400e-09 3.245536765479999919e-01 1.833369033680000174e-30
1.493782058110000033e-01 1.267919723339999910e-34 7.918399275140000307e-15 2.101232983239999861e-08 1.802840143320000064e-14 3.912252931160000125e-15 4.339269400740000115e-01 8.985677601399999536e-04 2.675769994630000093e-01 1.482192658790000006e-01
4.448030709169999776e-05 4.208189063749999861e-52 6.501308828300000233e-23 4.255787783609999986e-01 4.277590155970000252e-01 8.112778586549999859e-37 1.451154281070000107e-01 1.332682825570000090e-12 1.502297626649999997e-03 6.836114230879999928e-41
6.867536448029999843e-37 8.604019267569999612e-20 2.966561549860000016e-20 1.125636638259999995e-83 4.940737627810000143e-01 3.370089875940000121e-17 4.249211193999999939e-16 1.768906873349999909e-02 1.439252553070000031e-04 4.880932432299999735e-01
1.565454995379999970e-49 1.072683362760000065e-21 2.718932032839999943e-37 1.064021088440000031e-13 5.000512440130000513e-01 4.999485541479999906e-01 3.515091857579999955e-38 7.284946610639999964e-25 2.018390205839999992e-07 8.061626510289999947e-14
8.883089780110000277e-26 7.472486216229999867e-01 4.028066583800000002e-10 2.527513775079999747e-01 2.114032305739999887e-44 9.014554507490000299e-22 2.922429024539999832e-24 7.761971576769999954e-90 4.661024411110000177e-10 1.169463585500000093e-50
3.986419512159999962e-32 2.366016729949999947e-76 7.804205743679999447e-67 2.222334822179999818e-31 5.001300882539999604e-01 1.702257561620000020e-50 6.371877211900000215e-11 4.998699116820000121e-01 1.255988975960000062e-23 1.265805674710000056e-17
2.499999536399999944e-01 4.510610434190000244e-20 4.591933322389999703e-12 8.781570899149999671e-44 1.661272797489999869e-36 2.438140404839999758e-44 3.502703328220000145e-14 7.500000463560000385e-01 2.157125135710000124e-92 2.536770194099999899e-17
9.390401262359999628e-31 1.714887699079999939e-01 3.856577077129999842e-43 4.320682589939999763e-01 1.728317727899999960e-17 1.970700550169999886e-22 1.075228846049999928e-03 1.794569256689999886e-25 1.515748283989999955e-08 3.953677270950000100e-01
1.595458045730000064e-23 1.548677647059999996e-01 1.148190043099999919e-08 2.023160472149999889e-01 1.016294088309999976e-30 2.381006086430000057e-01 1.929949485699999882e-21 3.830139276649999636e-52 4.047155679539999884e-01 6.087673278029999663e-13
3.415413089209999939e-59 3.482922887870000261e-01 1.908331136480000042e-43 5.154069531899999577e-03 6.465536416810000464e-01 7.715237561040000203e-28 2.748968463189999968e-13 4.037764804250000183e-45 3.505016288440000266e-26 1.352148702469999935e-32
