2.338045628559999936e-02 8.776474729920000339e-88 2.316466448400000146e-12 1.600663969819999949e-20 2.992835774939999749e-01 8.176402594940000249e-18 2.733727657449999858e-40 8.894821809959999611e-11 6.215313468459999768e-01 5.580461928370000074e-02
3.316025892819999821e-01 7.558206378020000324e-03 7.513865958749999961e-05 3.870872344490000061e-01 1.009293347609999981e-02 2.635838977230000046e-01 1.482306742189999960e-36 3.354665411959999997e-11 2.731333962460000111e-30 1.217237737079999981e-21
7.701776045620000177e-01 6.908035927949999879e-35 7.028022684110000142e-42 2.580044320519999951e-03 2.505234663669999879e-03 1.040291142590000038e-36 1.202295333989999999e-24 5.176661922250000230e-39 7.631632387450000013e-27 2.247371164539999910e-01
3.334127004569999997e-01 1.647626031759999877e-29 1.861470521100000057e-73 1.637646348390000112e-07 6.665480393099999512e-01 6.074863199809999789e-53 6.057011493519999812e-26 9.151729961090000407e-61 9.435926169800000364e-32 3.909646837469999970e-05
7.498490878919999991e-01 5.183917387109999946e-11 6.656002632550000531e-14 2.248731400480000022e-31 1.134982949639999994e-23 2.501509120539999742e-01 1.110214193629999941e-146 2.208977228829999876e-12 9.911681723009999457e-46 1.667214916019999977e-67
2.930537484489999839e-06 1.014733460420000022e-08 3.383354976160000079e-34 3.555326861929999881e-31 5.978504251499999755e-01 3.465811906890000071e-01 3.734852411670000049e-04 5.408797433009999989e-02 1.103879084110000099e-03 1.048207795399999963e-07
2.633489429669999958e-05 2.352333327670000085e-01 7.872554113959999261e-40 3.902482561079999867e-09 1.475170718120000055e-12 7.740131466989999637e-06 2.633377736029999805e-01 9.692093751389999929e-16 8.518946241899999494e-02 4.162053522820000073e-01
5.999530127959999959e-01 4.000469872040000041e-01 9.994401028550000546e-33 2.693690015729999991e-20 7.154191082289999655e-27 5.563604941390000570e-20 2.455125009699999863e-19 2.379591937830000224e-66 5.481468696030000091e-45 5.912982078269999858e-61
9.417489202560000211e-05 1.741946483730000038e-08 1.615153400719999965e-01 3.871977934750000126e-72 5.363685658850000371e-01 3.443190598250000028e-21 2.867832471929999840e-27 3.020219017310000198e-01 2.777068372340000176e-13 1.020214524399999973e-58
1.419379696149999925e-01 1.090151736099999920e-24 1.571821647859999957e-06 7.653736001679999556e-12 2.991162498979999947e-40 4.291701168889999751e-01 1.753716665000000120e-05 6.954241094820000010e-17 4.288728044990000043e-01 6.528667282029999903e-18
4.694048740900000292e-52 7.490380703590000522e-01 2.103274022180000036e-01 1.671743086530000062e-46 1.112808095270000008e-37 5.228404312309999771e-27 4.063328559650000033e-02 1.241826562730000012e-06 5.445656882789999826e-21 2.611282254609999892e-53
5.436830383830000279e-01 1.287482136339999916e-01 1.564214876419999997e-02 3.756843272180000055e-26 3.518737014199999763e-02 2.644026185650000174e-22 2.767392289569999830e-01 1.857551349449999998e-16 1.190533527940000085e-10 3.107893056380000153e-32
4.932272207630000183e-01 2.807460226890000007e-02 9.168148121469999682e-05 6.994978980879999815e-13 3.102009078140000134e-38 4.786064954859999832e-01 5.735896024439999946e-82 4.827111807049999786e-29 8.328819817100000137e-53 1.133688475949999938e-77
6.199252330830000278e-17 1.858597887850000130e-27 8.638426621189999877e-03 5.258393864389999672e-01 4.655221869400000267e-01 1.357960508970000082e-16 3.600322310020000279e-49 3.329095721960000237e-16 1.487204498020000023e-31 2.166039138840000063e-13
1.296799240529999953e-01 2.185345653799999899e-01 2.501726535079999966e-40 2.620174511579999824e-38 1.001373473720000018e-01 5.516481631820000509e-01 1.844794850280000063e-25 1.376429098050000050e-11 1.004013439999999991e-17 6.367211938869999460e-30
9.249213432870000262e-15 7.225755902840000581e-61 2.307102256560000200e-06 6.834138223290000397e-28 3.976706764219999912e-01 1.164890530719999905e-10 1.096230862949999923e-22 6.008946828810000085e-01 1.432319274160000081e-03 1.420404024470000046e-08
4.186863875160000137e-01 1.490204707100000157e-11 7.598514938209999847e-87 3.823112166479999795e-10 2.140596265420000033e-01 8.027849944449999206e-03 3.824425498470000028e-13 9.179635214259999833e-39 1.506938044740000148e-14 3.592261355999999961e-01
3.440304913220000147e-10 6.066543120220000286e-31 2.074524920910000153e-02 7.000475204539999955e-31 9.463745269189999298e-19 5.998172854050000113e-01 4.420078471760000245e-29 3.793783865750000039e-01 5.907846638619999727e-05 4.575144767309999860e-23
4.937791327930000085e-01 2.529138783989999875e-02 2.474770680190000079e-04 6.391131039129999377e-14 3.625353495150000111e-38 4.806820022989999885e-01 1.707005145330000024e-92 1.130290208740000021e-29 8.715319633420000278e-57 1.936659653450000037e-82
7.920866448520000325e-02 3.544090915079999848e-01 3.219656230490000114e-19 3.441775968349999881e-01 2.634404109490000080e-19 1.933236880640000011e-03 1.171590114609999941e-51 2.202260997259999908e-01 5.185842697610000125e-15 4.531056497330000066e-05
5.293283378199999945e-01 4.121566496430000186e-47 1.449738936739999992e-53 2.149535739209999936e-14 6.727971786569999555e-27 6.085848025989999688e-06 4.132226404200000245e-20 6.807038421839999963e-26 3.536831735760000035e-08 4.706655409630000064e-01
2.271005273430000145e-49 2.406090435249999819e-13 8.615875286839999703e-07 1.314611332139999922e-01 1.767199638579999940e-07 1.338808137789999908e-01 5.943154918080000049e-14 2.475757349019999942e-01 2.765699791570000126e-17 4.870812797969999997e-01
3.634729441100000068e-25 4.620406629139999777e-01 3.317076352749999912e-21 2.772671809710000048e-43 1.326512554539999962e-18 7.501793615869999619e-03 7.191242552429999435e-02 4.585395949730000087e-01 5.522972615990000011e-06 6.063490694910000115e-23
1.853640877590000006e-18 2.352857807500000074e-21 5.467463171690000179e-01 7.701520166699999638e-30 2.891131208590000049e-67 1.889596276520000010e-32 2.334466052770000077e-01 6.711330005479999826e-11 2.198070774870000132e-01 8.404830542490000127e-25
1.881496049510000075e-71 2.484706439099999880e-23 4.147225444550000084e-01 2.719337219410000069e-43 6.171459706700000187e-82 3.498706264530000129e-08 1.981587993139999893e-01 3.871176803520000043e-01 9.408916751970000024e-07 6.755660386349999732e-32
3.620353887980000129e-01 1.232994641039999990e-13 1.021607619860000057e-22 2.269062691640000014e-08 2.313764178640000113e-02 1.651910637849999847e-05 6.148104276179999772e-01 6.278158927949999477e-32 1.692723335440000002e-15 1.599997362569999998e-13
4.626022222129999699e-18 8.092208325230000610e-02 3.722778550869999616e-40 4.717726951510000100e-01 4.473052215969999801e-01 2.423480270809999938e-17 1.356419996300000100e-59 1.478871554149999913e-60 6.785095380889999971e-95 9.853580955130000261e-42
8.976267032190000057e-44 4.268733822929999810e-01 1.607833182569999964e-29 5.782234650570000184e-08 5.690024240409999878e-01 6.714524906210000102e-34 4.912838986479999984e-07 5.048390007350000047e-15 1.276938450799999951e-29 4.123644560369999629e-03
3.552859671530000169e-37 1.319535882520000066e-13 2.298777386099999805e-15 2.671888074870000240e-01 3.025287207919999794e-36 7.328111925129999760e-01 1.259498052599999963e-15 1.333612719810000103e-38 6.642093960149999686e-47 1.412775030760000045e-32
1.040304476759999948e-04 4.098923312419999844e-19 5.184502299589999966e-23 1.255183913239999935e-02 8.319420222910000468e-03 6.757735343740000067e-01 6.144484910570000331e-18 2.160869223689999922e-10 3.241662155660000074e-12 3.032511756040000006e-01
6.003071697039999988e-01 7.492975580100000446e-19 3.996927253499999999e-01 1.937123381660000045e-16 5.183684413639999707e-33 6.180933151920000137e-16 4.622506377710000008e-14 1.071333514330000075e-15 1.049450537600000056e-07 5.524462107450000011e-26
7.669488225050000236e-25 9.468541961720000155e-05 8.163780952249999334e-02 7.944558873539999885e-03 1.153529512510000035e-11 1.598988487220000075e-05 6.262362376310000034e-01 2.829600876700000026e-08 1.309344348020000104e-01 1.531362555590000118e-01
4.989751951490000240e-03 1.736293803230000068e-19 1.776455288820000140e-24 7.218912754470000470e-01 2.731189725639999732e-01 3.756744021950000244e-11 3.398307334260000083e-87 2.214054114349999864e-23 2.022487559709999979e-42 4.815411792689999870e-16
9.499969888449999760e-47 3.763297239869999847e-66 2.876831003879999973e-02 4.724686796650000020e-01 1.710634970030000073e-11 1.357245431729999985e-25 4.933995329599999979e-01 2.720827261179999940e-30 2.319187778909999854e-15 5.363477318310000061e-03
6.297692620459999647e-05 1.556682475940000117e-17 3.917957268100000223e-02 1.143550989269999997e-04 3.786481082379999918e-01 1.993440098910000124e-02 2.824679895659999995e-01 1.063988307860000094e-15 2.795916238310000024e-01 9.726693377910000942e-07
7.427253541960000538e-01 3.769012316029999882e-03 4.195426421349999641e-06 1.760508553790000041e-01 3.742895087019999891e-69 7.745058268309999716e-02 2.452568727540000025e-30 1.747370663739999933e-53 3.102737622210000241e-41 5.822206915129999779e-63
7.164283230650000389e-01 2.017470446500000148e-59 4.240652770729999960e-65 9.630838600579999860e-37 4.315749722840000023e-61 1.662880931140000018e-01 6.715578398759999711e-38 4.727368081010000212e-20 1.172835838210000009e-01 2.742347896730000065e-13
2.159151381849999940e-01 5.282660111450000326e-25 1.364888148389999936e-29 1.805880093289999877e-01 8.308313442170000826e-28 3.206954361129999986e-01 2.670763225889999891e-04 2.955442279109999939e-24 2.725095073950000163e-06 2.825316149550000100e-01
2.754502463429999948e-46 1.000000000000000000e+00 2.640079585750000099e-30 6.069009037340000313e-40 1.625256053619999940e-82 1.730652220029999896e-20 8.676869506099999800e-29 7.035865121359999509e-38 3.641519204040000044e-58 5.905487754429999868e-86
5.736044780260000205e-10 1.115540302829999988e-21 4.032943230809999946e-01 7.169908656120000494e-08 1.417417494579999925e-14 2.552563417039999958e-36 8.427593278030000542e-11 1.344342552860000094e-07 3.024887320929999790e-01 2.942167380340000027e-01
1.974546837979999914e-01 3.012364736309999791e-01 2.968161268939999986e-01 5.579722488409999909e-06 3.581496609119999899e-68 4.982967356629999749e-07 1.966642905469999925e-01 1.750284549609999983e-13 7.822347109390000858e-03 2.566250274730000029e-19
2.713489593160000179e-27 1.157157666090000080e-06 5.766882158880000109e-01 4.233106269210000216e-01 5.573168248299999688e-25 3.367154741070000123e-11 5.263441366610000136e-30 5.412741820979999827e-39 5.387435698219999795e-59 1.027228383279999957e-48
1.593734379830000018e-24 4.325717705909999840e-09 2.811398918060000258e-10 5.967980533519999749e-07 1.056859659369999999e-18 2.432563659220000063e-01 1.997198876500000109e-01 3.304782564229999942e-01 8.343812072569999824e-07 2.265440542180000016e-01
1.588544233920000024e-44 3.594900633479999885e-01 1.495057197119999993e-02 3.159775235089999845e-22 4.993860267849999923e-01 2.508998441119999905e-29 3.065797534150000044e-04 1.258667581429999960e-01 1.335774302369999928e-14 6.973437082569999674e-15
2.024703797270000051e-31 2.583517903350000107e-08 3.995937119299999840e-01 4.461130527959999862e-23 6.004062622350000433e-01 6.366509327940000223e-24 1.232094347040000010e-24 1.390941996650000099e-20 3.138880503810000266e-35 5.625190098830000116e-42
6.713326054400000246e-65 8.406502424629999637e-02 1.753338186480000058e-05 4.694258839109999859e-01 4.464915534330000102e-01 1.679547082780000138e-30 5.028347248640000367e-09 5.635699448209999836e-50 1.089457770709999986e-77 2.088053937569999949e-39
1.231848100429999972e-09 2.192700870180000173e-25 2.015332014109999894e-04 2.663900045989999743e-01 5.494177607980000026e-41 2.989481445259999925e-01 4.344602997120000087e-01 6.494611269809999834e-25 1.672972582569999890e-08 2.994837347220000184e-15
7.038272938419999509e-24 2.284797229889999892e-01 2.229634350280000066e-01 3.743543100480000089e-42 2.337457490970000057e-37 1.510891363440000049e-43 5.485568419830000320e-01 3.195546706179999837e-22 1.060144759389999961e-19 5.691226598229999606e-56
5.119156609389999835e-01 2.189991639110000101e-27 1.471303341540000089e-32 4.880843390610000165e-01 1.129318490649999981e-29 5.218530488670000022e-19 7.279693340070000213e-79 6.840692472979999640e-55 1.051105991339999988e-45 5.495028703809999883e-31
2.732483861700000238e-01 1.170570771999999982e-01 6.996638571240000228e-11 2.316016448730000010e-01 3.745474412709999812e-01 5.282451830070000076e-20 3.545450415580000004e-03 7.361804885210000131e-34 4.728676767500000020e-17 9.384452783210000420e-16
2.487635956089999933e-01 2.377003584550000204e-78 4.169094958990000367e-09 2.155660477709999957e-42 3.125373700680000176e-14 4.363599095040000166e-17 3.097564327030000121e-32 1.332482351320000096e-10 7.512364000889999449e-01 5.352391483369999642e-22
2.154897981100000128e-11 1.235354414119999923e-46 4.936710186639999811e-17 2.698371973950000095e-25 4.278541490009999948e-01 2.731930284500000191e-100 1.785833293369999935e-32 2.210631971879999949e-10 1.292087898990000048e-09 5.721458494640000447e-01
4.941531034120000276e-01 3.336923774040000122e-30 8.636628856380000260e-03 2.447360006140000091e-09 4.947524479450000068e-01 4.120156106139999907e-06 6.032695482829999701e-103 2.453697183219999845e-03 1.374985207120000122e-20 4.643215737400000167e-15
7.901891475899999855e-57 4.761345600849999549e-41 6.660372366510000086e-01 1.444216906970000005e-39 1.997456980040000088e-50 3.339113865639999901e-01 2.884432836800000053e-05 2.199981174350000077e-05 5.326448710209999829e-07 4.173140669920000024e-31
1.440168056279999961e-51 5.902301224780000087e-22 3.459187537980000227e-01 6.540787109760000106e-01 2.535226422619999969e-06 6.468767115589999957e-28 3.777721764529999838e-25 2.130485993980000005e-25 4.655305084489999914e-48 2.771747134799999964e-21
6.495480800830000024e-22 3.780950846910000078e-58 4.010047437650000046e-01 2.258269706960000044e-09 3.076924932170000273e-32 1.287364611849999949e-15 5.989928264460000484e-01 3.109342965530000178e-25 2.427404424050000142e-06 1.262356562159999881e-10
8.912009819610000128e-04 4.414415644069999762e-08 4.154475004040000276e-31 1.415112671140000065e-06 1.811592260860000167e-223 6.502372411629999682e-01 2.746418739079999893e-01 8.889308247930000107e-27 7.422822469060000317e-02 2.125633993340000017e-13
1.006848040779999987e-25 4.618427820470000222e-01 3.182191835680000004e-22 1.449243414630000090e-43 2.443730099930000117e-19 7.840329153099999740e-03 7.182939557610000525e-02 4.584869067590000014e-01 5.864642823159999813e-07 2.353891683400000016e-22
5.998997352120000118e-21 1.409884497990000068e-03 1.823925851659999905e-05 5.521788988089999517e-01 4.869453018499999674e-49 4.463929774340000267e-01 2.037868710299999830e-115 4.500781119869999788e-53 1.415535538620000037e-97 2.401665097930000159e-100
6.501162087570000470e-01 6.849326379349999757e-41 1.151243373289999953e-14 1.793788313040000004e-19 3.162576326509999869e-01 3.902298680330000210e-39 6.229486815770000182e-13 3.100085155690000173e-10 6.387176761089999669e-03 2.723898152029999992e-02
1.233859453559999938e-16 5.501676445909999685e-02 1.008264477799999994e-30 1.895368478460000006e-01 2.611490517639999953e-01 3.652069361170000223e-43 2.474234077409999955e-01 1.930533085639999956e-31 1.957433529139999965e-22 2.468739281890000026e-01
2.602486259990000050e-02 5.072181040300000007e-12 2.270264967719999913e-68 1.862732283099999894e-15 4.901030431400000276e-01 4.838720942549999959e-01 2.723342912260000087e-62 6.181656914079999785e-27 1.775353462240000022e-31 5.455661670900000049e-16
1.177369923899999982e-15 6.439163846320000395e-40 5.998193625479999458e-01 8.342808357069999460e-12 4.001804640489999843e-01 2.622738859620000058e-21 1.122081335270000007e-58 1.733788031979999935e-07 5.934545190649999864e-18 1.612163248880000083e-11
1.846816666770000059e-01 4.047595517430000110e-14 3.722493402070000124e-01 2.229802741030000035e-01 2.193658682519999958e-01 6.040884306149999503e-04 1.068254257819999981e-61 1.187623287190000035e-04 5.073372777560000290e-21 1.675928543309999970e-12
4.124879984399999847e-18 6.789340736750000549e-02 7.826152152040000143e-02 5.370152106190000385e-01 2.612032408910000003e-48 3.168298604929999929e-01 1.172303246940000035e-48 1.691556826229999905e-41 8.008791198059999348e-67 1.119486814269999959e-71
4.135069123219999865e-01 1.822388820639999999e-07 4.984627482889999843e-03 6.919329045439999958e-03 2.390688608739999912e-17 1.016993169670000005e-21 4.350530405670000045e-01 1.866352619649999906e-07 4.650343562020000342e-03 1.348853781469999957e-01
4.168609341360000100e-49 2.853284431920000142e-02 7.300785318159999551e-05 1.573159757970000105e-03 3.502098996740000136e-01 5.897747845540000089e-01 2.983630384199999902e-02 4.244490818989999818e-20 3.555945829320000123e-29 8.617780176459999663e-21
1.407497727970000060e-28 5.746078138380000442e-44 2.002231225080000065e-01 7.995591529290000388e-01 2.101990679839999920e-04 3.126476399399999893e-49 7.522710260670000035e-06 1.193509958130000023e-39 2.743630081160000189e-22 2.784680673240000110e-09
4.904001531820000211e-03 9.023979070399999698e-14 5.474272147140000445e-69 1.289358321170000009e-37 5.611242519039999785e-06 6.713174502709999968e-25 4.248529729980000114e-01 1.121145014669999939e-13 9.510986472179999707e-02 4.751275495060000020e-01
2.132947472820000134e-01 3.215556890789999918e-42 1.129067510840000061e-45 1.856528910680000088e-01 2.642616674259999909e-32 3.181612080260000086e-01 3.864650141940000028e-35 1.259197859280000077e-33 6.689510195699999765e-11 2.828911535579999859e-01
6.295053638810000273e-34 2.800429785540000038e-39 5.823953251809999732e-64 2.162003698079999894e-66 3.117670838570000269e-01 8.977127357280000475e-59 9.069536625059999857e-03 8.230949130870000461e-14 6.361626593610000269e-01 4.300072015649999968e-02
2.941440466269999998e-01 5.530869751160000236e-01 2.021677526959999942e-09 1.523957559490000113e-01 1.580174711050000065e-117 3.727506662819999846e-04 4.686248947690000255e-07 8.708328815239999952e-24 9.951569762040000231e-10 1.105934246899999996e-23
1.881383781610000139e-01 4.747187818959999732e-06 3.773752997150000010e-01 2.166127898369999971e-01 2.177614106040000053e-01 5.939416118360000337e-05 5.009617651810000102e-23 4.798033366479999772e-05 7.698944898390000250e-18 4.936528432050000048e-13
1.225471460570000067e-52 7.492410614990000495e-01 2.059100292119999953e-01 1.455849422879999991e-46 2.654454907889999895e-35 8.029474926580000593e-27 4.484140856649999896e-02 7.500722592410000190e-06 8.802863922430000566e-20 8.403796226879999334e-52
3.273969017459999839e-07 1.057975138440000027e-41 3.993509516720000208e-01 2.243611315610000086e-22 1.544713384510000015e-30 3.377671525200000165e-07 6.028773204939999797e-09 2.143000978920000014e-14 6.006483771349999667e-01 1.657752788799999900e-20
5.703157057500000283e-48 4.724956970040000336e-06 1.101984858330000037e-03 1.705345910850000014e-25 1.013390447040000034e-79 5.894885158520000168e-01 9.537491111779999864e-02 3.140296814369999967e-01 1.817780643839999998e-07 1.560132003670000089e-28
6.665123875130000153e-01 1.265537369349999954e-12 2.287239901200000092e-18 1.451469815710000037e-56 3.334876024180000176e-01 3.313938544299999840e-37 9.461136667030000274e-09 2.507678213969999943e-18 6.066526356259999698e-10 7.060377940049999982e-35
4.245096467290000218e-24 5.209789697859999735e-02 1.949553482169999945e-17 1.007882094090000095e-96 3.108313969150000022e-01 8.071729233690000265e-50 3.093546040880000150e-11 6.370707060760000262e-01 1.188156129619999957e-13 2.119870742819999905e-44
5.258547589670000029e-04 4.340865434660000077e-01 7.410295309969999744e-02 9.623827740420000584e-17 6.969722052280000294e-42 1.848685592570000098e-04 1.367858026750000084e-34 4.910997801159999732e-01 3.830341401410000101e-14 3.118533322099999963e-33
7.776078055010000585e-06 3.687345092270000180e-01 7.449689223250000381e-45 8.274517910829999899e-22 5.033467487899999648e-01 3.392180573419999798e-21 1.091708868619999934e-37 1.278142884440000016e-01 1.167858876329999989e-12 9.667745992960000297e-05
6.514015938349999978e-40 3.728831337649999855e-01 3.133286815940000136e-01 3.302981257380000216e-07 1.242015835409999991e-01 1.498597290539999989e-24 1.895862708019999954e-01 1.710381569619999844e-36 5.613313067269999477e-57 1.943580817970000164e-37
6.052638168130000452e-17 1.117709411189999967e-34 8.475810350189999509e-02 4.285303502989999958e-01 1.916077618860000002e-26 2.769081357589999737e-01 4.531045959170000408e-03 1.662420910090000023e-19 2.049595674069999984e-01 3.127970744540000065e-04
5.604839199869999626e-62 7.142850292929999734e-01 2.029220943300000010e-05 1.805860054059999973e-04 2.854665778400000131e-01 8.309375854289999448e-28 4.751455780710000224e-05 5.808509901960000219e-12 3.684430241120000265e-27 8.788837519190000068e-11
3.338506346119999857e-01 8.166707738690000273e-03 8.135367243489999550e-04 3.895107254149999809e-01 4.802628055479999693e-03 2.628557674209999750e-01 3.431099520719999924e-37 3.294268498290000256e-11 2.101801643900000163e-31 1.032917214780000088e-21
4.162574921280000062e-01 1.204614077249999970e-01 7.703884849020000139e-44 3.206120202029999916e-10 4.632810994820000250e-01 3.447099965500000040e-10 1.802948362759999890e-110 1.195378176570000070e-39 1.145778033649999945e-67 4.966863386590000118e-42
4.883812431040000096e-03 5.290082231179999852e-19 4.666056405719999705e-24 7.219340764030000024e-01 2.731821108099999895e-01 3.560114964939999952e-10 1.723153235160000032e-87 1.542960691629999867e-23 2.021151800319999828e-43 1.738733525420000058e-16
2.465207654609999980e-41 3.669914824539999842e-01 2.473168894920000083e-01 1.439221650770000083e-01 2.417694629769999992e-01 1.061447060490000047e-17 5.955548119000000428e-31 5.952552960929999887e-49 1.197947064839999971e-76 1.495629743370000067e-51
8.630944154639999533e-02 1.682977757919999905e-20 1.770922249159999906e-01 8.730743399019999545e-33 3.503272097489999737e-02 4.047634309739999907e-08 3.985659844430000098e-01 9.444457611120000369e-12 3.029995876330000004e-01 2.251750326710000033e-26
3.596027430369999922e-09 2.569287220979999953e-01 8.053042512050000157e-02 4.343098493329999865e-01 1.259712578749999923e-01 9.282703580449999657e-24 1.022597419780000016e-01 9.406200900570000798e-37 2.756511401830000280e-23 1.740011992719999900e-25
3.417871785840000050e-12 3.667579922350000252e-14 4.739012278320000290e-10 4.006975035900000037e-01 2.814312885490000105e-08 1.839787741900000014e-45 3.985610607659999891e-08 7.759480605149999839e-15 3.217571549609999812e-09 5.993024247160000373e-01
5.119156609389999835e-01 1.890065721180000157e-27 3.999924309879999795e-32 4.880843390610000165e-01 1.182941214300000046e-30 3.066490961709999924e-19 9.814513783459999748e-80 6.707041035109999968e-56 3.377659435020000094e-46 1.263864287769999959e-30
3.290255458049999807e-41 1.230531075379999892e-56 6.644054051830000348e-58 2.259661977279999966e-85 1.768315868639999956e-14 2.473992966679999986e-70 7.492900814209999538e-01 2.704148669490000226e-10 2.506234005240000062e-01 8.651778469689999944e-05
3.999670461679999955e-01 6.000313432599999608e-01 5.712140873379999906e-48 1.432003064140000051e-30 1.543638638430000065e-37 6.079539026229999792e-27 1.609193896339999948e-06 5.542413305459999789e-22 1.377508091300000053e-09 1.718668764050000020e-19
4.180988248379999828e-01 3.593270842789999980e-20 1.511633127610000071e-01 2.795877553830000140e-01 2.246401130849999973e-03 7.699455279079999949e-23 1.486303807780000041e-01 1.850678951800000090e-12 9.172039700549999706e-06 2.641530675520000078e-04
4.174157432530000156e-01 2.226525804320000223e-19 1.530059193930000117e-01 2.801496677349999964e-01 1.594691248509999982e-03 2.367962760420000177e-22 1.471593696999999867e-01 6.899233811869999633e-13 1.816155186229999956e-05 6.564471173990000250e-04
1.298113520770000030e-43 1.090604925040000034e-01 8.016808795649999712e-04 5.612771417550000319e-45 4.290816108789999861e-01 4.460825382609999869e-44 3.956197664919999801e-01 6.543644924609999525e-02 3.955951381769999937e-20 2.342811840130000107e-29
2.650250396899999900e-68 9.321534824139999868e-34 2.328062463979999885e-01 4.057326728919999903e-01 9.381563993739999567e-06 2.774411502990000167e-01 2.624457398900000151e-05 6.425352214409999561e-11 5.050348276429999711e-20 8.398430420850000466e-02
1.485078316489999925e-02 6.420289982959999455e-33 2.428802327209999970e-11 3.372180875579999793e-01 7.192181078279999770e-18 1.556560443009999961e-01 1.404522620550000050e-15 2.014437429519999952e-15 3.897598841639999812e-01 1.025152007879999994e-01
3.506822998720000029e-01 2.212203795379999925e-56 7.528335296920000642e-21 5.583058644709999589e-17 2.389161204270000109e-04 1.026046001069999995e-14 6.555044129460000257e-14 4.220808636999999977e-14 2.725273126219999731e-01 3.765514713850000028e-01
5.274760108910000467e-01 1.741087788079999973e-29 1.315405469790000062e-61 1.099169150659999943e-10 5.014339569059999597e-28 2.847987233819999966e-33 2.100116226740000125e-64 6.244120174480000268e-24 4.964296155759999741e-17 4.725239889989999997e-01
4.077630847589999691e-33 1.333720604350000015e-86 1.240929714890000126e-13 7.969672144939999567e-23 5.782531246150000026e-01 6.336294064969999539e-16 2.270902491599999865e-46 1.636965630639999891e-01 2.256152380010000059e-10 2.580503120950000118e-01
6.982123201939999977e-39 1.852711397740000043e-01 2.821056049740000016e-01 3.563454092180000088e-01 8.968123554990000658e-28 6.620370589699999534e-11 1.367725576450000032e-14 1.762747004200000134e-01 4.598866165049999604e-16 3.145547711480000185e-06
2.728475264629999786e-01 1.167834823299999936e-01 5.332220126789999652e-04 2.327666124349999921e-01 3.753882796449999892e-01 2.753913842729999855e-17 1.680877113659999924e-03 7.146229679350000273e-36 6.548592523419999687e-18 3.997391565570000134e-20
4.116820581399999780e-59 2.287570708520000083e-30 2.993357448939999919e-30 5.496137150819999651e-01 2.889195004220000023e-34 4.503862849179999794e-01 2.243968349320000098e-40 2.741875755960000187e-44 4.717091717789999799e-61 4.535235233740000298e-28
4.012257481930000223e-03 2.423531960820000006e-81 4.916632108699999950e-12 1.539162988989999916e-22 3.259523908060000252e-01 2.708578953220000183e-22 1.194005764580000024e-14 4.662486580790000240e-14 6.652471552490000217e-01 4.788196458639999882e-03
3.840052898969999954e-89 2.031494866649999874e-62 3.811893770710000049e-66 9.440168672819999596e-45 2.799024332089999763e-07 3.321030165139999827e-97 6.309429310869999474e-01 6.476498525620000229e-39 5.967472630070000528e-23 3.690567890099999970e-01
3.028065254070000098e-07 5.658975836289999990e-42 3.993508900950000218e-01 4.590605922299999629e-22 1.749276232070000054e-29 4.197585008620000257e-07 3.125501936120000118e-09 1.918380450619999847e-14 6.006483842149999974e-01 4.482861184030000136e-21
2.008167632789999830e-12 3.337111132250000223e-01 1.516976082219999993e-58 1.857799038940000095e-57 9.670669683190000309e-13 2.530553663519999890e-07 1.056082513229999993e-07 6.653971724849999658e-01 8.913556231439999757e-04 4.017754933119999861e-16
2.926693704819999797e-01 5.527560354439999823e-01 1.615378973950000033e-09 1.543152495850000083e-01 1.184010957930000029e-119 2.589476598179999735e-04 3.699691401859999920e-07 2.806832489809999733e-23 2.524433332399999991e-08 9.552411801000000551e-23
2.140041310850000116e-04 4.345478435049999755e-01 7.351198666510000423e-02 5.915371243409999657e-16 8.242374219470000742e-43 1.330641475130000097e-04 9.683331110519999861e-30 4.915931015330000098e-01 1.780741486130000118e-11 1.134773094279999944e-29
2.028408697109999881e-01 1.880702798400000085e-20 2.307561966470000118e-22 6.311571001200000364e-02 2.051477895999999986e-112 7.340429703830000374e-01 4.498949571490000263e-07 2.603280666019999835e-61 2.283910999710000113e-17 5.573281023329999763e-32
5.076562597819999602e-84 3.853262054220000232e-01 2.155148824430000080e-52 3.223891418970000200e-01 1.180626314730000020e-15 1.561579514529999919e-07 2.922688549760000254e-01 1.373103281419999913e-31 5.997837275279999576e-44 1.564154784730000097e-05
2.534357308699999867e-02 7.240679606090000170e-29 3.234424034949999899e-18 2.788697227280000125e-11 2.380919156630000033e-01 2.631962358520000267e-01 5.910980494460000040e-24 2.848503199949999898e-01 7.483115617990000023e-06 1.885104722590000004e-01
4.691674768719999982e-42 1.026246943770000057e-03 4.883944201710000300e-05 4.991675884819999837e-08 4.828381069340000032e-08 4.992149976970000069e-01 4.997098177170000155e-01 1.389831562640000090e-28 1.383359728939999951e-42 5.855405310789999937e-39
8.459048776459999720e-13 4.021111872790000102e-07 7.606682636410000417e-17 3.234179584549999875e-01 4.720157565830000296e-20 2.545155799070000172e-03 6.740364836340000387e-01 5.168308836350000544e-60 1.784167381420000102e-37 1.740989724780000001e-35
3.512039393110000240e-01 6.778382246169999504e-23 1.717944945809999916e-26 1.267558362259999978e-23 9.863645072530000135e-14 4.486319967379999689e-46 1.380389721320000057e-11 2.885026154589999907e-05 2.715482270060000092e-01 3.772189834079999748e-01
3.431959097480000165e-01 1.310865198950000032e-01 1.580033556740000067e-01 4.097027383569999935e-10 5.960276048630000434e-47 1.454064454069999943e-09 4.404774514160000182e-02 1.181146003970000021e-07 3.236663495629999998e-01 8.146002736620000157e-16
7.178509530319999281e-46 7.652258075399999455e-29 2.870967132259999999e-01 2.304662521249999929e-01 3.487465461960000133e-15 4.824067059630000043e-01 5.357445121800000336e-15 3.002401022660000231e-08 1.189813707390000060e-13 3.029866156109999978e-05
1.527467741229999927e-22 3.760057102329999896e-40 4.212065875589999786e-01 1.561237558509999992e-37 2.340295300270000193e-25 1.070654211180000065e-01 4.261946233540000084e-23 4.717273512119999901e-01 6.401113949809999497e-07 4.920290147540000254e-27
7.999407862930000279e-01 1.997818720420000138e-01 6.889467246259999896e-65 1.582221973600000104e-50 2.773416652709999775e-04 7.759559751149999214e-40 6.671235168300000329e-25 1.607277376139999900e-57 2.448797617709999895e-43 2.046851137070000049e-57
7.767418620269999722e-54 1.667073017369999910e-01 3.462968607600000088e-35 7.492427076780000617e-08 2.762567366950000047e-01 8.615137120030000064e-10 2.390659287789999865e-01 7.655738790159999954e-11 1.032312153099999992e-23 3.179699569259999969e-01
2.964128423940000066e-12 5.393325950260000439e-26 8.205198722620000648e-03 2.692689156160000211e-28 8.755976543739999197e-25 6.067835931139999861e-01 5.531594003749999718e-27 3.850055182109999863e-01 5.689949732669999594e-06 9.933831644520000557e-26
1.997299480789999915e-01 2.228051520859999957e-09 3.797548356770000244e-01 1.982449068050000096e-01 2.218849029430000064e-01 3.854041619770000077e-04 4.766443551850000173e-30 1.057395355530000030e-10 1.260719848329999967e-24 1.350663370560000056e-15
8.685653300140000108e-55 2.123741584220000000e-27 3.459915463589999796e-01 6.539946043819999666e-01 1.384925885270000066e-05 2.088666886039999968e-30 8.625747502389999349e-39 2.411915388579999951e-37 3.946309984610000217e-64 6.180472175450000376e-31
4.581622619650000186e-03 4.032485775919999931e-13 1.919736130350000038e-67 7.593623989520000295e-38 3.733695287589999832e-06 8.246327803280000538e-23 4.256565613709999973e-01 3.111019794370000231e-13 9.332178483439999839e-02 4.764362974790000149e-01
6.151512251519999936e-33 6.146863878940000136e-14 2.922317654200000153e-37 3.065414705190000130e-02 1.619149171040000038e-19 3.336287724129999854e-01 1.280089953219999916e-30 3.307985976949999865e-08 1.385377237849999999e-24 6.357170474550000172e-01
2.924206562989999925e-01 1.686741963279999867e-01 7.130031936950000352e-23 2.432744992420000085e-01 8.818966825439999704e-38 1.934367921890000184e-15 2.953351166619999982e-02 6.094553254100000235e-15 5.670855480080000211e-06 2.660914656089999886e-01
9.945450683389999433e-12 9.119377064899999996e-02 3.602071019569999845e-22 5.184023431449999997e-01 2.177548158969999886e-04 2.817987403100000177e-10 2.490681707940000063e-47 1.014750488710000065e-01 1.714043121069999883e-24 2.887110822280000155e-01
1.533868401489999944e-34 6.372605031300000000e-50 6.394351444420000031e-55 7.598883585329999635e-01 1.817450384650000099e-60 4.057252608109999763e-04 2.017749003939999957e-07 3.933984418080000055e-59 8.851441123409999625e-21 2.397057144309999999e-01
3.726885736090000013e-12 8.555654990540000351e-41 2.099775438019999958e-16 2.710329269400000033e-31 3.334285631700000252e-01 1.198914936550000072e-25 6.665714367349999669e-01 3.625382827969999800e-24 9.164421484360000151e-11 7.158830969359999942e-16
1.016177171490000031e-01 5.173170453119999568e-01 1.067904881130000041e-57 2.808409720710000074e-29 3.800868842199999764e-01 3.183566238809999854e-24 2.192954713480000124e-21 9.168121047709999576e-04 1.361197656090000082e-12 6.154121279870000628e-05
2.210104204170000031e-01 1.700458385060000014e-04 2.014005867450000060e-14 1.408119619529999983e-06 2.141578551230000071e-01 4.712356266780000222e-14 2.124052168399999927e-24 4.415703085970000275e-01 1.185193884400000042e-12 1.230899619030000058e-01
7.223889197920000028e-29 3.330477684520000114e-28 7.030972176580000542e-08 1.224726978550000067e-01 3.467081909649999960e-01 3.199580571360000070e-01 4.256006146979999635e-21 1.490222240730000032e-05 4.905858425219999792e-15 2.108460815119999887e-01
1.100776975279999931e-01 3.028860469249999962e-35 7.774300217849999806e-01 3.226796203289999995e-18 5.462989072299999958e-49 1.998042875459999900e-32 1.124505485859999959e-01 5.660682486149999753e-36 4.173210082179999817e-05 5.498119346739999546e-26
2.568683698370000101e-01 1.169525859829999986e-02 1.110548616820000013e-55 1.916184235229999866e-01 1.600553999869999966e-01 2.773217615229999766e-01 1.009347724780000066e-01 2.073049112890000051e-41 4.498315423549999632e-15 1.506014053569999962e-03
6.665123883819999984e-01 4.912370110520000314e-14 6.357233103360000307e-77 1.742397564519999974e-10 3.334876114429999872e-01 1.023374074550000003e-36 2.247790965730000138e-58 1.947530770370000048e-76 1.018595142169999951e-57 3.960085399689999680e-27
3.351750780729999799e-70 6.412325884640000112e-03 7.897682616230000146e-14 3.745983400760000137e-01 2.835079200289999934e-01 1.025164988440000055e-03 3.344562490219999962e-01 2.659595473159999982e-31 1.884545292119999985e-48 5.078924577839999888e-21
1.142530224819999929e-47 6.666205413649999596e-29 4.908321897520000199e-02 4.568531819900000235e-01 2.521426806029999961e-14 1.030453465440000026e-63 4.804986133770000056e-01 4.910481715120000192e-25 9.015259855970000271e-20 1.356498565780000012e-02
1.322610677579999961e-09 1.784523657479999942e-25 2.006719770559999938e-04 2.663927132760000038e-01 1.483652185329999951e-41 2.989459792899999968e-01 4.344606183990000203e-01 1.185109193760000043e-25 1.573581570609999899e-08 6.159236471209999543e-16
4.921301999029999985e-01 2.053969988320000094e-30 7.226936665500000370e-03 4.162573304279999835e-09 4.927190782299999960e-01 2.126016360849999792e-06 2.502197505160000052e-103 7.921655021859999590e-03 4.106368880970000098e-21 5.225036424289999992e-15
1.177468085800000053e-52 7.496987669650000408e-01 2.442136607260000092e-01 8.697949655810000614e-46 2.244329324379999882e-31 8.673252375729999818e-26 6.087571821609999607e-03 4.873043654769999746e-10 1.362931219870000086e-25 7.599472036870000228e-56
3.033929480229999984e-62 1.487656609020000083e-33 8.063748248650000061e-01 2.265511999400000047e-06 2.637707301449999930e-05 3.622930504560000168e-43 1.935965325500000056e-01 9.283337361950000099e-30 5.220841155099999929e-44 5.182254330750000274e-18
1.454148994770000092e-01 4.695869777270000214e-27 2.772422249399999865e-03 1.175175112440000015e-11 9.377757343390000410e-33 4.256395366310000150e-01 1.665138066340000050e-06 1.359762717789999928e-18 4.261714764919999898e-01 1.853225472049999922e-17
5.206601079189999726e-08 1.644548714869999984e-01 1.244190332700000068e-02 3.347892644179999988e-01 4.037526667470000110e-05 7.467188192439999577e-11 5.505563200520000073e-07 4.876378414840000231e-01 1.824463172000000073e-10 6.351411376950000243e-04
2.533083895079999825e-18 8.091689856610000120e-02 2.469490161859999839e-40 4.717767428090000048e-01 4.473063586250000112e-01 5.480750669019999691e-21 1.192701207880000059e-52 3.508613265760000305e-64 1.036627845050000086e-90 1.060387954309999940e-38
3.432129120650000015e-51 2.518307553750000054e-22 3.459155419989999869e-01 6.540775657799999809e-01 6.892220779400000236e-06 1.048435159530000027e-27 3.927124462259999895e-27 4.183841701600000352e-27 5.479095709209999876e-50 4.794880847680000085e-22
4.906296356639999745e-02 1.566135572200000048e-01 1.043828220849999968e-75 4.663215616380000207e-13 5.308080678370000258e-25 1.697506541799999918e-06 4.061653805559999886e-01 2.186881011360000136e-25 1.542611649920000126e-10 3.881564009969999951e-01
1.659462776849999950e-64 8.405413810600000091e-02 6.038540312149999950e-05 4.694125828969999970e-01 4.464728913480000005e-01 1.534048639200000055e-29 2.246253305920000112e-09 1.571137259560000018e-49 8.583798007390000105e-78 6.317308191890000033e-39
4.999880347940000025e-01 1.028341202470000014e-58 3.221404740039999806e-23 4.168751469089999798e-39 1.990074231709999943e-28 2.632914273610000105e-12 9.347615415709999907e-32 2.260663175870000050e-11 5.000119651800000176e-01 1.484582624589999954e-14
1.429796837309999937e-57 3.538844628169999938e-06 6.398702402669999741e-08 1.792459214440000004e-16 2.905823764730000036e-01 1.582014278269999972e-09 3.036150625249999790e-01 4.057667540029999964e-01 1.399787725529999983e-10 3.220244545389999773e-05
3.858952559939999860e-01 1.117844250949999934e-26 1.036345008710000073e-43 1.066291839689999908e-31 2.020577905800000074e-01 1.233522070800000013e-15 3.767991931199999867e-01 8.895369269399999558e-20 3.477987708190000138e-02 4.678832231959999775e-04
7.166807044800000452e-83 2.676814638109999816e-06 3.265868585619999908e-11 1.665702180510000078e-22 6.667613203490000418e-01 9.907026004999999863e-51 3.332359723689999886e-01 3.031427990390000196e-08 1.235607783019999954e-27 1.204285282249999974e-10
1.641797243500000003e-01 4.361971491250000166e-01 1.585323973529999908e-20 1.697928989599999988e-37 1.913677760779999952e-16 4.454777174139999966e-30 1.644886798569999975e-01 5.078375547870000279e-05 2.350836629130000077e-01 3.541810394109999854e-18
2.615365879350000089e-01 7.875383719279999945e-43 8.697064725170000098e-49 7.384573029859999860e-01 5.788957006930000171e-09 1.054636434139999952e-38 7.595616289570000494e-54 1.245280560089999943e-51 3.120306001779999897e-34 6.103290083539999806e-06
3.810548342910000304e-64 1.257622363490000061e-37 1.650025279540000083e-51 5.977302066160000169e-101 2.384276106419999930e-01 1.551440787679999904e-56 2.783106172670000156e-01 4.832613038870000044e-01 4.671927566660000183e-07 1.010975287699999973e-09
2.960391990990000180e-83 3.466714860029999887e-30 2.591857351879999771e-01 6.393712517329999951e-28 1.930984150580000135e-45 4.169090137390000094e-16 5.582171961509999614e-01 1.825970686600000004e-01 1.368749015199999949e-12 7.773941182560000361e-17
2.407730462159999834e-12 6.339519328149999730e-16 4.541731893270000341e-21 1.367746569090000086e-01 2.554018145609999936e-48 1.101010490960000060e-01 3.459489658840000080e-07 8.929538706400000698e-15 4.040793135429999738e-01 3.490446345000000061e-01
2.259903721860000126e-16 5.989565399420000436e-01 5.238605572229999748e-48 4.010416798049999954e-01 1.770906445010000055e-35 2.813259186740000022e-32 1.780253183450000046e-06 2.712742718170000119e-60 2.553967773679999929e-32 3.766213252229999854e-16
4.983272397019999911e-01 3.818278996880000072e-16 1.114037451519999990e-35 2.075599108719999811e-34 4.959658298790000086e-01 1.845791771769999890e-43 5.706930418759999582e-03 2.372243586980000105e-28 1.727049714149999880e-13 3.549840207990000039e-16
