2.925686423080000043e-01 6.253541056370000402e-22 5.651988061609999713e-48 1.428237128309999947e-04 6.745425639850000099e-01 2.020519378920000004e-88 1.301589108110000072e-13 7.982694680189999698e-24 5.196624277149999702e-25 3.274596999380000040e-02
4.062262228889999671e-40 8.135058052369999955e-50 3.216699616879999946e-01 2.273547947329999930e-01 1.002189739510000002e-22 4.484319196270000196e-01 8.685008862230000377e-50 7.905418392890000324e-29 2.543323952299999819e-03 1.329567737830000007e-28
4.927967361589999516e-38 8.632377134609999259e-18 6.352777160629999309e-02 3.083474904169999919e-02 2.519993621850000198e-01 1.150516476910000002e-01 4.431190891270000347e-06 7.897781646420000242e-29 5.385820382839999754e-01 1.338963260760000088e-35
9.977110344509999940e-46 1.972939811879999977e-02 1.501137959800000080e-23 6.908086118509999869e-14 3.934983476039999872e-01 1.471802279260000026e-02 4.637788810469999912e-01 5.528703102799999885e-07 5.212811686189999465e-26 1.082747975669999946e-01
2.193681759650000024e-47 6.375039280020000027e-09 5.630241850189999786e-01 4.369163610619999916e-01 5.944754426029999754e-05 1.600762846730000001e-22 1.644362432670000039e-43 6.415619107899999680e-34 4.919210441910000003e-38 1.862332200069999881e-33
1.740419989909999925e-73 5.030392495839999811e-02 4.407291670839999965e-15 1.540358010100000008e-02 4.585483752729999701e-11 3.564205249240000040e-01 7.495822020710000035e-12 1.314283341220000017e-29 2.535124291960000084e-44 5.778719699630000539e-01
4.492007281559999831e-44 2.145131291290000043e-27 2.774804184529999948e-78 2.517662547110000120e-47 3.351113279149999791e-01 5.792774584059999853e-68 2.882208361349999872e-33 6.648886670510000263e-01 4.702694483520000034e-83 5.034117941080000414e-09
3.144285887179999876e-36 9.748508909619999452e-26 3.363965221099999847e-01 8.005083880799999679e-28 2.788000781629999814e-18 1.553567912340000079e-01 1.314331954429999918e-15 5.082465690159999605e-01 1.176402259559999992e-07 2.626211223799999739e-60
6.846047907380000071e-48 8.082968365400000632e-02 6.852890539530000194e-18 7.344454306009999822e-01 2.596438093580000183e-32 2.131159573669999937e-11 1.609166830260000125e-01 2.858129477100000036e-23 8.077640038260000573e-42 2.380820269789999874e-02
7.585457112649999541e-08 1.914783015980000036e-33 3.961319182270000017e-01 5.089871267620000172e-21 6.038678725989999885e-01 2.889474876730000187e-21 2.362944570269999873e-32 1.330502786429999879e-07 2.685441995100000013e-10 7.438369673240000153e-44
8.500692428019999863e-32 1.189937108560000035e-03 3.561030788549999770e-01 6.841568254889999860e-03 5.181234515099999993e-02 3.003657638330000101e-01 2.788395520909999759e-01 4.847703865760000230e-03 2.191685090689999963e-28 5.084044985689999914e-08
8.153816314099999600e-38 2.333307023210000053e-01 1.787249951160000128e-01 4.567288262680000293e-27 1.592901858080000095e-04 6.889151809190000327e-11 5.877850123079999545e-01 1.610707188120000071e-18 7.465865397420000189e-35 7.060099420519999939e-57
9.366840209799999852e-43 6.949300911460000052e-38 7.869931197809999501e-01 2.128432916330000035e-01 1.635885853379999866e-04 1.548623291810000020e-21 3.960756063869999944e-81 9.937989202680000650e-13 1.551033664419999892e-25 8.366366557779999451e-30
3.553987337839999983e-01 7.409088613360000314e-23 3.568683311849999828e-04 2.735257281200000057e-02 2.344705722730000086e-32 3.176483937940000057e-02 3.414400417649999987e-43 1.526782845539999953e-15 5.034706733179999949e-01 8.165631237579999702e-02
7.300506353570000007e-38 7.275204729440000184e-01 2.712948028700000180e-01 5.210999485979999695e-31 3.935316077489999985e-44 1.184724185960000066e-03 3.900503124640000048e-25 7.515200764680000072e-34 1.400435428919999893e-35 1.405494572280000060e-42
3.900659501910000184e-25 2.131840336970000158e-31 6.523491449799999702e-39 5.803859233560000330e-01 1.150182769829999939e-26 1.442191357940000051e-41 8.103728034989999945e-25 6.455613296099999659e-62 5.756637291260000176e-30 4.196140766440000225e-01
6.470600493599999772e-29 4.181917385489999917e-01 4.369947253890000341e-49 5.346334928840000118e-48 3.095171111270000018e-03 1.681536828980000060e-51 4.753163605410000194e-36 5.787130903399999582e-01 4.643833144519999686e-61 3.982710870570000100e-18
5.448256165549999475e-01 3.994113117539999715e-23 1.170046727249999946e-01 3.378717305519999825e-01 4.870093557610000312e-15 2.904718368189999976e-21 2.815310571319999866e-57 2.979801487900000045e-04 4.009943094039999956e-13 1.843262739539999944e-11
1.637583966640000016e-44 2.127386009330000105e-01 7.618568439189999930e-01 2.540455514750000060e-02 2.430079736689999875e-15 4.787401742140000130e-21 1.727250525030000101e-14 8.525658212360000289e-76 8.477821569149999588e-38 1.175249588460000005e-39
7.004722717430000606e-14 8.593383510050000203e-17 4.939746816280000119e-01 3.822940870349999987e-14 4.170344707600000256e-02 4.298003390150000133e-17 3.395210804999999823e-77 4.643218712959999994e-01 2.532458053080000138e-25 3.782245505090000356e-21
4.964764628789999784e-13 2.347036269230000168e-05 3.116125130920000184e-06 8.047937385619999639e-09 4.689317001359999959e-01 9.026544908979999837e-02 6.939396114419999973e-12 8.607149463900000386e-14 4.407762562299999964e-01 6.068505611750000478e-13
4.934816704980000135e-01 2.226480367529999909e-10 1.927067226540000119e-20 2.069089587060000060e-08 8.482023427859999296e-24 1.399307836340000056e-18 8.104479054199999419e-17 2.091698394470000103e-32 2.574009207119999886e-06 5.065157345790000099e-01
2.186696466810000089e-07 1.322461570310000080e-13 3.782002447760000104e-03 3.677432945479999771e-01 1.451897610019999951e-35 2.184338343850000114e-02 4.843196731200000050e-20 5.505818942760000168e-01 4.046569158990000111e-07 5.604880196260000197e-02
1.599466202960000138e-01 4.805813722950000032e-40 1.034776694520000012e-01 3.662199549540000163e-05 7.247049605779999626e-02 3.086827660070000126e-35 3.671335027970000220e-01 9.901572544369999778e-20 2.969350894009999964e-01 8.215598519209999590e-50
5.049385225739999594e-01 2.135500351399999906e-18 8.716457165099999798e-04 4.941898271749999849e-01 2.897727536999999845e-09 1.026617797470000017e-20 5.489340504959999721e-13 1.598181509819999996e-19 7.482256834829999529e-14 1.636189576050000096e-09
1.134307092079999983e-10 2.392152334929999847e-21 2.078795804740000099e-28 1.691193976060000060e-22 2.814864701620000028e-38 1.024992908659999938e-02 2.803731496790000028e-05 3.527814861660000245e-01 6.006797055660000328e-01 3.626084175330000076e-02
2.332226767659999981e-43 4.857319929919999835e-01 2.073390486100000115e-23 2.525585967890000014e-30 6.678185777469999664e-48 5.142680069839999923e-01 4.489160038139999811e-18 1.287589333259999931e-40 1.090032817780000045e-34 2.398469137859999872e-11
1.507812722050000070e-55 2.203523590170000102e-01 7.932023164539999627e-23 1.334951309939999952e-11 2.254888895650000005e-13 2.028271736699999994e-01 2.540953016979999868e-01 4.703079864309999682e-28 1.552040147200000001e-37 3.227251656010000080e-01
2.910778544240000265e-01 1.918581053320000107e-10 2.344225380709999973e-01 5.760354532850000082e-29 1.327433035760000041e-24 4.744996066050000127e-01 1.237918354979999953e-44 4.212614571640000203e-22 7.089014940739999902e-10 6.649308070810000350e-18
8.472672971840000558e-05 5.090499929570000005e-16 4.710986835079999935e-01 2.506847430600000123e-05 3.294602995499999916e-03 1.980402773989999865e-01 4.669326580680000037e-52 1.141844784180000016e-01 1.136896726189999931e-03 2.121352657489999904e-01
1.583881666980000026e-28 1.658942801689999897e-17 4.322637451090000082e-01 1.700690014299999918e-10 2.507724529679999925e-01 3.426993554119999731e-26 3.169638017529999852e-01 2.401066651280000020e-51 1.728507101909999971e-17 4.861897246700000228e-65
2.780854827029999865e-01 5.703397616389999822e-18 4.773592331749999780e-55 1.453093005649999896e-34 4.015737045129999918e-12 6.399010777559999838e-48 2.674201834670000277e-01 3.694832161809999960e-01 2.213493704230000078e-29 8.501111764490000555e-02
1.627337989710000086e-06 7.132949367870000010e-16 4.698650120539999975e-01 2.350425681490000114e-05 1.387200488110000053e-02 2.029043138680000080e-01 3.575672317260000032e-55 9.596623106340000653e-02 1.437878346449999892e-04 2.172235187040000015e-01
6.467439128959999728e-01 1.175196399180000081e-39 7.510928733160000049e-41 4.045583601980000050e-16 1.175468898049999967e-17 4.058036158789999736e-28 3.071196360430000216e-01 2.433964781880000009e-32 1.845119075539999919e-03 4.429133198529999760e-02
2.340464898459999887e-01 1.451747639130000021e-15 1.594059030390000020e-34 1.232046060750000116e-19 1.597762491570000093e-08 4.645297159440000032e-40 1.101688591610000044e-10 4.388615255089999834e-01 3.740189740880000249e-24 3.270919685570000124e-01
1.288967113619999909e-16 8.750452979170000432e-51 5.472782915889999877e-01 3.253563188159999893e-27 5.249495618359999866e-02 2.380327809550000051e-21 4.527803835149999838e-35 3.136567269779999816e-03 3.970901849569999920e-01 1.543004728590000084e-88
1.648761885910000027e-09 1.379200019369999931e-08 3.961317468669999786e-01 1.574956325360000059e-21 6.038681400909999830e-01 4.472585265119999848e-21 2.512478705540000065e-32 9.759352426069999976e-08 6.986236215019999841e-12 1.199205278589999886e-44
1.474607366230000012e-05 4.321956028200000244e-01 2.408630431409999884e-02 2.044187639200000053e-20 6.276417636400000166e-02 5.224817616860000236e-02 8.221961972439999905e-03 3.083530433850000291e-20 4.204690322879999775e-01 1.459504256940000065e-25
1.708908169459999934e-28 5.537757862500000470e-10 2.894291539059999918e-01 1.243497478979999976e-32 3.629594842410000002e-22 5.403439382579999783e-01 1.286876349259999958e-25 1.702269072829999952e-01 1.439107981980000064e-22 3.339416467089999810e-40
1.770260663440000048e-02 7.213129727839999882e-57 2.891004484099999774e-26 8.351592933059999446e-02 4.647208042639999759e-01 7.678776772169999955e-47 5.931164677019999831e-11 1.473891877019999877e-04 4.339132705240000276e-01 5.431613633790000234e-15
1.661034800750000040e-01 6.572017956180000017e-43 2.406608503590000059e-01 1.615093261929999929e-27 9.649485094549999655e-15 6.536586244770000197e-31 5.473876981350000338e-18 1.119408921059999962e-12 5.932356695649999567e-01 4.876390482459999560e-87
2.747970140659999881e-21 3.413148137820000238e-51 3.677704285110000026e-01 3.007433553569999771e-10 1.775449814820000077e-114 2.346742808379999878e-01 5.839256368859999718e-29 9.391044450670000808e-100 3.975552903499999791e-01 9.727958062919999833e-45
4.658335924060000299e-02 3.895553809370000094e-32 4.218221246920000348e-12 4.032406979219999889e-03 1.381333963999999993e-22 2.384544624069999952e-09 1.588313768020000017e-42 1.168891513259999929e-08 6.362874016120000364e-01 3.130968180909999843e-01
1.132810603149999940e-13 3.962996739899999949e-16 1.576020055969999937e-07 4.142418869539999937e-01 1.761496628240000013e-17 1.867331907089999979e-08 2.314426906350000018e-14 3.309504002970000136e-01 3.645326052320000020e-16 2.548075364729999737e-01
1.154289577569999912e-06 9.254200398979999985e-08 3.431087576149999818e-01 1.063081785570000048e-01 9.837721739609999753e-20 1.530980221379999914e-06 6.446035295289999890e-17 5.119636058729999661e-02 1.055756591399999997e-16 4.993839254290000085e-01
5.968882164920000455e-26 4.307255010700000025e-02 2.580451938849999991e-14 6.535869616249999503e-23 1.240043070910000012e-24 6.813778434449999644e-01 3.047933968549999893e-13 3.536162263069999663e-24 9.691192501009999148e-38 2.755496064479999729e-01
7.322988177019999767e-02 4.900435766330000167e-12 9.101871181159999769e-02 5.252642566019999628e-19 3.340656558599999770e-01 3.197562562010000109e-01 1.079706875040000041e-01 3.274338937590000073e-17 7.395880684750000267e-02 6.826406056599999860e-18
3.108332611610000167e-03 3.455270931259999722e-26 8.281495213060000027e-02 1.959758906570000150e-21 3.181924176740000068e-18 1.332734021820000079e-13 6.810855721590000078e-01 2.269923772690000119e-01 5.998765829710000011e-03 5.907561431560000478e-45
3.404978289789999807e-02 1.372843793140000046e-01 4.671453968040000237e-01 1.297624434299999973e-36 3.615204401520000221e-01 2.897855453880000179e-18 2.993921579759999758e-13 4.415063864100000029e-13 8.304749840039999973e-10 3.510935816399999733e-58
6.307243756060000554e-23 2.779158225010000050e-07 1.098915834099999933e-01 6.396291809520000370e-09 1.883555547870000013e-01 4.166913194909999812e-02 1.525002927699999900e-01 5.075831527719999459e-01 7.881366825680000756e-15 1.178996742699999879e-16
4.009455296310000111e-02 1.138297298310000025e-24 5.941052783080000180e-25 5.122737928270000296e-01 4.475278808370000139e-01 2.166915060259999998e-56 1.037733713210000003e-04 4.950659851919999978e-25 1.772691998319999948e-12 1.769036366269999863e-14
3.352363067139999963e-26 1.519610149840000039e-67 2.364819669830000126e-80 2.173016605589999928e-01 3.288925977559999936e-01 2.563034564749999881e-71 2.704724487190000026e-01 1.552392947809999933e-30 2.480508792049999991e-09 1.833332904849999945e-01
4.191893270779999958e-01 6.579330242180000433e-03 3.762345732850000141e-04 5.738550396549999544e-01 1.870655043080000043e-09 1.438397469179999920e-26 8.109206708229999652e-40 1.212902558430000045e-12 2.724450103580000050e-18 6.657937974160000530e-08
5.453705048200000460e-01 8.163864843799999789e-16 1.164145226929999971e-01 3.382149724199999818e-01 3.953537097300000049e-21 3.844104816500000147e-21 9.413684561590000594e-14 4.656051655760000326e-41 2.695361341019999763e-19 6.613662372220000563e-11
2.350149186999999956e-04 1.298582782420000128e-07 5.291933458319999506e-01 2.015297466460000129e-05 1.192433622019999973e-04 1.673967672649999960e-01 1.442563142730000031e-15 1.633744415349999940e-29 6.540749147530000409e-14 3.030353457880000101e-01
4.287856669519999886e-01 2.257944612530000196e-40 4.604079295200000096e-25 2.044752049320000076e-10 1.702453772920000093e-16 1.386408627810000105e-25 4.294878899490000013e-01 5.544905391849999814e-36 1.417264428920000097e-01 2.057157929339999887e-12
4.695199015340000004e-02 6.134842541939999909e-27 4.680364525149999788e-01 4.116346080489999927e-50 3.954685357940000007e-02 1.419432048970000075e-19 3.618394035200000153e-29 4.453974673960000019e-01 6.723635562120000011e-05 1.360906411650000022e-79
2.089864844869999960e-02 5.727727272339999676e-01 1.075906850669999897e-06 2.732333828719999899e-02 3.235472416080000009e-25 1.312507911480000003e-07 3.376696930140000164e-01 1.065563220049999933e-05 4.818110791240000075e-04 4.084191914750000263e-02
2.872685908959999868e-01 4.719363461640000389e-03 7.080120456249999750e-01 1.070772491459999942e-64 1.510226999410000077e-25 7.993522516829999651e-18 9.043838345690000182e-96 1.693977618050000079e-11 2.860533485270000252e-41 7.794378536359999549e-44
9.399568101060000244e-49 3.527507309250000202e-28 2.268463201919999894e-03 2.391046707870000121e-01 3.565570572249999737e-01 1.518856315199999904e-04 4.015820428740000114e-01 4.541040584779999899e-43 3.358802806020000126e-04 1.572275879490000072e-36
8.397833284710000748e-03 1.926899000809999954e-08 2.981728429540000211e-38 4.982882689590000240e-36 1.673451879129999968e-31 9.845507187110000868e-10 6.977339591990000534e-01 2.865382846150000273e-01 7.300811751609999865e-03 2.909089614899999906e-05
2.006352771540000038e-40 7.108364982860000403e-01 8.835112510499999959e-36 1.240336296270000047e-28 7.394706275779999624e-11 3.162824872259999910e-38 1.015281994930000028e-83 2.811522118109999746e-01 8.220726408919999434e-86 8.011289828509999753e-03
4.244369989560000112e-01 9.209532026289999505e-20 4.883620967480000168e-04 5.750728032359999631e-01 3.503077259300000206e-08 1.111581459579999997e-29 2.977007431820000147e-40 8.917818372559999686e-12 3.709916799490000191e-19 1.800671195299999996e-06
1.128150516410000041e-20 3.931127398109999782e-01 2.867702759529999756e-01 1.994240413970000125e-01 1.206929428390000059e-01 9.579505173950000524e-27 3.581510157659999766e-18 1.555860250360000064e-53 4.517933676600000168e-42 2.530335971110000123e-18
4.318939815320000040e-38 1.885333797019999981e-56 5.242013507349999601e-01 3.943678671839999956e-27 1.266040911930000067e-74 4.757946943019999986e-01 2.281680105530000016e-42 2.456190534229999927e-89 3.954962731640000148e-06 1.142589412100000015e-75
5.802811471500000106e-34 3.577800591080000152e-119 1.251530286139999978e-42 9.644701575280000466e-11 2.407197371559999813e-21 2.116444732460000050e-41 3.281620852440000181e-23 1.480955734140000066e-21 9.999999999040000143e-01 1.170483607849999952e-35
7.495868796129999531e-04 7.735434495140000033e-01 9.148562763020000321e-02 2.833494050030000056e-37 3.972080575310000037e-18 5.258429949439999938e-03 1.888539869109999983e-34 1.289628593740000106e-01 2.357902300870000032e-39 4.665230073560000202e-08
4.932889992489999931e-01 2.561098512479999865e-38 4.354566818170000162e-22 1.058152881120000071e-45 4.571306957419999922e-49 1.831711118540000034e-16 4.606089205659999685e-24 9.280683544500000459e-29 5.067110007509999514e-01 6.336319460579999845e-39
5.475545495600000456e-23 3.081254022229999891e-28 3.757188251179999782e-51 1.842093476089999964e-14 2.795231748379999950e-20 1.073624204569999912e-21 4.005525821629999927e-01 3.101793023300000174e-01 2.728469400999999905e-02 2.619834214969999908e-01
3.602766557750000098e-01 4.433717479599999672e-18 1.004078190980000007e-04 3.397081060580000216e-53 7.058331825749999955e-02 2.437138929150000067e-33 1.762547914369999994e-96 5.690396181489999483e-01 2.423317231720000210e-25 2.067173079870000119e-59
1.458692066199999927e-25 4.785498383489999807e-24 1.740390200640000015e-122 4.620506760879999773e-32 4.653513128510000096e-01 1.283632358880000007e-131 1.271155621300000023e-11 4.548958361779999876e-02 3.988129920800000252e-61 4.891591035180000158e-01
7.829590652829999682e-11 3.507828688930000162e-38 5.791024507519999531e-01 1.942522879970000055e-47 1.377379480560000057e-02 5.643120927770000399e-19 2.517061183400000050e-22 3.778550277650000178e-02 3.693382515879999883e-01 1.768877979769999890e-106
2.139068051879999931e-51 2.410417323349999911e-15 1.693205753869999886e-01 3.821627689700000108e-01 6.978557261299999891e-23 3.416721731590000033e-01 1.068444824839999974e-01 2.168117791869999941e-104 9.258899072559999876e-22 8.816576939820000370e-27
9.180998799039999642e-32 8.627175495409999863e-04 3.471625630469999946e-01 2.254399276289999806e-03 6.523417149929999770e-02 3.155650967520000072e-01 2.688167715670000124e-01 1.042764875089999954e-04 7.843750357259999781e-29 3.821441142830000047e-09
3.592961277530000164e-01 3.479862865340000045e-13 3.713124247570000102e-10 4.769421673290000392e-03 2.049665598319999893e-01 5.418731223709999990e-46 4.309678903699999952e-01 2.412020824859999815e-38 3.015285154810000227e-14 2.648142499669999875e-27
1.268708574079999931e-05 6.289830112360000303e-07 5.706049643789999903e-01 2.747510431340000239e-10 4.293817188310000144e-01 4.164626096229999716e-15 3.514912454230000197e-24 1.150298087110000055e-12 1.847026299240000002e-27 4.453584315079999770e-10
8.245619889850000424e-13 1.953707129539999972e-05 3.461541183579999736e-02 2.514663441400000199e-01 1.755653293230000117e-11 2.877814034420000079e-10 3.377687328269999845e-01 2.183437191229999907e-01 1.577862546970000002e-01 9.116912707920000213e-21
6.710514128170000268e-52 2.625420783180000002e-06 3.035958650369999985e-27 7.242029126510000081e-01 1.285971509389999967e-14 8.572567159739999345e-25 7.494480290020000268e-02 7.043139403440000102e-10 5.992340262790000193e-49 2.008496583240000077e-01
1.955355375720000050e-38 3.556100987169999870e-08 3.965149357269999730e-01 5.480588726659999521e-01 5.541452392000000005e-02 2.537627733630000124e-17 1.163212597069999984e-05 3.544707351019999990e-49 1.476625326590000080e-34 1.770038198890000057e-30
1.973393503779999849e-68 2.580081376810000049e-01 2.471600663230000105e-18 3.375402107969999732e-01 2.170554676879999922e-01 1.215298913679999912e-13 2.938012498510000278e-11 7.154175495360000575e-11 2.585835020859999956e-54 1.873961837329999880e-01
1.457431302920000022e-65 1.398741775009999980e-21 1.519063086029999892e-13 1.237186992579999905e-06 1.509085477559999990e-36 7.720707077089999926e-01 2.279280551020000101e-01 3.653820700540000034e-65 9.013944773460000148e-35 1.737224112529999933e-12
1.000000000000000000e+00 4.198433118370000307e-39 1.049401278650000016e-29 9.061754385399999465e-83 2.078234894900000123e-40 1.274647519670000066e-55 4.176311558550000337e-61 6.367367039670000361e-22 3.914140508060000249e-24 1.744416018520000073e-72
3.265190426840000015e-19 2.377828625869999879e-01 3.838334207820000288e-02 8.694844492580000085e-07 2.247794846629999899e-01 3.976756666110000116e-01 6.844514033229999808e-04 7.602679772470000152e-02 5.475525299739999889e-26 2.466652544869999894e-02
2.987580578560000041e-42 6.578371952319999899e-50 3.216687318829999920e-01 2.273472595419999964e-01 1.059211946310000024e-22 4.484273251270000094e-01 4.774955014559999543e-50 8.309163980769999931e-29 2.556683447510000110e-03 1.144998877890000055e-28
8.099849234570000334e-48 6.369367461499999550e-01 3.949148087420000256e-04 2.769214876780000112e-01 4.219368584280000202e-08 1.385045072780000022e-04 6.284969218809999848e-35 8.560830304609999553e-02 2.078847318560000095e-35 1.615651085900000086e-09
3.370939132580000155e-06 2.021086502089999908e-15 4.535315096479999863e-01 5.474971992720000169e-05 4.194356738240000160e-03 2.152177897030000120e-01 1.916377098760000077e-55 1.371238317319999900e-01 2.014656284820000000e-05 1.898542449579999902e-01
5.658651991199999953e-01 1.591448470459999945e-02 2.658901951020000137e-03 2.045785143500000141e-28 1.894618517059999951e-67 4.155614141980000231e-01 1.054341297479999964e-22 2.677855905240000033e-11 1.346228918549999881e-16 7.721144631970000473e-16
8.836226474930000685e-02 2.550746895870000032e-15 2.959293776830000091e-10 1.341398899750000095e-01 6.086148954010000254e-07 3.269305863399999942e-18 3.227799351330000177e-01 4.546241516719999876e-01 4.368498062710000208e-07 9.271271002390000181e-05
1.549542385090000069e-07 1.513327845880000078e-01 2.075457910319999932e-01 2.999947900199999903e-33 2.092945106820000029e-03 1.341771952810000019e-03 3.056501373889999873e-01 3.320364149780000163e-01 1.163896362080000024e-17 1.247784745190000020e-28
2.182125727429999902e-26 2.081734648400000038e-52 1.317888969010000058e-27 2.137876611509999916e-10 5.126853253959999801e-01 3.190023565769999865e-12 5.424011512959999756e-12 9.719914557909999387e-08 4.873145760640000268e-01 1.118699649600000029e-09
3.404004320779999843e-02 1.372871089050000104e-01 4.671494918590000101e-01 2.106822326339999893e-35 3.615233558090000243e-01 1.094908457890000076e-18 7.348724384890000125e-13 1.981943524689999878e-12 2.163284816079999933e-10 5.645692529610000091e-55
1.178062182639999992e-23 1.071419023139999964e-26 1.868399446980000052e-93 1.945441868939999839e-37 7.283089713790000066e-24 1.423501433910000102e-51 7.303318027899999842e-01 6.113750727749999766e-19 2.307644963370000048e-31 2.696681972100000158e-01
5.891225255970000054e-28 7.507609295139999750e-02 2.042983250440000009e-01 6.687103637489999782e-31 1.817732997429999885e-05 8.046674570819999745e-04 4.649770482819999828e-01 2.548256889320000274e-01 2.795946797809999935e-12 3.851564897539999693e-55
2.664798460540000134e-35 2.064988787529999862e-24 3.252605457680000089e-01 5.598876217589999847e-07 6.042754306999999908e-02 4.603338818839999695e-08 6.143021548970000190e-01 6.291528002960000237e-62 9.150343720489999738e-06 5.520264677690000137e-52
9.565340492240000564e-36 3.015797821010000122e-25 3.254517836560000266e-01 6.513099383859999685e-07 6.016148910559999952e-02 1.107532225950000065e-09 6.143813499319999982e-01 1.297706226040000087e-60 4.724888803849999685e-06 2.690285133259999917e-50
6.145287285000000317e-62 9.663792816079999599e-21 5.277062891560000161e-28 1.959700915910000119e-01 6.376330202019999840e-72 2.715507027410000085e-04 7.091494725200000460e-01 1.591973634990000034e-75 2.851297004270000130e-31 9.460888518620000354e-02
7.754815095079999887e-01 2.921314427899999906e-22 4.655378374690000052e-14 4.958295598620000162e-22 1.942888692579999957e-65 1.932441501409999929e-01 2.104269656500000147e-34 4.599634513910000252e-41 4.733205703560000067e-03 2.654113464699999966e-02
2.229932503800000076e-01 7.109249238620000546e-18 3.176432510329999981e-07 1.462896644819999994e-38 6.266918097479999838e-01 2.655484249829999834e-29 5.687044982130000191e-58 1.503146222279999888e-01 9.297251396740000511e-27 1.015566490179999938e-33
5.637101230410000025e-02 2.681908322479999847e-16 5.554544486400000173e-29 1.539800651639999969e-02 1.259256117180000134e-01 4.363075336259999820e-29 9.235696379329999837e-06 1.813369307169999910e-13 6.210991176860000129e-01 1.811970160789999895e-01
1.711678725980000001e-15 4.915784783510000168e-17 2.381407017889999866e-01 1.562227277639999910e-20 6.376071469620000487e-01 4.302920638499999920e-15 1.369818331730000061e-26 1.234001284990000058e-01 8.520227501819999842e-04 7.181292336929999706e-54
5.001335287180000130e-12 2.657354368710000104e-28 3.361232344600000204e-34 3.018847295989999790e-01 4.007894658060000160e-17 1.994444144920000032e-53 7.360381513810000161e-39 4.759899576749999737e-59 1.040920396009999966e-30 6.981152703959999650e-01
5.925895879829999879e-01 3.404202069369999931e-19 1.697983530699999910e-01 2.873915288540000029e-02 6.317907527610000221e-14 3.990065809749999759e-10 5.010314179739999888e-20 3.421535528390000038e-05 2.088386439079999990e-01 4.640023591720000257e-08
1.059021401729999950e-01 9.975637004049999848e-14 6.628039994849999815e-07 1.846917198089999873e-15 3.116943966359999837e-29 1.360104040709999904e-07 5.076632037129999762e-11 5.245050373980000291e-01 3.695920235630000272e-01 5.326576033109999856e-20
5.744881357959999990e-01 1.147455843959999892e-03 1.966598192939999871e-03 2.176022686170000061e-42 1.651476266350000002e-23 4.223978101670000096e-01 3.855652262839999964e-65 8.488718184800000236e-16 1.600719079140000047e-20 2.882431040519999824e-14
3.054406944450000020e-05 1.369983740139999995e-36 1.289275152449999978e-45 2.517432167370000085e-01 2.790969614759999939e-01 7.213026523269999879e-52 3.406946313800000015e-01 2.702017330850000265e-26 1.705801415300000167e-05 1.284175883229999870e-01
1.163090200070000061e-20 4.657684261319999949e-71 2.657019938790000173e-114 5.863368172400000033e-37 1.283597634009999940e-22 5.167292183579999960e-54 2.912868165970000053e-08 3.994369711099999831e-01 5.047620165759999972e-16 6.005629997610000270e-01
3.592149693469999794e-01 3.057369748910000099e-13 2.066356419459999966e-10 5.397280976409999688e-03 2.047744973089999920e-01 4.010480235820000051e-47 4.306132521600000151e-01 7.469719947159999384e-39 7.125653555690000347e-15 6.895530728940000681e-27
1.077989761680000055e-66 2.579675987419999816e-01 2.318306451699999884e-19 3.375238532220000143e-01 2.170771060249999940e-01 3.615257738699999937e-16 2.215969704570000063e-11 4.222608025290000303e-12 9.341391040679999453e-57 1.874314419850000024e-01
4.367021982630000116e-11 4.389219042179999842e-40 5.822183315769999812e-01 1.692349000640000097e-47 1.715169925239999962e-02 5.524595402299999570e-19 2.732970105009999815e-22 2.155200011849999972e-02 3.790779690080000042e-01 2.383765846799999889e-108
1.010505616559999953e-40 3.756009718549999847e-39 3.965131799050000128e-01 5.480392965860000354e-01 5.544752350809999814e-02 3.634938563649999791e-19 1.562043327179999876e-39 1.054555489830000050e-19 2.548909966359999822e-24 1.058863353109999952e-30
4.822294403340000035e-01 3.128456331250000093e-21 5.048885022339999473e-01 2.318144595439999832e-72 2.330360881450000096e-05 5.723257247520000165e-21 6.694675315110000217e-35 1.285871642899999966e-02 3.739386220639999859e-08 3.210461753190000002e-103
1.287523331979999911e-10 1.578305396159999929e-01 2.255552758059999871e-26 2.921920011160000009e-58 5.489815856249999709e-36 4.479714561709999820e-01 7.579204865109999571e-40 3.299952118910000065e-01 9.315027544200000194e-30 6.420279219289999617e-02
7.562943960730000296e-35 8.671498673239999566e-02 2.387946479480000141e-03 4.198867081100000065e-01 2.372256395979999988e-01 9.462950650400000704e-03 6.654465832090000401e-23 1.744186659530000013e-34 2.561426855380000083e-30 2.443217684300000025e-01
2.485345757499999859e-23 4.056714801059999737e-02 3.734832758570000215e-13 2.180222431330000168e-21 2.376717130420000012e-22 6.824873939559999991e-01 1.266055461809999946e-11 3.716573029530000226e-23 4.378104739490000075e-36 2.769454580199999794e-01
1.181536672519999960e-06 9.769050361640000540e-03 1.952443372250000132e-15 9.071101823260000247e-37 1.245617297209999950e-06 3.368780855590000067e-01 3.947739432190000008e-01 2.585763570160000135e-01 2.384645775469999953e-15 1.366907179819999930e-07
8.571695038820000488e-83 2.037281341569999856e-61 5.930275300920000404e-32 2.087987613950000043e-01 4.244613814229999949e-01 4.809228861869999639e-24 3.667398570100000033e-01 1.715943989400000037e-44 1.712839312989999967e-10 2.470991421840000120e-31
1.560214905910000012e-02 3.535108256010000140e-48 3.674349819279999893e-04 4.045408072089999861e-05 5.417273524320000144e-02 1.242731690489999909e-38 6.375488861979999924e-29 1.324080270480000043e-01 7.974091995869999616e-01 4.438934378550000318e-56
3.653171046970000169e-01 2.268985924539999866e-01 1.761967538379999865e-01 2.145918541810000018e-19 2.315875489239999918e-01 6.584385448930000039e-23 3.386047018700000129e-43 1.959177134770000062e-20 2.023067565410000134e-46 8.668591831139999568e-11
3.005367317359999846e-01 1.491037987659999953e-01 1.765008004069999910e-04 5.501829680080000395e-01 1.063069216420000045e-13 9.007642317040000791e-31 5.405100687079999551e-10 3.805199376829999927e-51 3.580324572940000165e-29 1.495366117569999952e-10
1.374688764510000098e-37 1.593210152509999880e-02 2.364523361249999955e-01 4.968058908450000027e-10 5.986790460690000204e-02 3.250268830559999850e-02 2.899470220839999723e-01 3.652979468249999973e-01 3.073459088759999789e-11 1.627053286240000167e-33
7.998125749190000762e-43 7.535957414839999695e-12 3.356386874489999751e-26 2.048168966120000020e-35 1.379434279160000003e-13 2.070536821629999949e-05 4.572159891479999669e-50 3.994192088579999744e-01 1.556468571129999925e-50 6.005600857659999514e-01
3.829200689140000184e-19 3.897815987289999784e-01 2.897452887529999854e-01 1.953358893909999949e-01 1.251372231260000079e-01 4.852206853849999616e-28 5.918460815020000468e-17 1.391232940759999982e-52 2.808589370620000078e-42 3.957340134009999850e-18
3.300393880209999983e-21 4.178694177250000093e-22 1.583457433650000135e-01 4.036515196179999987e-01 1.413411713369999926e-64 3.406456235599999993e-01 3.123668470949999908e-05 2.023861463810000100e-101 9.732587677229999346e-02 4.234307271499999835e-29
5.406342807989999999e-01 2.511692004279999848e-24 6.313302968470000396e-04 1.386807058129999922e-12 3.230606672729999957e-63 3.469699424870000271e-01 2.146345059029999948e-32 1.232487389339999969e-45 1.117644464149999961e-01 2.316764557940000037e-14
5.931406155980000235e-23 6.512845494639999719e-29 4.308339260740000397e-53 9.251251773450000453e-14 1.233309990620000004e-20 1.129189244780000054e-21 4.012765524149999874e-01 3.108764220990000160e-01 2.589308015050000022e-02 2.619539453349999936e-01
1.167360956839999936e-01 3.465331309140000093e-01 8.005316308109999487e-04 3.170554626260000016e-08 2.130592328160000049e-01 1.218192062309999962e-01 7.798430081230000310e-21 3.259036939879999820e-16 2.735641329320000117e-03 1.983161296890000036e-01
1.169368310830000076e-43 1.703826914659999997e-47 5.967456866510000360e-04 8.168733228819999708e-20 5.233916130139999734e-02 1.673012686279999883e-01 5.363500195900000124e-30 1.206495221229999998e-05 7.797507594320000068e-01 8.024092197940000298e-56
2.154047020440000090e-06 1.718457938619999958e-01 2.636770532780000065e-02 5.418856413369999708e-02 2.732495949800000101e-01 4.395714462390000188e-01 6.057826847590000043e-12 5.942336874560000179e-19 3.400733061539999713e-02 7.674107886839999981e-04
6.018633118770000401e-01 1.267513993439999930e-12 1.723034587519999996e-09 2.821768933919999864e-64 3.410087201220000101e-06 2.927846396900000148e-01 2.783323984700000083e-30 8.044600584159999901e-02 2.490263078000000060e-02 1.078172935580000092e-34
2.438151928520000194e-09 3.688990330920000149e-31 1.224796974219999981e-27 3.593184604529999693e-14 3.124406208530000133e-21 3.619624076909999919e-08 2.473370957809999937e-01 6.398791755780000590e-02 3.576720905319999977e-01 3.310028574939999912e-01
4.052708375150000214e-79 9.014012178930000281e-10 3.455836352099999739e-23 2.120366017779999890e-01 1.581942266720000072e-08 5.691510240449999536e-01 1.264544031780000056e-09 2.903458198880000001e-09 2.061278285779999963e-24 2.188123532890000056e-01
1.141161311089999995e-29 4.402285267970000249e-38 9.283825518030000190e-16 5.401830269330000212e-01 1.707842990129999951e-35 1.883435983970000118e-11 1.395368730030000044e-23 2.400428486059999998e-35 4.598169730480000106e-01 3.193882068570000038e-20
6.501149338459999948e-03 1.322632667419999916e-12 3.301294640540000103e-01 2.053579104419999966e-11 2.162705045320000019e-01 3.070092571520000122e-03 7.571578033020000152e-53 8.594818788400000332e-07 4.430495608250000149e-15 4.440279300009999930e-01
1.358398927849999993e-01 3.188647148550000322e-39 3.974539205250000040e-01 1.148922069870000060e-04 2.003900365590000102e-07 3.369059593359999863e-35 4.068936307720000256e-01 2.388623335489999912e-36 5.969746332149999946e-02 1.469922961499999940e-50
1.844827115669999854e-11 8.716218627659999682e-04 7.949233315449999896e-14 2.568193351770000069e-80 5.019919050439999794e-26 8.018692942510000498e-20 2.822183437790000065e-67 9.991283781190000157e-01 1.080744681429999947e-44 5.673944099510000246e-46
7.127961496910000363e-30 2.268984917619999986e-01 8.590106225110000215e-02 1.296478813200000004e-11 6.409791454869999405e-02 1.534810814110000067e-02 1.405825869819999907e-01 4.671718269780000266e-01 9.324116888419999682e-09 6.024410091029999661e-31
6.698278053799999975e-13 3.401468065270000229e-01 4.163440162690000259e-18 2.996504009990000212e-44 4.135234295849999867e-30 3.942193466039999872e-01 1.284054377930000061e-29 6.393124697239999616e-13 7.578038539000000523e-39 2.656338468680000120e-01
2.844734735610000009e-01 2.025056408309999899e-45 8.775376660179999560e-43 3.304896413580000019e-11 3.316138914029999958e-04 2.498026850750000221e-35 4.107545999500000211e-01 3.377401450709999812e-15 2.992040266409999871e-01 5.236285923119999956e-03
8.182012796500000296e-02 4.882160581660000171e-14 7.107380940570000305e-02 9.712240552179999300e-19 3.356716201759999962e-01 3.352371060100000077e-01 1.020849019149999981e-01 3.847738486789999931e-18 7.411243452790000630e-02 2.698434520649999816e-19
4.192218567339999757e-01 6.538929166770000335e-03 3.766953207449999746e-04 5.738624444350000076e-01 1.281995773800000003e-09 1.840918956160000057e-27 5.235518918270000317e-40 1.988229529999999871e-12 1.993335811609999894e-20 7.305942083250000013e-08
6.798055502640000525e-02 3.374358471839999669e-08 2.548495840419999769e-01 4.128148850500000121e-05 1.168691520409999910e-37 3.575839906619999731e-01 7.890800622389999852e-02 4.404066127899999850e-02 1.965958698589999887e-01 1.767552304760000155e-08
1.606827736649999916e-21 1.760381332399999862e-46 1.648007370310000108e-01 4.008629684439999896e-01 2.839775315770000149e-67 3.331811259710000250e-01 2.214072691259999907e-08 3.627469179060000238e-104 1.011551464129999967e-01 2.028008677780000106e-29
5.019844377719999695e-01 4.586855218160000056e-37 3.974149361960000043e-07 1.767515338209999972e-06 5.322054977739999748e-04 1.316184070880000013e-32 3.516001531649999673e-33 1.042823193150000001e-02 4.870529598689999906e-01 1.760728741419999961e-29
9.737038329259999569e-23 1.313866168730000031e-56 2.112211116100000032e-07 2.638064444400000097e-01 1.784391999119999878e-45 3.745873755629999666e-05 1.696306256689999967e-38 1.128645649989999922e-28 7.361558856019999597e-01 5.593466523520000300e-21
7.979752251519999690e-30 1.587701159090000002e-10 1.338930403499999943e-16 1.586500540599999960e-21 3.091284995879999816e-25 6.394500423429999580e-01 6.365432200119999688e-53 3.249178891189999918e-01 1.444923955210000015e-28 3.563206837949999678e-02
2.193271117059999976e-06 3.008796040019999749e-07 5.295648213870000065e-01 1.860225193229999904e-05 1.425819306879999972e-05 1.671440450239999875e-01 7.567664759069999573e-15 1.177106838379999984e-29 9.610554972979999623e-13 3.032557789920000135e-01
4.144696192240000051e-23 1.435487835960000125e-01 7.397633147599999630e-24 1.883872987889999908e-39 1.465464362159999991e-09 1.217516381540000026e-01 4.511188263320000114e-01 2.835807504130000156e-01 3.968679351270000239e-11 7.516497453300000339e-17
1.011591441449999951e-26 4.222527216849999987e-02 4.417859352760000156e-16 7.212662714939999805e-23 4.909659392199999642e-24 6.817532003680000230e-01 2.898785579279999885e-13 6.555861270890000018e-26 4.766206341780000242e-39 2.760215274630000160e-01
3.104810958479999883e-01 5.314544403459999713e-15 5.629230095640000515e-10 2.368853410779999946e-01 2.211343618140000078e-01 3.513269079120000335e-33 1.554684527580000005e-10 8.218989803640000071e-11 2.314992004589999930e-01 2.840785947909999833e-21
1.280770289719999938e-11 1.852590138760000076e-17 1.704901102189999976e-33 7.619192065629999370e-24 3.707501402480000055e-20 1.049885951439999978e-44 2.612107423539999864e-51 3.994369792970000055e-01 1.245285799330000057e-54 6.005630206909999824e-01
1.220992951170000084e-09 7.130329195480000094e-07 2.753730374820000035e-25 5.496779935999999688e-14 1.930530864259999980e-22 3.204668078689999847e-06 2.493522734030000076e-01 6.687711008369999488e-02 3.552296479979999977e-01 3.285370495930000079e-01
2.684265285429999981e-35 1.126893004649999995e-14 2.488006874119999884e-33 1.568662860130000013e-11 9.552948061129999633e-53 2.977960038840000057e-10 4.773591387660000018e-01 1.928064966319999905e-51 2.452104989200000201e-28 5.226408609210000389e-01
1.947941371709999940e-42 3.471274724429999903e-02 7.084710895969999450e-05 1.372683722330000062e-27 3.228841514649999911e-01 1.502593844499999855e-11 6.423322535300000080e-01 6.365267337689999521e-10 2.903536067339999885e-34 8.119192103789999629e-51
2.429401924300000028e-05 5.236444379269999718e-19 1.093193525199999926e-02 6.066264028169999638e-24 6.673374522210000215e-03 6.035176897269999702e-02 3.909905874349999767e-36 3.513563821049999758e-01 5.706622451289999898e-01 1.806060440349999987e-25
1.900729829980000024e-82 8.186449247899999974e-47 7.744385654789999191e-68 2.507695029800000031e-01 3.283524401929999829e-43 6.237105391009999857e-34 1.509779787309999902e-03 5.432726198639999715e-53 2.620646238809999854e-36 7.477207172330000429e-01
3.172032772550000268e-01 2.489309811370000059e-28 1.534023982699999979e-08 2.039283073369999866e-01 1.579163451670000078e-25 1.075421680470000059e-05 9.282429108469999503e-05 1.534877091149999943e-34 2.244408850769999964e-01 2.543239364830000016e-01
6.065195849379999932e-13 4.301734537009999830e-48 1.098945516489999965e-37 2.169128597229999777e-53 6.683851932990000355e-01 3.765734906360000042e-65 3.716315836649999774e-74 3.316148066999999866e-01 4.445275010689999885e-40 1.790197340409999868e-39
7.730335457689999630e-13 2.173490503999999860e-11 1.150243016980000005e-01 4.603754700330000409e-68 2.257450352819999871e-25 2.430041240759999999e-01 3.494797759460000275e-17 6.419715741899999495e-01 1.359214646649999944e-11 8.113501751289999772e-72
7.568154176899999981e-84 1.790557441580000094e-13 2.125778982169999884e-19 5.980520865080000276e-03 2.720267572830000202e-01 1.229182586080000000e-01 5.990744631700000156e-01 2.498259533109999886e-16 5.907344644829999506e-23 7.392323575770000170e-11
